rep,nrNodes,nrEdges,edgeProb,nrPaths,nrFails,failureModel,failurePercent,hopsRanked,hopsUnranked,spLength,stretch_mult,nodeAdditions,hopsPath,stretch_path,hopsRankedOne,hopsUnrankedOne,stretch_one,overallNodeAdditionsOne,treeChoice
1000,197,243,graphml/Cogentco.graphml,2,,clustered,0.7;-0.3,-1,-1,-1,0,0,-1,0,-1,-1,0,0,edgeCount
999,197,243,graphml/Cogentco.graphml,1,,clustered,0.7;-0.3,-1,-1,-1,0,4,-1,0,-1,-1,0,4,edgeCount
998,197,243,graphml/Cogentco.graphml,2,,clustered,0.7;-0.3,21,21,20,1,0,21,1,21,21,1,0,edgeCount
997,197,243,graphml/Cogentco.graphml,1,,clustered,0.7;-0.3,-1,-1,15,-16,0,-1,-16,-1,-1,-16,0,edgeCount
996,197,243,graphml/Cogentco.graphml,2,,clustered,0.7;-0.3,20,20,20,0,0,20,0,20,20,0,0,edgeCount
995,197,243,graphml/Cogentco.graphml,1,,clustered,0.7;-0.3,-1,-1,-1,0,0,-1,0,-1,-1,0,0,edgeCount
994,197,243,graphml/Cogentco.graphml,1,,clustered,0.7;-0.3,-1,-1,-1,0,0,-1,0,-1,-1,0,0,edgeCount
993,197,243,graphml/Cogentco.graphml,2,,clustered,0.7;-0.3,-1,-1,-1,0,0,-1,0,-1,-1,0,0,edgeCount
992,197,243,graphml/Cogentco.graphml,1,,clustered,0.7;-0.3,8,8,8,0,0,8,0,8,8,0,0,edgeCount
991,197,243,graphml/Cogentco.graphml,2,,clustered,0.7;-0.3,-1,-1,-1,0,2,-1,0,-1,-1,0,2,edgeCount
990,197,243,graphml/Cogentco.graphml,2,,clustered,0.7;-0.3,-1,-1,-1,0,0,-1,0,-1,-1,0,0,edgeCount
989,197,243,graphml/Cogentco.graphml,2,,clustered,0.7;-0.3,-1,-1,-1,0,0,-1,0,-1,-1,0,0,edgeCount
988,197,243,graphml/Cogentco.graphml,1,,clustered,0.7;-0.3,16,54,16,0,2,16,0,16,54,0,2,edgeCount
987,197,243,graphml/Cogentco.graphml,2,,clustered,0.7;-0.3,-1,-1,-1,0,0,-1,0,-1,-1,0,0,edgeCount
986,197,243,graphml/Cogentco.graphml,1,,clustered,0.7;-0.3,21,15,13,8,2,-1,-14,21,15,8,2,edgeCount
985,197,243,graphml/Cogentco.graphml,1,,clustered,0.7;-0.3,-1,-1,-1,0,4,-1,0,-1,-1,0,4,edgeCount
984,197,243,graphml/Cogentco.graphml,1,,clustered,0.7;-0.3,16,62,16,0,2,16,0,16,62,0,2,edgeCount
983,197,243,graphml/Cogentco.graphml,2,,clustered,0.7;-0.3,-1,-1,-1,0,0,-1,0,-1,-1,0,0,edgeCount
982,197,243,graphml/Cogentco.graphml,2,,clustered,0.7;-0.3,16,66,11,5,2,34,23,34,34,23,2,edgeCount
981,197,243,graphml/Cogentco.graphml,2,,clustered,0.7;-0.3,-1,-1,-1,0,0,-1,0,-1,-1,0,0,edgeCount
980,197,243,graphml/Cogentco.graphml,1,,clustered,0.7;-0.3,-1,-1,-1,0,4,-1,0,-1,-1,0,4,edgeCount
979,197,243,graphml/Cogentco.graphml,2,,clustered,0.7;-0.3,4,4,4,0,0,4,0,4,4,0,0,edgeCount
978,197,243,graphml/Cogentco.graphml,1,,clustered,0.7;-0.3,26,24,24,2,2,-1,-25,26,24,2,2,edgeCount
977,197,243,graphml/Cogentco.graphml,1,,clustered,0.7;-0.3,-1,-1,-1,0,2,-1,0,-1,-1,0,2,edgeCount
976,197,243,graphml/Cogentco.graphml,2,,clustered,0.7;-0.3,56,22,22,34,2,-1,-23,-1,-1,-23,2,edgeCount
975,197,243,graphml/Cogentco.graphml,2,,clustered,0.7;-0.3,7,7,7,0,0,7,0,7,7,0,0,edgeCount
974,197,243,graphml/Cogentco.graphml,2,,clustered,0.7;-0.3,13,47,12,1,0,35,23,35,35,23,0,edgeCount
973,197,243,graphml/Cogentco.graphml,2,,clustered,0.7;-0.3,-1,-1,-1,0,0,-1,0,-1,-1,0,0,edgeCount
972,197,243,graphml/Cogentco.graphml,2,,clustered,0.7;-0.3,-1,-1,-1,0,0,-1,0,-1,-1,0,0,edgeCount
971,197,243,graphml/Cogentco.graphml,2,,clustered,0.7;-0.3,-1,-1,26,-27,0,-1,-27,-1,-1,-27,0,edgeCount
970,197,243,graphml/Cogentco.graphml,2,,clustered,0.7;-0.3,67,67,18,49,0,67,49,67,67,49,0,edgeCount
969,197,243,graphml/Cogentco.graphml,1,,clustered,0.7;-0.3,34,34,17,17,2,-1,-18,34,34,17,2,edgeCount
968,197,243,graphml/Cogentco.graphml,2,,clustered,0.7;-0.3,37,37,13,24,0,37,24,37,37,24,0,edgeCount
967,197,243,graphml/Cogentco.graphml,2,,clustered,0.7;-0.3,-1,-1,-1,0,0,-1,0,-1,-1,0,0,edgeCount
966,197,243,graphml/Cogentco.graphml,2,,clustered,0.7;-0.3,-1,-1,-1,0,0,-1,0,-1,-1,0,0,edgeCount
965,197,243,graphml/Cogentco.graphml,1,,clustered,0.7;-0.3,-1,-1,-1,0,0,-1,0,-1,-1,0,0,edgeCount
964,197,243,graphml/Cogentco.graphml,2,,clustered,0.7;-0.3,-1,-1,20,-21,2,-1,-21,-1,-1,-21,2,edgeCount
963,197,243,graphml/Cogentco.graphml,2,,clustered,0.7;-0.3,-1,-1,16,-17,0,-1,-17,-1,-1,-17,0,edgeCount
962,197,243,graphml/Cogentco.graphml,1,,clustered,0.7;-0.3,-1,-1,-1,0,6,-1,0,-1,-1,0,6,edgeCount
961,197,243,graphml/Cogentco.graphml,1,,clustered,0.7;-0.3,25,47,21,4,4,-1,-22,25,47,4,4,edgeCount
960,197,243,graphml/Cogentco.graphml,2,,clustered,0.7;-0.3,64,64,27,37,2,64,37,64,64,37,2,edgeCount
959,197,243,graphml/Cogentco.graphml,2,,clustered,0.7;-0.3,-1,-1,12,-13,0,-1,-13,-1,-1,-13,0,edgeCount
958,197,243,graphml/Cogentco.graphml,2,,clustered,0.7;-0.3,-1,-1,-1,0,0,-1,0,-1,-1,0,0,edgeCount
957,197,243,graphml/Cogentco.graphml,1,,clustered,0.7;-0.3,4,4,4,0,0,4,0,4,4,0,0,edgeCount
956,197,243,graphml/Cogentco.graphml,2,,clustered,0.7;-0.3,39,35,13,26,4,-1,-14,-1,-1,-14,4,edgeCount
955,197,243,graphml/Cogentco.graphml,1,,clustered,0.7;-0.3,-1,-1,-1,0,0,-1,0,-1,-1,0,0,edgeCount
954,197,243,graphml/Cogentco.graphml,2,,clustered,0.7;-0.3,68,68,21,47,0,68,47,68,68,47,0,edgeCount
953,197,243,graphml/Cogentco.graphml,2,,clustered,0.7;-0.3,-1,-1,8,-9,0,-1,-9,-1,-1,-9,0,edgeCount
952,197,243,graphml/Cogentco.graphml,2,,clustered,0.7;-0.3,-1,-1,-1,0,0,-1,0,-1,-1,0,0,edgeCount
951,197,243,graphml/Cogentco.graphml,2,,clustered,0.7;-0.3,-1,-1,-1,0,0,-1,0,-1,-1,0,0,edgeCount
950,197,243,graphml/Cogentco.graphml,2,,clustered,0.7;-0.3,-1,-1,6,-7,0,-1,-7,-1,-1,-7,0,edgeCount
949,197,243,graphml/Cogentco.graphml,2,,clustered,0.7;-0.3,48,48,15,33,0,40,25,40,40,25,0,edgeCount
948,197,243,graphml/Cogentco.graphml,2,,clustered,0.7;-0.3,73,73,18,55,0,25,7,73,73,55,0,edgeCount
947,197,243,graphml/Cogentco.graphml,1,,clustered,0.7;-0.3,3,3,3,0,2,3,0,3,3,0,2,edgeCount
946,197,243,graphml/Cogentco.graphml,2,,clustered,0.7;-0.3,-1,-1,29,-30,0,-1,-30,-1,-1,-30,0,edgeCount
945,197,243,graphml/Cogentco.graphml,1,,clustered,0.7;-0.3,-1,-1,-1,0,2,-1,0,-1,-1,0,2,edgeCount
944,197,243,graphml/Cogentco.graphml,1,,clustered,0.7;-0.3,-1,-1,-1,0,4,-1,0,-1,-1,0,4,edgeCount
943,197,243,graphml/Cogentco.graphml,3,,clustered,0.7;-0.3,18,22,9,9,0,18,9,18,22,9,0,edgeCount
942,197,243,graphml/Cogentco.graphml,2,,clustered,0.7;-0.3,-1,-1,-1,0,0,-1,0,-1,-1,0,0,edgeCount
941,197,243,graphml/Cogentco.graphml,1,,clustered,0.7;-0.3,11,11,11,0,0,11,0,11,11,0,0,edgeCount
940,197,243,graphml/Cogentco.graphml,2,,clustered,0.7;-0.3,-1,-1,-1,0,0,-1,0,-1,-1,0,0,edgeCount
939,197,243,graphml/Cogentco.graphml,2,,clustered,0.7;-0.3,-1,-1,-1,0,0,-1,0,-1,-1,0,0,edgeCount
938,197,243,graphml/Cogentco.graphml,2,,clustered,0.7;-0.3,-1,-1,-1,0,0,-1,0,-1,-1,0,0,edgeCount
937,197,243,graphml/Cogentco.graphml,2,,clustered,0.7;-0.3,-1,-1,-1,0,0,-1,0,-1,-1,0,0,edgeCount
936,197,243,graphml/Cogentco.graphml,2,,clustered,0.7;-0.3,-1,-1,-1,0,2,-1,0,-1,-1,0,2,edgeCount
935,197,243,graphml/Cogentco.graphml,1,,clustered,0.7;-0.3,-1,-1,-1,0,0,-1,0,-1,-1,0,0,edgeCount
934,197,243,graphml/Cogentco.graphml,2,,clustered,0.7;-0.3,-1,-1,-1,0,0,-1,0,-1,-1,0,0,edgeCount
933,197,243,graphml/Cogentco.graphml,1,,clustered,0.7;-0.3,-1,-1,-1,0,4,-1,0,-1,-1,0,4,edgeCount
932,197,243,graphml/Cogentco.graphml,2,,clustered,0.7;-0.3,-1,-1,-1,0,0,-1,0,-1,-1,0,0,edgeCount
931,197,243,graphml/Cogentco.graphml,2,,clustered,0.7;-0.3,29,29,15,14,0,29,14,29,29,14,0,edgeCount
930,197,243,graphml/Cogentco.graphml,3,,clustered,0.7;-0.3,-1,-1,20,-21,0,-1,-21,-1,-1,-21,0,edgeCount
929,197,243,graphml/Cogentco.graphml,2,,clustered,0.7;-0.3,18,18,8,10,2,18,10,18,18,10,2,edgeCount
928,197,243,graphml/Cogentco.graphml,1,,clustered,0.7;-0.3,-1,-1,-1,0,0,-1,0,-1,-1,0,0,edgeCount
927,197,243,graphml/Cogentco.graphml,2,,clustered,0.7;-0.3,39,13,10,29,0,13,3,13,13,3,0,edgeCount
926,197,243,graphml/Cogentco.graphml,1,,clustered,0.7;-0.3,4,4,4,0,0,4,0,4,4,0,0,edgeCount
925,197,243,graphml/Cogentco.graphml,2,,clustered,0.7;-0.3,19,105,12,7,2,41,29,41,41,29,2,edgeCount
924,197,243,graphml/Cogentco.graphml,1,,clustered,0.7;-0.3,-1,-1,-1,0,2,-1,0,-1,-1,0,2,edgeCount
923,197,243,graphml/Cogentco.graphml,2,,clustered,0.7;-0.3,19,19,7,12,4,7,0,7,7,0,4,edgeCount
922,197,243,graphml/Cogentco.graphml,2,,clustered,0.7;-0.3,-1,-1,-1,0,0,-1,0,-1,-1,0,0,edgeCount
921,197,243,graphml/Cogentco.graphml,2,,clustered,0.7;-0.3,-1,-1,17,-18,0,-1,-18,-1,-1,-18,0,edgeCount
920,197,243,graphml/Cogentco.graphml,2,,clustered,0.7;-0.3,-1,-1,-1,0,0,-1,0,-1,-1,0,0,edgeCount
919,197,243,graphml/Cogentco.graphml,2,,clustered,0.7;-0.3,-1,-1,-1,0,0,-1,0,-1,-1,0,0,edgeCount
918,197,243,graphml/Cogentco.graphml,1,,clustered,0.7;-0.3,24,24,24,0,0,24,0,24,24,0,0,edgeCount
917,197,243,graphml/Cogentco.graphml,1,,clustered,0.7;-0.3,-1,-1,-1,0,2,-1,0,-1,-1,0,2,edgeCount
916,197,243,graphml/Cogentco.graphml,2,,clustered,0.7;-0.3,14,13,11,3,2,36,25,36,58,25,2,edgeCount
915,197,243,graphml/Cogentco.graphml,2,,clustered,0.7;-0.3,19,19,16,3,2,-1,-17,-1,-1,-17,2,edgeCount
914,197,243,graphml/Cogentco.graphml,1,,clustered,0.7;-0.3,-1,-1,-1,0,2,-1,0,-1,-1,0,2,edgeCount
913,197,243,graphml/Cogentco.graphml,2,,clustered,0.7;-0.3,55,21,15,40,4,-1,-16,39,39,24,4,edgeCount
912,197,243,graphml/Cogentco.graphml,3,,clustered,0.7;-0.3,12,12,11,1,0,12,1,12,12,1,0,edgeCount
911,197,243,graphml/Cogentco.graphml,2,,clustered,0.7;-0.3,57,57,16,41,0,57,41,57,57,41,0,edgeCount
910,197,243,graphml/Cogentco.graphml,2,,clustered,0.7;-0.3,-1,-1,-1,0,0,-1,0,-1,-1,0,0,edgeCount
909,197,243,graphml/Cogentco.graphml,2,,clustered,0.7;-0.3,41,23,11,30,2,11,0,11,11,0,2,edgeCount
908,197,243,graphml/Cogentco.graphml,1,,clustered,0.7;-0.3,-1,-1,21,-22,0,-1,-22,-1,-1,-22,0,edgeCount
907,197,243,graphml/Cogentco.graphml,1,,clustered,0.7;-0.3,-1,-1,-1,0,0,-1,0,-1,-1,0,0,edgeCount
906,197,243,graphml/Cogentco.graphml,2,,clustered,0.7;-0.3,-1,-1,-1,0,2,-1,0,-1,-1,0,2,edgeCount
905,197,243,graphml/Cogentco.graphml,3,,clustered,0.7;-0.3,-1,-1,-1,0,0,-1,0,-1,-1,0,0,edgeCount
904,197,243,graphml/Cogentco.graphml,2,,clustered,0.7;-0.3,-1,-1,-1,0,0,-1,0,-1,-1,0,0,edgeCount
903,197,243,graphml/Cogentco.graphml,2,,clustered,0.7;-0.3,32,32,14,18,0,32,18,32,32,18,0,edgeCount
902,197,243,graphml/Cogentco.graphml,2,,clustered,0.7;-0.3,8,8,8,0,0,8,0,8,8,0,0,edgeCount
901,197,243,graphml/Cogentco.graphml,1,,clustered,0.7;-0.3,-1,-1,-1,0,4,-1,0,-1,-1,0,4,edgeCount
900,197,243,graphml/Cogentco.graphml,2,,clustered,0.7;-0.3,-1,-1,18,-19,0,-1,-19,-1,-1,-19,0,edgeCount
899,197,243,graphml/Cogentco.graphml,2,,clustered,0.7;-0.3,-1,-1,22,-23,0,-1,-23,-1,-1,-23,0,edgeCount
898,197,243,graphml/Cogentco.graphml,2,,clustered,0.7;-0.3,36,14,12,24,0,-1,-13,-1,-1,-13,0,edgeCount
897,197,243,graphml/Cogentco.graphml,1,,clustered,0.7;-0.3,-1,-1,-1,0,2,-1,0,-1,-1,0,2,edgeCount
896,197,243,graphml/Cogentco.graphml,2,,clustered,0.7;-0.3,-1,-1,-1,0,0,-1,0,-1,-1,0,0,edgeCount
895,197,243,graphml/Cogentco.graphml,2,,clustered,0.7;-0.3,-1,-1,22,-23,0,-1,-23,-1,-1,-23,0,edgeCount
894,197,243,graphml/Cogentco.graphml,3,,clustered,0.7;-0.3,31,31,6,25,0,31,25,31,31,25,0,edgeCount
893,197,243,graphml/Cogentco.graphml,2,,clustered,0.7;-0.3,55,55,25,30,0,55,30,55,55,30,0,edgeCount
892,197,243,graphml/Cogentco.graphml,2,,clustered,0.7;-0.3,-1,-1,-1,0,2,-1,0,-1,-1,0,2,edgeCount
891,197,243,graphml/Cogentco.graphml,2,,clustered,0.7;-0.3,17,13,5,12,0,-1,-6,-1,-1,-6,0,edgeCount
890,197,243,graphml/Cogentco.graphml,2,,clustered,0.7;-0.3,6,6,6,0,0,6,0,6,6,0,0,edgeCount
889,197,243,graphml/Cogentco.graphml,1,,clustered,0.7;-0.3,-1,-1,14,-15,0,-1,-15,-1,-1,-15,0,edgeCount
888,197,243,graphml/Cogentco.graphml,2,,clustered,0.7;-0.3,-1,-1,-1,0,2,-1,0,-1,-1,0,2,edgeCount
887,197,243,graphml/Cogentco.graphml,2,,clustered,0.7;-0.3,50,50,15,35,0,50,35,50,50,35,0,edgeCount
886,197,243,graphml/Cogentco.graphml,1,,clustered,0.7;-0.3,10,10,10,0,0,10,0,10,10,0,0,edgeCount
885,197,243,graphml/Cogentco.graphml,1,,clustered,0.7;-0.3,-1,-1,-1,0,0,-1,0,-1,-1,0,0,edgeCount
884,197,243,graphml/Cogentco.graphml,2,,clustered,0.7;-0.3,-1,-1,-1,0,2,-1,0,-1,-1,0,2,edgeCount
883,197,243,graphml/Cogentco.graphml,2,,clustered,0.7;-0.3,-1,-1,-1,0,0,-1,0,-1,-1,0,0,edgeCount
882,197,243,graphml/Cogentco.graphml,2,,clustered,0.7;-0.3,-1,-1,-1,0,0,-1,0,-1,-1,0,0,edgeCount
881,197,243,graphml/Cogentco.graphml,2,,clustered,0.7;-0.3,-1,-1,-1,0,0,-1,0,-1,-1,0,0,edgeCount
880,197,243,graphml/Cogentco.graphml,1,,clustered,0.7;-0.3,14,54,14,0,2,14,0,14,54,0,2,edgeCount
879,197,243,graphml/Cogentco.graphml,3,,clustered,0.7;-0.3,8,4,4,4,2,-1,-5,-1,-1,-5,2,edgeCount
878,197,243,graphml/Cogentco.graphml,2,,clustered,0.7;-0.3,64,64,19,45,0,64,45,64,64,45,0,edgeCount
877,197,243,graphml/Cogentco.graphml,1,,clustered,0.7;-0.3,-1,-1,-1,0,0,-1,0,-1,-1,0,0,edgeCount
876,197,243,graphml/Cogentco.graphml,2,,clustered,0.7;-0.3,34,28,10,24,10,12,2,12,70,2,10,edgeCount
875,197,243,graphml/Cogentco.graphml,1,,clustered,0.7;-0.3,-1,-1,-1,0,4,-1,0,-1,-1,0,4,edgeCount
874,197,243,graphml/Cogentco.graphml,1,,clustered,0.7;-0.3,-1,-1,10,-11,0,-1,-11,-1,-1,-11,0,edgeCount
873,197,243,graphml/Cogentco.graphml,1,,clustered,0.7;-0.3,-1,-1,12,-13,4,-1,-13,-1,-1,-13,4,edgeCount
872,197,243,graphml/Cogentco.graphml,2,,clustered,0.7;-0.3,35,35,15,20,0,35,20,35,35,20,0,edgeCount
871,197,243,graphml/Cogentco.graphml,2,,clustered,0.7;-0.3,30,30,10,20,0,30,20,30,30,20,0,edgeCount
870,197,243,graphml/Cogentco.graphml,1,,clustered,0.7;-0.3,-1,-1,-1,0,4,-1,0,-1,-1,0,4,edgeCount
869,197,243,graphml/Cogentco.graphml,2,,clustered,0.7;-0.3,-1,-1,11,-12,6,-1,-12,35,35,24,6,edgeCount
868,197,243,graphml/Cogentco.graphml,2,,clustered,0.7;-0.3,19,19,17,2,0,19,2,19,19,2,0,edgeCount
867,197,243,graphml/Cogentco.graphml,1,,clustered,0.7;-0.3,-1,-1,-1,0,0,-1,0,-1,-1,0,0,edgeCount
866,197,243,graphml/Cogentco.graphml,2,,clustered,0.7;-0.3,-1,-1,-1,0,2,-1,0,-1,-1,0,2,edgeCount
865,197,243,graphml/Cogentco.graphml,2,,clustered,0.7;-0.3,-1,-1,15,-16,0,-1,-16,-1,-1,-16,0,edgeCount
864,197,243,graphml/Cogentco.graphml,2,,clustered,0.7;-0.3,-1,-1,11,-12,2,-1,-12,-1,-1,-12,2,edgeCount
863,197,243,graphml/Cogentco.graphml,1,,clustered,0.7;-0.3,-1,-1,-1,0,0,-1,0,-1,-1,0,0,edgeCount
862,197,243,graphml/Cogentco.graphml,2,,clustered,0.7;-0.3,47,47,21,26,0,47,26,47,47,26,0,edgeCount
861,197,243,graphml/Cogentco.graphml,1,,clustered,0.7;-0.3,-1,-1,-1,0,0,-1,0,-1,-1,0,0,edgeCount
860,197,243,graphml/Cogentco.graphml,2,,clustered,0.7;-0.3,12,28,12,0,2,28,16,28,28,16,2,edgeCount
859,197,243,graphml/Cogentco.graphml,2,,clustered,0.7;-0.3,-1,-1,-1,0,2,-1,0,-1,-1,0,2,edgeCount
858,197,243,graphml/Cogentco.graphml,2,,clustered,0.7;-0.3,49,27,9,40,4,-1,-10,25,39,16,4,edgeCount
857,197,243,graphml/Cogentco.graphml,1,,clustered,0.7;-0.3,11,11,11,0,0,11,0,11,11,0,0,edgeCount
856,197,243,graphml/Cogentco.graphml,2,,clustered,0.7;-0.3,15,15,12,3,0,-1,-13,-1,-1,-13,0,edgeCount
855,197,243,graphml/Cogentco.graphml,2,,clustered,0.7;-0.3,31,17,10,21,2,-1,-11,32,10,22,2,edgeCount
854,197,243,graphml/Cogentco.graphml,1,,clustered,0.7;-0.3,-1,-1,-1,0,6,-1,0,-1,-1,0,6,edgeCount
853,197,243,graphml/Cogentco.graphml,2,,clustered,0.7;-0.3,53,53,20,33,0,-1,-21,53,53,33,0,edgeCount
852,197,243,graphml/Cogentco.graphml,1,,clustered,0.7;-0.3,27,23,23,4,2,-1,-24,27,23,4,2,edgeCount
851,197,243,graphml/Cogentco.graphml,1,,clustered,0.7;-0.3,18,84,18,0,4,18,0,18,84,0,4,edgeCount
850,197,243,graphml/Cogentco.graphml,1,,clustered,0.7;-0.3,-1,-1,13,-14,0,-1,-14,-1,-1,-14,0,edgeCount
849,197,243,graphml/Cogentco.graphml,2,,clustered,0.7;-0.3,-1,-1,-1,0,0,-1,0,-1,-1,0,0,edgeCount
848,197,243,graphml/Cogentco.graphml,1,,clustered,0.7;-0.3,-1,-1,-1,0,0,-1,0,-1,-1,0,0,edgeCount
847,197,243,graphml/Cogentco.graphml,1,,clustered,0.7;-0.3,-1,-1,-1,0,2,-1,0,-1,-1,0,2,edgeCount
846,197,243,graphml/Cogentco.graphml,2,,clustered,0.7;-0.3,17,23,17,0,4,49,32,49,63,32,4,edgeCount
845,197,243,graphml/Cogentco.graphml,2,,clustered,0.7;-0.3,-1,-1,-1,0,0,-1,0,-1,-1,0,0,edgeCount
844,197,243,graphml/Cogentco.graphml,2,,clustered,0.7;-0.3,-1,-1,-1,0,0,-1,0,-1,-1,0,0,edgeCount
843,197,243,graphml/Cogentco.graphml,1,,clustered,0.7;-0.3,-1,-1,-1,0,0,-1,0,-1,-1,0,0,edgeCount
842,197,243,graphml/Cogentco.graphml,2,,clustered,0.7;-0.3,-1,-1,-1,0,2,-1,0,-1,-1,0,2,edgeCount
841,197,243,graphml/Cogentco.graphml,2,,clustered,0.7;-0.3,18,48,11,7,0,30,19,30,30,19,0,edgeCount
840,197,243,graphml/Cogentco.graphml,2,,clustered,0.7;-0.3,-1,-1,-1,0,2,-1,0,-1,-1,0,2,edgeCount
839,197,243,graphml/Cogentco.graphml,2,,clustered,0.7;-0.3,-1,-1,24,-25,2,-1,-25,-1,-1,-25,2,edgeCount
838,197,243,graphml/Cogentco.graphml,2,,clustered,0.7;-0.3,23,81,20,3,2,63,43,23,81,3,2,edgeCount
837,197,243,graphml/Cogentco.graphml,2,,clustered,0.7;-0.3,2,2,2,0,0,2,0,2,2,0,0,edgeCount
836,197,243,graphml/Cogentco.graphml,1,,clustered,0.7;-0.3,-1,-1,-1,0,2,-1,0,-1,-1,0,2,edgeCount
835,197,243,graphml/Cogentco.graphml,2,,clustered,0.7;-0.3,-1,-1,-1,0,0,-1,0,-1,-1,0,0,edgeCount
834,197,243,graphml/Cogentco.graphml,1,,clustered,0.7;-0.3,-1,-1,-1,0,0,-1,0,-1,-1,0,0,edgeCount
833,197,243,graphml/Cogentco.graphml,2,,clustered,0.7;-0.3,25,25,25,0,0,25,0,25,25,0,0,edgeCount
832,197,243,graphml/Cogentco.graphml,2,,clustered,0.7;-0.3,-1,-1,-1,0,0,-1,0,-1,-1,0,0,edgeCount
831,197,243,graphml/Cogentco.graphml,2,,clustered,0.7;-0.3,-1,-1,-1,0,2,-1,0,-1,-1,0,2,edgeCount
830,197,243,graphml/Cogentco.graphml,2,,clustered,0.7;-0.3,51,51,25,26,2,51,26,51,51,26,2,edgeCount
829,197,243,graphml/Cogentco.graphml,2,,clustered,0.7;-0.3,-1,-1,-1,0,2,-1,0,-1,-1,0,2,edgeCount
828,197,243,graphml/Cogentco.graphml,1,,clustered,0.7;-0.3,-1,-1,-1,0,2,-1,0,-1,-1,0,2,edgeCount
827,197,243,graphml/Cogentco.graphml,1,,clustered,0.7;-0.3,-1,-1,-1,0,0,-1,0,-1,-1,0,0,edgeCount
826,197,243,graphml/Cogentco.graphml,2,,clustered,0.7;-0.3,-1,-1,-1,0,0,-1,0,-1,-1,0,0,edgeCount
825,197,243,graphml/Cogentco.graphml,3,,clustered,0.7;-0.3,-1,-1,13,-14,12,-1,-14,41,13,28,12,edgeCount
824,197,243,graphml/Cogentco.graphml,1,,clustered,0.7;-0.3,-1,-1,-1,0,0,-1,0,-1,-1,0,0,edgeCount
823,197,243,graphml/Cogentco.graphml,2,,clustered,0.7;-0.3,-1,-1,-1,0,2,-1,0,-1,-1,0,2,edgeCount
822,197,243,graphml/Cogentco.graphml,2,,clustered,0.7;-0.3,23,23,19,4,0,23,4,23,23,4,0,edgeCount
821,197,243,graphml/Cogentco.graphml,1,,clustered,0.7;-0.3,-1,-1,-1,0,16,-1,0,-1,-1,0,16,edgeCount
820,197,243,graphml/Cogentco.graphml,1,,clustered,0.7;-0.3,-1,-1,-1,0,4,-1,0,-1,-1,0,4,edgeCount
819,197,243,graphml/Cogentco.graphml,1,,clustered,0.7;-0.3,-1,-1,9,-10,0,-1,-10,-1,-1,-10,0,edgeCount
818,197,243,graphml/Cogentco.graphml,2,,clustered,0.7;-0.3,25,97,16,9,2,55,39,55,71,39,2,edgeCount
817,197,243,graphml/Cogentco.graphml,2,,clustered,0.7;-0.3,-1,-1,19,-20,0,-1,-20,-1,-1,-20,0,edgeCount
816,197,243,graphml/Cogentco.graphml,2,,clustered,0.7;-0.3,-1,-1,-1,0,2,-1,0,-1,-1,0,2,edgeCount
815,197,243,graphml/Cogentco.graphml,1,,clustered,0.7;-0.3,8,16,8,0,4,8,0,8,16,0,4,edgeCount
814,197,243,graphml/Cogentco.graphml,3,,clustered,0.7;-0.3,40,52,13,27,0,94,81,94,94,81,0,edgeCount
813,197,243,graphml/Cogentco.graphml,1,,clustered,0.7;-0.3,-1,-1,-1,0,0,-1,0,-1,-1,0,0,edgeCount
812,197,243,graphml/Cogentco.graphml,1,,clustered,0.7;-0.3,27,27,27,0,0,27,0,27,27,0,0,edgeCount
811,197,243,graphml/Cogentco.graphml,1,,clustered,0.7;-0.3,-1,-1,-1,0,2,-1,0,-1,-1,0,2,edgeCount
810,197,243,graphml/Cogentco.graphml,2,,clustered,0.7;-0.3,-1,-1,-1,0,0,-1,0,-1,-1,0,0,edgeCount
809,197,243,graphml/Cogentco.graphml,2,,clustered,0.7;-0.3,-1,-1,-1,0,0,-1,0,-1,-1,0,0,edgeCount
808,197,243,graphml/Cogentco.graphml,1,,clustered,0.7;-0.3,13,13,13,0,2,13,0,13,13,0,2,edgeCount
807,197,243,graphml/Cogentco.graphml,2,,clustered,0.7;-0.3,-1,-1,14,-15,0,-1,-15,-1,-1,-15,0,edgeCount
806,197,243,graphml/Cogentco.graphml,1,,clustered,0.7;-0.3,20,20,20,0,0,20,0,20,20,0,0,edgeCount
805,197,243,graphml/Cogentco.graphml,2,,clustered,0.7;-0.3,12,42,12,0,2,26,14,12,42,0,2,edgeCount
804,197,243,graphml/Cogentco.graphml,2,,clustered,0.7;-0.3,-1,-1,-1,0,0,-1,0,-1,-1,0,0,edgeCount
803,197,243,graphml/Cogentco.graphml,1,,clustered,0.7;-0.3,-1,-1,-1,0,0,-1,0,-1,-1,0,0,edgeCount
802,197,243,graphml/Cogentco.graphml,1,,clustered,0.7;-0.3,16,16,16,0,0,16,0,16,16,0,0,edgeCount
801,197,243,graphml/Cogentco.graphml,2,,clustered,0.7;-0.3,-1,-1,-1,0,0,-1,0,-1,-1,0,0,edgeCount
800,197,243,graphml/Cogentco.graphml,1,,clustered,0.7;-0.3,-1,-1,-1,0,2,-1,0,-1,-1,0,2,edgeCount
799,197,243,graphml/Cogentco.graphml,3,,clustered,0.7;-0.3,-1,-1,-1,0,0,-1,0,-1,-1,0,0,edgeCount
798,197,243,graphml/Cogentco.graphml,2,,clustered,0.7;-0.3,22,31,18,4,0,58,40,58,58,40,0,edgeCount
797,197,243,graphml/Cogentco.graphml,1,,clustered,0.7;-0.3,9,9,9,0,0,9,0,9,9,0,0,edgeCount
796,197,243,graphml/Cogentco.graphml,2,,clustered,0.7;-0.3,-1,-1,10,-11,2,-1,-11,-1,-1,-11,2,edgeCount
795,197,243,graphml/Cogentco.graphml,2,,clustered,0.7;-0.3,12,22,4,8,2,4,0,4,4,0,2,edgeCount
794,197,243,graphml/Cogentco.graphml,2,,clustered,0.7;-0.3,12,12,5,7,0,12,7,12,12,7,0,edgeCount
793,197,243,graphml/Cogentco.graphml,2,,clustered,0.7;-0.3,13,13,9,4,0,13,4,13,13,4,0,edgeCount
792,197,243,graphml/Cogentco.graphml,2,,clustered,0.7;-0.3,-1,-1,-1,0,0,-1,0,-1,-1,0,0,edgeCount
791,197,243,graphml/Cogentco.graphml,2,,clustered,0.7;-0.3,-1,-1,-1,0,2,-1,0,-1,-1,0,2,edgeCount
790,197,243,graphml/Cogentco.graphml,1,,clustered,0.7;-0.3,-1,-1,19,-20,0,-1,-20,-1,-1,-20,0,edgeCount
789,197,243,graphml/Cogentco.graphml,2,,clustered,0.7;-0.3,28,14,13,15,0,-1,-14,-1,-1,-14,0,edgeCount
788,197,243,graphml/Cogentco.graphml,2,,clustered,0.7;-0.3,-1,-1,-1,0,0,-1,0,-1,-1,0,0,edgeCount
787,197,243,graphml/Cogentco.graphml,2,,clustered,0.7;-0.3,-1,-1,-1,0,2,-1,0,-1,-1,0,2,edgeCount
786,197,243,graphml/Cogentco.graphml,1,,clustered,0.7;-0.3,40,26,16,24,2,-1,-17,40,26,24,2,edgeCount
785,197,243,graphml/Cogentco.graphml,2,,clustered,0.7;-0.3,-1,-1,22,-23,0,-1,-23,-1,-1,-23,0,edgeCount
784,197,243,graphml/Cogentco.graphml,1,,clustered,0.7;-0.3,-1,-1,19,-20,0,-1,-20,-1,-1,-20,0,edgeCount
783,197,243,graphml/Cogentco.graphml,2,,clustered,0.7;-0.3,15,15,10,5,0,15,5,15,15,5,0,edgeCount
782,197,243,graphml/Cogentco.graphml,1,,clustered,0.7;-0.3,-1,-1,-1,0,0,-1,0,-1,-1,0,0,edgeCount
781,197,243,graphml/Cogentco.graphml,1,,clustered,0.7;-0.3,14,14,14,0,0,14,0,14,14,0,0,edgeCount
780,197,243,graphml/Cogentco.graphml,1,,clustered,0.7;-0.3,13,13,13,0,0,13,0,13,13,0,0,edgeCount
779,197,243,graphml/Cogentco.graphml,3,,clustered,0.7;-0.3,39,21,5,34,0,5,0,5,5,0,0,edgeCount
778,197,243,graphml/Cogentco.graphml,2,,clustered,0.7;-0.3,5,7,5,0,0,-1,-6,7,7,2,0,edgeCount
777,197,243,graphml/Cogentco.graphml,2,,clustered,0.7;-0.3,11,11,11,0,0,11,0,11,11,0,0,edgeCount
776,197,243,graphml/Cogentco.graphml,2,,clustered,0.7;-0.3,-1,-1,-1,0,6,-1,0,-1,-1,0,6,edgeCount
775,197,243,graphml/Cogentco.graphml,1,,clustered,0.7;-0.3,-1,-1,-1,0,0,-1,0,-1,-1,0,0,edgeCount
774,197,243,graphml/Cogentco.graphml,1,,clustered,0.7;-0.3,-1,-1,-1,0,0,-1,0,-1,-1,0,0,edgeCount
773,197,243,graphml/Cogentco.graphml,2,,clustered,0.7;-0.3,33,33,16,17,0,33,17,33,33,17,0,edgeCount
772,197,243,graphml/Cogentco.graphml,1,,clustered,0.7;-0.3,-1,-1,-1,0,2,-1,0,-1,-1,0,2,edgeCount
771,197,243,graphml/Cogentco.graphml,2,,clustered,0.7;-0.3,-1,-1,-1,0,0,-1,0,-1,-1,0,0,edgeCount
770,197,243,graphml/Cogentco.graphml,3,,clustered,0.7;-0.3,63,63,9,54,0,47,38,47,47,38,0,edgeCount
769,197,243,graphml/Cogentco.graphml,2,,clustered,0.7;-0.3,-1,-1,-1,0,0,-1,0,-1,-1,0,0,edgeCount
768,197,243,graphml/Cogentco.graphml,2,,clustered,0.7;-0.3,-1,-1,-1,0,2,-1,0,-1,-1,0,2,edgeCount
767,197,243,graphml/Cogentco.graphml,2,,clustered,0.7;-0.3,-1,-1,-1,0,0,-1,0,-1,-1,0,0,edgeCount
766,197,243,graphml/Cogentco.graphml,1,,clustered,0.7;-0.3,12,12,12,0,0,12,0,12,12,0,0,edgeCount
765,197,243,graphml/Cogentco.graphml,2,,clustered,0.7;-0.3,-1,-1,-1,0,0,-1,0,-1,-1,0,0,edgeCount
764,197,243,graphml/Cogentco.graphml,2,,clustered,0.7;-0.3,-1,-1,-1,0,0,-1,0,-1,-1,0,0,edgeCount
763,197,243,graphml/Cogentco.graphml,1,,clustered,0.7;-0.3,7,7,7,0,0,7,0,7,7,0,0,edgeCount
762,197,243,graphml/Cogentco.graphml,2,,clustered,0.7;-0.3,-1,-1,-1,0,2,-1,0,-1,-1,0,2,edgeCount
761,197,243,graphml/Cogentco.graphml,2,,clustered,0.7;-0.3,-1,-1,-1,0,2,-1,0,-1,-1,0,2,edgeCount
760,197,243,graphml/Cogentco.graphml,1,,clustered,0.7;-0.3,17,13,13,4,2,-1,-14,17,13,4,2,edgeCount
759,197,243,graphml/Cogentco.graphml,2,,clustered,0.7;-0.3,-1,-1,-1,0,0,-1,0,-1,-1,0,0,edgeCount
758,197,243,graphml/Cogentco.graphml,1,,clustered,0.7;-0.3,-1,-1,-1,0,2,-1,0,-1,-1,0,2,edgeCount
757,197,243,graphml/Cogentco.graphml,2,,clustered,0.7;-0.3,-1,-1,-1,0,0,-1,0,-1,-1,0,0,edgeCount
756,197,243,graphml/Cogentco.graphml,2,,clustered,0.7;-0.3,52,52,22,30,0,52,30,52,52,30,0,edgeCount
755,197,243,graphml/Cogentco.graphml,2,,clustered,0.7;-0.3,-1,-1,-1,0,0,-1,0,-1,-1,0,0,edgeCount
754,197,243,graphml/Cogentco.graphml,2,,clustered,0.7;-0.3,-1,-1,-1,0,0,-1,0,-1,-1,0,0,edgeCount
753,197,243,graphml/Cogentco.graphml,1,,clustered,0.7;-0.3,-1,-1,-1,0,2,-1,0,-1,-1,0,2,edgeCount
752,197,243,graphml/Cogentco.graphml,2,,clustered,0.7;-0.3,-1,-1,-1,0,0,-1,0,-1,-1,0,0,edgeCount
751,197,243,graphml/Cogentco.graphml,2,,clustered,0.7;-0.3,22,22,18,4,0,25,7,22,22,4,0,edgeCount
750,197,243,graphml/Cogentco.graphml,1,,clustered,0.7;-0.3,8,28,8,0,4,8,0,8,28,0,4,edgeCount
749,197,243,graphml/Cogentco.graphml,1,,clustered,0.7;-0.3,6,6,6,0,0,6,0,6,6,0,0,edgeCount
748,197,243,graphml/Cogentco.graphml,2,,clustered,0.7;-0.3,5,5,5,0,2,5,0,5,5,0,2,edgeCount
747,197,243,graphml/Cogentco.graphml,2,,clustered,0.7;-0.3,-1,-1,8,-9,2,-1,-9,-1,-1,-9,2,edgeCount
746,197,243,graphml/Cogentco.graphml,2,,clustered,0.7;-0.3,-1,-1,-1,0,2,-1,0,-1,-1,0,2,edgeCount
745,197,243,graphml/Cogentco.graphml,1,,clustered,0.7;-0.3,-1,-1,-1,0,2,-1,0,-1,-1,0,2,edgeCount
744,197,243,graphml/Cogentco.graphml,1,,clustered,0.7;-0.3,12,12,12,0,0,12,0,12,12,0,0,edgeCount
743,197,243,graphml/Cogentco.graphml,1,,clustered,0.7;-0.3,-1,-1,-1,0,4,-1,0,-1,-1,0,4,edgeCount
742,197,243,graphml/Cogentco.graphml,1,,clustered,0.7;-0.3,-1,-1,-1,0,4,-1,0,-1,-1,0,4,edgeCount
741,197,243,graphml/Cogentco.graphml,2,,clustered,0.7;-0.3,9,9,9,0,0,9,0,9,9,0,0,edgeCount
740,197,243,graphml/Cogentco.graphml,2,,clustered,0.7;-0.3,44,44,19,25,0,44,25,44,44,25,0,edgeCount
739,197,243,graphml/Cogentco.graphml,2,,clustered,0.7;-0.3,-1,-1,-1,0,0,-1,0,-1,-1,0,0,edgeCount
738,197,243,graphml/Cogentco.graphml,2,,clustered,0.7;-0.3,-1,-1,-1,0,0,-1,0,-1,-1,0,0,edgeCount
737,197,243,graphml/Cogentco.graphml,2,,clustered,0.7;-0.3,-1,-1,-1,0,0,-1,0,-1,-1,0,0,edgeCount
736,197,243,graphml/Cogentco.graphml,2,,clustered,0.7;-0.3,-1,-1,-1,0,0,-1,0,-1,-1,0,0,edgeCount
735,197,243,graphml/Cogentco.graphml,3,,clustered,0.7;-0.3,-1,-1,12,-13,0,-1,-13,-1,-1,-13,0,edgeCount
734,197,243,graphml/Cogentco.graphml,1,,clustered,0.7;-0.3,-1,-1,-1,0,2,-1,0,-1,-1,0,2,edgeCount
733,197,243,graphml/Cogentco.graphml,2,,clustered,0.7;-0.3,50,46,21,29,2,-1,-22,50,46,29,2,edgeCount
732,197,243,graphml/Cogentco.graphml,1,,clustered,0.7;-0.3,-1,-1,-1,0,2,-1,0,-1,-1,0,2,edgeCount
731,197,243,graphml/Cogentco.graphml,2,,clustered,0.7;-0.3,-1,-1,-1,0,0,-1,0,-1,-1,0,0,edgeCount
730,197,243,graphml/Cogentco.graphml,2,,clustered,0.7;-0.3,34,34,16,18,0,34,18,34,34,18,0,edgeCount
729,197,243,graphml/Cogentco.graphml,1,,clustered,0.7;-0.3,-1,-1,-1,0,0,-1,0,-1,-1,0,0,edgeCount
728,197,243,graphml/Cogentco.graphml,2,,clustered,0.7;-0.3,19,95,16,3,2,39,23,39,39,23,2,edgeCount
727,197,243,graphml/Cogentco.graphml,1,,clustered,0.7;-0.3,-1,-1,-1,0,0,-1,0,-1,-1,0,0,edgeCount
726,197,243,graphml/Cogentco.graphml,2,,clustered,0.7;-0.3,36,36,12,24,0,36,24,36,36,24,0,edgeCount
725,197,243,graphml/Cogentco.graphml,2,,clustered,0.7;-0.3,13,13,13,0,0,13,0,13,13,0,0,edgeCount
724,197,243,graphml/Cogentco.graphml,1,,clustered,0.7;-0.3,24,24,24,0,0,24,0,24,24,0,0,edgeCount
723,197,243,graphml/Cogentco.graphml,1,,clustered,0.7;-0.3,-1,-1,-1,0,4,-1,0,-1,-1,0,4,edgeCount
722,197,243,graphml/Cogentco.graphml,2,,clustered,0.7;-0.3,72,36,13,59,2,-1,-14,58,58,45,2,edgeCount
721,197,243,graphml/Cogentco.graphml,2,,clustered,0.7;-0.3,-1,-1,-1,0,2,-1,0,-1,-1,0,2,edgeCount
720,197,243,graphml/Cogentco.graphml,2,,clustered,0.7;-0.3,-1,-1,-1,0,0,-1,0,-1,-1,0,0,edgeCount
719,197,243,graphml/Cogentco.graphml,2,,clustered,0.7;-0.3,43,43,16,27,0,43,27,43,43,27,0,edgeCount
718,197,243,graphml/Cogentco.graphml,2,,clustered,0.7;-0.3,15,15,15,0,2,15,0,15,15,0,2,edgeCount
717,197,243,graphml/Cogentco.graphml,2,,clustered,0.7;-0.3,-1,-1,-1,0,0,-1,0,-1,-1,0,0,edgeCount
716,197,243,graphml/Cogentco.graphml,2,,clustered,0.7;-0.3,-1,-1,-1,0,0,-1,0,-1,-1,0,0,edgeCount
715,197,243,graphml/Cogentco.graphml,2,,clustered,0.7;-0.3,11,11,8,3,0,11,3,11,11,3,0,edgeCount
714,197,243,graphml/Cogentco.graphml,1,,clustered,0.7;-0.3,13,55,13,0,2,13,0,13,55,0,2,edgeCount
713,197,243,graphml/Cogentco.graphml,2,,clustered,0.7;-0.3,-1,-1,-1,0,0,-1,0,-1,-1,0,0,edgeCount
712,197,243,graphml/Cogentco.graphml,2,,clustered,0.7;-0.3,-1,-1,-1,0,4,-1,0,-1,-1,0,4,edgeCount
711,197,243,graphml/Cogentco.graphml,1,,clustered,0.7;-0.3,37,37,16,21,2,-1,-17,37,37,21,2,edgeCount
710,197,243,graphml/Cogentco.graphml,1,,clustered,0.7;-0.3,-1,-1,-1,0,4,-1,0,-1,-1,0,4,edgeCount
709,197,243,graphml/Cogentco.graphml,2,,clustered,0.7;-0.3,35,9,9,26,0,9,0,9,9,0,0,edgeCount
708,197,243,graphml/Cogentco.graphml,2,,clustered,0.7;-0.3,12,12,11,1,0,12,1,12,12,1,0,edgeCount
707,197,243,graphml/Cogentco.graphml,1,,clustered,0.7;-0.3,-1,-1,-1,0,2,-1,0,-1,-1,0,2,edgeCount
706,197,243,graphml/Cogentco.graphml,2,,clustered,0.7;-0.3,-1,-1,13,-14,2,-1,-14,-1,-1,-14,2,edgeCount
705,197,243,graphml/Cogentco.graphml,2,,clustered,0.7;-0.3,-1,-1,-1,0,0,-1,0,-1,-1,0,0,edgeCount
704,197,243,graphml/Cogentco.graphml,2,,clustered,0.7;-0.3,-1,-1,-1,0,0,-1,0,-1,-1,0,0,edgeCount
703,197,243,graphml/Cogentco.graphml,2,,clustered,0.7;-0.3,-1,-1,-1,0,0,-1,0,-1,-1,0,0,edgeCount
702,197,243,graphml/Cogentco.graphml,2,,clustered,0.7;-0.3,-1,-1,-1,0,2,-1,0,-1,-1,0,2,edgeCount
701,197,243,graphml/Cogentco.graphml,2,,clustered,0.7;-0.3,7,7,7,0,4,7,0,7,7,0,4,edgeCount
700,197,243,graphml/Cogentco.graphml,1,,clustered,0.7;-0.3,-1,-1,-1,0,2,-1,0,-1,-1,0,2,edgeCount
699,197,243,graphml/Cogentco.graphml,2,,clustered,0.7;-0.3,-1,-1,-1,0,6,-1,0,-1,-1,0,6,edgeCount
698,197,243,graphml/Cogentco.graphml,2,,clustered,0.7;-0.3,-1,-1,-1,0,0,-1,0,-1,-1,0,0,edgeCount
697,197,243,graphml/Cogentco.graphml,1,,clustered,0.7;-0.3,-1,-1,-1,0,6,-1,0,-1,-1,0,6,edgeCount
696,197,243,graphml/Cogentco.graphml,2,,clustered,0.7;-0.3,-1,-1,-1,0,0,-1,0,-1,-1,0,0,edgeCount
695,197,243,graphml/Cogentco.graphml,2,,clustered,0.7;-0.3,-1,-1,-1,0,0,-1,0,-1,-1,0,0,edgeCount
694,197,243,graphml/Cogentco.graphml,2,,clustered,0.7;-0.3,-1,-1,-1,0,0,-1,0,-1,-1,0,0,edgeCount
693,197,243,graphml/Cogentco.graphml,1,,clustered,0.7;-0.3,-1,-1,-1,0,2,-1,0,-1,-1,0,2,edgeCount
692,197,243,graphml/Cogentco.graphml,2,,clustered,0.7;-0.3,-1,-1,17,-18,0,-1,-18,-1,-1,-18,0,edgeCount
691,197,243,graphml/Cogentco.graphml,2,,clustered,0.7;-0.3,11,11,10,1,0,11,1,11,11,1,0,edgeCount
690,197,243,graphml/Cogentco.graphml,2,,clustered,0.7;-0.3,-1,-1,-1,0,4,-1,0,-1,-1,0,4,edgeCount
689,197,243,graphml/Cogentco.graphml,2,,clustered,0.7;-0.3,-1,-1,8,-9,0,-1,-9,-1,-1,-9,0,edgeCount
688,197,243,graphml/Cogentco.graphml,2,,clustered,0.7;-0.3,-1,-1,-1,0,2,-1,0,-1,-1,0,2,edgeCount
687,197,243,graphml/Cogentco.graphml,1,,clustered,0.7;-0.3,11,11,11,0,0,11,0,11,11,0,0,edgeCount
686,197,243,graphml/Cogentco.graphml,2,,clustered,0.7;-0.3,-1,-1,12,-13,2,-1,-13,47,39,35,2,edgeCount
685,197,243,graphml/Cogentco.graphml,1,,clustered,0.7;-0.3,11,11,11,0,0,11,0,11,11,0,0,edgeCount
684,197,243,graphml/Cogentco.graphml,2,,clustered,0.7;-0.3,27,9,9,18,0,9,0,9,9,0,0,edgeCount
683,197,243,graphml/Cogentco.graphml,2,,clustered,0.7;-0.3,-1,-1,-1,0,2,-1,0,-1,-1,0,2,edgeCount
682,197,243,graphml/Cogentco.graphml,2,,clustered,0.7;-0.3,-1,-1,-1,0,2,-1,0,-1,-1,0,2,edgeCount
681,197,243,graphml/Cogentco.graphml,2,,clustered,0.7;-0.3,10,10,7,3,2,10,3,10,10,3,2,edgeCount
680,197,243,graphml/Cogentco.graphml,2,,clustered,0.7;-0.3,-1,-1,-1,0,2,-1,0,-1,-1,0,2,edgeCount
679,197,243,graphml/Cogentco.graphml,1,,clustered,0.7;-0.3,7,7,7,0,0,7,0,7,7,0,0,edgeCount
678,197,243,graphml/Cogentco.graphml,2,,clustered,0.7;-0.3,64,64,25,39,0,64,39,64,64,39,0,edgeCount
677,197,243,graphml/Cogentco.graphml,2,,clustered,0.7;-0.3,18,62,12,6,0,36,24,36,36,24,0,edgeCount
676,197,243,graphml/Cogentco.graphml,1,,clustered,0.7;-0.3,5,5,5,0,0,5,0,5,5,0,0,edgeCount
675,197,243,graphml/Cogentco.graphml,2,,clustered,0.7;-0.3,-1,-1,-1,0,0,-1,0,-1,-1,0,0,edgeCount
674,197,243,graphml/Cogentco.graphml,2,,clustered,0.7;-0.3,18,44,8,10,2,18,10,18,44,10,2,edgeCount
673,197,243,graphml/Cogentco.graphml,2,,clustered,0.7;-0.3,-1,-1,-1,0,0,-1,0,-1,-1,0,0,edgeCount
672,197,243,graphml/Cogentco.graphml,2,,clustered,0.7;-0.3,50,50,20,30,0,50,30,50,50,30,0,edgeCount
671,197,243,graphml/Cogentco.graphml,2,,clustered,0.7;-0.3,9,41,9,0,0,21,12,21,21,12,0,edgeCount
670,197,243,graphml/Cogentco.graphml,2,,clustered,0.7;-0.3,-1,-1,-1,0,0,-1,0,-1,-1,0,0,edgeCount
669,197,243,graphml/Cogentco.graphml,2,,clustered,0.7;-0.3,30,30,8,22,0,30,22,30,30,22,0,edgeCount
668,197,243,graphml/Cogentco.graphml,2,,clustered,0.7;-0.3,61,61,13,48,4,-1,-14,-1,-1,-14,4,edgeCount
667,197,243,graphml/Cogentco.graphml,2,,clustered,0.7;-0.3,-1,-1,-1,0,2,-1,0,-1,-1,0,2,edgeCount
666,197,243,graphml/Cogentco.graphml,2,,clustered,0.7;-0.3,-1,-1,-1,0,0,-1,0,-1,-1,0,0,edgeCount
665,197,243,graphml/Cogentco.graphml,3,,clustered,0.7;-0.3,-1,-1,17,-18,0,-1,-18,-1,-1,-18,0,edgeCount
664,197,243,graphml/Cogentco.graphml,2,,clustered,0.7;-0.3,-1,-1,-1,0,0,-1,0,-1,-1,0,0,edgeCount
663,197,243,graphml/Cogentco.graphml,2,,clustered,0.7;-0.3,-1,-1,-1,0,0,-1,0,-1,-1,0,0,edgeCount
662,197,243,graphml/Cogentco.graphml,2,,clustered,0.7;-0.3,-1,-1,-1,0,0,-1,0,-1,-1,0,0,edgeCount
661,197,243,graphml/Cogentco.graphml,2,,clustered,0.7;-0.3,72,72,22,50,0,72,50,72,72,50,0,edgeCount
660,197,243,graphml/Cogentco.graphml,2,,clustered,0.7;-0.3,-1,-1,-1,0,0,-1,0,-1,-1,0,0,edgeCount
659,197,243,graphml/Cogentco.graphml,2,,clustered,0.7;-0.3,-1,-1,-1,0,2,-1,0,-1,-1,0,2,edgeCount
658,197,243,graphml/Cogentco.graphml,2,,clustered,0.7;-0.3,-1,-1,-1,0,0,-1,0,-1,-1,0,0,edgeCount
657,197,243,graphml/Cogentco.graphml,2,,clustered,0.7;-0.3,10,10,10,0,0,10,0,10,10,0,0,edgeCount
656,197,243,graphml/Cogentco.graphml,1,,clustered,0.7;-0.3,-1,-1,-1,0,4,-1,0,-1,-1,0,4,edgeCount
655,197,243,graphml/Cogentco.graphml,1,,clustered,0.7;-0.3,23,23,23,0,0,23,0,23,23,0,0,edgeCount
654,197,243,graphml/Cogentco.graphml,2,,clustered,0.7;-0.3,-1,-1,-1,0,0,-1,0,-1,-1,0,0,edgeCount
653,197,243,graphml/Cogentco.graphml,1,,clustered,0.7;-0.3,15,15,15,0,0,15,0,15,15,0,0,edgeCount
652,197,243,graphml/Cogentco.graphml,2,,clustered,0.7;-0.3,75,73,28,47,2,-1,-29,75,73,47,2,edgeCount
651,197,243,graphml/Cogentco.graphml,2,,clustered,0.7;-0.3,12,12,12,0,0,12,0,12,12,0,0,edgeCount
650,197,243,graphml/Cogentco.graphml,2,,clustered,0.7;-0.3,-1,-1,-1,0,0,-1,0,-1,-1,0,0,edgeCount
649,197,243,graphml/Cogentco.graphml,2,,clustered,0.7;-0.3,9,12,9,0,0,19,10,19,19,10,0,edgeCount
648,197,243,graphml/Cogentco.graphml,2,,clustered,0.7;-0.3,-1,-1,-1,0,0,-1,0,-1,-1,0,0,edgeCount
647,197,243,graphml/Cogentco.graphml,3,,clustered,0.7;-0.3,25,25,7,18,0,-1,-8,25,25,18,0,edgeCount
646,197,243,graphml/Cogentco.graphml,2,,clustered,0.7;-0.3,-1,-1,17,-18,0,-1,-18,-1,-1,-18,0,edgeCount
645,197,243,graphml/Cogentco.graphml,2,,clustered,0.7;-0.3,-1,-1,-1,0,0,-1,0,-1,-1,0,0,edgeCount
644,197,243,graphml/Cogentco.graphml,2,,clustered,0.7;-0.3,-1,-1,-1,0,0,-1,0,-1,-1,0,0,edgeCount
643,197,243,graphml/Cogentco.graphml,2,,clustered,0.7;-0.3,15,39,9,6,2,15,6,15,39,6,2,edgeCount
642,197,243,graphml/Cogentco.graphml,2,,clustered,0.7;-0.3,-1,-1,-1,0,4,-1,0,-1,-1,0,4,edgeCount
641,197,243,graphml/Cogentco.graphml,1,,clustered,0.7;-0.3,-1,-1,-1,0,0,-1,0,-1,-1,0,0,edgeCount
640,197,243,graphml/Cogentco.graphml,2,,clustered,0.7;-0.3,-1,-1,-1,0,2,-1,0,-1,-1,0,2,edgeCount
639,197,243,graphml/Cogentco.graphml,2,,clustered,0.7;-0.3,39,55,16,23,2,39,23,39,55,23,2,edgeCount
638,197,243,graphml/Cogentco.graphml,2,,clustered,0.7;-0.3,31,31,11,20,0,31,20,31,31,20,0,edgeCount
637,197,243,graphml/Cogentco.graphml,1,,clustered,0.7;-0.3,9,57,9,0,2,9,0,9,57,0,2,edgeCount
636,197,243,graphml/Cogentco.graphml,2,,clustered,0.7;-0.3,-1,-1,-1,0,2,-1,0,-1,-1,0,2,edgeCount
635,197,243,graphml/Cogentco.graphml,2,,clustered,0.7;-0.3,-1,-1,-1,0,0,-1,0,-1,-1,0,0,edgeCount
634,197,243,graphml/Cogentco.graphml,1,,clustered,0.7;-0.3,11,11,11,0,0,11,0,11,11,0,0,edgeCount
633,197,243,graphml/Cogentco.graphml,1,,clustered,0.7;-0.3,-1,-1,-1,0,4,-1,0,-1,-1,0,4,edgeCount
632,197,243,graphml/Cogentco.graphml,2,,clustered,0.7;-0.3,-1,-1,-1,0,0,-1,0,-1,-1,0,0,edgeCount
631,197,243,graphml/Cogentco.graphml,2,,clustered,0.7;-0.3,20,20,18,2,0,20,2,20,20,2,0,edgeCount
630,197,243,graphml/Cogentco.graphml,1,,clustered,0.7;-0.3,15,15,15,0,0,15,0,15,15,0,0,edgeCount
629,197,243,graphml/Cogentco.graphml,2,,clustered,0.7;-0.3,-1,-1,-1,0,2,-1,0,-1,-1,0,2,edgeCount
628,197,243,graphml/Cogentco.graphml,2,,clustered,0.7;-0.3,-1,-1,-1,0,2,-1,0,-1,-1,0,2,edgeCount
627,197,243,graphml/Cogentco.graphml,2,,clustered,0.7;-0.3,-1,-1,-1,0,2,-1,0,-1,-1,0,2,edgeCount
626,197,243,graphml/Cogentco.graphml,2,,clustered,0.7;-0.3,-1,-1,-1,0,0,-1,0,-1,-1,0,0,edgeCount
625,197,243,graphml/Cogentco.graphml,1,,clustered,0.7;-0.3,20,14,14,6,2,-1,-15,20,14,6,2,edgeCount
624,197,243,graphml/Cogentco.graphml,1,,clustered,0.7;-0.3,5,5,5,0,0,5,0,5,5,0,0,edgeCount
623,197,243,graphml/Cogentco.graphml,1,,clustered,0.7;-0.3,-1,-1,-1,0,0,-1,0,-1,-1,0,0,edgeCount
622,197,243,graphml/Cogentco.graphml,1,,clustered,0.7;-0.3,21,21,11,10,2,-1,-12,21,21,10,2,edgeCount
621,197,243,graphml/Cogentco.graphml,1,,clustered,0.7;-0.3,-1,-1,-1,0,4,-1,0,-1,-1,0,4,edgeCount
620,197,243,graphml/Cogentco.graphml,2,,clustered,0.7;-0.3,29,13,13,16,2,-1,-14,29,13,16,2,edgeCount
619,197,243,graphml/Cogentco.graphml,2,,clustered,0.7;-0.3,62,38,16,46,0,16,0,16,16,0,0,edgeCount
618,197,243,graphml/Cogentco.graphml,2,,clustered,0.7;-0.3,36,34,17,19,2,-1,-18,36,34,19,2,edgeCount
617,197,243,graphml/Cogentco.graphml,1,,clustered,0.7;-0.3,-1,-1,-1,0,4,-1,0,-1,-1,0,4,edgeCount
616,197,243,graphml/Cogentco.graphml,2,,clustered,0.7;-0.3,-1,-1,23,-24,0,-1,-24,-1,-1,-24,0,edgeCount
615,197,243,graphml/Cogentco.graphml,1,,clustered,0.7;-0.3,4,4,4,0,0,4,0,4,4,0,0,edgeCount
614,197,243,graphml/Cogentco.graphml,1,,clustered,0.7;-0.3,69,69,25,44,2,-1,-26,69,69,44,2,edgeCount
613,197,243,graphml/Cogentco.graphml,2,,clustered,0.7;-0.3,12,12,12,0,0,12,0,12,12,0,0,edgeCount
612,197,243,graphml/Cogentco.graphml,3,,clustered,0.7;-0.3,-1,-1,13,-14,0,-1,-14,-1,-1,-14,0,edgeCount
611,197,243,graphml/Cogentco.graphml,1,,clustered,0.7;-0.3,-1,-1,11,-12,0,-1,-12,-1,-1,-12,0,edgeCount
610,197,243,graphml/Cogentco.graphml,1,,clustered,0.7;-0.3,-1,-1,-1,0,2,-1,0,-1,-1,0,2,edgeCount
609,197,243,graphml/Cogentco.graphml,2,,clustered,0.7;-0.3,-1,-1,-1,0,0,-1,0,-1,-1,0,0,edgeCount
608,197,243,graphml/Cogentco.graphml,2,,clustered,0.7;-0.3,-1,-1,10,-11,4,-1,-11,-1,-1,-11,4,edgeCount
607,197,243,graphml/Cogentco.graphml,2,,clustered,0.7;-0.3,-1,-1,-1,0,0,-1,0,-1,-1,0,0,edgeCount
606,197,243,graphml/Cogentco.graphml,2,,clustered,0.7;-0.3,-1,-1,-1,0,0,-1,0,-1,-1,0,0,edgeCount
605,197,243,graphml/Cogentco.graphml,2,,clustered,0.7;-0.3,-1,-1,-1,0,0,-1,0,-1,-1,0,0,edgeCount
604,197,243,graphml/Cogentco.graphml,2,,clustered,0.7;-0.3,-1,-1,13,-14,4,-1,-14,-1,-1,-14,4,edgeCount
603,197,243,graphml/Cogentco.graphml,2,,clustered,0.7;-0.3,22,22,10,12,0,22,12,22,22,12,0,edgeCount
602,197,243,graphml/Cogentco.graphml,1,,clustered,0.7;-0.3,-1,-1,-1,0,2,-1,0,-1,-1,0,2,edgeCount
601,197,243,graphml/Cogentco.graphml,2,,clustered,0.7;-0.3,-1,-1,-1,0,2,-1,0,-1,-1,0,2,edgeCount
600,197,243,graphml/Cogentco.graphml,1,,clustered,0.7;-0.3,-1,-1,-1,0,2,-1,0,-1,-1,0,2,edgeCount
599,197,243,graphml/Cogentco.graphml,1,,clustered,0.7;-0.3,28,16,10,18,2,-1,-11,28,16,18,2,edgeCount
598,197,243,graphml/Cogentco.graphml,2,,clustered,0.7;-0.3,-1,-1,-1,0,2,-1,0,-1,-1,0,2,edgeCount
597,197,243,graphml/Cogentco.graphml,1,,clustered,0.7;-0.3,-1,-1,-1,0,2,-1,0,-1,-1,0,2,edgeCount
596,197,243,graphml/Cogentco.graphml,2,,clustered,0.7;-0.3,-1,-1,-1,0,6,-1,0,-1,-1,0,6,edgeCount
595,197,243,graphml/Cogentco.graphml,2,,clustered,0.7;-0.3,-1,-1,-1,0,2,-1,0,-1,-1,0,2,edgeCount
594,197,243,graphml/Cogentco.graphml,2,,clustered,0.7;-0.3,11,11,8,3,0,11,3,11,11,3,0,edgeCount
593,197,243,graphml/Cogentco.graphml,2,,clustered,0.7;-0.3,-1,-1,-1,0,2,-1,0,-1,-1,0,2,edgeCount
592,197,243,graphml/Cogentco.graphml,1,,clustered,0.7;-0.3,-1,-1,11,-12,0,-1,-12,-1,-1,-12,0,edgeCount
591,197,243,graphml/Cogentco.graphml,2,,clustered,0.7;-0.3,-1,-1,-1,0,0,-1,0,-1,-1,0,0,edgeCount
590,197,243,graphml/Cogentco.graphml,1,,clustered,0.7;-0.3,-1,-1,6,-7,0,-1,-7,-1,-1,-7,0,edgeCount
589,197,243,graphml/Cogentco.graphml,2,,clustered,0.7;-0.3,-1,-1,-1,0,2,-1,0,-1,-1,0,2,edgeCount
588,197,243,graphml/Cogentco.graphml,2,,clustered,0.7;-0.3,-1,-1,-1,0,0,-1,0,-1,-1,0,0,edgeCount
587,197,243,graphml/Cogentco.graphml,1,,clustered,0.7;-0.3,-1,-1,-1,0,0,-1,0,-1,-1,0,0,edgeCount
586,197,243,graphml/Cogentco.graphml,2,,clustered,0.7;-0.3,-1,-1,-1,0,0,-1,0,-1,-1,0,0,edgeCount
585,197,243,graphml/Cogentco.graphml,2,,clustered,0.7;-0.3,-1,-1,-1,0,0,-1,0,-1,-1,0,0,edgeCount
584,197,243,graphml/Cogentco.graphml,1,,clustered,0.7;-0.3,-1,-1,11,-12,0,-1,-12,-1,-1,-12,0,edgeCount
583,197,243,graphml/Cogentco.graphml,2,,clustered,0.7;-0.3,85,41,22,63,0,-1,-23,-1,-1,-23,0,edgeCount
582,197,243,graphml/Cogentco.graphml,1,,clustered,0.7;-0.3,-1,-1,-1,0,2,-1,0,-1,-1,0,2,edgeCount
581,197,243,graphml/Cogentco.graphml,1,,clustered,0.7;-0.3,-1,-1,-1,0,2,-1,0,-1,-1,0,2,edgeCount
580,197,243,graphml/Cogentco.graphml,2,,clustered,0.7;-0.3,-1,-1,-1,0,2,-1,0,-1,-1,0,2,edgeCount
579,197,243,graphml/Cogentco.graphml,2,,clustered,0.7;-0.3,14,14,6,8,0,14,8,14,14,8,0,edgeCount
578,197,243,graphml/Cogentco.graphml,2,,clustered,0.7;-0.3,-1,-1,-1,0,0,-1,0,-1,-1,0,0,edgeCount
577,197,243,graphml/Cogentco.graphml,2,,clustered,0.7;-0.3,-1,-1,-1,0,0,-1,0,-1,-1,0,0,edgeCount
576,197,243,graphml/Cogentco.graphml,2,,clustered,0.7;-0.3,-1,-1,-1,0,0,-1,0,-1,-1,0,0,edgeCount
575,197,243,graphml/Cogentco.graphml,2,,clustered,0.7;-0.3,-1,-1,16,-17,0,-1,-17,-1,-1,-17,0,edgeCount
574,197,243,graphml/Cogentco.graphml,2,,clustered,0.7;-0.3,-1,-1,-1,0,0,-1,0,-1,-1,0,0,edgeCount
573,197,243,graphml/Cogentco.graphml,1,,clustered,0.7;-0.3,17,17,17,0,2,17,0,17,17,0,2,edgeCount
572,197,243,graphml/Cogentco.graphml,1,,clustered,0.7;-0.3,20,20,20,0,4,20,0,20,20,0,4,edgeCount
571,197,243,graphml/Cogentco.graphml,2,,clustered,0.7;-0.3,-1,-1,-1,0,0,-1,0,-1,-1,0,0,edgeCount
570,197,243,graphml/Cogentco.graphml,1,,clustered,0.7;-0.3,-1,-1,24,-25,4,-1,-25,-1,-1,-25,4,edgeCount
569,197,243,graphml/Cogentco.graphml,2,,clustered,0.7;-0.3,-1,-1,-1,0,0,-1,0,-1,-1,0,0,edgeCount
568,197,243,graphml/Cogentco.graphml,2,,clustered,0.7;-0.3,36,36,15,21,0,36,21,36,36,21,0,edgeCount
567,197,243,graphml/Cogentco.graphml,2,,clustered,0.7;-0.3,14,14,11,3,0,14,3,14,14,3,0,edgeCount
566,197,243,graphml/Cogentco.graphml,1,,clustered,0.7;-0.3,-1,-1,-1,0,0,-1,0,-1,-1,0,0,edgeCount
565,197,243,graphml/Cogentco.graphml,2,,clustered,0.7;-0.3,-1,-1,-1,0,0,-1,0,-1,-1,0,0,edgeCount
564,197,243,graphml/Cogentco.graphml,1,,clustered,0.7;-0.3,6,6,6,0,0,6,0,6,6,0,0,edgeCount
563,197,243,graphml/Cogentco.graphml,2,,clustered,0.7;-0.3,12,12,11,1,0,34,23,12,12,1,0,edgeCount
562,197,243,graphml/Cogentco.graphml,1,,clustered,0.7;-0.3,-1,-1,-1,0,0,-1,0,-1,-1,0,0,edgeCount
561,197,243,graphml/Cogentco.graphml,1,,clustered,0.7;-0.3,21,11,9,12,2,-1,-10,21,11,12,2,edgeCount
560,197,243,graphml/Cogentco.graphml,1,,clustered,0.7;-0.3,-1,-1,-1,0,0,-1,0,-1,-1,0,0,edgeCount
559,197,243,graphml/Cogentco.graphml,3,,clustered,0.7;-0.3,50,76,13,37,0,76,63,76,76,63,0,edgeCount
558,197,243,graphml/Cogentco.graphml,2,,clustered,0.7;-0.3,4,4,4,0,0,4,0,4,4,0,0,edgeCount
557,197,243,graphml/Cogentco.graphml,1,,clustered,0.7;-0.3,-1,-1,-1,0,4,-1,0,-1,-1,0,4,edgeCount
556,197,243,graphml/Cogentco.graphml,2,,clustered,0.7;-0.3,-1,-1,-1,0,2,-1,0,-1,-1,0,2,edgeCount
555,197,243,graphml/Cogentco.graphml,2,,clustered,0.7;-0.3,-1,-1,-1,0,0,-1,0,-1,-1,0,0,edgeCount
554,197,243,graphml/Cogentco.graphml,2,,clustered,0.7;-0.3,17,17,17,0,0,17,0,17,17,0,0,edgeCount
553,197,243,graphml/Cogentco.graphml,3,,clustered,0.7;-0.3,-1,-1,-1,0,2,-1,0,-1,-1,0,2,edgeCount
552,197,243,graphml/Cogentco.graphml,2,,clustered,0.7;-0.3,-1,-1,-1,0,0,-1,0,-1,-1,0,0,edgeCount
551,197,243,graphml/Cogentco.graphml,2,,clustered,0.7;-0.3,30,30,11,19,0,22,11,22,22,11,0,edgeCount
550,197,243,graphml/Cogentco.graphml,1,,clustered,0.7;-0.3,24,24,24,0,0,24,0,24,24,0,0,edgeCount
549,197,243,graphml/Cogentco.graphml,2,,clustered,0.7;-0.3,-1,-1,18,-19,0,-1,-19,-1,-1,-19,0,edgeCount
548,197,243,graphml/Cogentco.graphml,1,,clustered,0.7;-0.3,10,10,10,0,0,10,0,10,10,0,0,edgeCount
547,197,243,graphml/Cogentco.graphml,2,,clustered,0.7;-0.3,57,55,24,33,2,-1,-25,57,55,33,2,edgeCount
546,197,243,graphml/Cogentco.graphml,2,,clustered,0.7;-0.3,9,12,6,3,0,23,17,23,23,17,0,edgeCount
545,197,243,graphml/Cogentco.graphml,2,,clustered,0.7;-0.3,22,74,16,6,0,40,24,40,40,24,0,edgeCount
544,197,243,graphml/Cogentco.graphml,2,,clustered,0.7;-0.3,-1,-1,-1,0,0,-1,0,-1,-1,0,0,edgeCount
543,197,243,graphml/Cogentco.graphml,2,,clustered,0.7;-0.3,-1,-1,-1,0,0,-1,0,-1,-1,0,0,edgeCount
542,197,243,graphml/Cogentco.graphml,2,,clustered,0.7;-0.3,-1,-1,-1,0,0,-1,0,-1,-1,0,0,edgeCount
541,197,243,graphml/Cogentco.graphml,1,,clustered,0.7;-0.3,8,8,8,0,0,8,0,8,8,0,0,edgeCount
540,197,243,graphml/Cogentco.graphml,2,,clustered,0.7;-0.3,-1,-1,-1,0,2,-1,0,-1,-1,0,2,edgeCount
539,197,243,graphml/Cogentco.graphml,3,,clustered,0.7;-0.3,12,12,12,0,0,12,0,12,12,0,0,edgeCount
538,197,243,graphml/Cogentco.graphml,2,,clustered,0.7;-0.3,-1,-1,-1,0,2,-1,0,-1,-1,0,2,edgeCount
537,197,243,graphml/Cogentco.graphml,1,,clustered,0.7;-0.3,-1,-1,-1,0,4,-1,0,-1,-1,0,4,edgeCount
536,197,243,graphml/Cogentco.graphml,1,,clustered,0.7;-0.3,2,2,2,0,0,2,0,2,2,0,0,edgeCount
535,197,243,graphml/Cogentco.graphml,1,,clustered,0.7;-0.3,11,11,11,0,0,11,0,11,11,0,0,edgeCount
534,197,243,graphml/Cogentco.graphml,2,,clustered,0.7;-0.3,-1,-1,-1,0,0,-1,0,-1,-1,0,0,edgeCount
533,197,243,graphml/Cogentco.graphml,2,,clustered,0.7;-0.3,12,12,12,0,0,12,0,12,12,0,0,edgeCount
532,197,243,graphml/Cogentco.graphml,1,,clustered,0.7;-0.3,-1,-1,-1,0,0,-1,0,-1,-1,0,0,edgeCount
531,197,243,graphml/Cogentco.graphml,2,,clustered,0.7;-0.3,-1,-1,-1,0,0,-1,0,-1,-1,0,0,edgeCount
530,197,243,graphml/Cogentco.graphml,1,,clustered,0.7;-0.3,19,19,19,0,0,19,0,19,19,0,0,edgeCount
529,197,243,graphml/Cogentco.graphml,2,,clustered,0.7;-0.3,-1,-1,-1,0,2,-1,0,-1,-1,0,2,edgeCount
528,197,243,graphml/Cogentco.graphml,2,,clustered,0.7;-0.3,9,9,9,0,2,9,0,9,9,0,2,edgeCount
527,197,243,graphml/Cogentco.graphml,2,,clustered,0.7;-0.3,-1,-1,-1,0,2,-1,0,-1,-1,0,2,edgeCount
526,197,243,graphml/Cogentco.graphml,2,,clustered,0.7;-0.3,-1,-1,-1,0,2,-1,0,-1,-1,0,2,edgeCount
525,197,243,graphml/Cogentco.graphml,2,,clustered,0.7;-0.3,-1,-1,-1,0,0,-1,0,-1,-1,0,0,edgeCount
524,197,243,graphml/Cogentco.graphml,1,,clustered,0.7;-0.3,-1,-1,-1,0,2,-1,0,-1,-1,0,2,edgeCount
523,197,243,graphml/Cogentco.graphml,3,,clustered,0.7;-0.3,9,19,8,1,12,55,47,31,95,23,12,edgeCount
522,197,243,graphml/Cogentco.graphml,3,,clustered,0.7;-0.3,21,21,9,12,0,21,12,21,21,12,0,edgeCount
521,197,243,graphml/Cogentco.graphml,3,,clustered,0.7;-0.3,-1,-1,-1,0,2,-1,0,-1,-1,0,2,edgeCount
520,197,243,graphml/Cogentco.graphml,2,,clustered,0.7;-0.3,-1,-1,-1,0,2,-1,0,-1,-1,0,2,edgeCount
519,197,243,graphml/Cogentco.graphml,2,,clustered,0.7;-0.3,-1,-1,-1,0,0,-1,0,-1,-1,0,0,edgeCount
518,197,243,graphml/Cogentco.graphml,2,,clustered,0.7;-0.3,-1,-1,-1,0,0,-1,0,-1,-1,0,0,edgeCount
517,197,243,graphml/Cogentco.graphml,2,,clustered,0.7;-0.3,-1,-1,14,-15,2,-1,-15,-1,-1,-15,2,edgeCount
516,197,243,graphml/Cogentco.graphml,2,,clustered,0.7;-0.3,33,13,13,20,2,-1,-14,28,28,15,2,edgeCount
515,197,243,graphml/Cogentco.graphml,2,,clustered,0.7;-0.3,-1,-1,-1,0,2,-1,0,-1,-1,0,2,edgeCount
514,197,243,graphml/Cogentco.graphml,1,,clustered,0.7;-0.3,21,21,21,0,2,21,0,21,21,0,2,edgeCount
513,197,243,graphml/Cogentco.graphml,1,,clustered,0.7;-0.3,-1,-1,-1,0,4,-1,0,-1,-1,0,4,edgeCount
512,197,243,graphml/Cogentco.graphml,1,,clustered,0.7;-0.3,10,10,10,0,2,10,0,10,10,0,2,edgeCount
511,197,243,graphml/Cogentco.graphml,1,,clustered,0.7;-0.3,23,23,23,0,0,23,0,23,23,0,0,edgeCount
510,197,243,graphml/Cogentco.graphml,2,,clustered,0.7;-0.3,14,21,14,0,0,36,22,36,36,22,0,edgeCount
509,197,243,graphml/Cogentco.graphml,2,,clustered,0.7;-0.3,-1,-1,-1,0,0,-1,0,-1,-1,0,0,edgeCount
508,197,243,graphml/Cogentco.graphml,1,,clustered,0.7;-0.3,-1,-1,-1,0,4,-1,0,-1,-1,0,4,edgeCount
507,197,243,graphml/Cogentco.graphml,2,,clustered,0.7;-0.3,9,9,9,0,2,9,0,9,9,0,2,edgeCount
506,197,243,graphml/Cogentco.graphml,2,,clustered,0.7;-0.3,-1,-1,-1,0,0,-1,0,-1,-1,0,0,edgeCount
505,197,243,graphml/Cogentco.graphml,1,,clustered,0.7;-0.3,-1,-1,-1,0,2,-1,0,-1,-1,0,2,edgeCount
504,197,243,graphml/Cogentco.graphml,2,,clustered,0.7;-0.3,26,26,19,7,0,26,7,26,26,7,0,edgeCount
503,197,243,graphml/Cogentco.graphml,3,,clustered,0.7;-0.3,31,31,8,23,0,31,23,31,31,23,0,edgeCount
502,197,243,graphml/Cogentco.graphml,2,,clustered,0.7;-0.3,-1,-1,-1,0,0,-1,0,-1,-1,0,0,edgeCount
501,197,243,graphml/Cogentco.graphml,2,,clustered,0.7;-0.3,-1,-1,7,-8,0,-1,-8,-1,-1,-8,0,edgeCount
500,197,243,graphml/Cogentco.graphml,2,,clustered,0.7;-0.3,65,17,17,48,0,-1,-18,-1,-1,-18,0,edgeCount
499,197,243,graphml/Cogentco.graphml,1,,clustered,0.7;-0.3,-1,-1,-1,0,0,-1,0,-1,-1,0,0,edgeCount
498,197,243,graphml/Cogentco.graphml,2,,clustered,0.7;-0.3,70,70,20,50,0,70,50,70,70,50,0,edgeCount
497,197,243,graphml/Cogentco.graphml,2,,clustered,0.7;-0.3,-1,-1,-1,0,4,-1,0,-1,-1,0,4,edgeCount
496,197,243,graphml/Cogentco.graphml,1,,clustered,0.7;-0.3,-1,-1,-1,0,2,-1,0,-1,-1,0,2,edgeCount
495,197,243,graphml/Cogentco.graphml,1,,clustered,0.7;-0.3,-1,-1,-1,0,4,-1,0,-1,-1,0,4,edgeCount
494,197,243,graphml/Cogentco.graphml,2,,clustered,0.7;-0.3,-1,-1,-1,0,0,-1,0,-1,-1,0,0,edgeCount
493,197,243,graphml/Cogentco.graphml,2,,clustered,0.7;-0.3,-1,-1,-1,0,0,-1,0,-1,-1,0,0,edgeCount
492,197,243,graphml/Cogentco.graphml,2,,clustered,0.7;-0.3,13,67,10,3,2,27,17,27,59,17,2,edgeCount
491,197,243,graphml/Cogentco.graphml,2,,clustered,0.7;-0.3,16,16,7,9,0,16,9,16,16,9,0,edgeCount
490,197,243,graphml/Cogentco.graphml,1,,clustered,0.7;-0.3,-1,-1,12,-13,0,-1,-13,-1,-1,-13,0,edgeCount
489,197,243,graphml/Cogentco.graphml,2,,clustered,0.7;-0.3,-1,-1,-1,0,0,-1,0,-1,-1,0,0,edgeCount
488,197,243,graphml/Cogentco.graphml,2,,clustered,0.7;-0.3,50,46,16,34,2,16,0,16,16,0,2,edgeCount
487,197,243,graphml/Cogentco.graphml,2,,clustered,0.7;-0.3,36,34,12,24,2,12,0,12,12,0,2,edgeCount
486,197,243,graphml/Cogentco.graphml,1,,clustered,0.7;-0.3,-1,-1,-1,0,4,-1,0,-1,-1,0,4,edgeCount
485,197,243,graphml/Cogentco.graphml,2,,clustered,0.7;-0.3,-1,-1,-1,0,2,-1,0,-1,-1,0,2,edgeCount
484,197,243,graphml/Cogentco.graphml,2,,clustered,0.7;-0.3,17,17,17,0,0,17,0,17,17,0,0,edgeCount
483,197,243,graphml/Cogentco.graphml,1,,clustered,0.7;-0.3,-1,-1,-1,0,2,-1,0,-1,-1,0,2,edgeCount
482,197,243,graphml/Cogentco.graphml,1,,clustered,0.7;-0.3,-1,-1,-1,0,2,-1,0,-1,-1,0,2,edgeCount
481,197,243,graphml/Cogentco.graphml,2,,clustered,0.7;-0.3,21,3,3,18,2,3,0,3,3,0,2,edgeCount
480,197,243,graphml/Cogentco.graphml,2,,clustered,0.7;-0.3,-1,-1,-1,0,0,-1,0,-1,-1,0,0,edgeCount
479,197,243,graphml/Cogentco.graphml,1,,clustered,0.7;-0.3,-1,-1,21,-22,4,-1,-22,-1,-1,-22,4,edgeCount
478,197,243,graphml/Cogentco.graphml,1,,clustered,0.7;-0.3,16,16,16,0,0,16,0,16,16,0,0,edgeCount
477,197,243,graphml/Cogentco.graphml,2,,clustered,0.7;-0.3,50,50,21,29,0,50,29,50,50,29,0,edgeCount
476,197,243,graphml/Cogentco.graphml,3,,clustered,0.7;-0.3,-1,-1,8,-9,2,-1,-9,-1,-1,-9,2,edgeCount
475,197,243,graphml/Cogentco.graphml,2,,clustered,0.7;-0.3,-1,-1,15,-16,0,-1,-16,-1,-1,-16,0,edgeCount
474,197,243,graphml/Cogentco.graphml,2,,clustered,0.7;-0.3,-1,-1,-1,0,0,-1,0,-1,-1,0,0,edgeCount
473,197,243,graphml/Cogentco.graphml,1,,clustered,0.7;-0.3,-1,-1,-1,0,2,-1,0,-1,-1,0,2,edgeCount
472,197,243,graphml/Cogentco.graphml,2,,clustered,0.7;-0.3,-1,-1,-1,0,0,-1,0,-1,-1,0,0,edgeCount
471,197,243,graphml/Cogentco.graphml,2,,clustered,0.7;-0.3,15,49,13,2,0,31,18,31,31,18,0,edgeCount
470,197,243,graphml/Cogentco.graphml,2,,clustered,0.7;-0.3,14,40,11,3,2,24,13,24,24,13,2,edgeCount
469,197,243,graphml/Cogentco.graphml,2,,clustered,0.7;-0.3,-1,-1,-1,0,2,-1,0,-1,-1,0,2,edgeCount
468,197,243,graphml/Cogentco.graphml,1,,clustered,0.7;-0.3,10,10,10,0,0,10,0,10,10,0,0,edgeCount
467,197,243,graphml/Cogentco.graphml,2,,clustered,0.7;-0.3,7,7,7,0,0,7,0,7,7,0,0,edgeCount
466,197,243,graphml/Cogentco.graphml,1,,clustered,0.7;-0.3,15,79,15,0,4,15,0,15,79,0,4,edgeCount
465,197,243,graphml/Cogentco.graphml,2,,clustered,0.7;-0.3,-1,-1,19,-20,0,-1,-20,-1,-1,-20,0,edgeCount
464,197,243,graphml/Cogentco.graphml,2,,clustered,0.7;-0.3,-1,-1,-1,0,0,-1,0,-1,-1,0,0,edgeCount
463,197,243,graphml/Cogentco.graphml,2,,clustered,0.7;-0.3,-1,-1,-1,0,0,-1,0,-1,-1,0,0,edgeCount
462,197,243,graphml/Cogentco.graphml,2,,clustered,0.7;-0.3,-1,-1,-1,0,0,-1,0,-1,-1,0,0,edgeCount
461,197,243,graphml/Cogentco.graphml,2,,clustered,0.7;-0.3,-1,-1,-1,0,2,-1,0,-1,-1,0,2,edgeCount
460,197,243,graphml/Cogentco.graphml,1,,clustered,0.7;-0.3,18,18,18,0,0,18,0,18,18,0,0,edgeCount
459,197,243,graphml/Cogentco.graphml,2,,clustered,0.7;-0.3,-1,-1,-1,0,0,-1,0,-1,-1,0,0,edgeCount
458,197,243,graphml/Cogentco.graphml,2,,clustered,0.7;-0.3,22,22,22,0,0,22,0,22,22,0,0,edgeCount
457,197,243,graphml/Cogentco.graphml,2,,clustered,0.7;-0.3,-1,-1,-1,0,2,-1,0,-1,-1,0,2,edgeCount
456,197,243,graphml/Cogentco.graphml,1,,clustered,0.7;-0.3,5,5,5,0,0,5,0,5,5,0,0,edgeCount
455,197,243,graphml/Cogentco.graphml,1,,clustered,0.7;-0.3,-1,-1,16,-17,0,-1,-17,-1,-1,-17,0,edgeCount
454,197,243,graphml/Cogentco.graphml,2,,clustered,0.7;-0.3,-1,-1,-1,0,0,-1,0,-1,-1,0,0,edgeCount
453,197,243,graphml/Cogentco.graphml,2,,clustered,0.7;-0.3,-1,-1,-1,0,0,-1,0,-1,-1,0,0,edgeCount
452,197,243,graphml/Cogentco.graphml,1,,clustered,0.7;-0.3,-1,-1,26,-27,0,-1,-27,-1,-1,-27,0,edgeCount
451,197,243,graphml/Cogentco.graphml,3,,clustered,0.7;-0.3,-1,-1,-1,0,0,-1,0,-1,-1,0,0,edgeCount
450,197,243,graphml/Cogentco.graphml,1,,clustered,0.7;-0.3,16,16,16,0,0,16,0,16,16,0,0,edgeCount
449,197,243,graphml/Cogentco.graphml,1,,clustered,0.7;-0.3,-1,-1,-1,0,0,-1,0,-1,-1,0,0,edgeCount
448,197,243,graphml/Cogentco.graphml,2,,clustered,0.7;-0.3,-1,-1,27,-28,2,-1,-28,-1,-1,-28,2,edgeCount
447,197,243,graphml/Cogentco.graphml,2,,clustered,0.7;-0.3,-1,-1,-1,0,2,-1,0,-1,-1,0,2,edgeCount
446,197,243,graphml/Cogentco.graphml,1,,clustered,0.7;-0.3,11,11,11,0,0,11,0,11,11,0,0,edgeCount
445,197,243,graphml/Cogentco.graphml,1,,clustered,0.7;-0.3,68,34,30,38,2,-1,-31,68,34,38,2,edgeCount
444,197,243,graphml/Cogentco.graphml,2,,clustered,0.7;-0.3,-1,-1,-1,0,0,-1,0,-1,-1,0,0,edgeCount
443,197,243,graphml/Cogentco.graphml,2,,clustered,0.7;-0.3,-1,-1,-1,0,0,-1,0,-1,-1,0,0,edgeCount
442,197,243,graphml/Cogentco.graphml,1,,clustered,0.7;-0.3,-1,-1,9,-10,0,-1,-10,-1,-1,-10,0,edgeCount
441,197,243,graphml/Cogentco.graphml,2,,clustered,0.7;-0.3,5,5,5,0,2,5,0,5,5,0,2,edgeCount
440,197,243,graphml/Cogentco.graphml,2,,clustered,0.7;-0.3,-1,-1,-1,0,0,-1,0,-1,-1,0,0,edgeCount
439,197,243,graphml/Cogentco.graphml,1,,clustered,0.7;-0.3,-1,-1,-1,0,2,-1,0,-1,-1,0,2,edgeCount
438,197,243,graphml/Cogentco.graphml,2,,clustered,0.7;-0.3,-1,-1,-1,0,0,-1,0,-1,-1,0,0,edgeCount
437,197,243,graphml/Cogentco.graphml,2,,clustered,0.7;-0.3,-1,-1,-1,0,0,-1,0,-1,-1,0,0,edgeCount
436,197,243,graphml/Cogentco.graphml,2,,clustered,0.7;-0.3,-1,-1,-1,0,0,-1,0,-1,-1,0,0,edgeCount
435,197,243,graphml/Cogentco.graphml,2,,clustered,0.7;-0.3,39,39,11,28,2,35,24,39,39,28,2,edgeCount
434,197,243,graphml/Cogentco.graphml,2,,clustered,0.7;-0.3,-1,-1,-1,0,2,-1,0,-1,-1,0,2,edgeCount
433,197,243,graphml/Cogentco.graphml,2,,clustered,0.7;-0.3,11,11,9,2,0,11,2,11,11,2,0,edgeCount
432,197,243,graphml/Cogentco.graphml,1,,clustered,0.7;-0.3,12,12,12,0,0,12,0,12,12,0,0,edgeCount
431,197,243,graphml/Cogentco.graphml,2,,clustered,0.7;-0.3,-1,-1,-1,0,0,-1,0,-1,-1,0,0,edgeCount
430,197,243,graphml/Cogentco.graphml,2,,clustered,0.7;-0.3,-1,-1,-1,0,0,-1,0,-1,-1,0,0,edgeCount
429,197,243,graphml/Cogentco.graphml,1,,clustered,0.7;-0.3,-1,-1,11,-12,0,-1,-12,-1,-1,-12,0,edgeCount
428,197,243,graphml/Cogentco.graphml,2,,clustered,0.7;-0.3,35,35,16,19,0,35,19,35,35,19,0,edgeCount
427,197,243,graphml/Cogentco.graphml,2,,clustered,0.7;-0.3,-1,-1,-1,0,0,-1,0,-1,-1,0,0,edgeCount
426,197,243,graphml/Cogentco.graphml,2,,clustered,0.7;-0.3,18,18,18,0,0,18,0,18,18,0,0,edgeCount
425,197,243,graphml/Cogentco.graphml,1,,clustered,0.7;-0.3,-1,-1,-1,0,0,-1,0,-1,-1,0,0,edgeCount
424,197,243,graphml/Cogentco.graphml,1,,clustered,0.7;-0.3,20,16,16,4,4,-1,-17,20,16,4,4,edgeCount
423,197,243,graphml/Cogentco.graphml,1,,clustered,0.7;-0.3,-1,-1,20,-21,0,-1,-21,-1,-1,-21,0,edgeCount
422,197,243,graphml/Cogentco.graphml,2,,clustered,0.7;-0.3,-1,-1,-1,0,0,-1,0,-1,-1,0,0,edgeCount
421,197,243,graphml/Cogentco.graphml,1,,clustered,0.7;-0.3,9,9,9,0,0,9,0,9,9,0,0,edgeCount
420,197,243,graphml/Cogentco.graphml,1,,clustered,0.7;-0.3,-1,-1,-1,0,2,-1,0,-1,-1,0,2,edgeCount
419,197,243,graphml/Cogentco.graphml,2,,clustered,0.7;-0.3,-1,-1,-1,0,2,-1,0,-1,-1,0,2,edgeCount
418,197,243,graphml/Cogentco.graphml,2,,clustered,0.7;-0.3,44,44,14,30,0,44,30,44,44,30,0,edgeCount
417,197,243,graphml/Cogentco.graphml,2,,clustered,0.7;-0.3,-1,-1,-1,0,6,-1,0,-1,-1,0,6,edgeCount
416,197,243,graphml/Cogentco.graphml,1,,clustered,0.7;-0.3,8,8,8,0,0,8,0,8,8,0,0,edgeCount
415,197,243,graphml/Cogentco.graphml,2,,clustered,0.7;-0.3,22,22,22,0,0,22,0,22,22,0,0,edgeCount
414,197,243,graphml/Cogentco.graphml,2,,clustered,0.7;-0.3,-1,-1,-1,0,0,-1,0,-1,-1,0,0,edgeCount
413,197,243,graphml/Cogentco.graphml,2,,clustered,0.7;-0.3,-1,-1,21,-22,0,-1,-22,-1,-1,-22,0,edgeCount
412,197,243,graphml/Cogentco.graphml,2,,clustered,0.7;-0.3,-1,-1,-1,0,2,-1,0,-1,-1,0,2,edgeCount
411,197,243,graphml/Cogentco.graphml,2,,clustered,0.7;-0.3,-1,-1,-1,0,0,-1,0,-1,-1,0,0,edgeCount
410,197,243,graphml/Cogentco.graphml,1,,clustered,0.7;-0.3,-1,-1,-1,0,4,-1,0,-1,-1,0,4,edgeCount
409,197,243,graphml/Cogentco.graphml,2,,clustered,0.7;-0.3,12,26,12,0,0,26,14,26,26,14,0,edgeCount
408,197,243,graphml/Cogentco.graphml,1,,clustered,0.7;-0.3,19,19,19,0,0,19,0,19,19,0,0,edgeCount
407,197,243,graphml/Cogentco.graphml,2,,clustered,0.7;-0.3,-1,-1,-1,0,2,-1,0,-1,-1,0,2,edgeCount
406,197,243,graphml/Cogentco.graphml,2,,clustered,0.7;-0.3,10,10,10,0,0,10,0,10,10,0,0,edgeCount
405,197,243,graphml/Cogentco.graphml,2,,clustered,0.7;-0.3,13,13,13,0,0,13,0,13,13,0,0,edgeCount
404,197,243,graphml/Cogentco.graphml,1,,clustered,0.7;-0.3,-1,-1,-1,0,0,-1,0,-1,-1,0,0,edgeCount
403,197,243,graphml/Cogentco.graphml,2,,clustered,0.7;-0.3,63,63,17,46,0,57,40,57,57,40,0,edgeCount
402,197,243,graphml/Cogentco.graphml,2,,clustered,0.7;-0.3,18,18,17,1,0,18,1,18,18,1,0,edgeCount
401,197,243,graphml/Cogentco.graphml,2,,clustered,0.7;-0.3,-1,-1,14,-15,0,-1,-15,-1,-1,-15,0,edgeCount
400,197,243,graphml/Cogentco.graphml,2,,clustered,0.7;-0.3,-1,-1,-1,0,0,-1,0,-1,-1,0,0,edgeCount
399,197,243,graphml/Cogentco.graphml,2,,clustered,0.7;-0.3,-1,-1,-1,0,0,-1,0,-1,-1,0,0,edgeCount
398,197,243,graphml/Cogentco.graphml,2,,clustered,0.7;-0.3,-1,-1,-1,0,2,-1,0,-1,-1,0,2,edgeCount
397,197,243,graphml/Cogentco.graphml,2,,clustered,0.7;-0.3,-1,-1,16,-17,0,-1,-17,-1,-1,-17,0,edgeCount
396,197,243,graphml/Cogentco.graphml,2,,clustered,0.7;-0.3,-1,-1,27,-28,0,-1,-28,-1,-1,-28,0,edgeCount
395,197,243,graphml/Cogentco.graphml,1,,clustered,0.7;-0.3,-1,-1,-1,0,0,-1,0,-1,-1,0,0,edgeCount
394,197,243,graphml/Cogentco.graphml,2,,clustered,0.7;-0.3,-1,-1,-1,0,0,-1,0,-1,-1,0,0,edgeCount
393,197,243,graphml/Cogentco.graphml,1,,clustered,0.7;-0.3,9,9,9,0,0,9,0,9,9,0,0,edgeCount
392,197,243,graphml/Cogentco.graphml,3,,clustered,0.7;-0.3,-1,-1,-1,0,0,-1,0,-1,-1,0,0,edgeCount
391,197,243,graphml/Cogentco.graphml,2,,clustered,0.7;-0.3,12,58,9,3,2,24,15,24,42,15,2,edgeCount
390,197,243,graphml/Cogentco.graphml,2,,clustered,0.7;-0.3,18,18,18,0,0,68,50,18,18,0,0,edgeCount
389,197,243,graphml/Cogentco.graphml,1,,clustered,0.7;-0.3,5,5,5,0,0,5,0,5,5,0,0,edgeCount
388,197,243,graphml/Cogentco.graphml,1,,clustered,0.7;-0.3,-1,-1,-1,0,2,-1,0,-1,-1,0,2,edgeCount
387,197,243,graphml/Cogentco.graphml,3,,clustered,0.7;-0.3,-1,-1,-1,0,2,-1,0,-1,-1,0,2,edgeCount
386,197,243,graphml/Cogentco.graphml,2,,clustered,0.7;-0.3,-1,-1,-1,0,0,-1,0,-1,-1,0,0,edgeCount
385,197,243,graphml/Cogentco.graphml,3,,clustered,0.7;-0.3,-1,-1,-1,0,0,-1,0,-1,-1,0,0,edgeCount
384,197,243,graphml/Cogentco.graphml,2,,clustered,0.7;-0.3,9,9,9,0,0,-1,-10,-1,-1,-10,0,edgeCount
383,197,243,graphml/Cogentco.graphml,2,,clustered,0.7;-0.3,7,7,7,0,0,7,0,7,7,0,0,edgeCount
382,197,243,graphml/Cogentco.graphml,2,,clustered,0.7;-0.3,-1,-1,18,-19,2,-1,-19,-1,-1,-19,2,edgeCount
381,197,243,graphml/Cogentco.graphml,2,,clustered,0.7;-0.3,-1,-1,-1,0,0,-1,0,-1,-1,0,0,edgeCount
380,197,243,graphml/Cogentco.graphml,1,,clustered,0.7;-0.3,-1,-1,26,-27,4,-1,-27,-1,-1,-27,4,edgeCount
379,197,243,graphml/Cogentco.graphml,2,,clustered,0.7;-0.3,-1,-1,-1,0,0,-1,0,-1,-1,0,0,edgeCount
378,197,243,graphml/Cogentco.graphml,2,,clustered,0.7;-0.3,63,63,19,44,0,63,44,63,63,44,0,edgeCount
377,197,243,graphml/Cogentco.graphml,3,,clustered,0.7;-0.3,-1,-1,-1,0,0,-1,0,-1,-1,0,0,edgeCount
376,197,243,graphml/Cogentco.graphml,2,,clustered,0.7;-0.3,-1,-1,17,-18,0,-1,-18,-1,-1,-18,0,edgeCount
375,197,243,graphml/Cogentco.graphml,2,,clustered,0.7;-0.3,9,9,7,2,0,9,2,9,9,2,0,edgeCount
374,197,243,graphml/Cogentco.graphml,2,,clustered,0.7;-0.3,-1,-1,-1,0,0,-1,0,-1,-1,0,0,edgeCount
373,197,243,graphml/Cogentco.graphml,2,,clustered,0.7;-0.3,13,47,10,3,0,21,11,21,21,11,0,edgeCount
372,197,243,graphml/Cogentco.graphml,1,,clustered,0.7;-0.3,-1,-1,-1,0,0,-1,0,-1,-1,0,0,edgeCount
371,197,243,graphml/Cogentco.graphml,2,,clustered,0.7;-0.3,55,33,10,45,4,-1,-11,37,33,27,4,edgeCount
370,197,243,graphml/Cogentco.graphml,2,,clustered,0.7;-0.3,-1,-1,-1,0,2,-1,0,-1,-1,0,2,edgeCount
369,197,243,graphml/Cogentco.graphml,1,,clustered,0.7;-0.3,-1,-1,-1,0,0,-1,0,-1,-1,0,0,edgeCount
368,197,243,graphml/Cogentco.graphml,1,,clustered,0.7;-0.3,6,6,6,0,6,6,0,6,6,0,6,edgeCount
367,197,243,graphml/Cogentco.graphml,2,,clustered,0.7;-0.3,-1,-1,-1,0,0,-1,0,-1,-1,0,0,edgeCount
366,197,243,graphml/Cogentco.graphml,1,,clustered,0.7;-0.3,18,18,18,0,0,18,0,18,18,0,0,edgeCount
365,197,243,graphml/Cogentco.graphml,2,,clustered,0.7;-0.3,-1,-1,-1,0,0,-1,0,-1,-1,0,0,edgeCount
364,197,243,graphml/Cogentco.graphml,2,,clustered,0.7;-0.3,8,8,8,0,0,8,0,8,8,0,0,edgeCount
363,197,243,graphml/Cogentco.graphml,2,,clustered,0.7;-0.3,-1,-1,18,-19,0,-1,-19,-1,-1,-19,0,edgeCount
362,197,243,graphml/Cogentco.graphml,2,,clustered,0.7;-0.3,-1,-1,10,-11,0,-1,-11,-1,-1,-11,0,edgeCount
361,197,243,graphml/Cogentco.graphml,2,,clustered,0.7;-0.3,17,11,8,9,0,11,3,11,11,3,0,edgeCount
360,197,243,graphml/Cogentco.graphml,2,,clustered,0.7;-0.3,14,14,14,0,0,14,0,14,14,0,0,edgeCount
359,197,243,graphml/Cogentco.graphml,1,,clustered,0.7;-0.3,-1,-1,-1,0,4,-1,0,-1,-1,0,4,edgeCount
358,197,243,graphml/Cogentco.graphml,2,,clustered,0.7;-0.3,-1,-1,-1,0,2,-1,0,-1,-1,0,2,edgeCount
357,197,243,graphml/Cogentco.graphml,2,,clustered,0.7;-0.3,8,8,8,0,0,8,0,8,8,0,0,edgeCount
356,197,243,graphml/Cogentco.graphml,2,,clustered,0.7;-0.3,-1,-1,-1,0,0,-1,0,-1,-1,0,0,edgeCount
355,197,243,graphml/Cogentco.graphml,2,,clustered,0.7;-0.3,-1,-1,-1,0,0,-1,0,-1,-1,0,0,edgeCount
354,197,243,graphml/Cogentco.graphml,2,,clustered,0.7;-0.3,7,7,7,0,0,7,0,7,7,0,0,edgeCount
353,197,243,graphml/Cogentco.graphml,2,,clustered,0.7;-0.3,17,19,16,1,0,33,17,33,33,17,0,edgeCount
352,197,243,graphml/Cogentco.graphml,2,,clustered,0.7;-0.3,-1,-1,-1,0,2,-1,0,-1,-1,0,2,edgeCount
351,197,243,graphml/Cogentco.graphml,2,,clustered,0.7;-0.3,-1,-1,11,-12,4,-1,-12,-1,-1,-12,4,edgeCount
350,197,243,graphml/Cogentco.graphml,1,,clustered,0.7;-0.3,-1,-1,-1,0,4,-1,0,-1,-1,0,4,edgeCount
349,197,243,graphml/Cogentco.graphml,2,,clustered,0.7;-0.3,56,32,16,40,2,16,0,16,16,0,2,edgeCount
348,197,243,graphml/Cogentco.graphml,2,,clustered,0.7;-0.3,-1,-1,9,-10,2,-1,-10,-1,-1,-10,2,edgeCount
347,197,243,graphml/Cogentco.graphml,2,,clustered,0.7;-0.3,3,3,3,0,0,3,0,3,3,0,0,edgeCount
346,197,243,graphml/Cogentco.graphml,2,,clustered,0.7;-0.3,75,33,19,56,0,-1,-20,-1,-1,-20,0,edgeCount
345,197,243,graphml/Cogentco.graphml,2,,clustered,0.7;-0.3,18,18,18,0,0,18,0,18,18,0,0,edgeCount
344,197,243,graphml/Cogentco.graphml,2,,clustered,0.7;-0.3,-1,-1,-1,0,0,-1,0,-1,-1,0,0,edgeCount
343,197,243,graphml/Cogentco.graphml,1,,clustered,0.7;-0.3,23,23,23,0,0,23,0,23,23,0,0,edgeCount
342,197,243,graphml/Cogentco.graphml,1,,clustered,0.7;-0.3,-1,-1,-1,0,0,-1,0,-1,-1,0,0,edgeCount
341,197,243,graphml/Cogentco.graphml,2,,clustered,0.7;-0.3,30,50,8,22,0,8,0,8,8,0,0,edgeCount
340,197,243,graphml/Cogentco.graphml,2,,clustered,0.7;-0.3,65,65,23,42,0,65,42,65,65,42,0,edgeCount
339,197,243,graphml/Cogentco.graphml,2,,clustered,0.7;-0.3,19,19,5,14,2,5,0,5,5,0,2,edgeCount
338,197,243,graphml/Cogentco.graphml,2,,clustered,0.7;-0.3,-1,-1,-1,0,2,-1,0,-1,-1,0,2,edgeCount
337,197,243,graphml/Cogentco.graphml,2,,clustered,0.7;-0.3,33,27,7,26,2,7,0,33,27,26,2,edgeCount
336,197,243,graphml/Cogentco.graphml,2,,clustered,0.7;-0.3,-1,-1,-1,0,0,-1,0,-1,-1,0,0,edgeCount
335,197,243,graphml/Cogentco.graphml,2,,clustered,0.7;-0.3,-1,-1,-1,0,0,-1,0,-1,-1,0,0,edgeCount
334,197,243,graphml/Cogentco.graphml,2,,clustered,0.7;-0.3,-1,-1,13,-14,2,-1,-14,-1,-1,-14,2,edgeCount
333,197,243,graphml/Cogentco.graphml,2,,clustered,0.7;-0.3,-1,-1,12,-13,2,-1,-13,-1,-1,-13,2,edgeCount
332,197,243,graphml/Cogentco.graphml,2,,clustered,0.7;-0.3,13,13,13,0,0,13,0,13,13,0,0,edgeCount
331,197,243,graphml/Cogentco.graphml,1,,clustered,0.7;-0.3,10,10,10,0,2,10,0,10,10,0,2,edgeCount
330,197,243,graphml/Cogentco.graphml,2,,clustered,0.7;-0.3,-1,-1,13,-14,0,-1,-14,-1,-1,-14,0,edgeCount
329,197,243,graphml/Cogentco.graphml,2,,clustered,0.7;-0.3,-1,-1,-1,0,0,-1,0,-1,-1,0,0,edgeCount
328,197,243,graphml/Cogentco.graphml,2,,clustered,0.7;-0.3,50,40,13,37,4,16,3,16,16,3,4,edgeCount
327,197,243,graphml/Cogentco.graphml,2,,clustered,0.7;-0.3,-1,-1,-1,0,0,-1,0,-1,-1,0,0,edgeCount
326,197,243,graphml/Cogentco.graphml,2,,clustered,0.7;-0.3,2,2,2,0,0,2,0,2,2,0,0,edgeCount
325,197,243,graphml/Cogentco.graphml,3,,clustered,0.7;-0.3,-1,-1,-1,0,0,-1,0,-1,-1,0,0,edgeCount
324,197,243,graphml/Cogentco.graphml,2,,clustered,0.7;-0.3,-1,-1,-1,0,2,-1,0,-1,-1,0,2,edgeCount
323,197,243,graphml/Cogentco.graphml,3,,clustered,0.7;-0.3,75,75,10,65,0,59,49,59,59,49,0,edgeCount
322,197,243,graphml/Cogentco.graphml,1,,clustered,0.7;-0.3,-1,-1,-1,0,4,-1,0,-1,-1,0,4,edgeCount
321,197,243,graphml/Cogentco.graphml,2,,clustered,0.7;-0.3,60,30,14,46,2,14,0,14,14,0,2,edgeCount
320,197,243,graphml/Cogentco.graphml,1,,clustered,0.7;-0.3,7,21,7,0,2,7,0,7,21,0,2,edgeCount
319,197,243,graphml/Cogentco.graphml,3,,clustered,0.7;-0.3,-1,-1,-1,0,0,-1,0,-1,-1,0,0,edgeCount
318,197,243,graphml/Cogentco.graphml,2,,clustered,0.7;-0.3,26,26,18,8,0,-1,-19,-1,-1,-19,0,edgeCount
317,197,243,graphml/Cogentco.graphml,2,,clustered,0.7;-0.3,7,7,5,2,2,7,2,7,7,2,2,edgeCount
316,197,243,graphml/Cogentco.graphml,1,,clustered,0.7;-0.3,-1,-1,-1,0,2,-1,0,-1,-1,0,2,edgeCount
315,197,243,graphml/Cogentco.graphml,2,,clustered,0.7;-0.3,20,20,19,1,0,20,1,20,20,1,0,edgeCount
314,197,243,graphml/Cogentco.graphml,2,,clustered,0.7;-0.3,-1,-1,-1,0,0,-1,0,-1,-1,0,0,edgeCount
313,197,243,graphml/Cogentco.graphml,1,,clustered,0.7;-0.3,16,16,16,0,2,16,0,16,16,0,2,edgeCount
312,197,243,graphml/Cogentco.graphml,1,,clustered,0.7;-0.3,-1,-1,-1,0,0,-1,0,-1,-1,0,0,edgeCount
311,197,243,graphml/Cogentco.graphml,2,,clustered,0.7;-0.3,-1,-1,-1,0,2,-1,0,-1,-1,0,2,edgeCount
310,197,243,graphml/Cogentco.graphml,1,,clustered,0.7;-0.3,12,12,12,0,0,12,0,12,12,0,0,edgeCount
309,197,243,graphml/Cogentco.graphml,2,,clustered,0.7;-0.3,-1,-1,-1,0,0,-1,0,-1,-1,0,0,edgeCount
308,197,243,graphml/Cogentco.graphml,2,,clustered,0.7;-0.3,-1,-1,-1,0,0,-1,0,-1,-1,0,0,edgeCount
307,197,243,graphml/Cogentco.graphml,2,,clustered,0.7;-0.3,-1,-1,-1,0,0,-1,0,-1,-1,0,0,edgeCount
306,197,243,graphml/Cogentco.graphml,2,,clustered,0.7;-0.3,-1,-1,-1,0,0,-1,0,-1,-1,0,0,edgeCount
305,197,243,graphml/Cogentco.graphml,1,,clustered,0.7;-0.3,-1,-1,-1,0,4,-1,0,-1,-1,0,4,edgeCount
304,197,243,graphml/Cogentco.graphml,2,,clustered,0.7;-0.3,-1,-1,-1,0,2,-1,0,-1,-1,0,2,edgeCount
303,197,243,graphml/Cogentco.graphml,2,,clustered,0.7;-0.3,16,16,11,5,0,16,5,16,16,5,0,edgeCount
302,197,243,graphml/Cogentco.graphml,2,,clustered,0.7;-0.3,53,43,15,38,4,-1,-16,-1,-1,-16,4,edgeCount
301,197,243,graphml/Cogentco.graphml,2,,clustered,0.7;-0.3,-1,-1,-1,0,0,-1,0,-1,-1,0,0,edgeCount
300,197,243,graphml/Cogentco.graphml,2,,clustered,0.7;-0.3,27,27,10,17,2,27,17,27,27,17,2,edgeCount
299,197,243,graphml/Cogentco.graphml,2,,clustered,0.7;-0.3,-1,-1,16,-17,0,-1,-17,-1,-1,-17,0,edgeCount
298,197,243,graphml/Cogentco.graphml,2,,clustered,0.7;-0.3,-1,-1,5,-6,2,-1,-6,-1,-1,-6,2,edgeCount
297,197,243,graphml/Cogentco.graphml,1,,clustered,0.7;-0.3,-1,-1,-1,0,0,-1,0,-1,-1,0,0,edgeCount
296,197,243,graphml/Cogentco.graphml,2,,clustered,0.7;-0.3,-1,-1,-1,0,0,-1,0,-1,-1,0,0,edgeCount
295,197,243,graphml/Cogentco.graphml,2,,clustered,0.7;-0.3,71,19,14,57,4,-1,-15,-1,-1,-15,4,edgeCount
294,197,243,graphml/Cogentco.graphml,2,,clustered,0.7;-0.3,-1,-1,-1,0,0,-1,0,-1,-1,0,0,edgeCount
293,197,243,graphml/Cogentco.graphml,1,,clustered,0.7;-0.3,-1,-1,-1,0,2,-1,0,-1,-1,0,2,edgeCount
292,197,243,graphml/Cogentco.graphml,1,,clustered,0.7;-0.3,19,19,19,0,0,19,0,19,19,0,0,edgeCount
291,197,243,graphml/Cogentco.graphml,2,,clustered,0.7;-0.3,7,7,7,0,0,7,0,7,7,0,0,edgeCount
290,197,243,graphml/Cogentco.graphml,2,,clustered,0.7;-0.3,-1,-1,-1,0,0,-1,0,-1,-1,0,0,edgeCount
289,197,243,graphml/Cogentco.graphml,2,,clustered,0.7;-0.3,-1,-1,-1,0,0,-1,0,-1,-1,0,0,edgeCount
288,197,243,graphml/Cogentco.graphml,2,,clustered,0.7;-0.3,-1,-1,-1,0,0,-1,0,-1,-1,0,0,edgeCount
287,197,243,graphml/Cogentco.graphml,2,,clustered,0.7;-0.3,-1,-1,-1,0,6,-1,0,-1,-1,0,6,edgeCount
286,197,243,graphml/Cogentco.graphml,2,,clustered,0.7;-0.3,-1,-1,-1,0,0,-1,0,-1,-1,0,0,edgeCount
285,197,243,graphml/Cogentco.graphml,2,,clustered,0.7;-0.3,-1,-1,-1,0,0,-1,0,-1,-1,0,0,edgeCount
284,197,243,graphml/Cogentco.graphml,2,,clustered,0.7;-0.3,11,11,9,2,0,11,2,11,11,2,0,edgeCount
283,197,243,graphml/Cogentco.graphml,1,,clustered,0.7;-0.3,-1,-1,15,-16,0,-1,-16,-1,-1,-16,0,edgeCount
282,197,243,graphml/Cogentco.graphml,2,,clustered,0.7;-0.3,-1,-1,-1,0,0,-1,0,-1,-1,0,0,edgeCount
281,197,243,graphml/Cogentco.graphml,2,,clustered,0.7;-0.3,58,58,18,40,0,58,40,58,58,40,0,edgeCount
280,197,243,graphml/Cogentco.graphml,2,,clustered,0.7;-0.3,-1,-1,-1,0,0,-1,0,-1,-1,0,0,edgeCount
279,197,243,graphml/Cogentco.graphml,1,,clustered,0.7;-0.3,-1,-1,13,-14,2,-1,-14,-1,-1,-14,2,edgeCount
278,197,243,graphml/Cogentco.graphml,2,,clustered,0.7;-0.3,51,51,24,27,0,51,27,51,51,27,0,edgeCount
277,197,243,graphml/Cogentco.graphml,2,,clustered,0.7;-0.3,15,15,15,0,0,15,0,15,15,0,0,edgeCount
276,197,243,graphml/Cogentco.graphml,1,,clustered,0.7;-0.3,-1,-1,16,-17,0,-1,-17,-1,-1,-17,0,edgeCount
275,197,243,graphml/Cogentco.graphml,2,,clustered,0.7;-0.3,-1,-1,-1,0,0,-1,0,-1,-1,0,0,edgeCount
274,197,243,graphml/Cogentco.graphml,1,,clustered,0.7;-0.3,-1,-1,-1,0,4,-1,0,-1,-1,0,4,edgeCount
273,197,243,graphml/Cogentco.graphml,1,,clustered,0.7;-0.3,-1,-1,-1,0,0,-1,0,-1,-1,0,0,edgeCount
272,197,243,graphml/Cogentco.graphml,1,,clustered,0.7;-0.3,-1,-1,-1,0,2,-1,0,-1,-1,0,2,edgeCount
271,197,243,graphml/Cogentco.graphml,3,,clustered,0.7;-0.3,39,39,9,30,2,39,30,39,39,30,2,edgeCount
270,197,243,graphml/Cogentco.graphml,2,,clustered,0.7;-0.3,-1,-1,-1,0,2,-1,0,-1,-1,0,2,edgeCount
269,197,243,graphml/Cogentco.graphml,2,,clustered,0.7;-0.3,-1,-1,12,-13,0,-1,-13,-1,-1,-13,0,edgeCount
268,197,243,graphml/Cogentco.graphml,1,,clustered,0.7;-0.3,-1,-1,-1,0,2,-1,0,-1,-1,0,2,edgeCount
267,197,243,graphml/Cogentco.graphml,2,,clustered,0.7;-0.3,-1,-1,9,-10,0,-1,-10,-1,-1,-10,0,edgeCount
266,197,243,graphml/Cogentco.graphml,1,,clustered,0.7;-0.3,19,71,19,0,2,19,0,19,71,0,2,edgeCount
265,197,243,graphml/Cogentco.graphml,1,,clustered,0.7;-0.3,14,14,14,0,0,14,0,14,14,0,0,edgeCount
264,197,243,graphml/Cogentco.graphml,2,,clustered,0.7;-0.3,-1,-1,-1,0,0,-1,0,-1,-1,0,0,edgeCount
263,197,243,graphml/Cogentco.graphml,2,,clustered,0.7;-0.3,-1,-1,-1,0,0,-1,0,-1,-1,0,0,edgeCount
262,197,243,graphml/Cogentco.graphml,2,,clustered,0.7;-0.3,-1,-1,-1,0,0,-1,0,-1,-1,0,0,edgeCount
261,197,243,graphml/Cogentco.graphml,2,,clustered,0.7;-0.3,-1,-1,-1,0,0,-1,0,-1,-1,0,0,edgeCount
260,197,243,graphml/Cogentco.graphml,2,,clustered,0.7;-0.3,64,64,21,43,0,64,43,64,64,43,0,edgeCount
259,197,243,graphml/Cogentco.graphml,2,,clustered,0.7;-0.3,-1,-1,-1,0,0,-1,0,-1,-1,0,0,edgeCount
258,197,243,graphml/Cogentco.graphml,2,,clustered,0.7;-0.3,-1,-1,-1,0,2,-1,0,-1,-1,0,2,edgeCount
257,197,243,graphml/Cogentco.graphml,2,,clustered,0.7;-0.3,-1,-1,28,-29,0,-1,-29,-1,-1,-29,0,edgeCount
256,197,243,graphml/Cogentco.graphml,2,,clustered,0.7;-0.3,13,13,13,0,0,13,0,13,13,0,0,edgeCount
255,197,243,graphml/Cogentco.graphml,2,,clustered,0.7;-0.3,-1,-1,-1,0,2,-1,0,-1,-1,0,2,edgeCount
254,197,243,graphml/Cogentco.graphml,2,,clustered,0.7;-0.3,-1,-1,-1,0,0,-1,0,-1,-1,0,0,edgeCount
253,197,243,graphml/Cogentco.graphml,2,,clustered,0.7;-0.3,51,23,23,28,4,-1,-24,51,23,28,4,edgeCount
252,197,243,graphml/Cogentco.graphml,2,,clustered,0.7;-0.3,-1,-1,-1,0,2,-1,0,-1,-1,0,2,edgeCount
251,197,243,graphml/Cogentco.graphml,3,,clustered,0.7;-0.3,14,36,7,7,2,-1,-8,-1,-1,-8,2,edgeCount
250,197,243,graphml/Cogentco.graphml,1,,clustered,0.7;-0.3,18,18,18,0,0,18,0,18,18,0,0,edgeCount
249,197,243,graphml/Cogentco.graphml,2,,clustered,0.7;-0.3,57,57,14,43,0,57,43,57,57,43,0,edgeCount
248,197,243,graphml/Cogentco.graphml,2,,clustered,0.7;-0.3,57,57,18,39,0,57,39,57,57,39,0,edgeCount
247,197,243,graphml/Cogentco.graphml,2,,clustered,0.7;-0.3,-1,-1,14,-15,0,-1,-15,-1,-1,-15,0,edgeCount
246,197,243,graphml/Cogentco.graphml,2,,clustered,0.7;-0.3,13,13,13,0,0,13,0,13,13,0,0,edgeCount
245,197,243,graphml/Cogentco.graphml,3,,clustered,0.7;-0.3,2,2,2,0,0,2,0,2,2,0,0,edgeCount
244,197,243,graphml/Cogentco.graphml,2,,clustered,0.7;-0.3,-1,-1,-1,0,4,-1,0,-1,-1,0,2,edgeCount
243,197,243,graphml/Cogentco.graphml,3,,clustered,0.7;-0.3,-1,-1,-1,0,0,-1,0,-1,-1,0,0,edgeCount
242,197,243,graphml/Cogentco.graphml,2,,clustered,0.7;-0.3,-1,-1,-1,0,2,-1,0,-1,-1,0,2,edgeCount
241,197,243,graphml/Cogentco.graphml,3,,clustered,0.7;-0.3,63,19,9,54,0,9,0,9,9,0,0,edgeCount
240,197,243,graphml/Cogentco.graphml,2,,clustered,0.7;-0.3,9,9,8,1,0,9,1,9,9,1,0,edgeCount
239,197,243,graphml/Cogentco.graphml,2,,clustered,0.7;-0.3,28,28,15,13,0,28,13,28,28,13,0,edgeCount
238,197,243,graphml/Cogentco.graphml,1,,clustered,0.7;-0.3,-1,-1,11,-12,4,-1,-12,-1,-1,-12,4,edgeCount
237,197,243,graphml/Cogentco.graphml,2,,clustered,0.7;-0.3,-1,-1,-1,0,0,-1,0,-1,-1,0,0,edgeCount
236,197,243,graphml/Cogentco.graphml,1,,clustered,0.7;-0.3,19,19,19,0,2,19,0,19,19,0,2,edgeCount
235,197,243,graphml/Cogentco.graphml,1,,clustered,0.7;-0.3,-1,-1,-1,0,2,-1,0,-1,-1,0,2,edgeCount
234,197,243,graphml/Cogentco.graphml,2,,clustered,0.7;-0.3,-1,-1,-1,0,0,-1,0,-1,-1,0,0,edgeCount
233,197,243,graphml/Cogentco.graphml,2,,clustered,0.7;-0.3,-1,-1,-1,0,0,-1,0,-1,-1,0,0,edgeCount
232,197,243,graphml/Cogentco.graphml,3,,clustered,0.7;-0.3,-1,-1,-1,0,12,-1,0,-1,-1,0,12,edgeCount
231,197,243,graphml/Cogentco.graphml,1,,clustered,0.7;-0.3,28,28,11,17,2,-1,-12,28,28,17,2,edgeCount
230,197,243,graphml/Cogentco.graphml,2,,clustered,0.7;-0.3,18,52,14,4,4,-1,-15,-1,-1,-15,4,edgeCount
229,197,243,graphml/Cogentco.graphml,1,,clustered,0.7;-0.3,20,20,20,0,0,20,0,20,20,0,0,edgeCount
228,197,243,graphml/Cogentco.graphml,3,,clustered,0.7;-0.3,-1,-1,-1,0,2,-1,0,-1,-1,0,2,edgeCount
227,197,243,graphml/Cogentco.graphml,2,,clustered,0.7;-0.3,-1,-1,-1,0,0,-1,0,-1,-1,0,0,edgeCount
226,197,243,graphml/Cogentco.graphml,2,,clustered,0.7;-0.3,-1,-1,-1,0,0,-1,0,-1,-1,0,0,edgeCount
225,197,243,graphml/Cogentco.graphml,2,,clustered,0.7;-0.3,-1,-1,-1,0,4,-1,0,-1,-1,0,4,edgeCount
224,197,243,graphml/Cogentco.graphml,2,,clustered,0.7;-0.3,16,28,9,7,2,16,7,16,28,7,2,edgeCount
223,197,243,graphml/Cogentco.graphml,1,,clustered,0.7;-0.3,-1,-1,-1,0,0,-1,0,-1,-1,0,0,edgeCount
222,197,243,graphml/Cogentco.graphml,2,,clustered,0.7;-0.3,48,48,16,32,0,-1,-17,48,48,32,0,edgeCount
221,197,243,graphml/Cogentco.graphml,2,,clustered,0.7;-0.3,14,14,14,0,0,14,0,14,14,0,0,edgeCount
220,197,243,graphml/Cogentco.graphml,2,,clustered,0.7;-0.3,74,74,22,52,0,74,52,74,74,52,0,edgeCount
219,197,243,graphml/Cogentco.graphml,2,,clustered,0.7;-0.3,-1,-1,19,-20,2,-1,-20,-1,-1,-20,2,edgeCount
218,197,243,graphml/Cogentco.graphml,2,,clustered,0.7;-0.3,-1,-1,-1,0,0,-1,0,-1,-1,0,0,edgeCount
217,197,243,graphml/Cogentco.graphml,2,,clustered,0.7;-0.3,67,23,19,48,0,-1,-20,-1,-1,-20,0,edgeCount
216,197,243,graphml/Cogentco.graphml,2,,clustered,0.7;-0.3,-1,-1,-1,0,0,-1,0,-1,-1,0,0,edgeCount
215,197,243,graphml/Cogentco.graphml,2,,clustered,0.7;-0.3,18,18,18,0,0,18,0,18,18,0,0,edgeCount
214,197,243,graphml/Cogentco.graphml,2,,clustered,0.7;-0.3,-1,-1,-1,0,2,-1,0,-1,-1,0,2,edgeCount
213,197,243,graphml/Cogentco.graphml,1,,clustered,0.7;-0.3,-1,-1,-1,0,0,-1,0,-1,-1,0,0,edgeCount
212,197,243,graphml/Cogentco.graphml,2,,clustered,0.7;-0.3,-1,-1,-1,0,0,-1,0,-1,-1,0,0,edgeCount
211,197,243,graphml/Cogentco.graphml,2,,clustered,0.7;-0.3,-1,-1,-1,0,6,-1,0,-1,-1,0,6,edgeCount
210,197,243,graphml/Cogentco.graphml,2,,clustered,0.7;-0.3,-1,-1,-1,0,2,-1,0,-1,-1,0,2,edgeCount
209,197,243,graphml/Cogentco.graphml,1,,clustered,0.7;-0.3,-1,-1,-1,0,2,-1,0,-1,-1,0,2,edgeCount
208,197,243,graphml/Cogentco.graphml,2,,clustered,0.7;-0.3,5,9,5,0,0,9,4,9,9,4,0,edgeCount
207,197,243,graphml/Cogentco.graphml,2,,clustered,0.7;-0.3,15,35,15,0,0,35,20,35,35,20,0,edgeCount
206,197,243,graphml/Cogentco.graphml,1,,clustered,0.7;-0.3,5,5,5,0,0,5,0,5,5,0,0,edgeCount
205,197,243,graphml/Cogentco.graphml,2,,clustered,0.7;-0.3,-1,-1,-1,0,2,-1,0,-1,-1,0,2,edgeCount
204,197,243,graphml/Cogentco.graphml,1,,clustered,0.7;-0.3,-1,-1,-1,0,0,-1,0,-1,-1,0,0,edgeCount
203,197,243,graphml/Cogentco.graphml,2,,clustered,0.7;-0.3,23,23,6,17,0,23,17,23,23,17,0,edgeCount
202,197,243,graphml/Cogentco.graphml,2,,clustered,0.7;-0.3,-1,-1,-1,0,0,-1,0,-1,-1,0,0,edgeCount
201,197,243,graphml/Cogentco.graphml,2,,clustered,0.7;-0.3,-1,-1,-1,0,0,-1,0,-1,-1,0,0,edgeCount
200,197,243,graphml/Cogentco.graphml,1,,clustered,0.7;-0.3,9,9,9,0,4,9,0,9,9,0,4,edgeCount
199,197,243,graphml/Cogentco.graphml,2,,clustered,0.7;-0.3,14,14,14,0,0,14,0,14,14,0,0,edgeCount
198,197,243,graphml/Cogentco.graphml,2,,clustered,0.7;-0.3,65,65,27,38,0,65,38,65,65,38,0,edgeCount
197,197,243,graphml/Cogentco.graphml,2,,clustered,0.7;-0.3,-1,-1,-1,0,0,-1,0,-1,-1,0,0,edgeCount
196,197,243,graphml/Cogentco.graphml,2,,clustered,0.7;-0.3,13,13,10,3,0,35,25,13,13,3,0,edgeCount
195,197,243,graphml/Cogentco.graphml,2,,clustered,0.7;-0.3,15,15,15,0,0,33,18,33,15,18,0,edgeCount
194,197,243,graphml/Cogentco.graphml,2,,clustered,0.7;-0.3,-1,-1,-1,0,0,-1,0,-1,-1,0,0,edgeCount
193,197,243,graphml/Cogentco.graphml,2,,clustered,0.7;-0.3,17,17,17,0,0,17,0,17,17,0,0,edgeCount
192,197,243,graphml/Cogentco.graphml,1,,clustered,0.7;-0.3,-1,-1,-1,0,2,-1,0,-1,-1,0,2,edgeCount
191,197,243,graphml/Cogentco.graphml,2,,clustered,0.7;-0.3,-1,-1,-1,0,0,-1,0,-1,-1,0,0,edgeCount
190,197,243,graphml/Cogentco.graphml,2,,clustered,0.7;-0.3,-1,-1,-1,0,0,-1,0,-1,-1,0,0,edgeCount
189,197,243,graphml/Cogentco.graphml,1,,clustered,0.7;-0.3,-1,-1,8,-9,0,-1,-9,-1,-1,-9,0,edgeCount
188,197,243,graphml/Cogentco.graphml,2,,clustered,0.7;-0.3,31,31,11,20,0,31,20,31,31,20,0,edgeCount
187,197,243,graphml/Cogentco.graphml,3,,clustered,0.7;-0.3,31,37,8,23,0,54,46,54,54,46,0,edgeCount
186,197,243,graphml/Cogentco.graphml,2,,clustered,0.7;-0.3,-1,-1,-1,0,0,-1,0,-1,-1,0,0,edgeCount
185,197,243,graphml/Cogentco.graphml,1,,clustered,0.7;-0.3,8,8,8,0,2,8,0,8,8,0,2,edgeCount
184,197,243,graphml/Cogentco.graphml,2,,clustered,0.7;-0.3,11,11,11,0,0,11,0,11,11,0,0,edgeCount
183,197,243,graphml/Cogentco.graphml,2,,clustered,0.7;-0.3,33,57,14,19,2,33,19,33,57,19,2,edgeCount
182,197,243,graphml/Cogentco.graphml,1,,clustered,0.7;-0.3,-1,-1,-1,0,2,-1,0,-1,-1,0,2,edgeCount
181,197,243,graphml/Cogentco.graphml,2,,clustered,0.7;-0.3,38,38,11,27,0,38,27,38,38,27,0,edgeCount
180,197,243,graphml/Cogentco.graphml,2,,clustered,0.7;-0.3,15,5,5,10,0,5,0,5,5,0,0,edgeCount
179,197,243,graphml/Cogentco.graphml,2,,clustered,0.7;-0.3,-1,-1,-1,0,0,-1,0,-1,-1,0,0,edgeCount
178,197,243,graphml/Cogentco.graphml,2,,clustered,0.7;-0.3,-1,-1,12,-13,2,-1,-13,-1,-1,-13,2,edgeCount
177,197,243,graphml/Cogentco.graphml,1,,clustered,0.7;-0.3,-1,-1,-1,0,0,-1,0,-1,-1,0,0,edgeCount
176,197,243,graphml/Cogentco.graphml,2,,clustered,0.7;-0.3,13,32,11,2,0,27,16,27,27,16,0,edgeCount
175,197,243,graphml/Cogentco.graphml,1,,clustered,0.7;-0.3,-1,-1,11,-12,2,-1,-12,-1,-1,-12,2,edgeCount
174,197,243,graphml/Cogentco.graphml,1,,clustered,0.7;-0.3,13,13,13,0,2,13,0,13,13,0,2,edgeCount
173,197,243,graphml/Cogentco.graphml,2,,clustered,0.7;-0.3,-1,-1,-1,0,0,-1,0,-1,-1,0,0,edgeCount
172,197,243,graphml/Cogentco.graphml,1,,clustered,0.7;-0.3,-1,-1,-1,0,2,-1,0,-1,-1,0,2,edgeCount
171,197,243,graphml/Cogentco.graphml,2,,clustered,0.7;-0.3,-1,-1,-1,0,0,-1,0,-1,-1,0,0,edgeCount
170,197,243,graphml/Cogentco.graphml,2,,clustered,0.7;-0.3,-1,-1,-1,0,0,-1,0,-1,-1,0,0,edgeCount
169,197,243,graphml/Cogentco.graphml,2,,clustered,0.7;-0.3,25,25,24,1,0,25,1,25,25,1,0,edgeCount
168,197,243,graphml/Cogentco.graphml,1,,clustered,0.7;-0.3,-1,-1,9,-10,2,-1,-10,-1,-1,-10,2,edgeCount
167,197,243,graphml/Cogentco.graphml,2,,clustered,0.7;-0.3,75,75,26,49,0,75,49,75,75,49,0,edgeCount
166,197,243,graphml/Cogentco.graphml,1,,clustered,0.7;-0.3,7,7,7,0,0,7,0,7,7,0,0,edgeCount
165,197,243,graphml/Cogentco.graphml,2,,clustered,0.7;-0.3,17,17,7,10,0,17,10,17,17,10,0,edgeCount
164,197,243,graphml/Cogentco.graphml,1,,clustered,0.7;-0.3,7,7,7,0,0,7,0,7,7,0,0,edgeCount
163,197,243,graphml/Cogentco.graphml,3,,clustered,0.7;-0.3,-1,-1,8,-9,0,-1,-9,-1,-1,-9,0,edgeCount
162,197,243,graphml/Cogentco.graphml,1,,clustered,0.7;-0.3,-1,-1,-1,0,0,-1,0,-1,-1,0,0,edgeCount
161,197,243,graphml/Cogentco.graphml,1,,clustered,0.7;-0.3,-1,-1,-1,0,4,-1,0,-1,-1,0,4,edgeCount
160,197,243,graphml/Cogentco.graphml,1,,clustered,0.7;-0.3,-1,-1,18,-19,6,-1,-19,-1,-1,-19,6,edgeCount
159,197,243,graphml/Cogentco.graphml,2,,clustered,0.7;-0.3,-1,-1,-1,0,0,-1,0,-1,-1,0,0,edgeCount
158,197,243,graphml/Cogentco.graphml,2,,clustered,0.7;-0.3,19,17,7,12,0,7,0,7,7,0,0,edgeCount
157,197,243,graphml/Cogentco.graphml,2,,clustered,0.7;-0.3,71,19,18,53,0,19,1,19,19,1,0,edgeCount
156,197,243,graphml/Cogentco.graphml,1,,clustered,0.7;-0.3,-1,-1,-1,0,2,-1,0,-1,-1,0,2,edgeCount
155,197,243,graphml/Cogentco.graphml,2,,clustered,0.7;-0.3,-1,-1,-1,0,2,-1,0,-1,-1,0,2,edgeCount
154,197,243,graphml/Cogentco.graphml,2,,clustered,0.7;-0.3,-1,-1,-1,0,0,-1,0,-1,-1,0,0,edgeCount
153,197,243,graphml/Cogentco.graphml,2,,clustered,0.7;-0.3,-1,-1,-1,0,2,-1,0,-1,-1,0,2,edgeCount
152,197,243,graphml/Cogentco.graphml,2,,clustered,0.7;-0.3,-1,-1,-1,0,0,-1,0,-1,-1,0,0,edgeCount
151,197,243,graphml/Cogentco.graphml,2,,clustered,0.7;-0.3,21,21,8,13,0,11,3,21,21,13,0,edgeCount
150,197,243,graphml/Cogentco.graphml,2,,clustered,0.7;-0.3,6,6,6,0,0,6,0,6,6,0,0,edgeCount
149,197,243,graphml/Cogentco.graphml,2,,clustered,0.7;-0.3,-1,-1,-1,0,0,-1,0,-1,-1,0,0,edgeCount
148,197,243,graphml/Cogentco.graphml,1,,clustered,0.7;-0.3,-1,-1,-1,0,0,-1,0,-1,-1,0,0,edgeCount
147,197,243,graphml/Cogentco.graphml,2,,clustered,0.7;-0.3,-1,-1,-1,0,6,-1,0,-1,-1,0,6,edgeCount
146,197,243,graphml/Cogentco.graphml,1,,clustered,0.7;-0.3,-1,-1,10,-11,0,-1,-11,-1,-1,-11,0,edgeCount
145,197,243,graphml/Cogentco.graphml,2,,clustered,0.7;-0.3,10,44,9,1,0,-1,-10,24,24,15,0,edgeCount
144,197,243,graphml/Cogentco.graphml,1,,clustered,0.7;-0.3,-1,-1,-1,0,0,-1,0,-1,-1,0,0,edgeCount
143,197,243,graphml/Cogentco.graphml,1,,clustered,0.7;-0.3,-1,-1,-1,0,2,-1,0,-1,-1,0,2,edgeCount
142,197,243,graphml/Cogentco.graphml,2,,clustered,0.7;-0.3,-1,-1,15,-16,0,-1,-16,-1,-1,-16,0,edgeCount
141,197,243,graphml/Cogentco.graphml,1,,clustered,0.7;-0.3,-1,-1,13,-14,8,-1,-14,-1,-1,-14,8,edgeCount
140,197,243,graphml/Cogentco.graphml,1,,clustered,0.7;-0.3,-1,-1,-1,0,4,-1,0,-1,-1,0,4,edgeCount
139,197,243,graphml/Cogentco.graphml,2,,clustered,0.7;-0.3,25,9,9,16,4,9,0,9,9,0,4,edgeCount
138,197,243,graphml/Cogentco.graphml,2,,clustered,0.7;-0.3,-1,-1,-1,0,0,-1,0,-1,-1,0,0,edgeCount
137,197,243,graphml/Cogentco.graphml,1,,clustered,0.7;-0.3,8,8,8,0,0,8,0,8,8,0,0,edgeCount
136,197,243,graphml/Cogentco.graphml,1,,clustered,0.7;-0.3,47,47,19,28,2,-1,-20,47,47,28,2,edgeCount
135,197,243,graphml/Cogentco.graphml,2,,clustered,0.7;-0.3,-1,-1,-1,0,0,-1,0,-1,-1,0,0,edgeCount
134,197,243,graphml/Cogentco.graphml,1,,clustered,0.7;-0.3,-1,-1,-1,0,0,-1,0,-1,-1,0,0,edgeCount
133,197,243,graphml/Cogentco.graphml,2,,clustered,0.7;-0.3,10,10,2,8,2,2,0,2,2,0,2,edgeCount
132,197,243,graphml/Cogentco.graphml,2,,clustered,0.7;-0.3,-1,-1,-1,0,0,-1,0,-1,-1,0,0,edgeCount
131,197,243,graphml/Cogentco.graphml,2,,clustered,0.7;-0.3,17,17,17,0,0,17,0,17,17,0,0,edgeCount
130,197,243,graphml/Cogentco.graphml,1,,clustered,0.7;-0.3,2,2,2,0,0,2,0,2,2,0,0,edgeCount
129,197,243,graphml/Cogentco.graphml,4,,clustered,0.7;-0.3,-1,-1,-1,0,2,-1,0,-1,-1,0,2,edgeCount
128,197,243,graphml/Cogentco.graphml,1,,clustered,0.7;-0.3,-1,-1,-1,0,2,-1,0,-1,-1,0,2,edgeCount
127,197,243,graphml/Cogentco.graphml,2,,clustered,0.7;-0.3,-1,-1,10,-11,0,-1,-11,-1,-1,-11,0,edgeCount
126,197,243,graphml/Cogentco.graphml,2,,clustered,0.7;-0.3,17,17,13,4,0,17,4,17,17,4,0,edgeCount
125,197,243,graphml/Cogentco.graphml,1,,clustered,0.7;-0.3,-1,-1,13,-14,12,-1,-14,-1,-1,-14,12,edgeCount
124,197,243,graphml/Cogentco.graphml,2,,clustered,0.7;-0.3,-1,-1,-1,0,0,-1,0,-1,-1,0,0,edgeCount
123,197,243,graphml/Cogentco.graphml,2,,clustered,0.7;-0.3,-1,-1,-1,0,2,-1,0,-1,-1,0,2,edgeCount
122,197,243,graphml/Cogentco.graphml,2,,clustered,0.7;-0.3,-1,-1,-1,0,2,-1,0,-1,-1,0,2,edgeCount
121,197,243,graphml/Cogentco.graphml,2,,clustered,0.7;-0.3,-1,-1,-1,0,0,-1,0,-1,-1,0,0,edgeCount
120,197,243,graphml/Cogentco.graphml,2,,clustered,0.7;-0.3,-1,-1,-1,0,2,-1,0,-1,-1,0,2,edgeCount
119,197,243,graphml/Cogentco.graphml,1,,clustered,0.7;-0.3,-1,-1,-1,0,0,-1,0,-1,-1,0,0,edgeCount
118,197,243,graphml/Cogentco.graphml,1,,clustered,0.7;-0.3,-1,-1,-1,0,2,-1,0,-1,-1,0,2,edgeCount
117,197,243,graphml/Cogentco.graphml,2,,clustered,0.7;-0.3,16,16,10,6,0,-1,-11,-1,-1,-11,0,edgeCount
116,197,243,graphml/Cogentco.graphml,1,,clustered,0.7;-0.3,13,13,13,0,0,13,0,13,13,0,0,edgeCount
115,197,243,graphml/Cogentco.graphml,1,,clustered,0.7;-0.3,16,48,16,0,2,16,0,16,48,0,2,edgeCount
114,197,243,graphml/Cogentco.graphml,1,,clustered,0.7;-0.3,-1,-1,20,-21,0,-1,-21,-1,-1,-21,0,edgeCount
113,197,243,graphml/Cogentco.graphml,1,,clustered,0.7;-0.3,-1,-1,12,-13,0,-1,-13,-1,-1,-13,0,edgeCount
112,197,243,graphml/Cogentco.graphml,1,,clustered,0.7;-0.3,43,43,15,28,6,-1,-16,43,43,28,6,edgeCount
111,197,243,graphml/Cogentco.graphml,2,,clustered,0.7;-0.3,57,57,24,33,0,57,33,57,57,33,0,edgeCount
110,197,243,graphml/Cogentco.graphml,1,,clustered,0.7;-0.3,-1,-1,-1,0,2,-1,0,-1,-1,0,2,edgeCount
109,197,243,graphml/Cogentco.graphml,2,,clustered,0.7;-0.3,40,30,11,29,0,14,3,14,14,3,0,edgeCount
108,197,243,graphml/Cogentco.graphml,2,,clustered,0.7;-0.3,-1,-1,-1,0,0,-1,0,-1,-1,0,0,edgeCount
107,197,243,graphml/Cogentco.graphml,1,,clustered,0.7;-0.3,22,22,22,0,0,22,0,22,22,0,0,edgeCount
106,197,243,graphml/Cogentco.graphml,1,,clustered,0.7;-0.3,-1,-1,14,-15,0,-1,-15,-1,-1,-15,0,edgeCount
105,197,243,graphml/Cogentco.graphml,2,,clustered,0.7;-0.3,-1,-1,-1,0,2,-1,0,-1,-1,0,2,edgeCount
104,197,243,graphml/Cogentco.graphml,2,,clustered,0.7;-0.3,73,73,30,43,2,73,43,73,73,43,2,edgeCount
103,197,243,graphml/Cogentco.graphml,2,,clustered,0.7;-0.3,-1,-1,-1,0,0,-1,0,-1,-1,0,0,edgeCount
102,197,243,graphml/Cogentco.graphml,1,,clustered,0.7;-0.3,-1,-1,-1,0,4,-1,0,-1,-1,0,4,edgeCount
101,197,243,graphml/Cogentco.graphml,1,,clustered,0.7;-0.3,9,9,9,0,0,9,0,9,9,0,0,edgeCount
100,197,243,graphml/Cogentco.graphml,2,,clustered,0.7;-0.3,-1,-1,-1,0,0,-1,0,-1,-1,0,0,edgeCount
99,197,243,graphml/Cogentco.graphml,2,,clustered,0.7;-0.3,5,5,5,0,0,5,0,5,5,0,0,edgeCount
98,197,243,graphml/Cogentco.graphml,1,,clustered,0.7;-0.3,-1,-1,-1,0,0,-1,0,-1,-1,0,0,edgeCount
97,197,243,graphml/Cogentco.graphml,2,,clustered,0.7;-0.3,-1,-1,-1,0,0,-1,0,-1,-1,0,0,edgeCount
96,197,243,graphml/Cogentco.graphml,2,,clustered,0.7;-0.3,-1,-1,-1,0,0,-1,0,-1,-1,0,0,edgeCount
95,197,243,graphml/Cogentco.graphml,1,,clustered,0.7;-0.3,41,27,17,24,2,-1,-18,41,27,24,2,edgeCount
94,197,243,graphml/Cogentco.graphml,2,,clustered,0.7;-0.3,-1,-1,-1,0,2,-1,0,-1,-1,0,2,edgeCount
93,197,243,graphml/Cogentco.graphml,2,,clustered,0.7;-0.3,-1,-1,-1,0,2,-1,0,-1,-1,0,2,edgeCount
92,197,243,graphml/Cogentco.graphml,1,,clustered,0.7;-0.3,-1,-1,-1,0,0,-1,0,-1,-1,0,0,edgeCount
91,197,243,graphml/Cogentco.graphml,2,,clustered,0.7;-0.3,-1,-1,-1,0,0,-1,0,-1,-1,0,0,edgeCount
90,197,243,graphml/Cogentco.graphml,1,,clustered,0.7;-0.3,-1,-1,-1,0,2,-1,0,-1,-1,0,2,edgeCount
89,197,243,graphml/Cogentco.graphml,1,,clustered,0.7;-0.3,-1,-1,-1,0,2,-1,0,-1,-1,0,2,edgeCount
88,197,243,graphml/Cogentco.graphml,2,,clustered,0.7;-0.3,-1,-1,-1,0,0,-1,0,-1,-1,0,0,edgeCount
87,197,243,graphml/Cogentco.graphml,1,,clustered,0.7;-0.3,11,11,11,0,0,11,0,11,11,0,0,edgeCount
86,197,243,graphml/Cogentco.graphml,2,,clustered,0.7;-0.3,-1,-1,-1,0,2,-1,0,-1,-1,0,2,edgeCount
85,197,243,graphml/Cogentco.graphml,2,,clustered,0.7;-0.3,33,39,9,24,2,9,0,9,9,0,2,edgeCount
84,197,243,graphml/Cogentco.graphml,2,,clustered,0.7;-0.3,9,9,9,0,0,9,0,9,9,0,0,edgeCount
83,197,243,graphml/Cogentco.graphml,2,,clustered,0.7;-0.3,24,24,10,14,0,24,14,24,24,14,0,edgeCount
82,197,243,graphml/Cogentco.graphml,2,,clustered,0.7;-0.3,13,41,10,3,0,-1,-11,-1,-1,-11,0,edgeCount
81,197,243,graphml/Cogentco.graphml,2,,clustered,0.7;-0.3,39,39,11,28,2,37,26,39,39,28,2,edgeCount
80,197,243,graphml/Cogentco.graphml,2,,clustered,0.7;-0.3,23,23,15,8,2,-1,-16,55,53,40,2,edgeCount
79,197,243,graphml/Cogentco.graphml,1,,clustered,0.7;-0.3,15,15,11,4,4,-1,-12,15,15,4,4,edgeCount
78,197,243,graphml/Cogentco.graphml,2,,clustered,0.7;-0.3,-1,-1,-1,0,0,-1,0,-1,-1,0,0,edgeCount
77,197,243,graphml/Cogentco.graphml,2,,clustered,0.7;-0.3,-1,-1,-1,0,0,-1,0,-1,-1,0,0,edgeCount
76,197,243,graphml/Cogentco.graphml,1,,clustered,0.7;-0.3,10,10,10,0,0,10,0,10,10,0,0,edgeCount
75,197,243,graphml/Cogentco.graphml,2,,clustered,0.7;-0.3,-1,-1,-1,0,2,-1,0,-1,-1,0,2,edgeCount
74,197,243,graphml/Cogentco.graphml,2,,clustered,0.7;-0.3,-1,-1,-1,0,0,-1,0,-1,-1,0,0,edgeCount
73,197,243,graphml/Cogentco.graphml,1,,clustered,0.7;-0.3,5,5,5,0,0,5,0,5,5,0,0,edgeCount
72,197,243,graphml/Cogentco.graphml,2,,clustered,0.7;-0.3,-1,-1,-1,0,0,-1,0,-1,-1,0,0,edgeCount
71,197,243,graphml/Cogentco.graphml,2,,clustered,0.7;-0.3,22,76,13,9,2,48,35,48,48,35,2,edgeCount
70,197,243,graphml/Cogentco.graphml,1,,clustered,0.7;-0.3,-1,-1,-1,0,2,-1,0,-1,-1,0,2,edgeCount
69,197,243,graphml/Cogentco.graphml,2,,clustered,0.7;-0.3,-1,-1,-1,0,0,-1,0,-1,-1,0,0,edgeCount
68,197,243,graphml/Cogentco.graphml,2,,clustered,0.7;-0.3,42,54,9,33,2,-1,-10,25,25,16,2,edgeCount
67,197,243,graphml/Cogentco.graphml,2,,clustered,0.7;-0.3,58,58,25,33,0,58,33,58,58,33,0,edgeCount
66,197,243,graphml/Cogentco.graphml,2,,clustered,0.7;-0.3,-1,-1,-1,0,0,-1,0,-1,-1,0,0,edgeCount
65,197,243,graphml/Cogentco.graphml,1,,clustered,0.7;-0.3,-1,-1,-1,0,4,-1,0,-1,-1,0,4,edgeCount
64,197,243,graphml/Cogentco.graphml,2,,clustered,0.7;-0.3,-1,-1,-1,0,2,-1,0,-1,-1,0,2,edgeCount
63,197,243,graphml/Cogentco.graphml,2,,clustered,0.7;-0.3,-1,-1,-1,0,2,-1,0,-1,-1,0,2,edgeCount
62,197,243,graphml/Cogentco.graphml,2,,clustered,0.7;-0.3,-1,-1,-1,0,0,-1,0,-1,-1,0,0,edgeCount
61,197,243,graphml/Cogentco.graphml,1,,clustered,0.7;-0.3,-1,-1,-1,0,2,-1,0,-1,-1,0,2,edgeCount
60,197,243,graphml/Cogentco.graphml,2,,clustered,0.7;-0.3,-1,-1,-1,0,0,-1,0,-1,-1,0,0,edgeCount
59,197,243,graphml/Cogentco.graphml,2,,clustered,0.7;-0.3,51,43,17,34,2,17,0,51,43,34,2,edgeCount
58,197,243,graphml/Cogentco.graphml,2,,clustered,0.7;-0.3,16,20,13,3,0,24,11,24,24,11,0,edgeCount
57,197,243,graphml/Cogentco.graphml,2,,clustered,0.7;-0.3,-1,-1,12,-13,0,-1,-13,-1,-1,-13,0,edgeCount
56,197,243,graphml/Cogentco.graphml,1,,clustered,0.7;-0.3,16,16,16,0,4,16,0,16,16,0,4,edgeCount
55,197,243,graphml/Cogentco.graphml,1,,clustered,0.7;-0.3,-1,-1,-1,0,0,-1,0,-1,-1,0,0,edgeCount
54,197,243,graphml/Cogentco.graphml,1,,clustered,0.7;-0.3,-1,-1,-1,0,0,-1,0,-1,-1,0,0,edgeCount
53,197,243,graphml/Cogentco.graphml,2,,clustered,0.7;-0.3,-1,-1,-1,0,0,-1,0,-1,-1,0,0,edgeCount
52,197,243,graphml/Cogentco.graphml,2,,clustered,0.7;-0.3,-1,-1,-1,0,2,-1,0,-1,-1,0,2,edgeCount
51,197,243,graphml/Cogentco.graphml,2,,clustered,0.7;-0.3,-1,-1,-1,0,2,-1,0,-1,-1,0,2,edgeCount
50,197,243,graphml/Cogentco.graphml,2,,clustered,0.7;-0.3,15,15,7,8,0,15,8,15,15,8,0,edgeCount
49,197,243,graphml/Cogentco.graphml,2,,clustered,0.7;-0.3,-1,-1,-1,0,2,-1,0,-1,-1,0,2,edgeCount
48,197,243,graphml/Cogentco.graphml,2,,clustered,0.7;-0.3,-1,-1,13,-14,0,-1,-14,-1,-1,-14,0,edgeCount
47,197,243,graphml/Cogentco.graphml,2,,clustered,0.7;-0.3,-1,-1,-1,0,2,-1,0,-1,-1,0,2,edgeCount
46,197,243,graphml/Cogentco.graphml,1,,clustered,0.7;-0.3,5,5,5,0,0,5,0,5,5,0,0,edgeCount
45,197,243,graphml/Cogentco.graphml,2,,clustered,0.7;-0.3,-1,-1,-1,0,0,-1,0,-1,-1,0,0,edgeCount
44,197,243,graphml/Cogentco.graphml,2,,clustered,0.7;-0.3,24,24,11,13,2,24,13,24,24,13,2,edgeCount
43,197,243,graphml/Cogentco.graphml,1,,clustered,0.7;-0.3,13,13,13,0,0,13,0,13,13,0,0,edgeCount
42,197,243,graphml/Cogentco.graphml,2,,clustered,0.7;-0.3,24,24,21,3,0,24,3,24,24,3,0,edgeCount
41,197,243,graphml/Cogentco.graphml,1,,clustered,0.7;-0.3,-1,-1,-1,0,0,-1,0,-1,-1,0,0,edgeCount
40,197,243,graphml/Cogentco.graphml,1,,clustered,0.7;-0.3,-1,-1,-1,0,0,-1,0,-1,-1,0,0,edgeCount
39,197,243,graphml/Cogentco.graphml,2,,clustered,0.7;-0.3,-1,-1,-1,0,2,-1,0,-1,-1,0,2,edgeCount
38,197,243,graphml/Cogentco.graphml,2,,clustered,0.7;-0.3,-1,-1,-1,0,0,-1,0,-1,-1,0,0,edgeCount
37,197,243,graphml/Cogentco.graphml,1,,clustered,0.7;-0.3,46,20,11,35,4,-1,-12,46,20,35,4,edgeCount
36,197,243,graphml/Cogentco.graphml,2,,clustered,0.7;-0.3,27,95,17,10,0,55,38,55,55,38,0,edgeCount
35,197,243,graphml/Cogentco.graphml,2,,clustered,0.7;-0.3,32,32,12,20,0,32,20,32,32,20,0,edgeCount
34,197,243,graphml/Cogentco.graphml,1,,clustered,0.7;-0.3,6,6,6,0,2,6,0,6,6,0,2,edgeCount
33,197,243,graphml/Cogentco.graphml,2,,clustered,0.7;-0.3,15,15,15,0,0,39,24,15,15,0,0,edgeCount
32,197,243,graphml/Cogentco.graphml,2,,clustered,0.7;-0.3,-1,-1,-1,0,0,-1,0,-1,-1,0,0,edgeCount
31,197,243,graphml/Cogentco.graphml,1,,clustered,0.7;-0.3,21,21,21,0,0,21,0,21,21,0,0,edgeCount
30,197,243,graphml/Cogentco.graphml,2,,clustered,0.7;-0.3,-1,-1,-1,0,0,-1,0,-1,-1,0,0,edgeCount
29,197,243,graphml/Cogentco.graphml,1,,clustered,0.7;-0.3,-1,-1,7,-8,0,-1,-8,-1,-1,-8,0,edgeCount
28,197,243,graphml/Cogentco.graphml,2,,clustered,0.7;-0.3,-1,-1,-1,0,0,-1,0,-1,-1,0,0,edgeCount
27,197,243,graphml/Cogentco.graphml,2,,clustered,0.7;-0.3,-1,-1,-1,0,2,-1,0,-1,-1,0,2,edgeCount
26,197,243,graphml/Cogentco.graphml,2,,clustered,0.7;-0.3,17,7,6,11,0,-1,-7,-1,-1,-7,0,edgeCount
25,197,243,graphml/Cogentco.graphml,2,,clustered,0.7;-0.3,-1,-1,-1,0,2,-1,0,-1,-1,0,2,edgeCount
24,197,243,graphml/Cogentco.graphml,1,,clustered,0.7;-0.3,-1,-1,12,-13,0,-1,-13,-1,-1,-13,0,edgeCount
23,197,243,graphml/Cogentco.graphml,2,,clustered,0.7;-0.3,59,59,20,39,0,59,39,59,59,39,0,edgeCount
22,197,243,graphml/Cogentco.graphml,2,,clustered,0.7;-0.3,-1,-1,19,-20,0,-1,-20,-1,-1,-20,0,edgeCount
21,197,243,graphml/Cogentco.graphml,2,,clustered,0.7;-0.3,-1,-1,-1,0,2,-1,0,-1,-1,0,2,edgeCount
20,197,243,graphml/Cogentco.graphml,2,,clustered,0.7;-0.3,-1,-1,-1,0,4,-1,0,-1,-1,0,4,edgeCount
19,197,243,graphml/Cogentco.graphml,2,,clustered,0.7;-0.3,12,12,12,0,0,12,0,12,12,0,0,edgeCount
18,197,243,graphml/Cogentco.graphml,2,,clustered,0.7;-0.3,-1,-1,-1,0,0,-1,0,-1,-1,0,0,edgeCount
17,197,243,graphml/Cogentco.graphml,1,,clustered,0.7;-0.3,-1,-1,-1,0,0,-1,0,-1,-1,0,0,edgeCount
16,197,243,graphml/Cogentco.graphml,2,,clustered,0.7;-0.3,19,19,7,12,0,19,12,19,19,12,0,edgeCount
15,197,243,graphml/Cogentco.graphml,2,,clustered,0.7;-0.3,-1,-1,20,-21,0,-1,-21,-1,-1,-21,0,edgeCount
14,197,243,graphml/Cogentco.graphml,1,,clustered,0.7;-0.3,-1,-1,-1,0,0,-1,0,-1,-1,0,0,edgeCount
13,197,243,graphml/Cogentco.graphml,2,,clustered,0.7;-0.3,3,3,3,0,0,3,0,3,3,0,0,edgeCount
12,197,243,graphml/Cogentco.graphml,2,,clustered,0.7;-0.3,-1,-1,-1,0,4,-1,0,-1,-1,0,4,edgeCount
11,197,243,graphml/Cogentco.graphml,3,,clustered,0.7;-0.3,46,6,6,40,0,6,0,6,6,0,0,edgeCount
10,197,243,graphml/Cogentco.graphml,2,,clustered,0.7;-0.3,-1,-1,-1,0,0,-1,0,-1,-1,0,0,edgeCount
9,197,243,graphml/Cogentco.graphml,2,,clustered,0.7;-0.3,-1,-1,-1,0,0,-1,0,-1,-1,0,0,edgeCount
8,197,243,graphml/Cogentco.graphml,1,,clustered,0.7;-0.3,-1,-1,-1,0,4,-1,0,-1,-1,0,4,edgeCount
7,197,243,graphml/Cogentco.graphml,2,,clustered,0.7;-0.3,-1,-1,-1,0,0,-1,0,-1,-1,0,0,edgeCount
6,197,243,graphml/Cogentco.graphml,3,,clustered,0.7;-0.3,-1,-1,-1,0,0,-1,0,-1,-1,0,0,edgeCount
5,197,243,graphml/Cogentco.graphml,2,,clustered,0.7;-0.3,12,36,7,5,4,28,21,28,28,21,4,edgeCount
4,197,243,graphml/Cogentco.graphml,1,,clustered,0.7;-0.3,-1,-1,-1,0,4,-1,0,-1,-1,0,4,edgeCount
3,197,243,graphml/Cogentco.graphml,2,,clustered,0.7;-0.3,-1,-1,-1,0,0,-1,0,-1,-1,0,0,edgeCount
2,197,243,graphml/Cogentco.graphml,1,,clustered,0.7;-0.3,28,16,13,15,4,-1,-14,28,16,15,4,edgeCount
1,197,243,graphml/Cogentco.graphml,2,,clustered,0.7;-0.3,-1,-1,-1,0,2,-1,0,-1,-1,0,2,edgeCount
