rep,nrNodes,nrEdges,edgeProb,nrPaths,nrFails,failureModel,failurePercent,hopsRanked,hopsUnranked,spLength,stretch_mult,nodeAdditions,hopsPath,stretch_path,hopsRankedOne,hopsUnrankedOne,stretch_one,overallNodeAdditionsOne,treeChoice
1000,197,243,graphml/Cogentco.graphml,2,,clustered,0.5;-0.3,-1,-1,-1,0,0,-1,0,-1,-1,0,0,edgeCount
999,197,243,graphml/Cogentco.graphml,2,,clustered,0.5;-0.3,7,7,7,0,0,7,0,7,7,0,0,edgeCount
998,197,243,graphml/Cogentco.graphml,3,,clustered,0.5;-0.3,12,12,11,1,0,12,1,12,12,1,0,edgeCount
997,197,243,graphml/Cogentco.graphml,2,,clustered,0.5;-0.3,52,36,15,37,2,16,1,50,34,35,2,edgeCount
996,197,243,graphml/Cogentco.graphml,2,,clustered,0.5;-0.3,63,63,13,50,0,37,24,37,37,24,0,edgeCount
995,197,243,graphml/Cogentco.graphml,1,,clustered,0.5;-0.3,21,21,21,0,2,21,0,21,21,0,2,edgeCount
994,197,243,graphml/Cogentco.graphml,2,,clustered,0.5;-0.3,47,47,15,32,0,47,32,47,47,32,0,edgeCount
993,197,243,graphml/Cogentco.graphml,1,,clustered,0.5;-0.3,-1,-1,-1,0,2,-1,0,-1,-1,0,2,edgeCount
992,197,243,graphml/Cogentco.graphml,2,,clustered,0.5;-0.3,-1,-1,-1,0,0,-1,0,-1,-1,0,0,edgeCount
991,197,243,graphml/Cogentco.graphml,2,,clustered,0.5;-0.3,9,20,4,5,4,4,0,4,4,0,4,edgeCount
990,197,243,graphml/Cogentco.graphml,2,,clustered,0.5;-0.3,78,78,22,56,0,78,56,78,78,56,0,edgeCount
989,197,243,graphml/Cogentco.graphml,2,,clustered,0.5;-0.3,32,8,8,24,2,8,0,8,8,0,2,edgeCount
988,197,243,graphml/Cogentco.graphml,1,,clustered,0.5;-0.3,-1,-1,14,-15,0,-1,-15,-1,-1,-15,0,edgeCount
987,197,243,graphml/Cogentco.graphml,1,,clustered,0.5;-0.3,14,14,14,0,0,14,0,14,14,0,0,edgeCount
986,197,243,graphml/Cogentco.graphml,1,,clustered,0.5;-0.3,13,13,13,0,0,13,0,13,13,0,0,edgeCount
985,197,243,graphml/Cogentco.graphml,1,,clustered,0.5;-0.3,21,21,9,12,4,-1,-10,21,21,12,4,edgeCount
984,197,243,graphml/Cogentco.graphml,2,,clustered,0.5;-0.3,2,2,2,0,0,2,0,2,2,0,0,edgeCount
983,197,243,graphml/Cogentco.graphml,1,,clustered,0.5;-0.3,11,11,11,0,0,11,0,11,11,0,0,edgeCount
982,197,243,graphml/Cogentco.graphml,1,,clustered,0.5;-0.3,10,10,10,0,0,10,0,10,10,0,0,edgeCount
981,197,243,graphml/Cogentco.graphml,2,,clustered,0.5;-0.3,49,49,15,34,0,49,34,49,49,34,0,edgeCount
980,197,243,graphml/Cogentco.graphml,1,,clustered,0.5;-0.3,15,11,6,9,2,-1,-7,15,11,9,2,edgeCount
979,197,243,graphml/Cogentco.graphml,1,,clustered,0.5;-0.3,22,46,22,0,2,22,0,22,46,0,2,edgeCount
978,197,243,graphml/Cogentco.graphml,2,,clustered,0.5;-0.3,11,11,11,0,0,11,0,11,11,0,0,edgeCount
977,197,243,graphml/Cogentco.graphml,2,,clustered,0.5;-0.3,7,17,7,0,0,17,10,17,17,10,0,edgeCount
976,197,243,graphml/Cogentco.graphml,2,,clustered,0.5;-0.3,17,17,15,2,2,-1,-16,17,17,2,2,edgeCount
975,197,243,graphml/Cogentco.graphml,1,,clustered,0.5;-0.3,-1,-1,16,-17,6,-1,-17,-1,-1,-17,6,edgeCount
974,197,243,graphml/Cogentco.graphml,2,,clustered,0.5;-0.3,32,17,10,22,2,10,0,10,10,0,2,edgeCount
973,197,243,graphml/Cogentco.graphml,1,,clustered,0.5;-0.3,18,18,18,0,0,18,0,18,18,0,0,edgeCount
972,197,243,graphml/Cogentco.graphml,2,,clustered,0.5;-0.3,16,16,8,8,0,16,8,16,16,8,0,edgeCount
971,197,243,graphml/Cogentco.graphml,1,,clustered,0.5;-0.3,17,17,17,0,0,17,0,17,17,0,0,edgeCount
970,197,243,graphml/Cogentco.graphml,1,,clustered,0.5;-0.3,19,19,19,0,2,19,0,19,19,0,2,edgeCount
969,197,243,graphml/Cogentco.graphml,3,,clustered,0.5;-0.3,18,18,10,8,2,18,8,18,18,8,2,edgeCount
968,197,243,graphml/Cogentco.graphml,2,,clustered,0.5;-0.3,36,10,10,26,4,10,0,10,10,0,4,edgeCount
967,197,243,graphml/Cogentco.graphml,2,,clustered,0.5;-0.3,42,42,16,26,0,42,26,42,42,26,0,edgeCount
966,197,243,graphml/Cogentco.graphml,2,,clustered,0.5;-0.3,76,36,15,61,2,-1,-16,65,45,50,2,edgeCount
965,197,243,graphml/Cogentco.graphml,1,,clustered,0.5;-0.3,-1,-1,30,-31,2,-1,-31,-1,-1,-31,2,edgeCount
964,197,243,graphml/Cogentco.graphml,1,,clustered,0.5;-0.3,23,15,14,9,4,-1,-15,23,15,9,4,edgeCount
963,197,243,graphml/Cogentco.graphml,1,,clustered,0.5;-0.3,8,8,8,0,2,8,0,8,8,0,2,edgeCount
962,197,243,graphml/Cogentco.graphml,2,,clustered,0.5;-0.3,40,16,12,28,2,12,0,12,12,0,2,edgeCount
961,197,243,graphml/Cogentco.graphml,2,,clustered,0.5;-0.3,21,23,20,1,0,21,1,21,21,1,0,edgeCount
960,197,243,graphml/Cogentco.graphml,3,,clustered,0.5;-0.3,53,53,14,39,2,89,75,91,91,77,2,edgeCount
959,197,243,graphml/Cogentco.graphml,2,,clustered,0.5;-0.3,-1,-1,-1,0,0,-1,0,-1,-1,0,0,edgeCount
958,197,243,graphml/Cogentco.graphml,1,,clustered,0.5;-0.3,12,8,8,4,2,-1,-9,12,8,4,2,edgeCount
957,197,243,graphml/Cogentco.graphml,2,,clustered,0.5;-0.3,11,13,11,0,0,17,6,17,17,6,0,edgeCount
956,197,243,graphml/Cogentco.graphml,2,,clustered,0.5;-0.3,7,7,7,0,0,7,0,7,7,0,0,edgeCount
955,197,243,graphml/Cogentco.graphml,2,,clustered,0.5;-0.3,-1,-1,-1,0,2,-1,0,-1,-1,0,2,edgeCount
954,197,243,graphml/Cogentco.graphml,2,,clustered,0.5;-0.3,14,14,14,0,0,14,0,14,14,0,0,edgeCount
953,197,243,graphml/Cogentco.graphml,1,,clustered,0.5;-0.3,12,12,12,0,0,12,0,12,12,0,0,edgeCount
952,197,243,graphml/Cogentco.graphml,1,,clustered,0.5;-0.3,21,21,21,0,2,21,0,21,21,0,2,edgeCount
951,197,243,graphml/Cogentco.graphml,2,,clustered,0.5;-0.3,5,5,5,0,0,5,0,5,5,0,0,edgeCount
950,197,243,graphml/Cogentco.graphml,1,,clustered,0.5;-0.3,12,12,12,0,0,12,0,12,12,0,0,edgeCount
949,197,243,graphml/Cogentco.graphml,2,,clustered,0.5;-0.3,17,17,16,1,2,-1,-17,65,65,49,2,edgeCount
948,197,243,graphml/Cogentco.graphml,2,,clustered,0.5;-0.3,20,35,15,5,2,56,41,56,70,41,2,edgeCount
947,197,243,graphml/Cogentco.graphml,3,,clustered,0.5;-0.3,16,28,11,5,0,44,33,44,44,33,0,edgeCount
946,197,243,graphml/Cogentco.graphml,2,,clustered,0.5;-0.3,19,19,10,9,2,19,9,19,19,9,2,edgeCount
945,197,243,graphml/Cogentco.graphml,1,,clustered,0.5;-0.3,10,26,10,0,4,10,0,10,26,0,4,edgeCount
944,197,243,graphml/Cogentco.graphml,2,,clustered,0.5;-0.3,16,13,4,12,2,4,0,16,13,12,2,edgeCount
943,197,243,graphml/Cogentco.graphml,2,,clustered,0.5;-0.3,11,11,11,0,0,12,1,12,11,1,0,edgeCount
942,197,243,graphml/Cogentco.graphml,2,,clustered,0.5;-0.3,-1,-1,-1,0,0,-1,0,-1,-1,0,0,edgeCount
941,197,243,graphml/Cogentco.graphml,1,,clustered,0.5;-0.3,5,5,5,0,0,5,0,5,5,0,0,edgeCount
940,197,243,graphml/Cogentco.graphml,2,,clustered,0.5;-0.3,15,28,15,0,4,39,24,39,67,24,4,edgeCount
939,197,243,graphml/Cogentco.graphml,2,,clustered,0.5;-0.3,10,12,10,0,0,18,8,18,18,8,0,edgeCount
938,197,243,graphml/Cogentco.graphml,2,,clustered,0.5;-0.3,5,3,3,2,2,3,0,3,3,0,2,edgeCount
937,197,243,graphml/Cogentco.graphml,2,,clustered,0.5;-0.3,-1,-1,9,-10,0,-1,-10,-1,-1,-10,0,edgeCount
936,197,243,graphml/Cogentco.graphml,2,,clustered,0.5;-0.3,22,34,16,6,0,40,24,40,40,24,0,edgeCount
935,197,243,graphml/Cogentco.graphml,2,,clustered,0.5;-0.3,2,2,2,0,0,2,0,2,2,0,0,edgeCount
934,197,243,graphml/Cogentco.graphml,2,,clustered,0.5;-0.3,13,16,8,5,0,27,19,27,27,19,0,edgeCount
933,197,243,graphml/Cogentco.graphml,4,,clustered,0.5;-0.3,8,20,4,4,0,12,8,12,24,8,0,edgeCount
932,197,243,graphml/Cogentco.graphml,2,,clustered,0.5;-0.3,46,23,10,36,2,16,6,16,16,6,2,edgeCount
931,197,243,graphml/Cogentco.graphml,1,,clustered,0.5;-0.3,9,9,9,0,2,9,0,9,9,0,2,edgeCount
930,197,243,graphml/Cogentco.graphml,3,,clustered,0.5;-0.3,-1,-1,-1,0,0,-1,0,-1,-1,0,0,edgeCount
929,197,243,graphml/Cogentco.graphml,1,,clustered,0.5;-0.3,23,23,23,0,0,23,0,23,23,0,0,edgeCount
928,197,243,graphml/Cogentco.graphml,2,,clustered,0.5;-0.3,10,7,5,5,0,20,15,20,20,15,0,edgeCount
927,197,243,graphml/Cogentco.graphml,1,,clustered,0.5;-0.3,7,7,7,0,0,7,0,7,7,0,0,edgeCount
926,197,243,graphml/Cogentco.graphml,2,,clustered,0.5;-0.3,5,9,5,0,0,9,4,9,9,4,0,edgeCount
925,197,243,graphml/Cogentco.graphml,1,,clustered,0.5;-0.3,12,12,12,0,2,-1,-13,12,12,0,2,edgeCount
924,197,243,graphml/Cogentco.graphml,2,,clustered,0.5;-0.3,-1,-1,-1,0,0,-1,0,-1,-1,0,0,edgeCount
923,197,243,graphml/Cogentco.graphml,2,,clustered,0.5;-0.3,13,23,12,1,2,31,19,31,31,19,2,edgeCount
922,197,243,graphml/Cogentco.graphml,1,,clustered,0.5;-0.3,12,12,12,0,0,12,0,12,12,0,0,edgeCount
921,197,243,graphml/Cogentco.graphml,1,,clustered,0.5;-0.3,4,4,4,0,0,4,0,4,4,0,0,edgeCount
920,197,243,graphml/Cogentco.graphml,2,,clustered,0.5;-0.3,33,9,9,24,2,9,0,9,9,0,2,edgeCount
919,197,243,graphml/Cogentco.graphml,2,,clustered,0.5;-0.3,15,15,12,3,0,15,3,15,15,3,0,edgeCount
918,197,243,graphml/Cogentco.graphml,3,,clustered,0.5;-0.3,12,11,10,2,0,11,1,11,11,1,0,edgeCount
917,197,243,graphml/Cogentco.graphml,2,,clustered,0.5;-0.3,-1,-1,-1,0,0,-1,0,-1,-1,0,0,edgeCount
916,197,243,graphml/Cogentco.graphml,2,,clustered,0.5;-0.3,-1,-1,-1,0,0,-1,0,-1,-1,0,0,edgeCount
915,197,243,graphml/Cogentco.graphml,1,,clustered,0.5;-0.3,5,27,5,0,2,5,0,5,27,0,2,edgeCount
914,197,243,graphml/Cogentco.graphml,3,,clustered,0.5;-0.3,34,29,10,24,0,62,52,62,62,52,0,edgeCount
913,197,243,graphml/Cogentco.graphml,2,,clustered,0.5;-0.3,39,7,7,32,0,7,0,7,7,0,0,edgeCount
912,197,243,graphml/Cogentco.graphml,1,,clustered,0.5;-0.3,59,75,18,41,8,-1,-19,59,75,41,8,edgeCount
911,197,243,graphml/Cogentco.graphml,1,,clustered,0.5;-0.3,-1,-1,-1,0,2,-1,0,-1,-1,0,2,edgeCount
910,197,243,graphml/Cogentco.graphml,2,,clustered,0.5;-0.3,-1,-1,-1,0,0,-1,0,-1,-1,0,0,edgeCount
909,197,243,graphml/Cogentco.graphml,2,,clustered,0.5;-0.3,24,86,13,11,2,56,43,56,84,43,2,edgeCount
908,197,243,graphml/Cogentco.graphml,2,,clustered,0.5;-0.3,-1,-1,-1,0,0,-1,0,-1,-1,0,0,edgeCount
907,197,243,graphml/Cogentco.graphml,2,,clustered,0.5;-0.3,33,37,11,22,0,11,0,11,11,0,0,edgeCount
906,197,243,graphml/Cogentco.graphml,2,,clustered,0.5;-0.3,11,11,11,0,2,32,21,11,11,0,2,edgeCount
905,197,243,graphml/Cogentco.graphml,1,,clustered,0.5;-0.3,5,5,5,0,0,5,0,5,5,0,0,edgeCount
904,197,243,graphml/Cogentco.graphml,1,,clustered,0.5;-0.3,66,37,24,42,4,-1,-25,66,37,42,4,edgeCount
903,197,243,graphml/Cogentco.graphml,2,,clustered,0.5;-0.3,45,45,10,35,0,45,35,45,45,35,0,edgeCount
902,197,243,graphml/Cogentco.graphml,1,,clustered,0.5;-0.3,15,15,15,0,0,15,0,15,15,0,0,edgeCount
901,197,243,graphml/Cogentco.graphml,2,,clustered,0.5;-0.3,21,5,5,16,2,5,0,21,5,16,2,edgeCount
900,197,243,graphml/Cogentco.graphml,2,,clustered,0.5;-0.3,11,11,11,0,0,11,0,11,11,0,0,edgeCount
899,197,243,graphml/Cogentco.graphml,2,,clustered,0.5;-0.3,44,30,14,30,2,14,0,14,14,0,2,edgeCount
898,197,243,graphml/Cogentco.graphml,2,,clustered,0.5;-0.3,6,22,6,0,2,6,0,6,6,0,2,edgeCount
897,197,243,graphml/Cogentco.graphml,2,,clustered,0.5;-0.3,10,55,7,3,4,7,0,7,7,0,4,edgeCount
896,197,243,graphml/Cogentco.graphml,1,,clustered,0.5;-0.3,15,15,15,0,0,15,0,15,15,0,0,edgeCount
895,197,243,graphml/Cogentco.graphml,2,,clustered,0.5;-0.3,3,3,3,0,0,3,0,3,3,0,0,edgeCount
894,197,243,graphml/Cogentco.graphml,1,,clustered,0.5;-0.3,8,8,8,0,0,8,0,8,8,0,0,edgeCount
893,197,243,graphml/Cogentco.graphml,2,,clustered,0.5;-0.3,23,37,15,8,2,45,30,45,49,30,2,edgeCount
892,197,243,graphml/Cogentco.graphml,2,,clustered,0.5;-0.3,76,76,17,59,0,76,59,76,76,59,0,edgeCount
891,197,243,graphml/Cogentco.graphml,2,,clustered,0.5;-0.3,-1,-1,-1,0,0,-1,0,-1,-1,0,0,edgeCount
890,197,243,graphml/Cogentco.graphml,1,,clustered,0.5;-0.3,20,20,20,0,0,20,0,20,20,0,0,edgeCount
889,197,243,graphml/Cogentco.graphml,2,,clustered,0.5;-0.3,6,6,6,0,0,6,0,6,6,0,0,edgeCount
888,197,243,graphml/Cogentco.graphml,1,,clustered,0.5;-0.3,-1,-1,-1,0,4,-1,0,-1,-1,0,4,edgeCount
887,197,243,graphml/Cogentco.graphml,1,,clustered,0.5;-0.3,-1,-1,-1,0,2,-1,0,-1,-1,0,2,edgeCount
886,197,243,graphml/Cogentco.graphml,2,,clustered,0.5;-0.3,-1,-1,-1,0,0,-1,0,-1,-1,0,0,edgeCount
885,197,243,graphml/Cogentco.graphml,2,,clustered,0.5;-0.3,8,8,7,1,0,8,1,8,8,1,0,edgeCount
884,197,243,graphml/Cogentco.graphml,2,,clustered,0.5;-0.3,34,70,12,22,4,12,0,12,52,0,4,edgeCount
883,197,243,graphml/Cogentco.graphml,1,,clustered,0.5;-0.3,-1,-1,-1,0,0,-1,0,-1,-1,0,0,edgeCount
882,197,243,graphml/Cogentco.graphml,2,,clustered,0.5;-0.3,15,27,13,2,0,41,28,41,41,28,0,edgeCount
881,197,243,graphml/Cogentco.graphml,2,,clustered,0.5;-0.3,18,16,13,5,2,48,35,48,48,35,2,edgeCount
880,197,243,graphml/Cogentco.graphml,2,,clustered,0.5;-0.3,11,11,11,0,2,27,16,27,27,16,2,edgeCount
879,197,243,graphml/Cogentco.graphml,2,,clustered,0.5;-0.3,7,7,7,0,2,7,0,7,7,0,2,edgeCount
878,197,243,graphml/Cogentco.graphml,2,,clustered,0.5;-0.3,14,14,4,10,0,14,10,14,14,10,0,edgeCount
877,197,243,graphml/Cogentco.graphml,1,,clustered,0.5;-0.3,3,3,3,0,0,3,0,3,3,0,0,edgeCount
876,197,243,graphml/Cogentco.graphml,2,,clustered,0.5;-0.3,12,13,12,0,2,28,16,28,34,16,2,edgeCount
875,197,243,graphml/Cogentco.graphml,3,,clustered,0.5;-0.3,8,8,8,0,0,8,0,8,8,0,0,edgeCount
874,197,243,graphml/Cogentco.graphml,2,,clustered,0.5;-0.3,10,30,9,1,4,18,9,18,18,9,4,edgeCount
873,197,243,graphml/Cogentco.graphml,1,,clustered,0.5;-0.3,20,20,20,0,0,20,0,20,20,0,0,edgeCount
872,197,243,graphml/Cogentco.graphml,2,,clustered,0.5;-0.3,21,21,21,0,0,21,0,21,21,0,0,edgeCount
871,197,243,graphml/Cogentco.graphml,2,,clustered,0.5;-0.3,65,31,13,52,4,-1,-14,48,42,35,4,edgeCount
870,197,243,graphml/Cogentco.graphml,2,,clustered,0.5;-0.3,16,16,16,0,0,16,0,16,16,0,0,edgeCount
869,197,243,graphml/Cogentco.graphml,2,,clustered,0.5;-0.3,14,9,9,5,2,9,0,9,9,0,2,edgeCount
868,197,243,graphml/Cogentco.graphml,1,,clustered,0.5;-0.3,7,7,7,0,0,7,0,7,7,0,0,edgeCount
867,197,243,graphml/Cogentco.graphml,1,,clustered,0.5;-0.3,59,59,21,38,4,-1,-22,59,59,38,4,edgeCount
866,197,243,graphml/Cogentco.graphml,1,,clustered,0.5;-0.3,-1,-1,-1,0,0,-1,0,-1,-1,0,0,edgeCount
865,197,243,graphml/Cogentco.graphml,2,,clustered,0.5;-0.3,-1,-1,-1,0,0,-1,0,-1,-1,0,0,edgeCount
864,197,243,graphml/Cogentco.graphml,2,,clustered,0.5;-0.3,25,25,10,15,0,25,15,25,25,15,0,edgeCount
863,197,243,graphml/Cogentco.graphml,2,,clustered,0.5;-0.3,12,52,10,2,4,28,18,28,44,18,4,edgeCount
862,197,243,graphml/Cogentco.graphml,1,,clustered,0.5;-0.3,13,13,13,0,2,13,0,13,13,0,2,edgeCount
861,197,243,graphml/Cogentco.graphml,3,,clustered,0.5;-0.3,81,39,16,65,0,-1,-17,-1,-1,-17,0,edgeCount
860,197,243,graphml/Cogentco.graphml,2,,clustered,0.5;-0.3,74,74,22,52,0,74,52,74,74,52,0,edgeCount
859,197,243,graphml/Cogentco.graphml,2,,clustered,0.5;-0.3,-1,-1,-1,0,0,-1,0,-1,-1,0,0,edgeCount
858,197,243,graphml/Cogentco.graphml,1,,clustered,0.5;-0.3,47,23,19,28,6,-1,-20,47,23,28,6,edgeCount
857,197,243,graphml/Cogentco.graphml,2,,clustered,0.5;-0.3,21,24,14,7,2,53,39,53,61,39,2,edgeCount
856,197,243,graphml/Cogentco.graphml,2,,clustered,0.5;-0.3,12,12,12,0,2,12,0,12,12,0,2,edgeCount
855,197,243,graphml/Cogentco.graphml,2,,clustered,0.5;-0.3,20,6,6,14,4,6,0,6,6,0,4,edgeCount
854,197,243,graphml/Cogentco.graphml,3,,clustered,0.5;-0.3,11,8,7,4,0,21,14,21,21,14,0,edgeCount
853,197,243,graphml/Cogentco.graphml,2,,clustered,0.5;-0.3,10,10,10,0,0,10,0,10,10,0,0,edgeCount
852,197,243,graphml/Cogentco.graphml,2,,clustered,0.5;-0.3,10,17,8,2,0,26,18,26,26,18,0,edgeCount
851,197,243,graphml/Cogentco.graphml,2,,clustered,0.5;-0.3,30,16,12,18,2,-1,-13,23,23,11,2,edgeCount
850,197,243,graphml/Cogentco.graphml,1,,clustered,0.5;-0.3,13,13,13,0,0,13,0,13,13,0,0,edgeCount
849,197,243,graphml/Cogentco.graphml,2,,clustered,0.5;-0.3,4,4,4,0,0,4,0,4,4,0,0,edgeCount
848,197,243,graphml/Cogentco.graphml,2,,clustered,0.5;-0.3,-1,-1,-1,0,0,-1,0,-1,-1,0,0,edgeCount
847,197,243,graphml/Cogentco.graphml,2,,clustered,0.5;-0.3,15,15,15,0,0,15,0,15,15,0,0,edgeCount
846,197,243,graphml/Cogentco.graphml,1,,clustered,0.5;-0.3,-1,-1,-1,0,2,-1,0,-1,-1,0,2,edgeCount
845,197,243,graphml/Cogentco.graphml,3,,clustered,0.5;-0.3,5,5,5,0,0,34,29,5,5,0,0,edgeCount
844,197,243,graphml/Cogentco.graphml,2,,clustered,0.5;-0.3,38,26,8,30,0,8,0,8,8,0,0,edgeCount
843,197,243,graphml/Cogentco.graphml,1,,clustered,0.5;-0.3,10,10,10,0,0,10,0,10,10,0,0,edgeCount
842,197,243,graphml/Cogentco.graphml,2,,clustered,0.5;-0.3,-1,-1,-1,0,0,-1,0,-1,-1,0,0,edgeCount
841,197,243,graphml/Cogentco.graphml,1,,clustered,0.5;-0.3,-1,-1,15,-16,0,-1,-16,-1,-1,-16,0,edgeCount
840,197,243,graphml/Cogentco.graphml,1,,clustered,0.5;-0.3,-1,-1,-1,0,2,-1,0,-1,-1,0,2,edgeCount
839,197,243,graphml/Cogentco.graphml,1,,clustered,0.5;-0.3,42,42,19,23,2,-1,-20,42,42,23,2,edgeCount
838,197,243,graphml/Cogentco.graphml,2,,clustered,0.5;-0.3,-1,-1,14,-15,0,-1,-15,-1,-1,-15,0,edgeCount
837,197,243,graphml/Cogentco.graphml,2,,clustered,0.5;-0.3,14,14,14,0,0,14,0,14,14,0,0,edgeCount
836,197,243,graphml/Cogentco.graphml,2,,clustered,0.5;-0.3,39,39,12,27,0,39,27,39,39,27,0,edgeCount
835,197,243,graphml/Cogentco.graphml,2,,clustered,0.5;-0.3,10,8,8,2,0,10,2,10,8,2,0,edgeCount
834,197,243,graphml/Cogentco.graphml,1,,clustered,0.5;-0.3,15,47,15,0,2,15,0,15,47,0,2,edgeCount
833,197,243,graphml/Cogentco.graphml,2,,clustered,0.5;-0.3,55,31,13,42,4,19,6,19,19,6,4,edgeCount
832,197,243,graphml/Cogentco.graphml,1,,clustered,0.5;-0.3,-1,-1,-1,0,0,-1,0,-1,-1,0,0,edgeCount
831,197,243,graphml/Cogentco.graphml,2,,clustered,0.5;-0.3,34,34,13,21,0,34,21,34,34,21,0,edgeCount
830,197,243,graphml/Cogentco.graphml,1,,clustered,0.5;-0.3,5,5,5,0,0,5,0,5,5,0,0,edgeCount
829,197,243,graphml/Cogentco.graphml,2,,clustered,0.5;-0.3,-1,-1,-1,0,0,-1,0,-1,-1,0,0,edgeCount
828,197,243,graphml/Cogentco.graphml,2,,clustered,0.5;-0.3,2,2,2,0,0,2,0,2,2,0,0,edgeCount
827,197,243,graphml/Cogentco.graphml,2,,clustered,0.5;-0.3,10,20,10,0,0,10,0,10,10,0,0,edgeCount
826,197,243,graphml/Cogentco.graphml,2,,clustered,0.5;-0.3,27,21,15,12,2,-1,-16,27,15,12,2,edgeCount
825,197,243,graphml/Cogentco.graphml,2,,clustered,0.5;-0.3,9,9,9,0,6,9,0,9,9,0,6,edgeCount
824,197,243,graphml/Cogentco.graphml,2,,clustered,0.5;-0.3,42,42,23,19,2,42,19,42,42,19,2,edgeCount
823,197,243,graphml/Cogentco.graphml,2,,clustered,0.5;-0.3,-1,-1,12,-13,0,-1,-13,-1,-1,-13,0,edgeCount
822,197,243,graphml/Cogentco.graphml,2,,clustered,0.5;-0.3,13,13,13,0,0,27,14,27,13,14,0,edgeCount
821,197,243,graphml/Cogentco.graphml,2,,clustered,0.5;-0.3,9,17,8,1,4,21,13,21,26,13,4,edgeCount
820,197,243,graphml/Cogentco.graphml,2,,clustered,0.5;-0.3,36,17,10,26,4,10,0,10,10,0,4,edgeCount
819,197,243,graphml/Cogentco.graphml,2,,clustered,0.5;-0.3,65,26,18,47,6,-1,-19,49,44,31,6,edgeCount
818,197,243,graphml/Cogentco.graphml,2,,clustered,0.5;-0.3,29,29,18,11,0,-1,-19,-1,-1,-19,0,edgeCount
817,197,243,graphml/Cogentco.graphml,2,,clustered,0.5;-0.3,73,27,17,56,0,-1,-18,-1,-1,-18,0,edgeCount
816,197,243,graphml/Cogentco.graphml,2,,clustered,0.5;-0.3,4,4,2,2,0,4,2,4,4,2,0,edgeCount
815,197,243,graphml/Cogentco.graphml,2,,clustered,0.5;-0.3,21,21,9,12,0,21,12,21,21,12,0,edgeCount
814,197,243,graphml/Cogentco.graphml,2,,clustered,0.5;-0.3,6,6,6,0,0,8,2,8,6,2,0,edgeCount
813,197,243,graphml/Cogentco.graphml,2,,clustered,0.5;-0.3,25,25,9,16,0,25,16,25,25,16,0,edgeCount
812,197,243,graphml/Cogentco.graphml,1,,clustered,0.5;-0.3,7,7,7,0,2,7,0,7,7,0,2,edgeCount
811,197,243,graphml/Cogentco.graphml,1,,clustered,0.5;-0.3,22,16,14,8,2,-1,-15,22,16,8,2,edgeCount
810,197,243,graphml/Cogentco.graphml,1,,clustered,0.5;-0.3,21,21,21,0,2,21,0,21,21,0,2,edgeCount
809,197,243,graphml/Cogentco.graphml,1,,clustered,0.5;-0.3,-1,-1,-1,0,2,-1,0,-1,-1,0,2,edgeCount
808,197,243,graphml/Cogentco.graphml,2,,clustered,0.5;-0.3,24,24,8,16,0,8,0,8,8,0,0,edgeCount
807,197,243,graphml/Cogentco.graphml,2,,clustered,0.5;-0.3,36,36,9,27,0,36,27,36,36,27,0,edgeCount
806,197,243,graphml/Cogentco.graphml,1,,clustered,0.5;-0.3,-1,-1,-1,0,0,-1,0,-1,-1,0,0,edgeCount
805,197,243,graphml/Cogentco.graphml,2,,clustered,0.5;-0.3,29,9,9,20,0,9,0,9,9,0,0,edgeCount
804,197,243,graphml/Cogentco.graphml,1,,clustered,0.5;-0.3,13,13,13,0,0,13,0,13,13,0,0,edgeCount
803,197,243,graphml/Cogentco.graphml,2,,clustered,0.5;-0.3,-1,-1,-1,0,0,-1,0,-1,-1,0,0,edgeCount
802,197,243,graphml/Cogentco.graphml,2,,clustered,0.5;-0.3,28,28,6,22,2,16,10,16,40,10,2,edgeCount
801,197,243,graphml/Cogentco.graphml,1,,clustered,0.5;-0.3,16,16,16,0,0,16,0,16,16,0,0,edgeCount
800,197,243,graphml/Cogentco.graphml,3,,clustered,0.5;-0.3,11,11,10,1,0,11,1,11,11,1,0,edgeCount
799,197,243,graphml/Cogentco.graphml,2,,clustered,0.5;-0.3,15,21,3,12,0,3,0,3,3,0,0,edgeCount
798,197,243,graphml/Cogentco.graphml,1,,clustered,0.5;-0.3,16,16,16,0,0,16,0,16,16,0,0,edgeCount
797,197,243,graphml/Cogentco.graphml,2,,clustered,0.5;-0.3,-1,-1,-1,0,0,-1,0,-1,-1,0,0,edgeCount
796,197,243,graphml/Cogentco.graphml,2,,clustered,0.5;-0.3,-1,-1,-1,0,0,-1,0,-1,-1,0,0,edgeCount
795,197,243,graphml/Cogentco.graphml,3,,clustered,0.5;-0.3,8,8,8,0,2,8,0,8,8,0,2,edgeCount
794,197,243,graphml/Cogentco.graphml,2,,clustered,0.5;-0.3,14,2,2,12,2,2,0,2,2,0,2,edgeCount
793,197,243,graphml/Cogentco.graphml,2,,clustered,0.5;-0.3,20,20,20,0,0,20,0,20,20,0,0,edgeCount
792,197,243,graphml/Cogentco.graphml,3,,clustered,0.5;-0.3,25,45,3,22,0,3,0,3,3,0,0,edgeCount
791,197,243,graphml/Cogentco.graphml,1,,clustered,0.5;-0.3,10,10,10,0,0,10,0,10,10,0,0,edgeCount
790,197,243,graphml/Cogentco.graphml,2,,clustered,0.5;-0.3,51,51,19,32,0,51,32,51,51,32,0,edgeCount
789,197,243,graphml/Cogentco.graphml,2,,clustered,0.5;-0.3,14,14,14,0,0,14,0,14,14,0,0,edgeCount
788,197,243,graphml/Cogentco.graphml,2,,clustered,0.5;-0.3,83,83,26,57,2,73,47,83,83,57,2,edgeCount
787,197,243,graphml/Cogentco.graphml,2,,clustered,0.5;-0.3,11,11,11,0,0,11,0,11,11,0,0,edgeCount
786,197,243,graphml/Cogentco.graphml,2,,clustered,0.5;-0.3,-1,-1,-1,0,0,-1,0,-1,-1,0,0,edgeCount
785,197,243,graphml/Cogentco.graphml,1,,clustered,0.5;-0.3,4,4,4,0,0,4,0,4,4,0,0,edgeCount
784,197,243,graphml/Cogentco.graphml,2,,clustered,0.5;-0.3,17,17,17,0,0,61,44,17,17,0,0,edgeCount
783,197,243,graphml/Cogentco.graphml,2,,clustered,0.5;-0.3,15,15,7,8,0,15,8,15,15,8,0,edgeCount
782,197,243,graphml/Cogentco.graphml,2,,clustered,0.5;-0.3,3,3,3,0,2,5,2,5,5,2,2,edgeCount
781,197,243,graphml/Cogentco.graphml,1,,clustered,0.5;-0.3,8,8,8,0,0,8,0,8,8,0,0,edgeCount
780,197,243,graphml/Cogentco.graphml,2,,clustered,0.5;-0.3,7,7,7,0,0,7,0,7,7,0,0,edgeCount
779,197,243,graphml/Cogentco.graphml,1,,clustered,0.5;-0.3,26,14,11,15,4,-1,-12,26,14,15,4,edgeCount
778,197,243,graphml/Cogentco.graphml,3,,clustered,0.5;-0.3,44,28,10,34,2,66,56,12,12,2,2,edgeCount
777,197,243,graphml/Cogentco.graphml,2,,clustered,0.5;-0.3,18,10,10,8,2,48,38,18,64,8,2,edgeCount
776,197,243,graphml/Cogentco.graphml,2,,clustered,0.5;-0.3,-1,-1,22,-23,0,-1,-23,-1,-1,-23,0,edgeCount
775,197,243,graphml/Cogentco.graphml,2,,clustered,0.5;-0.3,-1,-1,24,-25,0,-1,-25,-1,-1,-25,0,edgeCount
774,197,243,graphml/Cogentco.graphml,2,,clustered,0.5;-0.3,6,6,6,0,0,6,0,6,6,0,0,edgeCount
773,197,243,graphml/Cogentco.graphml,2,,clustered,0.5;-0.3,18,18,7,11,0,18,11,18,18,11,0,edgeCount
772,197,243,graphml/Cogentco.graphml,3,,clustered,0.5;-0.3,10,10,10,0,0,10,0,10,10,0,0,edgeCount
771,197,243,graphml/Cogentco.graphml,2,,clustered,0.5;-0.3,19,9,7,12,2,7,0,7,7,0,2,edgeCount
770,197,243,graphml/Cogentco.graphml,2,,clustered,0.5;-0.3,10,10,10,0,0,10,0,10,10,0,0,edgeCount
769,197,243,graphml/Cogentco.graphml,2,,clustered,0.5;-0.3,27,9,9,18,2,9,0,9,9,0,2,edgeCount
768,197,243,graphml/Cogentco.graphml,1,,clustered,0.5;-0.3,7,7,7,0,2,-1,-8,7,7,0,2,edgeCount
767,197,243,graphml/Cogentco.graphml,1,,clustered,0.5;-0.3,16,16,14,2,2,-1,-15,16,16,2,2,edgeCount
766,197,243,graphml/Cogentco.graphml,2,,clustered,0.5;-0.3,-1,-1,-1,0,0,-1,0,-1,-1,0,0,edgeCount
765,197,243,graphml/Cogentco.graphml,2,,clustered,0.5;-0.3,30,20,8,22,0,-1,-9,-1,-1,-9,0,edgeCount
764,197,243,graphml/Cogentco.graphml,1,,clustered,0.5;-0.3,8,8,8,0,0,8,0,8,8,0,0,edgeCount
763,197,243,graphml/Cogentco.graphml,1,,clustered,0.5;-0.3,14,14,14,0,0,14,0,14,14,0,0,edgeCount
762,197,243,graphml/Cogentco.graphml,2,,clustered,0.5;-0.3,19,19,16,3,0,19,3,19,19,3,0,edgeCount
761,197,243,graphml/Cogentco.graphml,3,,clustered,0.5;-0.3,24,10,8,16,0,24,16,24,10,16,0,edgeCount
760,197,243,graphml/Cogentco.graphml,2,,clustered,0.5;-0.3,11,11,11,0,0,11,0,11,11,0,0,edgeCount
759,197,243,graphml/Cogentco.graphml,2,,clustered,0.5;-0.3,22,22,10,12,0,22,12,22,22,12,0,edgeCount
758,197,243,graphml/Cogentco.graphml,1,,clustered,0.5;-0.3,38,38,24,14,2,-1,-25,38,38,14,2,edgeCount
757,197,243,graphml/Cogentco.graphml,2,,clustered,0.5;-0.3,-1,-1,11,-12,0,-1,-12,-1,-1,-12,0,edgeCount
756,197,243,graphml/Cogentco.graphml,1,,clustered,0.5;-0.3,6,15,4,2,12,-1,-5,6,15,2,12,edgeCount
755,197,243,graphml/Cogentco.graphml,2,,clustered,0.5;-0.3,66,64,15,51,0,46,31,46,46,31,0,edgeCount
754,197,243,graphml/Cogentco.graphml,2,,clustered,0.5;-0.3,8,8,8,0,0,8,0,8,8,0,0,edgeCount
753,197,243,graphml/Cogentco.graphml,1,,clustered,0.5;-0.3,-1,-1,-1,0,0,-1,0,-1,-1,0,0,edgeCount
752,197,243,graphml/Cogentco.graphml,1,,clustered,0.5;-0.3,54,54,21,33,2,-1,-22,54,54,33,2,edgeCount
751,197,243,graphml/Cogentco.graphml,2,,clustered,0.5;-0.3,22,22,9,13,2,-1,-10,22,22,13,2,edgeCount
750,197,243,graphml/Cogentco.graphml,2,,clustered,0.5;-0.3,32,26,15,17,4,-1,-16,43,43,28,4,edgeCount
749,197,243,graphml/Cogentco.graphml,2,,clustered,0.5;-0.3,18,18,8,10,0,18,10,18,18,10,0,edgeCount
748,197,243,graphml/Cogentco.graphml,2,,clustered,0.5;-0.3,-1,-1,-1,0,0,-1,0,-1,-1,0,0,edgeCount
747,197,243,graphml/Cogentco.graphml,1,,clustered,0.5;-0.3,47,47,17,30,2,-1,-18,47,47,30,2,edgeCount
746,197,243,graphml/Cogentco.graphml,2,,clustered,0.5;-0.3,27,75,21,6,2,21,0,21,21,0,2,edgeCount
745,197,243,graphml/Cogentco.graphml,2,,clustered,0.5;-0.3,8,8,8,0,2,8,0,8,8,0,2,edgeCount
744,197,243,graphml/Cogentco.graphml,2,,clustered,0.5;-0.3,7,7,7,0,0,7,0,7,7,0,0,edgeCount
743,197,243,graphml/Cogentco.graphml,2,,clustered,0.5;-0.3,60,24,17,43,14,-1,-18,58,56,41,14,edgeCount
742,197,243,graphml/Cogentco.graphml,2,,clustered,0.5;-0.3,36,10,10,26,0,10,0,10,10,0,0,edgeCount
741,197,243,graphml/Cogentco.graphml,2,,clustered,0.5;-0.3,-1,-1,-1,0,0,-1,0,-1,-1,0,0,edgeCount
740,197,243,graphml/Cogentco.graphml,2,,clustered,0.5;-0.3,-1,-1,-1,0,0,-1,0,-1,-1,0,0,edgeCount
739,197,243,graphml/Cogentco.graphml,2,,clustered,0.5;-0.3,11,11,11,0,4,11,0,11,11,0,4,edgeCount
738,197,243,graphml/Cogentco.graphml,3,,clustered,0.5;-0.3,16,16,6,10,0,16,10,16,16,10,0,edgeCount
737,197,243,graphml/Cogentco.graphml,2,,clustered,0.5;-0.3,17,71,13,4,2,45,32,45,63,32,2,edgeCount
736,197,243,graphml/Cogentco.graphml,2,,clustered,0.5;-0.3,17,53,17,0,2,47,30,17,53,0,2,edgeCount
735,197,243,graphml/Cogentco.graphml,2,,clustered,0.5;-0.3,63,63,21,42,0,63,42,63,63,42,0,edgeCount
734,197,243,graphml/Cogentco.graphml,2,,clustered,0.5;-0.3,53,53,19,34,0,53,34,53,53,34,0,edgeCount
733,197,243,graphml/Cogentco.graphml,1,,clustered,0.5;-0.3,25,25,25,0,0,25,0,25,25,0,0,edgeCount
732,197,243,graphml/Cogentco.graphml,2,,clustered,0.5;-0.3,71,71,29,42,2,71,42,71,71,42,2,edgeCount
731,197,243,graphml/Cogentco.graphml,2,,clustered,0.5;-0.3,-1,-1,-1,0,0,-1,0,-1,-1,0,0,edgeCount
730,197,243,graphml/Cogentco.graphml,3,,clustered,0.5;-0.3,7,6,6,1,0,6,0,6,6,0,0,edgeCount
729,197,243,graphml/Cogentco.graphml,2,,clustered,0.5;-0.3,8,8,7,1,0,8,1,8,8,1,0,edgeCount
728,197,243,graphml/Cogentco.graphml,2,,clustered,0.5;-0.3,23,23,9,14,0,23,14,23,23,14,0,edgeCount
727,197,243,graphml/Cogentco.graphml,1,,clustered,0.5;-0.3,7,7,7,0,2,7,0,7,7,0,2,edgeCount
726,197,243,graphml/Cogentco.graphml,1,,clustered,0.5;-0.3,52,52,20,32,6,-1,-21,52,52,32,6,edgeCount
725,197,243,graphml/Cogentco.graphml,2,,clustered,0.5;-0.3,13,13,7,6,0,26,19,26,26,19,0,edgeCount
724,197,243,graphml/Cogentco.graphml,1,,clustered,0.5;-0.3,14,14,14,0,0,14,0,14,14,0,0,edgeCount
723,197,243,graphml/Cogentco.graphml,2,,clustered,0.5;-0.3,31,13,10,21,2,-1,-11,21,19,11,2,edgeCount
722,197,243,graphml/Cogentco.graphml,2,,clustered,0.5;-0.3,54,54,13,41,0,54,41,54,54,41,0,edgeCount
721,197,243,graphml/Cogentco.graphml,2,,clustered,0.5;-0.3,42,42,14,28,0,42,28,42,42,28,0,edgeCount
720,197,243,graphml/Cogentco.graphml,2,,clustered,0.5;-0.3,41,41,10,31,0,41,31,41,41,31,0,edgeCount
719,197,243,graphml/Cogentco.graphml,2,,clustered,0.5;-0.3,11,11,11,0,0,11,0,11,11,0,0,edgeCount
718,197,243,graphml/Cogentco.graphml,1,,clustered,0.5;-0.3,15,15,15,0,0,15,0,15,15,0,0,edgeCount
717,197,243,graphml/Cogentco.graphml,2,,clustered,0.5;-0.3,5,16,4,1,0,4,0,4,4,0,0,edgeCount
716,197,243,graphml/Cogentco.graphml,1,,clustered,0.5;-0.3,14,14,14,0,2,14,0,14,14,0,2,edgeCount
715,197,243,graphml/Cogentco.graphml,2,,clustered,0.5;-0.3,12,34,12,0,2,30,18,30,31,18,2,edgeCount
714,197,243,graphml/Cogentco.graphml,1,,clustered,0.5;-0.3,15,81,15,0,2,15,0,15,81,0,2,edgeCount
713,197,243,graphml/Cogentco.graphml,2,,clustered,0.5;-0.3,14,14,14,0,0,14,0,14,14,0,0,edgeCount
712,197,243,graphml/Cogentco.graphml,2,,clustered,0.5;-0.3,4,4,4,0,2,4,0,4,4,0,2,edgeCount
711,197,243,graphml/Cogentco.graphml,1,,clustered,0.5;-0.3,19,19,19,0,0,19,0,19,19,0,0,edgeCount
710,197,243,graphml/Cogentco.graphml,3,,clustered,0.5;-0.3,46,30,13,33,2,49,36,49,49,36,2,edgeCount
709,197,243,graphml/Cogentco.graphml,1,,clustered,0.5;-0.3,15,15,15,0,0,15,0,15,15,0,0,edgeCount
708,197,243,graphml/Cogentco.graphml,1,,clustered,0.5;-0.3,10,50,10,0,2,10,0,10,50,0,2,edgeCount
707,197,243,graphml/Cogentco.graphml,1,,clustered,0.5;-0.3,6,6,6,0,0,6,0,6,6,0,0,edgeCount
706,197,243,graphml/Cogentco.graphml,2,,clustered,0.5;-0.3,-1,-1,-1,0,0,-1,0,-1,-1,0,0,edgeCount
705,197,243,graphml/Cogentco.graphml,2,,clustered,0.5;-0.3,55,21,15,40,2,19,4,19,19,4,2,edgeCount
704,197,243,graphml/Cogentco.graphml,1,,clustered,0.5;-0.3,5,5,5,0,4,5,0,5,5,0,4,edgeCount
703,197,243,graphml/Cogentco.graphml,2,,clustered,0.5;-0.3,12,12,12,0,0,12,0,12,12,0,0,edgeCount
702,197,243,graphml/Cogentco.graphml,1,,clustered,0.5;-0.3,23,23,23,0,0,23,0,23,23,0,0,edgeCount
701,197,243,graphml/Cogentco.graphml,1,,clustered,0.5;-0.3,9,9,9,0,2,9,0,9,9,0,2,edgeCount
700,197,243,graphml/Cogentco.graphml,2,,clustered,0.5;-0.3,15,15,15,0,6,15,0,15,15,0,6,edgeCount
699,197,243,graphml/Cogentco.graphml,2,,clustered,0.5;-0.3,10,10,10,0,0,10,0,10,10,0,0,edgeCount
698,197,243,graphml/Cogentco.graphml,3,,clustered,0.5;-0.3,53,53,12,41,0,55,43,53,53,41,0,edgeCount
697,197,243,graphml/Cogentco.graphml,1,,clustered,0.5;-0.3,12,12,12,0,0,12,0,12,12,0,0,edgeCount
696,197,243,graphml/Cogentco.graphml,2,,clustered,0.5;-0.3,14,14,14,0,0,14,0,14,14,0,0,edgeCount
695,197,243,graphml/Cogentco.graphml,3,,clustered,0.5;-0.3,42,20,9,33,0,70,61,70,70,61,0,edgeCount
694,197,243,graphml/Cogentco.graphml,2,,clustered,0.5;-0.3,7,5,5,2,4,5,0,5,33,0,4,edgeCount
693,197,243,graphml/Cogentco.graphml,1,,clustered,0.5;-0.3,13,13,13,0,2,13,0,13,13,0,2,edgeCount
692,197,243,graphml/Cogentco.graphml,1,,clustered,0.5;-0.3,-1,-1,-1,0,2,-1,0,-1,-1,0,2,edgeCount
691,197,243,graphml/Cogentco.graphml,3,,clustered,0.5;-0.3,18,48,8,10,0,24,16,24,24,16,0,edgeCount
690,197,243,graphml/Cogentco.graphml,2,,clustered,0.5;-0.3,26,15,8,18,2,8,0,8,8,0,2,edgeCount
689,197,243,graphml/Cogentco.graphml,2,,clustered,0.5;-0.3,24,24,11,13,0,24,13,24,24,13,0,edgeCount
688,197,243,graphml/Cogentco.graphml,2,,clustered,0.5;-0.3,14,14,13,1,0,14,1,14,14,1,0,edgeCount
687,197,243,graphml/Cogentco.graphml,2,,clustered,0.5;-0.3,5,9,5,0,0,9,4,9,9,4,0,edgeCount
686,197,243,graphml/Cogentco.graphml,2,,clustered,0.5;-0.3,-1,-1,-1,0,0,-1,0,-1,-1,0,0,edgeCount
685,197,243,graphml/Cogentco.graphml,2,,clustered,0.5;-0.3,-1,-1,-1,0,0,-1,0,-1,-1,0,0,edgeCount
684,197,243,graphml/Cogentco.graphml,2,,clustered,0.5;-0.3,7,7,7,0,0,7,0,7,7,0,0,edgeCount
683,197,243,graphml/Cogentco.graphml,2,,clustered,0.5;-0.3,20,20,20,0,0,74,54,20,20,0,0,edgeCount
682,197,243,graphml/Cogentco.graphml,1,,clustered,0.5;-0.3,-1,-1,-1,0,0,-1,0,-1,-1,0,0,edgeCount
681,197,243,graphml/Cogentco.graphml,2,,clustered,0.5;-0.3,-1,-1,-1,0,0,-1,0,-1,-1,0,0,edgeCount
680,197,243,graphml/Cogentco.graphml,2,,clustered,0.5;-0.3,3,3,3,0,0,3,0,3,3,0,0,edgeCount
679,197,243,graphml/Cogentco.graphml,1,,clustered,0.5;-0.3,8,8,8,0,2,8,0,8,8,0,2,edgeCount
678,197,243,graphml/Cogentco.graphml,1,,clustered,0.5;-0.3,14,14,14,0,0,14,0,14,14,0,0,edgeCount
677,197,243,graphml/Cogentco.graphml,1,,clustered,0.5;-0.3,15,15,15,0,0,15,0,15,15,0,0,edgeCount
676,197,243,graphml/Cogentco.graphml,2,,clustered,0.5;-0.3,12,56,12,0,2,26,14,26,44,14,2,edgeCount
675,197,243,graphml/Cogentco.graphml,2,,clustered,0.5;-0.3,35,35,12,23,0,35,23,35,35,23,0,edgeCount
674,197,243,graphml/Cogentco.graphml,2,,clustered,0.5;-0.3,13,13,13,0,0,13,0,13,13,0,0,edgeCount
673,197,243,graphml/Cogentco.graphml,2,,clustered,0.5;-0.3,16,33,14,2,4,34,20,34,54,20,4,edgeCount
672,197,243,graphml/Cogentco.graphml,2,,clustered,0.5;-0.3,-1,-1,-1,0,0,-1,0,-1,-1,0,0,edgeCount
671,197,243,graphml/Cogentco.graphml,1,,clustered,0.5;-0.3,48,30,17,31,2,-1,-18,48,30,31,2,edgeCount
670,197,243,graphml/Cogentco.graphml,2,,clustered,0.5;-0.3,13,13,12,1,2,13,1,13,13,1,2,edgeCount
669,197,243,graphml/Cogentco.graphml,2,,clustered,0.5;-0.3,10,10,10,0,0,10,0,10,10,0,0,edgeCount
668,197,243,graphml/Cogentco.graphml,2,,clustered,0.5;-0.3,15,19,11,4,2,31,20,31,31,20,2,edgeCount
667,197,243,graphml/Cogentco.graphml,2,,clustered,0.5;-0.3,46,46,15,31,0,46,31,46,46,31,0,edgeCount
666,197,243,graphml/Cogentco.graphml,2,,clustered,0.5;-0.3,69,23,17,52,2,-1,-18,58,56,41,2,edgeCount
665,197,243,graphml/Cogentco.graphml,2,,clustered,0.5;-0.3,46,46,16,30,0,46,30,46,46,30,0,edgeCount
664,197,243,graphml/Cogentco.graphml,1,,clustered,0.5;-0.3,17,17,17,0,0,17,0,17,17,0,0,edgeCount
663,197,243,graphml/Cogentco.graphml,2,,clustered,0.5;-0.3,51,51,18,33,0,51,33,51,51,33,0,edgeCount
662,197,243,graphml/Cogentco.graphml,2,,clustered,0.5;-0.3,6,6,6,0,2,6,0,6,6,0,2,edgeCount
661,197,243,graphml/Cogentco.graphml,2,,clustered,0.5;-0.3,-1,-1,-1,0,0,-1,0,-1,-1,0,0,edgeCount
660,197,243,graphml/Cogentco.graphml,2,,clustered,0.5;-0.3,-1,-1,26,-27,0,-1,-27,-1,-1,-27,0,edgeCount
659,197,243,graphml/Cogentco.graphml,1,,clustered,0.5;-0.3,16,16,9,7,2,-1,-10,16,16,7,2,edgeCount
658,197,243,graphml/Cogentco.graphml,2,,clustered,0.5;-0.3,4,8,4,0,0,-1,-5,-1,-1,-5,0,edgeCount
657,197,243,graphml/Cogentco.graphml,2,,clustered,0.5;-0.3,3,3,3,0,0,3,0,3,3,0,0,edgeCount
656,197,243,graphml/Cogentco.graphml,2,,clustered,0.5;-0.3,-1,-1,-1,0,0,-1,0,-1,-1,0,0,edgeCount
655,197,243,graphml/Cogentco.graphml,1,,clustered,0.5;-0.3,17,17,6,11,4,-1,-7,17,17,11,4,edgeCount
654,197,243,graphml/Cogentco.graphml,1,,clustered,0.5;-0.3,-1,-1,-1,0,0,-1,0,-1,-1,0,0,edgeCount
653,197,243,graphml/Cogentco.graphml,1,,clustered,0.5;-0.3,-1,-1,9,-10,0,-1,-10,-1,-1,-10,0,edgeCount
652,197,243,graphml/Cogentco.graphml,2,,clustered,0.5;-0.3,35,35,14,21,0,35,21,35,35,21,0,edgeCount
651,197,243,graphml/Cogentco.graphml,2,,clustered,0.5;-0.3,27,115,22,5,2,63,41,63,63,41,2,edgeCount
650,197,243,graphml/Cogentco.graphml,2,,clustered,0.5;-0.3,71,71,24,47,0,71,47,71,71,47,0,edgeCount
649,197,243,graphml/Cogentco.graphml,2,,clustered,0.5;-0.3,7,7,7,0,0,7,0,7,7,0,0,edgeCount
648,197,243,graphml/Cogentco.graphml,2,,clustered,0.5;-0.3,14,14,9,5,0,14,5,14,14,5,0,edgeCount
647,197,243,graphml/Cogentco.graphml,2,,clustered,0.5;-0.3,11,11,11,0,0,11,0,11,11,0,0,edgeCount
646,197,243,graphml/Cogentco.graphml,2,,clustered,0.5;-0.3,-1,-1,13,-14,0,-1,-14,-1,-1,-14,0,edgeCount
645,197,243,graphml/Cogentco.graphml,2,,clustered,0.5;-0.3,-1,-1,-1,0,0,-1,0,-1,-1,0,0,edgeCount
644,197,243,graphml/Cogentco.graphml,2,,clustered,0.5;-0.3,5,5,5,0,0,5,0,5,5,0,0,edgeCount
643,197,243,graphml/Cogentco.graphml,1,,clustered,0.5;-0.3,9,9,9,0,0,9,0,9,9,0,0,edgeCount
642,197,243,graphml/Cogentco.graphml,1,,clustered,0.5;-0.3,16,16,16,0,0,16,0,16,16,0,0,edgeCount
641,197,243,graphml/Cogentco.graphml,1,,clustered,0.5;-0.3,16,64,16,0,2,16,0,16,64,0,2,edgeCount
640,197,243,graphml/Cogentco.graphml,1,,clustered,0.5;-0.3,-1,-1,-1,0,0,-1,0,-1,-1,0,0,edgeCount
639,197,243,graphml/Cogentco.graphml,2,,clustered,0.5;-0.3,-1,-1,-1,0,0,-1,0,-1,-1,0,0,edgeCount
638,197,243,graphml/Cogentco.graphml,2,,clustered,0.5;-0.3,13,13,5,8,0,13,8,13,13,8,0,edgeCount
637,197,243,graphml/Cogentco.graphml,2,,clustered,0.5;-0.3,27,47,5,22,0,5,0,5,5,0,0,edgeCount
636,197,243,graphml/Cogentco.graphml,2,,clustered,0.5;-0.3,39,15,15,24,2,-1,-16,38,36,23,2,edgeCount
635,197,243,graphml/Cogentco.graphml,1,,clustered,0.5;-0.3,27,27,21,6,2,21,0,27,27,6,2,edgeCount
634,197,243,graphml/Cogentco.graphml,3,,clustered,0.5;-0.3,11,11,7,4,0,11,4,11,11,4,0,edgeCount
633,197,243,graphml/Cogentco.graphml,1,,clustered,0.5;-0.3,11,11,11,0,4,11,0,11,11,0,4,edgeCount
632,197,243,graphml/Cogentco.graphml,2,,clustered,0.5;-0.3,3,3,3,0,2,3,0,3,3,0,2,edgeCount
631,197,243,graphml/Cogentco.graphml,1,,clustered,0.5;-0.3,-1,-1,-1,0,2,-1,0,-1,-1,0,2,edgeCount
630,197,243,graphml/Cogentco.graphml,1,,clustered,0.5;-0.3,-1,-1,-1,0,2,-1,0,-1,-1,0,2,edgeCount
629,197,243,graphml/Cogentco.graphml,1,,clustered,0.5;-0.3,18,18,18,0,0,18,0,18,18,0,0,edgeCount
628,197,243,graphml/Cogentco.graphml,2,,clustered,0.5;-0.3,29,31,9,20,2,9,0,9,9,0,2,edgeCount
627,197,243,graphml/Cogentco.graphml,2,,clustered,0.5;-0.3,15,15,6,9,0,15,9,15,15,9,0,edgeCount
626,197,243,graphml/Cogentco.graphml,2,,clustered,0.5;-0.3,-1,-1,17,-18,0,-1,-18,-1,-1,-18,0,edgeCount
625,197,243,graphml/Cogentco.graphml,2,,clustered,0.5;-0.3,23,48,17,6,2,45,28,45,45,28,2,edgeCount
624,197,243,graphml/Cogentco.graphml,2,,clustered,0.5;-0.3,18,10,10,8,2,10,0,10,10,0,2,edgeCount
623,197,243,graphml/Cogentco.graphml,2,,clustered,0.5;-0.3,17,17,17,0,0,17,0,17,17,0,0,edgeCount
622,197,243,graphml/Cogentco.graphml,1,,clustered,0.5;-0.3,6,13,6,0,2,6,0,6,13,0,2,edgeCount
621,197,243,graphml/Cogentco.graphml,2,,clustered,0.5;-0.3,29,53,10,19,2,29,19,29,53,19,2,edgeCount
620,197,243,graphml/Cogentco.graphml,3,,clustered,0.5;-0.3,9,23,6,3,0,17,11,17,17,11,0,edgeCount
619,197,243,graphml/Cogentco.graphml,2,,clustered,0.5;-0.3,11,11,11,0,0,-1,-12,-1,-1,-12,0,edgeCount
618,197,243,graphml/Cogentco.graphml,3,,clustered,0.5;-0.3,33,8,8,25,0,8,0,8,8,0,0,edgeCount
617,197,243,graphml/Cogentco.graphml,2,,clustered,0.5;-0.3,42,46,12,30,0,14,2,14,14,2,0,edgeCount
616,197,243,graphml/Cogentco.graphml,2,,clustered,0.5;-0.3,-1,-1,-1,0,0,-1,0,-1,-1,0,0,edgeCount
615,197,243,graphml/Cogentco.graphml,2,,clustered,0.5;-0.3,8,6,3,5,2,8,5,8,6,5,2,edgeCount
614,197,243,graphml/Cogentco.graphml,2,,clustered,0.5;-0.3,-1,-1,-1,0,4,-1,0,-1,-1,0,4,edgeCount
613,197,243,graphml/Cogentco.graphml,2,,clustered,0.5;-0.3,17,16,13,4,2,16,3,16,16,3,2,edgeCount
612,197,243,graphml/Cogentco.graphml,2,,clustered,0.5;-0.3,9,9,9,0,0,9,0,9,9,0,0,edgeCount
611,197,243,graphml/Cogentco.graphml,2,,clustered,0.5;-0.3,11,35,11,0,2,15,4,11,35,0,2,edgeCount
610,197,243,graphml/Cogentco.graphml,2,,clustered,0.5;-0.3,14,14,12,2,0,14,2,14,14,2,0,edgeCount
609,197,243,graphml/Cogentco.graphml,2,,clustered,0.5;-0.3,33,33,10,23,0,33,23,33,33,23,0,edgeCount
608,197,243,graphml/Cogentco.graphml,1,,clustered,0.5;-0.3,11,11,11,0,0,11,0,11,11,0,0,edgeCount
607,197,243,graphml/Cogentco.graphml,2,,clustered,0.5;-0.3,-1,-1,-1,0,0,-1,0,-1,-1,0,0,edgeCount
606,197,243,graphml/Cogentco.graphml,2,,clustered,0.5;-0.3,-1,-1,-1,0,0,-1,0,-1,-1,0,0,edgeCount
605,197,243,graphml/Cogentco.graphml,3,,clustered,0.5;-0.3,36,36,13,23,0,66,53,66,66,53,0,edgeCount
604,197,243,graphml/Cogentco.graphml,2,,clustered,0.5;-0.3,58,24,13,45,14,-1,-14,26,31,13,14,edgeCount
603,197,243,graphml/Cogentco.graphml,1,,clustered,0.5;-0.3,13,21,13,0,4,13,0,13,21,0,4,edgeCount
602,197,243,graphml/Cogentco.graphml,2,,clustered,0.5;-0.3,65,15,15,50,2,15,0,15,15,0,2,edgeCount
601,197,243,graphml/Cogentco.graphml,3,,clustered,0.5;-0.3,86,86,14,72,0,86,72,86,86,72,0,edgeCount
600,197,243,graphml/Cogentco.graphml,1,,clustered,0.5;-0.3,27,53,13,14,4,-1,-14,27,53,14,4,edgeCount
599,197,243,graphml/Cogentco.graphml,1,,clustered,0.5;-0.3,13,13,13,0,2,13,0,13,13,0,2,edgeCount
598,197,243,graphml/Cogentco.graphml,1,,clustered,0.5;-0.3,11,41,11,0,6,11,0,11,41,0,6,edgeCount
597,197,243,graphml/Cogentco.graphml,1,,clustered,0.5;-0.3,15,9,7,8,2,-1,-8,15,9,8,2,edgeCount
596,197,243,graphml/Cogentco.graphml,1,,clustered,0.5;-0.3,17,17,17,0,0,17,0,17,17,0,0,edgeCount
595,197,243,graphml/Cogentco.graphml,1,,clustered,0.5;-0.3,-1,-1,-1,0,2,-1,0,-1,-1,0,2,edgeCount
594,197,243,graphml/Cogentco.graphml,2,,clustered,0.5;-0.3,9,9,9,0,0,9,0,9,9,0,0,edgeCount
593,197,243,graphml/Cogentco.graphml,1,,clustered,0.5;-0.3,22,22,22,0,0,22,0,22,22,0,0,edgeCount
592,197,243,graphml/Cogentco.graphml,2,,clustered,0.5;-0.3,9,9,9,0,2,9,0,9,9,0,2,edgeCount
591,197,243,graphml/Cogentco.graphml,1,,clustered,0.5;-0.3,-1,-1,15,-16,2,-1,-16,-1,-1,-16,2,edgeCount
590,197,243,graphml/Cogentco.graphml,1,,clustered,0.5;-0.3,-1,-1,-1,0,2,-1,0,-1,-1,0,2,edgeCount
589,197,243,graphml/Cogentco.graphml,1,,clustered,0.5;-0.3,-1,-1,8,-9,2,-1,-9,-1,-1,-9,2,edgeCount
588,197,243,graphml/Cogentco.graphml,3,,clustered,0.5;-0.3,8,8,6,2,0,25,19,8,8,2,0,edgeCount
587,197,243,graphml/Cogentco.graphml,2,,clustered,0.5;-0.3,-1,-1,-1,0,0,-1,0,-1,-1,0,0,edgeCount
586,197,243,graphml/Cogentco.graphml,2,,clustered,0.5;-0.3,-1,-1,10,-11,4,-1,-11,-1,-1,-11,4,edgeCount
585,197,243,graphml/Cogentco.graphml,2,,clustered,0.5;-0.3,12,20,9,3,2,10,1,12,20,3,2,edgeCount
584,197,243,graphml/Cogentco.graphml,2,,clustered,0.5;-0.3,51,51,16,35,0,51,35,51,51,35,0,edgeCount
583,197,243,graphml/Cogentco.graphml,1,,clustered,0.5;-0.3,21,21,21,0,0,21,0,21,21,0,0,edgeCount
582,197,243,graphml/Cogentco.graphml,1,,clustered,0.5;-0.3,13,13,13,0,0,13,0,13,13,0,0,edgeCount
581,197,243,graphml/Cogentco.graphml,1,,clustered,0.5;-0.3,23,23,23,0,0,23,0,23,23,0,0,edgeCount
580,197,243,graphml/Cogentco.graphml,2,,clustered,0.5;-0.3,39,39,12,27,0,39,27,39,39,27,0,edgeCount
579,197,243,graphml/Cogentco.graphml,2,,clustered,0.5;-0.3,-1,-1,-1,0,0,-1,0,-1,-1,0,0,edgeCount
578,197,243,graphml/Cogentco.graphml,1,,clustered,0.5;-0.3,-1,-1,-1,0,2,-1,0,-1,-1,0,2,edgeCount
577,197,243,graphml/Cogentco.graphml,2,,clustered,0.5;-0.3,-1,-1,15,-16,0,-1,-16,-1,-1,-16,0,edgeCount
576,197,243,graphml/Cogentco.graphml,1,,clustered,0.5;-0.3,-1,-1,-1,0,0,-1,0,-1,-1,0,0,edgeCount
575,197,243,graphml/Cogentco.graphml,2,,clustered,0.5;-0.3,58,22,17,41,2,-1,-18,58,22,41,2,edgeCount
574,197,243,graphml/Cogentco.graphml,1,,clustered,0.5;-0.3,-1,-1,-1,0,2,-1,0,-1,-1,0,2,edgeCount
573,197,243,graphml/Cogentco.graphml,2,,clustered,0.5;-0.3,17,17,17,0,0,55,38,17,17,0,0,edgeCount
572,197,243,graphml/Cogentco.graphml,2,,clustered,0.5;-0.3,6,6,5,1,0,6,1,6,6,1,0,edgeCount
571,197,243,graphml/Cogentco.graphml,1,,clustered,0.5;-0.3,26,26,20,6,2,20,0,26,26,6,2,edgeCount
570,197,243,graphml/Cogentco.graphml,1,,clustered,0.5;-0.3,9,39,9,0,4,9,0,9,39,0,4,edgeCount
569,197,243,graphml/Cogentco.graphml,1,,clustered,0.5;-0.3,22,22,20,2,4,-1,-21,22,22,2,4,edgeCount
568,197,243,graphml/Cogentco.graphml,1,,clustered,0.5;-0.3,15,15,15,0,0,15,0,15,15,0,0,edgeCount
567,197,243,graphml/Cogentco.graphml,1,,clustered,0.5;-0.3,6,6,6,0,0,6,0,6,6,0,0,edgeCount
566,197,243,graphml/Cogentco.graphml,1,,clustered,0.5;-0.3,5,5,5,0,0,5,0,5,5,0,0,edgeCount
565,197,243,graphml/Cogentco.graphml,1,,clustered,0.5;-0.3,9,9,9,0,0,9,0,9,9,0,0,edgeCount
564,197,243,graphml/Cogentco.graphml,1,,clustered,0.5;-0.3,17,34,17,0,4,17,0,17,34,0,4,edgeCount
563,197,243,graphml/Cogentco.graphml,2,,clustered,0.5;-0.3,32,32,11,21,0,32,21,32,32,21,0,edgeCount
562,197,243,graphml/Cogentco.graphml,2,,clustered,0.5;-0.3,30,8,8,22,2,8,0,8,8,0,2,edgeCount
561,197,243,graphml/Cogentco.graphml,1,,clustered,0.5;-0.3,22,22,22,0,4,22,0,22,22,0,4,edgeCount
560,197,243,graphml/Cogentco.graphml,3,,clustered,0.5;-0.3,9,9,9,0,0,9,0,9,9,0,0,edgeCount
559,197,243,graphml/Cogentco.graphml,2,,clustered,0.5;-0.3,15,26,10,5,12,31,21,31,37,21,10,edgeCount
558,197,243,graphml/Cogentco.graphml,2,,clustered,0.5;-0.3,9,9,9,0,0,9,0,9,9,0,0,edgeCount
557,197,243,graphml/Cogentco.graphml,1,,clustered,0.5;-0.3,16,16,16,0,0,16,0,16,16,0,0,edgeCount
556,197,243,graphml/Cogentco.graphml,2,,clustered,0.5;-0.3,6,20,5,1,2,16,11,16,6,11,2,edgeCount
555,197,243,graphml/Cogentco.graphml,2,,clustered,0.5;-0.3,-1,-1,-1,0,0,-1,0,-1,-1,0,0,edgeCount
554,197,243,graphml/Cogentco.graphml,2,,clustered,0.5;-0.3,58,24,21,37,0,-1,-22,-1,-1,-22,0,edgeCount
553,197,243,graphml/Cogentco.graphml,1,,clustered,0.5;-0.3,2,2,2,0,0,2,0,2,2,0,0,edgeCount
552,197,243,graphml/Cogentco.graphml,1,,clustered,0.5;-0.3,23,23,23,0,0,23,0,23,23,0,0,edgeCount
551,197,243,graphml/Cogentco.graphml,2,,clustered,0.5;-0.3,47,11,11,36,2,11,0,11,11,0,2,edgeCount
550,197,243,graphml/Cogentco.graphml,2,,clustered,0.5;-0.3,19,19,17,2,0,19,2,19,19,2,0,edgeCount
549,197,243,graphml/Cogentco.graphml,1,,clustered,0.5;-0.3,-1,-1,13,-14,2,-1,-14,-1,-1,-14,2,edgeCount
548,197,243,graphml/Cogentco.graphml,2,,clustered,0.5;-0.3,-1,-1,-1,0,0,-1,0,-1,-1,0,0,edgeCount
547,197,243,graphml/Cogentco.graphml,2,,clustered,0.5;-0.3,26,26,21,5,0,26,5,26,26,5,0,edgeCount
546,197,243,graphml/Cogentco.graphml,1,,clustered,0.5;-0.3,19,19,19,0,4,19,0,19,19,0,4,edgeCount
545,197,243,graphml/Cogentco.graphml,2,,clustered,0.5;-0.3,22,22,17,5,0,22,5,22,22,5,0,edgeCount
544,197,243,graphml/Cogentco.graphml,2,,clustered,0.5;-0.3,61,61,16,45,0,61,45,61,61,45,0,edgeCount
543,197,243,graphml/Cogentco.graphml,2,,clustered,0.5;-0.3,24,20,15,9,0,44,29,44,44,29,0,edgeCount
542,197,243,graphml/Cogentco.graphml,2,,clustered,0.5;-0.3,-1,-1,-1,0,0,-1,0,-1,-1,0,0,edgeCount
541,197,243,graphml/Cogentco.graphml,2,,clustered,0.5;-0.3,10,22,6,4,2,10,4,10,22,4,2,edgeCount
540,197,243,graphml/Cogentco.graphml,2,,clustered,0.5;-0.3,53,53,21,32,0,53,32,53,53,32,0,edgeCount
539,197,243,graphml/Cogentco.graphml,3,,clustered,0.5;-0.3,12,29,11,1,2,34,23,34,34,23,2,edgeCount
538,197,243,graphml/Cogentco.graphml,2,,clustered,0.5;-0.3,26,26,13,13,0,26,13,26,26,13,0,edgeCount
537,197,243,graphml/Cogentco.graphml,2,,clustered,0.5;-0.3,37,11,11,26,0,11,0,11,11,0,0,edgeCount
536,197,243,graphml/Cogentco.graphml,1,,clustered,0.5;-0.3,11,11,11,0,0,11,0,11,11,0,0,edgeCount
535,197,243,graphml/Cogentco.graphml,2,,clustered,0.5;-0.3,-1,-1,-1,0,0,-1,0,-1,-1,0,0,edgeCount
534,197,243,graphml/Cogentco.graphml,2,,clustered,0.5;-0.3,66,66,19,47,0,66,47,66,66,47,0,edgeCount
533,197,243,graphml/Cogentco.graphml,3,,clustered,0.5;-0.3,15,24,7,8,4,31,24,36,35,29,4,edgeCount
532,197,243,graphml/Cogentco.graphml,3,,clustered,0.5;-0.3,12,8,5,7,2,18,13,40,19,35,2,edgeCount
531,197,243,graphml/Cogentco.graphml,2,,clustered,0.5;-0.3,58,58,23,35,6,-1,-24,64,64,41,6,edgeCount
530,197,243,graphml/Cogentco.graphml,2,,clustered,0.5;-0.3,23,85,22,1,0,67,45,67,67,45,0,edgeCount
529,197,243,graphml/Cogentco.graphml,1,,clustered,0.5;-0.3,21,21,19,2,2,-1,-20,21,21,2,2,edgeCount
528,197,243,graphml/Cogentco.graphml,1,,clustered,0.5;-0.3,48,48,24,24,2,-1,-25,48,48,24,2,edgeCount
527,197,243,graphml/Cogentco.graphml,2,,clustered,0.5;-0.3,6,6,6,0,0,6,0,6,6,0,0,edgeCount
526,197,243,graphml/Cogentco.graphml,2,,clustered,0.5;-0.3,-1,-1,-1,0,0,-1,0,-1,-1,0,0,edgeCount
525,197,243,graphml/Cogentco.graphml,2,,clustered,0.5;-0.3,8,8,8,0,2,8,0,8,8,0,2,edgeCount
524,197,243,graphml/Cogentco.graphml,1,,clustered,0.5;-0.3,17,17,17,0,4,17,0,17,17,0,4,edgeCount
523,197,243,graphml/Cogentco.graphml,2,,clustered,0.5;-0.3,23,23,8,15,2,23,15,23,23,15,2,edgeCount
522,197,243,graphml/Cogentco.graphml,1,,clustered,0.5;-0.3,9,9,9,0,0,9,0,9,9,0,0,edgeCount
521,197,243,graphml/Cogentco.graphml,2,,clustered,0.5;-0.3,30,30,13,17,0,30,17,30,30,17,0,edgeCount
520,197,243,graphml/Cogentco.graphml,2,,clustered,0.5;-0.3,2,2,2,0,2,2,0,2,2,0,2,edgeCount
519,197,243,graphml/Cogentco.graphml,2,,clustered,0.5;-0.3,36,14,14,22,0,-1,-15,-1,-1,-15,0,edgeCount
518,197,243,graphml/Cogentco.graphml,1,,clustered,0.5;-0.3,-1,-1,-1,0,2,-1,0,-1,-1,0,2,edgeCount
517,197,243,graphml/Cogentco.graphml,3,,clustered,0.5;-0.3,36,36,14,22,0,32,18,32,32,18,0,edgeCount
516,197,243,graphml/Cogentco.graphml,1,,clustered,0.5;-0.3,5,20,5,0,4,5,0,5,20,0,4,edgeCount
515,197,243,graphml/Cogentco.graphml,2,,clustered,0.5;-0.3,43,43,15,28,0,43,28,43,43,28,0,edgeCount
514,197,243,graphml/Cogentco.graphml,2,,clustered,0.5;-0.3,13,21,5,8,0,5,0,5,5,0,0,edgeCount
513,197,243,graphml/Cogentco.graphml,3,,clustered,0.5;-0.3,37,19,9,28,0,11,2,11,11,2,0,edgeCount
512,197,243,graphml/Cogentco.graphml,2,,clustered,0.5;-0.3,16,24,9,7,2,32,23,32,32,23,2,edgeCount
511,197,243,graphml/Cogentco.graphml,2,,clustered,0.5;-0.3,4,6,4,0,2,4,0,4,6,0,2,edgeCount
510,197,243,graphml/Cogentco.graphml,2,,clustered,0.5;-0.3,12,12,8,4,0,12,4,12,12,4,0,edgeCount
509,197,243,graphml/Cogentco.graphml,2,,clustered,0.5;-0.3,9,9,6,3,2,9,3,9,37,3,2,edgeCount
508,197,243,graphml/Cogentco.graphml,1,,clustered,0.5;-0.3,15,15,15,0,0,15,0,15,15,0,0,edgeCount
507,197,243,graphml/Cogentco.graphml,3,,clustered,0.5;-0.3,9,9,9,0,0,9,0,9,9,0,0,edgeCount
506,197,243,graphml/Cogentco.graphml,2,,clustered,0.5;-0.3,11,11,11,0,0,35,24,35,35,24,0,edgeCount
505,197,243,graphml/Cogentco.graphml,2,,clustered,0.5;-0.3,11,53,8,3,0,25,17,25,25,17,0,edgeCount
504,197,243,graphml/Cogentco.graphml,2,,clustered,0.5;-0.3,-1,-1,-1,0,0,-1,0,-1,-1,0,0,edgeCount
503,197,243,graphml/Cogentco.graphml,2,,clustered,0.5;-0.3,11,11,11,0,2,12,1,12,11,1,2,edgeCount
502,197,243,graphml/Cogentco.graphml,2,,clustered,0.5;-0.3,13,13,13,0,0,13,0,13,13,0,0,edgeCount
501,197,243,graphml/Cogentco.graphml,2,,clustered,0.5;-0.3,7,7,7,0,0,7,0,7,7,0,0,edgeCount
500,197,243,graphml/Cogentco.graphml,2,,clustered,0.5;-0.3,18,19,15,3,2,42,27,42,49,27,2,edgeCount
499,197,243,graphml/Cogentco.graphml,2,,clustered,0.5;-0.3,19,19,19,0,0,19,0,19,19,0,0,edgeCount
498,197,243,graphml/Cogentco.graphml,2,,clustered,0.5;-0.3,47,15,15,32,2,15,0,15,15,0,2,edgeCount
497,197,243,graphml/Cogentco.graphml,1,,clustered,0.5;-0.3,8,8,8,0,0,8,0,8,8,0,0,edgeCount
496,197,243,graphml/Cogentco.graphml,2,,clustered,0.5;-0.3,4,4,4,0,2,4,0,4,4,0,2,edgeCount
495,197,243,graphml/Cogentco.graphml,1,,clustered,0.5;-0.3,14,8,7,7,2,-1,-8,14,8,7,2,edgeCount
494,197,243,graphml/Cogentco.graphml,2,,clustered,0.5;-0.3,31,19,8,23,2,-1,-9,31,31,23,2,edgeCount
493,197,243,graphml/Cogentco.graphml,2,,clustered,0.5;-0.3,44,10,9,35,6,10,1,10,10,1,6,edgeCount
492,197,243,graphml/Cogentco.graphml,1,,clustered,0.5;-0.3,-1,-1,-1,0,0,-1,0,-1,-1,0,0,edgeCount
491,197,243,graphml/Cogentco.graphml,1,,clustered,0.5;-0.3,15,15,15,0,0,15,0,15,15,0,0,edgeCount
490,197,243,graphml/Cogentco.graphml,1,,clustered,0.5;-0.3,14,14,14,0,0,14,0,14,14,0,0,edgeCount
489,197,243,graphml/Cogentco.graphml,1,,clustered,0.5;-0.3,12,12,12,0,0,12,0,12,12,0,0,edgeCount
488,197,243,graphml/Cogentco.graphml,2,,clustered,0.5;-0.3,14,14,14,0,0,14,0,14,14,0,0,edgeCount
487,197,243,graphml/Cogentco.graphml,2,,clustered,0.5;-0.3,30,48,6,24,0,6,0,6,6,0,0,edgeCount
486,197,243,graphml/Cogentco.graphml,2,,clustered,0.5;-0.3,8,18,8,0,0,-1,-9,-1,-1,-9,0,edgeCount
485,197,243,graphml/Cogentco.graphml,2,,clustered,0.5;-0.3,8,8,8,0,0,8,0,8,8,0,0,edgeCount
484,197,243,graphml/Cogentco.graphml,1,,clustered,0.5;-0.3,-1,-1,-1,0,0,-1,0,-1,-1,0,0,edgeCount
483,197,243,graphml/Cogentco.graphml,1,,clustered,0.5;-0.3,9,9,9,0,0,9,0,9,9,0,0,edgeCount
482,197,243,graphml/Cogentco.graphml,2,,clustered,0.5;-0.3,46,46,19,27,0,46,27,46,46,27,0,edgeCount
481,197,243,graphml/Cogentco.graphml,3,,clustered,0.5;-0.3,34,34,13,21,0,64,51,64,64,51,0,edgeCount
480,197,243,graphml/Cogentco.graphml,2,,clustered,0.5;-0.3,39,39,15,24,0,39,24,39,39,24,0,edgeCount
479,197,243,graphml/Cogentco.graphml,2,,clustered,0.5;-0.3,7,7,7,0,0,19,12,7,7,0,0,edgeCount
478,197,243,graphml/Cogentco.graphml,2,,clustered,0.5;-0.3,4,4,4,0,0,4,0,4,4,0,0,edgeCount
477,197,243,graphml/Cogentco.graphml,2,,clustered,0.5;-0.3,4,3,3,1,2,3,0,3,3,0,2,edgeCount
476,197,243,graphml/Cogentco.graphml,2,,clustered,0.5;-0.3,19,10,7,12,2,7,0,7,7,0,2,edgeCount
475,197,243,graphml/Cogentco.graphml,3,,clustered,0.5;-0.3,17,17,14,3,0,17,3,17,17,3,0,edgeCount
474,197,243,graphml/Cogentco.graphml,2,,clustered,0.5;-0.3,8,14,7,1,2,14,7,14,14,7,2,edgeCount
473,197,243,graphml/Cogentco.graphml,2,,clustered,0.5;-0.3,43,43,11,32,0,43,32,43,43,32,0,edgeCount
472,197,243,graphml/Cogentco.graphml,1,,clustered,0.5;-0.3,15,15,15,0,0,15,0,15,15,0,0,edgeCount
471,197,243,graphml/Cogentco.graphml,2,,clustered,0.5;-0.3,3,3,3,0,0,3,0,3,3,0,0,edgeCount
470,197,243,graphml/Cogentco.graphml,2,,clustered,0.5;-0.3,12,4,4,8,2,4,0,4,4,0,2,edgeCount
469,197,243,graphml/Cogentco.graphml,2,,clustered,0.5;-0.3,13,45,10,3,0,27,17,27,27,17,0,edgeCount
468,197,243,graphml/Cogentco.graphml,2,,clustered,0.5;-0.3,10,3,3,7,2,3,0,3,3,0,2,edgeCount
467,197,243,graphml/Cogentco.graphml,1,,clustered,0.5;-0.3,-1,-1,-1,0,2,-1,0,-1,-1,0,2,edgeCount
466,197,243,graphml/Cogentco.graphml,2,,clustered,0.5;-0.3,11,11,11,0,0,11,0,11,11,0,0,edgeCount
465,197,243,graphml/Cogentco.graphml,2,,clustered,0.5;-0.3,10,10,8,2,0,10,2,10,10,2,0,edgeCount
464,197,243,graphml/Cogentco.graphml,2,,clustered,0.5;-0.3,26,52,16,10,2,58,42,58,63,42,2,edgeCount
463,197,243,graphml/Cogentco.graphml,2,,clustered,0.5;-0.3,-1,-1,-1,0,0,-1,0,-1,-1,0,0,edgeCount
462,197,243,graphml/Cogentco.graphml,2,,clustered,0.5;-0.3,8,8,8,0,0,8,0,8,8,0,0,edgeCount
461,197,243,graphml/Cogentco.graphml,3,,clustered,0.5;-0.3,19,30,10,9,0,39,29,39,39,29,0,edgeCount
460,197,243,graphml/Cogentco.graphml,2,,clustered,0.5;-0.3,23,22,9,14,2,-1,-10,23,9,14,2,edgeCount
459,197,243,graphml/Cogentco.graphml,2,,clustered,0.5;-0.3,14,14,12,2,2,14,2,14,14,2,2,edgeCount
458,197,243,graphml/Cogentco.graphml,3,,clustered,0.5;-0.3,3,3,3,0,0,5,2,5,3,2,0,edgeCount
457,197,243,graphml/Cogentco.graphml,2,,clustered,0.5;-0.3,-1,-1,-1,0,0,-1,0,-1,-1,0,0,edgeCount
456,197,243,graphml/Cogentco.graphml,1,,clustered,0.5;-0.3,12,12,12,0,2,-1,-13,12,12,0,2,edgeCount
455,197,243,graphml/Cogentco.graphml,1,,clustered,0.5;-0.3,15,15,15,0,0,15,0,15,15,0,0,edgeCount
454,197,243,graphml/Cogentco.graphml,2,,clustered,0.5;-0.3,15,21,3,12,2,3,0,3,3,0,2,edgeCount
453,197,243,graphml/Cogentco.graphml,1,,clustered,0.5;-0.3,14,14,14,0,0,14,0,14,14,0,0,edgeCount
452,197,243,graphml/Cogentco.graphml,1,,clustered,0.5;-0.3,12,34,12,0,2,12,0,12,34,0,2,edgeCount
451,197,243,graphml/Cogentco.graphml,1,,clustered,0.5;-0.3,15,15,15,0,0,15,0,15,15,0,0,edgeCount
450,197,243,graphml/Cogentco.graphml,2,,clustered,0.5;-0.3,-1,-1,-1,0,0,-1,0,-1,-1,0,0,edgeCount
449,197,243,graphml/Cogentco.graphml,2,,clustered,0.5;-0.3,-1,-1,9,-10,0,-1,-10,-1,-1,-10,0,edgeCount
448,197,243,graphml/Cogentco.graphml,2,,clustered,0.5;-0.3,7,7,7,0,2,7,0,7,7,0,2,edgeCount
447,197,243,graphml/Cogentco.graphml,2,,clustered,0.5;-0.3,-1,-1,13,-14,0,-1,-14,-1,-1,-14,0,edgeCount
446,197,243,graphml/Cogentco.graphml,2,,clustered,0.5;-0.3,7,10,7,0,0,13,6,13,13,6,0,edgeCount
445,197,243,graphml/Cogentco.graphml,1,,clustered,0.5;-0.3,10,32,10,0,2,10,0,10,32,0,2,edgeCount
444,197,243,graphml/Cogentco.graphml,1,,clustered,0.5;-0.3,-1,-1,-1,0,2,-1,0,-1,-1,0,2,edgeCount
443,197,243,graphml/Cogentco.graphml,2,,clustered,0.5;-0.3,-1,-1,-1,0,0,-1,0,-1,-1,0,0,edgeCount
442,197,243,graphml/Cogentco.graphml,2,,clustered,0.5;-0.3,63,19,17,46,2,-1,-18,67,55,50,2,edgeCount
441,197,243,graphml/Cogentco.graphml,2,,clustered,0.5;-0.3,25,25,11,14,0,25,14,25,25,14,0,edgeCount
440,197,243,graphml/Cogentco.graphml,2,,clustered,0.5;-0.3,59,55,15,44,0,55,40,55,55,40,0,edgeCount
439,197,243,graphml/Cogentco.graphml,2,,clustered,0.5;-0.3,-1,-1,-1,0,0,-1,0,-1,-1,0,0,edgeCount
438,197,243,graphml/Cogentco.graphml,1,,clustered,0.5;-0.3,-1,-1,18,-19,2,-1,-19,-1,-1,-19,2,edgeCount
437,197,243,graphml/Cogentco.graphml,2,,clustered,0.5;-0.3,69,69,20,49,0,69,49,69,69,49,0,edgeCount
436,197,243,graphml/Cogentco.graphml,1,,clustered,0.5;-0.3,9,9,9,0,0,9,0,9,9,0,0,edgeCount
435,197,243,graphml/Cogentco.graphml,1,,clustered,0.5;-0.3,15,15,15,0,0,15,0,15,15,0,0,edgeCount
434,197,243,graphml/Cogentco.graphml,2,,clustered,0.5;-0.3,65,47,14,51,2,15,1,15,15,1,2,edgeCount
433,197,243,graphml/Cogentco.graphml,2,,clustered,0.5;-0.3,-1,-1,-1,0,0,-1,0,-1,-1,0,0,edgeCount
432,197,243,graphml/Cogentco.graphml,1,,clustered,0.5;-0.3,15,49,15,0,2,15,0,15,49,0,2,edgeCount
431,197,243,graphml/Cogentco.graphml,1,,clustered,0.5;-0.3,20,20,20,0,0,20,0,20,20,0,0,edgeCount
430,197,243,graphml/Cogentco.graphml,2,,clustered,0.5;-0.3,27,31,7,20,0,7,0,7,7,0,0,edgeCount
429,197,243,graphml/Cogentco.graphml,2,,clustered,0.5;-0.3,8,8,8,0,0,8,0,8,8,0,0,edgeCount
428,197,243,graphml/Cogentco.graphml,2,,clustered,0.5;-0.3,34,34,17,17,0,34,17,34,34,17,0,edgeCount
427,197,243,graphml/Cogentco.graphml,2,,clustered,0.5;-0.3,-1,-1,20,-21,0,-1,-21,-1,-1,-21,0,edgeCount
426,197,243,graphml/Cogentco.graphml,2,,clustered,0.5;-0.3,-1,-1,-1,0,0,-1,0,-1,-1,0,0,edgeCount
425,197,243,graphml/Cogentco.graphml,2,,clustered,0.5;-0.3,29,27,14,15,2,-1,-15,29,27,15,2,edgeCount
424,197,243,graphml/Cogentco.graphml,2,,clustered,0.5;-0.3,13,59,12,1,2,31,19,31,47,19,2,edgeCount
423,197,243,graphml/Cogentco.graphml,2,,clustered,0.5;-0.3,12,12,7,5,0,12,5,12,12,5,0,edgeCount
422,197,243,graphml/Cogentco.graphml,2,,clustered,0.5;-0.3,4,4,4,0,0,4,0,4,4,0,0,edgeCount
421,197,243,graphml/Cogentco.graphml,1,,clustered,0.5;-0.3,23,23,10,13,2,-1,-11,23,23,13,2,edgeCount
420,197,243,graphml/Cogentco.graphml,1,,clustered,0.5;-0.3,-1,-1,-1,0,0,-1,0,-1,-1,0,0,edgeCount
419,197,243,graphml/Cogentco.graphml,2,,clustered,0.5;-0.3,55,62,17,38,2,55,38,55,62,38,2,edgeCount
418,197,243,graphml/Cogentco.graphml,2,,clustered,0.5;-0.3,20,18,18,2,0,52,34,52,52,34,0,edgeCount
417,197,243,graphml/Cogentco.graphml,2,,clustered,0.5;-0.3,-1,-1,-1,0,0,-1,0,-1,-1,0,0,edgeCount
416,197,243,graphml/Cogentco.graphml,2,,clustered,0.5;-0.3,11,3,3,8,6,19,16,3,3,0,6,edgeCount
415,197,243,graphml/Cogentco.graphml,2,,clustered,0.5;-0.3,-1,-1,-1,0,0,-1,0,-1,-1,0,0,edgeCount
414,197,243,graphml/Cogentco.graphml,2,,clustered,0.5;-0.3,-1,-1,-1,0,0,-1,0,-1,-1,0,0,edgeCount
413,197,243,graphml/Cogentco.graphml,2,,clustered,0.5;-0.3,11,11,11,0,2,11,0,11,11,0,2,edgeCount
412,197,243,graphml/Cogentco.graphml,1,,clustered,0.5;-0.3,10,10,10,0,0,10,0,10,10,0,0,edgeCount
411,197,243,graphml/Cogentco.graphml,1,,clustered,0.5;-0.3,17,36,17,0,4,17,0,17,36,0,4,edgeCount
410,197,243,graphml/Cogentco.graphml,1,,clustered,0.5;-0.3,-1,-1,-1,0,0,-1,0,-1,-1,0,0,edgeCount
409,197,243,graphml/Cogentco.graphml,1,,clustered,0.5;-0.3,5,5,5,0,0,5,0,5,5,0,0,edgeCount
408,197,243,graphml/Cogentco.graphml,2,,clustered,0.5;-0.3,35,24,8,27,2,11,3,11,11,3,2,edgeCount
407,197,243,graphml/Cogentco.graphml,2,,clustered,0.5;-0.3,19,21,14,5,4,14,0,14,18,0,4,edgeCount
406,197,243,graphml/Cogentco.graphml,2,,clustered,0.5;-0.3,12,12,12,0,0,12,0,12,12,0,0,edgeCount
405,197,243,graphml/Cogentco.graphml,2,,clustered,0.5;-0.3,13,13,7,6,0,13,6,13,13,6,0,edgeCount
404,197,243,graphml/Cogentco.graphml,1,,clustered,0.5;-0.3,51,23,15,36,6,-1,-16,51,23,36,6,edgeCount
403,197,243,graphml/Cogentco.graphml,2,,clustered,0.5;-0.3,32,32,12,20,0,32,20,32,32,20,0,edgeCount
402,197,243,graphml/Cogentco.graphml,2,,clustered,0.5;-0.3,35,35,14,21,0,35,21,35,35,21,0,edgeCount
401,197,243,graphml/Cogentco.graphml,2,,clustered,0.5;-0.3,38,38,13,25,0,38,25,38,38,25,0,edgeCount
400,197,243,graphml/Cogentco.graphml,2,,clustered,0.5;-0.3,14,14,10,4,0,14,4,14,14,4,0,edgeCount
399,197,243,graphml/Cogentco.graphml,2,,clustered,0.5;-0.3,65,65,17,48,0,65,48,65,65,48,0,edgeCount
398,197,243,graphml/Cogentco.graphml,2,,clustered,0.5;-0.3,8,8,8,0,0,8,0,8,8,0,0,edgeCount
397,197,243,graphml/Cogentco.graphml,1,,clustered,0.5;-0.3,11,11,11,0,0,11,0,11,11,0,0,edgeCount
396,197,243,graphml/Cogentco.graphml,1,,clustered,0.5;-0.3,-1,-1,-1,0,2,-1,0,-1,-1,0,2,edgeCount
395,197,243,graphml/Cogentco.graphml,2,,clustered,0.5;-0.3,4,4,4,0,0,4,0,4,4,0,0,edgeCount
394,197,243,graphml/Cogentco.graphml,1,,clustered,0.5;-0.3,-1,-1,-1,0,0,-1,0,-1,-1,0,0,edgeCount
393,197,243,graphml/Cogentco.graphml,2,,clustered,0.5;-0.3,-1,-1,-1,0,0,-1,0,-1,-1,0,0,edgeCount
392,197,243,graphml/Cogentco.graphml,1,,clustered,0.5;-0.3,25,21,21,4,4,-1,-22,25,21,4,4,edgeCount
391,197,243,graphml/Cogentco.graphml,2,,clustered,0.5;-0.3,20,20,17,3,0,20,3,20,20,3,0,edgeCount
390,197,243,graphml/Cogentco.graphml,2,,clustered,0.5;-0.3,13,13,13,0,0,13,0,13,13,0,0,edgeCount
389,197,243,graphml/Cogentco.graphml,2,,clustered,0.5;-0.3,8,8,8,0,0,8,0,8,8,0,0,edgeCount
388,197,243,graphml/Cogentco.graphml,2,,clustered,0.5;-0.3,5,8,5,0,0,9,4,9,9,4,0,edgeCount
387,197,243,graphml/Cogentco.graphml,1,,clustered,0.5;-0.3,11,11,11,0,0,11,0,11,11,0,0,edgeCount
386,197,243,graphml/Cogentco.graphml,1,,clustered,0.5;-0.3,10,10,10,0,0,10,0,10,10,0,0,edgeCount
385,197,243,graphml/Cogentco.graphml,1,,clustered,0.5;-0.3,-1,-1,-1,0,2,-1,0,-1,-1,0,2,edgeCount
384,197,243,graphml/Cogentco.graphml,2,,clustered,0.5;-0.3,40,10,10,30,2,10,0,10,10,0,2,edgeCount
383,197,243,graphml/Cogentco.graphml,2,,clustered,0.5;-0.3,16,16,16,0,0,16,0,16,16,0,0,edgeCount
382,197,243,graphml/Cogentco.graphml,2,,clustered,0.5;-0.3,16,16,12,4,0,16,4,16,16,4,0,edgeCount
381,197,243,graphml/Cogentco.graphml,1,,clustered,0.5;-0.3,14,14,14,0,0,14,0,14,14,0,0,edgeCount
380,197,243,graphml/Cogentco.graphml,2,,clustered,0.5;-0.3,-1,-1,-1,0,0,-1,0,-1,-1,0,0,edgeCount
379,197,243,graphml/Cogentco.graphml,2,,clustered,0.5;-0.3,-1,-1,11,-12,4,-1,-12,-1,-1,-12,4,edgeCount
378,197,243,graphml/Cogentco.graphml,2,,clustered,0.5;-0.3,19,19,19,0,0,19,0,19,19,0,0,edgeCount
377,197,243,graphml/Cogentco.graphml,2,,clustered,0.5;-0.3,14,14,14,0,2,14,0,14,14,0,2,edgeCount
376,197,243,graphml/Cogentco.graphml,1,,clustered,0.5;-0.3,19,19,19,0,0,19,0,19,19,0,0,edgeCount
375,197,243,graphml/Cogentco.graphml,1,,clustered,0.5;-0.3,15,15,15,0,0,15,0,15,15,0,0,edgeCount
374,197,243,graphml/Cogentco.graphml,2,,clustered,0.5;-0.3,-1,-1,-1,0,0,-1,0,-1,-1,0,0,edgeCount
373,197,243,graphml/Cogentco.graphml,1,,clustered,0.5;-0.3,-1,-1,-1,0,2,-1,0,-1,-1,0,2,edgeCount
372,197,243,graphml/Cogentco.graphml,2,,clustered,0.5;-0.3,47,32,13,34,2,13,0,13,13,0,2,edgeCount
371,197,243,graphml/Cogentco.graphml,2,,clustered,0.5;-0.3,51,17,14,37,0,-1,-15,-1,-1,-15,0,edgeCount
370,197,243,graphml/Cogentco.graphml,2,,clustered,0.5;-0.3,21,21,16,5,0,21,5,21,21,5,0,edgeCount
369,197,243,graphml/Cogentco.graphml,1,,clustered,0.5;-0.3,13,13,13,0,0,13,0,13,13,0,0,edgeCount
368,197,243,graphml/Cogentco.graphml,2,,clustered,0.5;-0.3,-1,-1,-1,0,0,-1,0,-1,-1,0,0,edgeCount
367,197,243,graphml/Cogentco.graphml,1,,clustered,0.5;-0.3,23,23,21,2,2,-1,-22,23,23,2,2,edgeCount
366,197,243,graphml/Cogentco.graphml,2,,clustered,0.5;-0.3,33,37,11,22,2,11,0,33,37,22,2,edgeCount
365,197,243,graphml/Cogentco.graphml,2,,clustered,0.5;-0.3,4,4,4,0,0,4,0,4,4,0,0,edgeCount
364,197,243,graphml/Cogentco.graphml,2,,clustered,0.5;-0.3,30,30,10,20,0,30,20,30,30,20,0,edgeCount
363,197,243,graphml/Cogentco.graphml,1,,clustered,0.5;-0.3,-1,-1,-1,0,2,-1,0,-1,-1,0,2,edgeCount
362,197,243,graphml/Cogentco.graphml,2,,clustered,0.5;-0.3,39,39,12,27,0,39,27,39,39,27,0,edgeCount
361,197,243,graphml/Cogentco.graphml,2,,clustered,0.5;-0.3,-1,-1,-1,0,0,-1,0,-1,-1,0,0,edgeCount
360,197,243,graphml/Cogentco.graphml,1,,clustered,0.5;-0.3,40,32,16,24,4,-1,-17,40,32,24,4,edgeCount
359,197,243,graphml/Cogentco.graphml,2,,clustered,0.5;-0.3,-1,-1,-1,0,0,-1,0,-1,-1,0,0,edgeCount
358,197,243,graphml/Cogentco.graphml,2,,clustered,0.5;-0.3,88,88,25,63,0,88,63,88,88,63,0,edgeCount
357,197,243,graphml/Cogentco.graphml,1,,clustered,0.5;-0.3,2,2,2,0,4,2,0,2,2,0,4,edgeCount
356,197,243,graphml/Cogentco.graphml,1,,clustered,0.5;-0.3,8,16,8,0,4,8,0,8,16,0,4,edgeCount
355,197,243,graphml/Cogentco.graphml,3,,clustered,0.5;-0.3,33,33,11,22,0,33,22,33,33,22,0,edgeCount
354,197,243,graphml/Cogentco.graphml,2,,clustered,0.5;-0.3,14,14,14,0,0,14,0,14,14,0,0,edgeCount
353,197,243,graphml/Cogentco.graphml,2,,clustered,0.5;-0.3,18,18,16,2,2,-1,-17,18,18,2,2,edgeCount
352,197,243,graphml/Cogentco.graphml,3,,clustered,0.5;-0.3,2,2,2,0,0,2,0,2,2,0,0,edgeCount
351,197,243,graphml/Cogentco.graphml,2,,clustered,0.5;-0.3,17,17,17,0,0,17,0,17,17,0,0,edgeCount
350,197,243,graphml/Cogentco.graphml,3,,clustered,0.5;-0.3,40,13,9,31,8,56,47,58,58,49,8,edgeCount
349,197,243,graphml/Cogentco.graphml,1,,clustered,0.5;-0.3,19,19,18,1,4,-1,-19,19,19,1,4,edgeCount
348,197,243,graphml/Cogentco.graphml,2,,clustered,0.5;-0.3,45,25,11,34,4,-1,-12,34,34,23,4,edgeCount
347,197,243,graphml/Cogentco.graphml,2,,clustered,0.5;-0.3,9,9,9,0,0,9,0,9,9,0,0,edgeCount
346,197,243,graphml/Cogentco.graphml,2,,clustered,0.5;-0.3,78,26,16,62,4,-1,-17,-1,-1,-17,4,edgeCount
345,197,243,graphml/Cogentco.graphml,1,,clustered,0.5;-0.3,11,11,11,0,0,11,0,11,11,0,0,edgeCount
344,197,243,graphml/Cogentco.graphml,1,,clustered,0.5;-0.3,10,16,10,0,4,10,0,10,16,0,4,edgeCount
343,197,243,graphml/Cogentco.graphml,2,,clustered,0.5;-0.3,45,45,23,22,2,45,22,45,45,22,2,edgeCount
342,197,243,graphml/Cogentco.graphml,1,,clustered,0.5;-0.3,19,19,19,0,0,19,0,19,19,0,0,edgeCount
341,197,243,graphml/Cogentco.graphml,2,,clustered,0.5;-0.3,25,9,9,16,0,9,0,9,9,0,0,edgeCount
340,197,243,graphml/Cogentco.graphml,1,,clustered,0.5;-0.3,8,8,8,0,0,8,0,8,8,0,0,edgeCount
339,197,243,graphml/Cogentco.graphml,1,,clustered,0.5;-0.3,9,9,9,0,0,9,0,9,9,0,0,edgeCount
338,197,243,graphml/Cogentco.graphml,2,,clustered,0.5;-0.3,-1,-1,12,-13,0,-1,-13,-1,-1,-13,0,edgeCount
337,197,243,graphml/Cogentco.graphml,2,,clustered,0.5;-0.3,23,23,11,12,0,23,12,23,23,12,0,edgeCount
336,197,243,graphml/Cogentco.graphml,2,,clustered,0.5;-0.3,-1,-1,-1,0,0,-1,0,-1,-1,0,0,edgeCount
335,197,243,graphml/Cogentco.graphml,1,,clustered,0.5;-0.3,14,14,14,0,0,14,0,14,14,0,0,edgeCount
334,197,243,graphml/Cogentco.graphml,2,,clustered,0.5;-0.3,11,63,8,3,2,21,13,21,21,13,2,edgeCount
333,197,243,graphml/Cogentco.graphml,2,,clustered,0.5;-0.3,-1,-1,14,-15,2,-1,-15,24,24,10,2,edgeCount
332,197,243,graphml/Cogentco.graphml,2,,clustered,0.5;-0.3,23,9,7,16,0,23,16,23,9,16,0,edgeCount
331,197,243,graphml/Cogentco.graphml,2,,clustered,0.5;-0.3,31,54,18,13,2,67,49,67,85,49,2,edgeCount
330,197,243,graphml/Cogentco.graphml,2,,clustered,0.5;-0.3,24,6,6,18,2,6,0,6,6,0,2,edgeCount
329,197,243,graphml/Cogentco.graphml,2,,clustered,0.5;-0.3,30,28,15,15,2,-1,-16,30,28,15,2,edgeCount
328,197,243,graphml/Cogentco.graphml,1,,clustered,0.5;-0.3,-1,-1,-1,0,0,-1,0,-1,-1,0,0,edgeCount
327,197,243,graphml/Cogentco.graphml,3,,clustered,0.5;-0.3,33,33,10,23,0,33,23,33,33,23,0,edgeCount
326,197,243,graphml/Cogentco.graphml,2,,clustered,0.5;-0.3,37,37,15,22,0,37,22,37,37,22,0,edgeCount
325,197,243,graphml/Cogentco.graphml,2,,clustered,0.5;-0.3,22,22,22,0,0,22,0,22,22,0,0,edgeCount
324,197,243,graphml/Cogentco.graphml,2,,clustered,0.5;-0.3,12,12,9,3,0,12,3,12,12,3,0,edgeCount
323,197,243,graphml/Cogentco.graphml,2,,clustered,0.5;-0.3,77,77,26,51,0,77,51,77,77,51,0,edgeCount
322,197,243,graphml/Cogentco.graphml,2,,clustered,0.5;-0.3,8,8,2,6,2,-1,-3,8,8,6,2,edgeCount
321,197,243,graphml/Cogentco.graphml,2,,clustered,0.5;-0.3,53,30,17,36,2,17,0,17,17,0,2,edgeCount
320,197,243,graphml/Cogentco.graphml,2,,clustered,0.5;-0.3,8,8,8,0,0,8,0,8,8,0,0,edgeCount
319,197,243,graphml/Cogentco.graphml,2,,clustered,0.5;-0.3,10,10,9,1,2,10,1,10,10,1,2,edgeCount
318,197,243,graphml/Cogentco.graphml,1,,clustered,0.5;-0.3,11,11,11,0,0,11,0,11,11,0,0,edgeCount
317,197,243,graphml/Cogentco.graphml,2,,clustered,0.5;-0.3,50,50,18,32,0,50,32,50,50,32,0,edgeCount
316,197,243,graphml/Cogentco.graphml,2,,clustered,0.5;-0.3,9,31,5,4,2,19,14,9,31,4,2,edgeCount
315,197,243,graphml/Cogentco.graphml,2,,clustered,0.5;-0.3,-1,-1,-1,0,0,-1,0,-1,-1,0,0,edgeCount
314,197,243,graphml/Cogentco.graphml,1,,clustered,0.5;-0.3,15,15,15,0,4,15,0,15,15,0,4,edgeCount
313,197,243,graphml/Cogentco.graphml,2,,clustered,0.5;-0.3,-1,-1,7,-8,0,-1,-8,-1,-1,-8,0,edgeCount
312,197,243,graphml/Cogentco.graphml,1,,clustered,0.5;-0.3,10,10,10,0,0,10,0,10,10,0,0,edgeCount
311,197,243,graphml/Cogentco.graphml,2,,clustered,0.5;-0.3,-1,-1,-1,0,0,-1,0,-1,-1,0,0,edgeCount
310,197,243,graphml/Cogentco.graphml,1,,clustered,0.5;-0.3,19,19,17,2,2,-1,-18,19,19,2,2,edgeCount
309,197,243,graphml/Cogentco.graphml,2,,clustered,0.5;-0.3,3,3,3,0,0,3,0,3,3,0,0,edgeCount
308,197,243,graphml/Cogentco.graphml,2,,clustered,0.5;-0.3,12,12,12,0,0,12,0,12,12,0,0,edgeCount
307,197,243,graphml/Cogentco.graphml,2,,clustered,0.5;-0.3,3,5,3,0,0,11,8,11,11,8,0,edgeCount
306,197,243,graphml/Cogentco.graphml,2,,clustered,0.5;-0.3,49,45,20,29,2,-1,-21,49,45,29,2,edgeCount
305,197,243,graphml/Cogentco.graphml,2,,clustered,0.5;-0.3,5,5,3,2,0,5,2,5,5,2,0,edgeCount
304,197,243,graphml/Cogentco.graphml,2,,clustered,0.5;-0.3,62,62,24,38,0,62,38,62,62,38,0,edgeCount
303,197,243,graphml/Cogentco.graphml,2,,clustered,0.5;-0.3,20,36,15,5,2,20,5,20,36,5,2,edgeCount
302,197,243,graphml/Cogentco.graphml,1,,clustered,0.5;-0.3,-1,-1,15,-16,4,-1,-16,-1,-1,-16,4,edgeCount
301,197,243,graphml/Cogentco.graphml,1,,clustered,0.5;-0.3,10,10,10,0,0,10,0,10,10,0,0,edgeCount
300,197,243,graphml/Cogentco.graphml,2,,clustered,0.5;-0.3,5,14,5,0,2,11,6,11,35,6,2,edgeCount
299,197,243,graphml/Cogentco.graphml,2,,clustered,0.5;-0.3,11,11,11,0,0,11,0,11,11,0,0,edgeCount
298,197,243,graphml/Cogentco.graphml,1,,clustered,0.5;-0.3,29,29,12,17,2,-1,-13,29,29,17,2,edgeCount
297,197,243,graphml/Cogentco.graphml,2,,clustered,0.5;-0.3,10,17,4,6,2,4,0,4,4,0,2,edgeCount
296,197,243,graphml/Cogentco.graphml,2,,clustered,0.5;-0.3,20,20,17,3,0,73,56,20,20,3,0,edgeCount
295,197,243,graphml/Cogentco.graphml,1,,clustered,0.5;-0.3,9,39,9,0,2,9,0,9,39,0,2,edgeCount
294,197,243,graphml/Cogentco.graphml,2,,clustered,0.5;-0.3,23,16,16,7,2,16,0,16,16,0,2,edgeCount
293,197,243,graphml/Cogentco.graphml,1,,clustered,0.5;-0.3,14,14,14,0,0,14,0,14,14,0,0,edgeCount
292,197,243,graphml/Cogentco.graphml,2,,clustered,0.5;-0.3,8,6,6,2,2,6,0,6,6,0,2,edgeCount
291,197,243,graphml/Cogentco.graphml,2,,clustered,0.5;-0.3,17,19,11,6,10,41,30,43,46,32,10,edgeCount
290,197,243,graphml/Cogentco.graphml,2,,clustered,0.5;-0.3,56,56,15,41,2,48,33,56,56,41,2,edgeCount
289,197,243,graphml/Cogentco.graphml,2,,clustered,0.5;-0.3,11,11,11,0,0,11,0,11,11,0,0,edgeCount
288,197,243,graphml/Cogentco.graphml,2,,clustered,0.5;-0.3,-1,-1,-1,0,0,-1,0,-1,-1,0,0,edgeCount
287,197,243,graphml/Cogentco.graphml,1,,clustered,0.5;-0.3,13,13,13,0,0,13,0,13,13,0,0,edgeCount
286,197,243,graphml/Cogentco.graphml,2,,clustered,0.5;-0.3,42,42,16,26,0,42,26,42,42,26,0,edgeCount
285,197,243,graphml/Cogentco.graphml,2,,clustered,0.5;-0.3,42,42,20,22,0,42,22,42,42,22,0,edgeCount
284,197,243,graphml/Cogentco.graphml,1,,clustered,0.5;-0.3,4,4,4,0,0,4,0,4,4,0,0,edgeCount
283,197,243,graphml/Cogentco.graphml,2,,clustered,0.5;-0.3,30,24,6,24,2,-1,-7,-1,-1,-7,2,edgeCount
282,197,243,graphml/Cogentco.graphml,1,,clustered,0.5;-0.3,-1,-1,-1,0,2,-1,0,-1,-1,0,2,edgeCount
281,197,243,graphml/Cogentco.graphml,2,,clustered,0.5;-0.3,29,19,7,22,4,7,0,7,7,0,4,edgeCount
280,197,243,graphml/Cogentco.graphml,2,,clustered,0.5;-0.3,31,7,7,24,0,7,0,7,7,0,0,edgeCount
279,197,243,graphml/Cogentco.graphml,1,,clustered,0.5;-0.3,-1,-1,-1,0,0,-1,0,-1,-1,0,0,edgeCount
278,197,243,graphml/Cogentco.graphml,2,,clustered,0.5;-0.3,11,11,11,0,0,11,0,11,11,0,0,edgeCount
277,197,243,graphml/Cogentco.graphml,1,,clustered,0.5;-0.3,17,17,17,0,0,17,0,17,17,0,0,edgeCount
276,197,243,graphml/Cogentco.graphml,2,,clustered,0.5;-0.3,61,15,12,49,4,15,3,15,15,3,4,edgeCount
275,197,243,graphml/Cogentco.graphml,1,,clustered,0.5;-0.3,54,54,21,33,2,-1,-22,54,54,33,2,edgeCount
274,197,243,graphml/Cogentco.graphml,2,,clustered,0.5;-0.3,25,46,24,1,2,61,37,61,61,37,2,edgeCount
273,197,243,graphml/Cogentco.graphml,2,,clustered,0.5;-0.3,13,11,10,3,4,11,1,11,11,1,4,edgeCount
272,197,243,graphml/Cogentco.graphml,3,,clustered,0.5;-0.3,19,19,13,6,0,19,6,19,19,6,0,edgeCount
271,197,243,graphml/Cogentco.graphml,2,,clustered,0.5;-0.3,10,8,8,2,0,13,5,13,13,5,0,edgeCount
270,197,243,graphml/Cogentco.graphml,2,,clustered,0.5;-0.3,16,16,16,0,0,16,0,16,16,0,0,edgeCount
269,197,243,graphml/Cogentco.graphml,2,,clustered,0.5;-0.3,-1,-1,-1,0,0,-1,0,-1,-1,0,0,edgeCount
268,197,243,graphml/Cogentco.graphml,2,,clustered,0.5;-0.3,14,14,14,0,0,14,0,14,14,0,0,edgeCount
267,197,243,graphml/Cogentco.graphml,2,,clustered,0.5;-0.3,22,22,18,4,0,22,4,22,22,4,0,edgeCount
266,197,243,graphml/Cogentco.graphml,2,,clustered,0.5;-0.3,3,3,3,0,2,3,0,3,3,0,2,edgeCount
265,197,243,graphml/Cogentco.graphml,3,,clustered,0.5;-0.3,3,3,3,0,0,3,0,3,3,0,0,edgeCount
264,197,243,graphml/Cogentco.graphml,2,,clustered,0.5;-0.3,9,9,6,3,0,9,3,9,9,3,0,edgeCount
263,197,243,graphml/Cogentco.graphml,2,,clustered,0.5;-0.3,-1,-1,-1,0,0,-1,0,-1,-1,0,0,edgeCount
262,197,243,graphml/Cogentco.graphml,2,,clustered,0.5;-0.3,7,7,4,3,0,7,3,7,7,3,0,edgeCount
261,197,243,graphml/Cogentco.graphml,2,,clustered,0.5;-0.3,51,51,14,37,0,51,37,51,51,37,0,edgeCount
260,197,243,graphml/Cogentco.graphml,2,,clustered,0.5;-0.3,68,68,24,44,0,68,44,68,68,44,0,edgeCount
259,197,243,graphml/Cogentco.graphml,2,,clustered,0.5;-0.3,13,41,7,6,2,25,18,25,25,18,2,edgeCount
258,197,243,graphml/Cogentco.graphml,1,,clustered,0.5;-0.3,9,9,9,0,0,9,0,9,9,0,0,edgeCount
257,197,243,graphml/Cogentco.graphml,2,,clustered,0.5;-0.3,9,10,7,2,2,19,12,19,23,12,2,edgeCount
256,197,243,graphml/Cogentco.graphml,2,,clustered,0.5;-0.3,42,42,16,26,0,42,26,42,42,26,0,edgeCount
255,197,243,graphml/Cogentco.graphml,2,,clustered,0.5;-0.3,11,11,11,0,0,11,0,11,11,0,0,edgeCount
254,197,243,graphml/Cogentco.graphml,2,,clustered,0.5;-0.3,48,48,21,27,0,48,27,48,48,27,0,edgeCount
253,197,243,graphml/Cogentco.graphml,1,,clustered,0.5;-0.3,9,39,9,0,4,9,0,9,39,0,4,edgeCount
252,197,243,graphml/Cogentco.graphml,1,,clustered,0.5;-0.3,19,19,19,0,2,-1,-20,19,19,0,2,edgeCount
251,197,243,graphml/Cogentco.graphml,2,,clustered,0.5;-0.3,25,11,11,14,0,25,14,25,11,14,0,edgeCount
250,197,243,graphml/Cogentco.graphml,2,,clustered,0.5;-0.3,58,58,21,37,0,58,37,58,58,37,0,edgeCount
249,197,243,graphml/Cogentco.graphml,1,,clustered,0.5;-0.3,6,6,6,0,2,6,0,6,6,0,2,edgeCount
248,197,243,graphml/Cogentco.graphml,2,,clustered,0.5;-0.3,-1,-1,-1,0,0,-1,0,-1,-1,0,0,edgeCount
247,197,243,graphml/Cogentco.graphml,1,,clustered,0.5;-0.3,16,12,12,4,2,-1,-13,16,12,4,2,edgeCount
246,197,243,graphml/Cogentco.graphml,2,,clustered,0.5;-0.3,33,33,12,21,0,33,21,33,33,21,0,edgeCount
245,197,243,graphml/Cogentco.graphml,2,,clustered,0.5;-0.3,-1,-1,9,-10,2,-1,-10,17,17,8,2,edgeCount
244,197,243,graphml/Cogentco.graphml,1,,clustered,0.5;-0.3,-1,-1,-1,0,0,-1,0,-1,-1,0,0,edgeCount
243,197,243,graphml/Cogentco.graphml,2,,clustered,0.5;-0.3,58,58,20,38,0,58,38,58,58,38,0,edgeCount
242,197,243,graphml/Cogentco.graphml,2,,clustered,0.5;-0.3,2,2,2,0,0,2,0,2,2,0,0,edgeCount
241,197,243,graphml/Cogentco.graphml,2,,clustered,0.5;-0.3,6,6,6,0,0,6,0,6,6,0,0,edgeCount
240,197,243,graphml/Cogentco.graphml,2,,clustered,0.5;-0.3,41,41,18,23,0,41,23,41,41,23,0,edgeCount
239,197,243,graphml/Cogentco.graphml,2,,clustered,0.5;-0.3,19,19,17,2,0,19,2,19,19,2,0,edgeCount
238,197,243,graphml/Cogentco.graphml,3,,clustered,0.5;-0.3,13,13,8,5,0,13,5,13,13,5,0,edgeCount
237,197,243,graphml/Cogentco.graphml,3,,clustered,0.5;-0.3,35,13,13,22,0,35,22,35,13,22,0,edgeCount
236,197,243,graphml/Cogentco.graphml,2,,clustered,0.5;-0.3,19,19,19,0,0,19,0,19,19,0,0,edgeCount
235,197,243,graphml/Cogentco.graphml,2,,clustered,0.5;-0.3,26,12,9,17,0,-1,-10,-1,-1,-10,0,edgeCount
234,197,243,graphml/Cogentco.graphml,1,,clustered,0.5;-0.3,16,16,16,0,6,16,0,16,16,0,6,edgeCount
233,197,243,graphml/Cogentco.graphml,1,,clustered,0.5;-0.3,14,14,14,0,0,14,0,14,14,0,0,edgeCount
232,197,243,graphml/Cogentco.graphml,2,,clustered,0.5;-0.3,62,38,11,51,4,-1,-12,43,37,32,4,edgeCount
231,197,243,graphml/Cogentco.graphml,1,,clustered,0.5;-0.3,28,56,12,16,4,-1,-13,28,56,16,4,edgeCount
230,197,243,graphml/Cogentco.graphml,1,,clustered,0.5;-0.3,55,55,20,35,2,-1,-21,55,55,35,2,edgeCount
229,197,243,graphml/Cogentco.graphml,1,,clustered,0.5;-0.3,13,13,13,0,0,13,0,13,13,0,0,edgeCount
228,197,243,graphml/Cogentco.graphml,2,,clustered,0.5;-0.3,37,37,9,28,0,37,28,37,37,28,0,edgeCount
227,197,243,graphml/Cogentco.graphml,1,,clustered,0.5;-0.3,12,12,12,0,0,12,0,12,12,0,0,edgeCount
226,197,243,graphml/Cogentco.graphml,2,,clustered,0.5;-0.3,77,77,23,54,0,77,54,77,77,54,0,edgeCount
225,197,243,graphml/Cogentco.graphml,1,,clustered,0.5;-0.3,6,6,6,0,2,6,0,6,6,0,2,edgeCount
224,197,243,graphml/Cogentco.graphml,2,,clustered,0.5;-0.3,-1,-1,-1,0,0,-1,0,-1,-1,0,0,edgeCount
223,197,243,graphml/Cogentco.graphml,2,,clustered,0.5;-0.3,13,13,13,0,0,13,0,13,13,0,0,edgeCount
222,197,243,graphml/Cogentco.graphml,2,,clustered,0.5;-0.3,12,12,12,0,0,12,0,12,12,0,0,edgeCount
221,197,243,graphml/Cogentco.graphml,2,,clustered,0.5;-0.3,36,36,13,23,0,36,23,36,36,23,0,edgeCount
220,197,243,graphml/Cogentco.graphml,2,,clustered,0.5;-0.3,18,18,12,6,2,50,38,50,50,38,2,edgeCount
219,197,243,graphml/Cogentco.graphml,1,,clustered,0.5;-0.3,10,10,10,0,0,10,0,10,10,0,0,edgeCount
218,197,243,graphml/Cogentco.graphml,2,,clustered,0.5;-0.3,8,4,4,4,2,14,10,14,14,10,2,edgeCount
217,197,243,graphml/Cogentco.graphml,1,,clustered,0.5;-0.3,-1,-1,-1,0,2,-1,0,-1,-1,0,2,edgeCount
216,197,243,graphml/Cogentco.graphml,2,,clustered,0.5;-0.3,21,21,20,1,0,21,1,21,21,1,0,edgeCount
215,197,243,graphml/Cogentco.graphml,1,,clustered,0.5;-0.3,32,32,15,17,2,-1,-16,32,32,17,2,edgeCount
214,197,243,graphml/Cogentco.graphml,1,,clustered,0.5;-0.3,5,33,5,0,4,5,0,5,33,0,4,edgeCount
213,197,243,graphml/Cogentco.graphml,2,,clustered,0.5;-0.3,14,64,14,0,2,38,24,38,48,24,2,edgeCount
212,197,243,graphml/Cogentco.graphml,1,,clustered,0.5;-0.3,6,32,6,0,2,6,0,6,32,0,2,edgeCount
211,197,243,graphml/Cogentco.graphml,2,,clustered,0.5;-0.3,38,43,12,26,2,38,26,38,43,26,2,edgeCount
210,197,243,graphml/Cogentco.graphml,2,,clustered,0.5;-0.3,47,9,9,38,0,9,0,9,9,0,0,edgeCount
209,197,243,graphml/Cogentco.graphml,2,,clustered,0.5;-0.3,13,11,11,2,2,30,19,13,11,2,2,edgeCount
208,197,243,graphml/Cogentco.graphml,2,,clustered,0.5;-0.3,-1,-1,-1,0,0,-1,0,-1,-1,0,0,edgeCount
207,197,243,graphml/Cogentco.graphml,2,,clustered,0.5;-0.3,13,15,11,2,2,19,8,19,19,8,2,edgeCount
206,197,243,graphml/Cogentco.graphml,3,,clustered,0.5;-0.3,4,4,4,0,2,4,0,4,4,0,2,edgeCount
205,197,243,graphml/Cogentco.graphml,2,,clustered,0.5;-0.3,14,15,9,5,0,32,23,32,32,23,0,edgeCount
204,197,243,graphml/Cogentco.graphml,2,,clustered,0.5;-0.3,20,4,4,16,0,4,0,4,4,0,0,edgeCount
203,197,243,graphml/Cogentco.graphml,1,,clustered,0.5;-0.3,17,17,17,0,2,17,0,17,17,0,2,edgeCount
202,197,243,graphml/Cogentco.graphml,1,,clustered,0.5;-0.3,39,35,12,27,4,-1,-13,39,35,27,4,edgeCount
201,197,243,graphml/Cogentco.graphml,3,,clustered,0.5;-0.3,15,15,10,5,0,15,5,15,15,5,0,edgeCount
200,197,243,graphml/Cogentco.graphml,2,,clustered,0.5;-0.3,6,6,6,0,2,6,0,6,6,0,2,edgeCount
199,197,243,graphml/Cogentco.graphml,1,,clustered,0.5;-0.3,22,14,10,12,2,-1,-11,22,14,12,2,edgeCount
198,197,243,graphml/Cogentco.graphml,1,,clustered,0.5;-0.3,9,9,9,0,0,9,0,9,9,0,0,edgeCount
197,197,243,graphml/Cogentco.graphml,1,,clustered,0.5;-0.3,-1,-1,-1,0,2,-1,0,-1,-1,0,2,edgeCount
196,197,243,graphml/Cogentco.graphml,2,,clustered,0.5;-0.3,26,24,24,2,2,70,46,26,24,2,2,edgeCount
195,197,243,graphml/Cogentco.graphml,3,,clustered,0.5;-0.3,56,8,8,48,0,-1,-9,-1,-1,-9,0,edgeCount
194,197,243,graphml/Cogentco.graphml,1,,clustered,0.5;-0.3,26,26,9,17,6,-1,-10,26,26,17,6,edgeCount
193,197,243,graphml/Cogentco.graphml,1,,clustered,0.5;-0.3,3,3,3,0,0,3,0,3,3,0,0,edgeCount
192,197,243,graphml/Cogentco.graphml,1,,clustered,0.5;-0.3,20,20,20,0,0,20,0,20,20,0,0,edgeCount
191,197,243,graphml/Cogentco.graphml,2,,clustered,0.5;-0.3,-1,-1,-1,0,0,-1,0,-1,-1,0,0,edgeCount
190,197,243,graphml/Cogentco.graphml,2,,clustered,0.5;-0.3,56,14,14,42,2,14,0,14,14,0,2,edgeCount
189,197,243,graphml/Cogentco.graphml,2,,clustered,0.5;-0.3,17,12,12,5,2,12,0,12,12,0,2,edgeCount
188,197,243,graphml/Cogentco.graphml,2,,clustered,0.5;-0.3,-1,-1,-1,0,0,-1,0,-1,-1,0,0,edgeCount
187,197,243,graphml/Cogentco.graphml,2,,clustered,0.5;-0.3,16,16,11,5,2,16,5,16,16,5,2,edgeCount
186,197,243,graphml/Cogentco.graphml,1,,clustered,0.5;-0.3,28,18,18,10,2,-1,-19,28,18,10,2,edgeCount
185,197,243,graphml/Cogentco.graphml,2,,clustered,0.5;-0.3,22,19,15,7,0,50,35,50,50,35,0,edgeCount
184,197,243,graphml/Cogentco.graphml,2,,clustered,0.5;-0.3,64,64,16,48,0,56,40,56,56,40,0,edgeCount
183,197,243,graphml/Cogentco.graphml,2,,clustered,0.5;-0.3,5,4,4,1,0,5,1,5,4,1,0,edgeCount
182,197,243,graphml/Cogentco.graphml,2,,clustered,0.5;-0.3,14,11,9,5,2,28,19,28,28,19,2,edgeCount
181,197,243,graphml/Cogentco.graphml,2,,clustered,0.5;-0.3,21,19,7,14,0,7,0,7,7,0,0,edgeCount
180,197,243,graphml/Cogentco.graphml,2,,clustered,0.5;-0.3,13,13,13,0,0,13,0,13,13,0,0,edgeCount
179,197,243,graphml/Cogentco.graphml,3,,clustered,0.5;-0.3,7,7,6,1,0,7,1,7,7,1,0,edgeCount
178,197,243,graphml/Cogentco.graphml,2,,clustered,0.5;-0.3,-1,-1,-1,0,0,-1,0,-1,-1,0,0,edgeCount
177,197,243,graphml/Cogentco.graphml,2,,clustered,0.5;-0.3,50,16,15,35,2,16,1,16,16,1,2,edgeCount
176,197,243,graphml/Cogentco.graphml,2,,clustered,0.5;-0.3,10,10,10,0,0,10,0,10,10,0,0,edgeCount
175,197,243,graphml/Cogentco.graphml,2,,clustered,0.5;-0.3,52,52,16,36,2,50,34,52,52,36,2,edgeCount
174,197,243,graphml/Cogentco.graphml,1,,clustered,0.5;-0.3,-1,-1,-1,0,2,-1,0,-1,-1,0,2,edgeCount
173,197,243,graphml/Cogentco.graphml,2,,clustered,0.5;-0.3,45,37,14,31,2,-1,-15,44,38,30,2,edgeCount
172,197,243,graphml/Cogentco.graphml,2,,clustered,0.5;-0.3,5,5,5,0,0,5,0,5,5,0,0,edgeCount
171,197,243,graphml/Cogentco.graphml,2,,clustered,0.5;-0.3,76,76,19,57,0,76,57,76,76,57,0,edgeCount
170,197,243,graphml/Cogentco.graphml,2,,clustered,0.5;-0.3,26,8,8,18,2,8,0,8,8,0,2,edgeCount
169,197,243,graphml/Cogentco.graphml,2,,clustered,0.5;-0.3,-1,-1,-1,0,0,-1,0,-1,-1,0,0,edgeCount
168,197,243,graphml/Cogentco.graphml,2,,clustered,0.5;-0.3,26,26,23,3,0,26,3,26,26,3,0,edgeCount
167,197,243,graphml/Cogentco.graphml,2,,clustered,0.5;-0.3,9,9,5,4,0,9,4,9,9,4,0,edgeCount
166,197,243,graphml/Cogentco.graphml,2,,clustered,0.5;-0.3,-1,-1,-1,0,0,-1,0,-1,-1,0,0,edgeCount
165,197,243,graphml/Cogentco.graphml,2,,clustered,0.5;-0.3,4,4,4,0,0,4,0,4,4,0,0,edgeCount
164,197,243,graphml/Cogentco.graphml,2,,clustered,0.5;-0.3,-1,-1,-1,0,2,-1,0,-1,-1,0,2,edgeCount
163,197,243,graphml/Cogentco.graphml,1,,clustered,0.5;-0.3,-1,-1,-1,0,0,-1,0,-1,-1,0,0,edgeCount
162,197,243,graphml/Cogentco.graphml,2,,clustered,0.5;-0.3,18,18,13,5,0,38,25,38,38,25,0,edgeCount
161,197,243,graphml/Cogentco.graphml,1,,clustered,0.5;-0.3,6,6,6,0,4,6,0,6,6,0,4,edgeCount
160,197,243,graphml/Cogentco.graphml,2,,clustered,0.5;-0.3,-1,-1,-1,0,0,-1,0,-1,-1,0,0,edgeCount
159,197,243,graphml/Cogentco.graphml,2,,clustered,0.5;-0.3,56,56,18,38,2,56,38,56,56,38,2,edgeCount
158,197,243,graphml/Cogentco.graphml,1,,clustered,0.5;-0.3,-1,-1,-1,0,2,-1,0,-1,-1,0,2,edgeCount
157,197,243,graphml/Cogentco.graphml,2,,clustered,0.5;-0.3,12,42,12,0,0,18,6,18,18,6,0,edgeCount
156,197,243,graphml/Cogentco.graphml,2,,clustered,0.5;-0.3,13,13,13,0,0,13,0,13,13,0,0,edgeCount
155,197,243,graphml/Cogentco.graphml,2,,clustered,0.5;-0.3,7,7,7,0,0,22,15,22,22,15,0,edgeCount
154,197,243,graphml/Cogentco.graphml,2,,clustered,0.5;-0.3,29,29,11,18,2,29,18,29,29,18,2,edgeCount
153,197,243,graphml/Cogentco.graphml,2,,clustered,0.5;-0.3,17,20,9,8,2,33,24,33,33,24,2,edgeCount
152,197,243,graphml/Cogentco.graphml,3,,clustered,0.5;-0.3,12,13,11,1,0,32,21,32,32,21,0,edgeCount
151,197,243,graphml/Cogentco.graphml,2,,clustered,0.5;-0.3,31,31,13,18,0,31,18,31,31,18,0,edgeCount
150,197,243,graphml/Cogentco.graphml,3,,clustered,0.5;-0.3,34,48,8,26,0,48,40,48,48,40,0,edgeCount
149,197,243,graphml/Cogentco.graphml,2,,clustered,0.5;-0.3,19,18,10,9,0,39,29,39,39,29,0,edgeCount
148,197,243,graphml/Cogentco.graphml,1,,clustered,0.5;-0.3,9,9,9,0,0,9,0,9,9,0,0,edgeCount
147,197,243,graphml/Cogentco.graphml,2,,clustered,0.5;-0.3,40,14,14,26,2,14,0,14,14,0,2,edgeCount
146,197,243,graphml/Cogentco.graphml,2,,clustered,0.5;-0.3,16,26,16,0,2,16,0,16,26,0,2,edgeCount
145,197,243,graphml/Cogentco.graphml,2,,clustered,0.5;-0.3,10,10,10,0,0,10,0,10,10,0,0,edgeCount
144,197,243,graphml/Cogentco.graphml,1,,clustered,0.5;-0.3,15,15,15,0,0,15,0,15,15,0,0,edgeCount
143,197,243,graphml/Cogentco.graphml,1,,clustered,0.5;-0.3,-1,-1,-1,0,0,-1,0,-1,-1,0,0,edgeCount
142,197,243,graphml/Cogentco.graphml,2,,clustered,0.5;-0.3,38,38,14,24,0,38,24,38,38,24,0,edgeCount
141,197,243,graphml/Cogentco.graphml,2,,clustered,0.5;-0.3,39,39,16,23,0,39,23,39,39,23,0,edgeCount
140,197,243,graphml/Cogentco.graphml,2,,clustered,0.5;-0.3,-1,-1,-1,0,0,-1,0,-1,-1,0,0,edgeCount
139,197,243,graphml/Cogentco.graphml,1,,clustered,0.5;-0.3,-1,-1,-1,0,0,-1,0,-1,-1,0,0,edgeCount
138,197,243,graphml/Cogentco.graphml,1,,clustered,0.5;-0.3,11,11,11,0,0,11,0,11,11,0,0,edgeCount
137,197,243,graphml/Cogentco.graphml,2,,clustered,0.5;-0.3,11,19,9,2,0,21,12,21,21,12,0,edgeCount
136,197,243,graphml/Cogentco.graphml,2,,clustered,0.5;-0.3,-1,-1,-1,0,0,-1,0,-1,-1,0,0,edgeCount
135,197,243,graphml/Cogentco.graphml,1,,clustered,0.5;-0.3,35,35,19,16,2,-1,-20,35,35,16,2,edgeCount
134,197,243,graphml/Cogentco.graphml,2,,clustered,0.5;-0.3,16,16,16,0,2,16,0,16,16,0,2,edgeCount
133,197,243,graphml/Cogentco.graphml,2,,clustered,0.5;-0.3,11,39,6,5,0,-1,-7,19,19,13,0,edgeCount
132,197,243,graphml/Cogentco.graphml,2,,clustered,0.5;-0.3,16,16,16,0,2,16,0,16,16,0,2,edgeCount
131,197,243,graphml/Cogentco.graphml,1,,clustered,0.5;-0.3,9,9,9,0,6,9,0,9,9,0,6,edgeCount
130,197,243,graphml/Cogentco.graphml,2,,clustered,0.5;-0.3,7,7,7,0,0,7,0,7,7,0,0,edgeCount
129,197,243,graphml/Cogentco.graphml,2,,clustered,0.5;-0.3,15,14,12,3,0,15,3,15,14,3,0,edgeCount
128,197,243,graphml/Cogentco.graphml,2,,clustered,0.5;-0.3,75,75,19,56,0,75,56,75,75,56,0,edgeCount
127,197,243,graphml/Cogentco.graphml,3,,clustered,0.5;-0.3,65,33,12,53,0,33,21,33,33,21,0,edgeCount
126,197,243,graphml/Cogentco.graphml,2,,clustered,0.5;-0.3,50,32,12,38,0,12,0,12,12,0,0,edgeCount
125,197,243,graphml/Cogentco.graphml,2,,clustered,0.5;-0.3,11,49,6,5,0,29,23,29,29,23,0,edgeCount
124,197,243,graphml/Cogentco.graphml,2,,clustered,0.5;-0.3,4,4,4,0,0,4,0,4,4,0,0,edgeCount
123,197,243,graphml/Cogentco.graphml,1,,clustered,0.5;-0.3,-1,-1,-1,0,2,-1,0,-1,-1,0,2,edgeCount
122,197,243,graphml/Cogentco.graphml,2,,clustered,0.5;-0.3,10,10,9,1,0,10,1,10,10,1,0,edgeCount
121,197,243,graphml/Cogentco.graphml,2,,clustered,0.5;-0.3,9,9,9,0,0,9,0,9,9,0,0,edgeCount
120,197,243,graphml/Cogentco.graphml,1,,clustered,0.5;-0.3,72,38,25,47,2,-1,-26,72,38,47,2,edgeCount
119,197,243,graphml/Cogentco.graphml,1,,clustered,0.5;-0.3,5,5,5,0,0,5,0,5,5,0,0,edgeCount
118,197,243,graphml/Cogentco.graphml,1,,clustered,0.5;-0.3,17,77,17,0,2,17,0,17,77,0,2,edgeCount
117,197,243,graphml/Cogentco.graphml,1,,clustered,0.5;-0.3,5,5,5,0,2,5,0,5,5,0,2,edgeCount
116,197,243,graphml/Cogentco.graphml,2,,clustered,0.5;-0.3,-1,-1,-1,0,0,-1,0,-1,-1,0,0,edgeCount
115,197,243,graphml/Cogentco.graphml,2,,clustered,0.5;-0.3,9,23,6,3,4,15,9,15,21,9,4,edgeCount
114,197,243,graphml/Cogentco.graphml,2,,clustered,0.5;-0.3,16,16,16,0,0,16,0,16,16,0,0,edgeCount
113,197,243,graphml/Cogentco.graphml,2,,clustered,0.5;-0.3,32,32,9,23,0,32,23,32,32,23,0,edgeCount
112,197,243,graphml/Cogentco.graphml,2,,clustered,0.5;-0.3,35,35,14,21,0,35,21,35,35,21,0,edgeCount
111,197,243,graphml/Cogentco.graphml,1,,clustered,0.5;-0.3,7,7,7,0,4,7,0,7,7,0,4,edgeCount
110,197,243,graphml/Cogentco.graphml,3,,clustered,0.5;-0.3,21,63,14,7,0,55,41,55,55,41,0,edgeCount
109,197,243,graphml/Cogentco.graphml,2,,clustered,0.5;-0.3,-1,-1,-1,0,0,-1,0,-1,-1,0,0,edgeCount
108,197,243,graphml/Cogentco.graphml,1,,clustered,0.5;-0.3,22,22,22,0,2,22,0,22,22,0,2,edgeCount
107,197,243,graphml/Cogentco.graphml,2,,clustered,0.5;-0.3,31,31,11,20,0,11,0,11,11,0,0,edgeCount
106,197,243,graphml/Cogentco.graphml,1,,clustered,0.5;-0.3,20,20,20,0,2,20,0,20,20,0,2,edgeCount
105,197,243,graphml/Cogentco.graphml,1,,clustered,0.5;-0.3,21,21,21,0,0,21,0,21,21,0,0,edgeCount
104,197,243,graphml/Cogentco.graphml,2,,clustered,0.5;-0.3,4,4,4,0,2,4,0,4,4,0,2,edgeCount
103,197,243,graphml/Cogentco.graphml,1,,clustered,0.5;-0.3,48,22,16,32,2,-1,-17,48,22,32,2,edgeCount
102,197,243,graphml/Cogentco.graphml,2,,clustered,0.5;-0.3,32,32,10,22,0,32,22,32,32,22,0,edgeCount
101,197,243,graphml/Cogentco.graphml,2,,clustered,0.5;-0.3,13,59,9,4,0,9,0,9,9,0,0,edgeCount
100,197,243,graphml/Cogentco.graphml,2,,clustered,0.5;-0.3,18,6,6,12,0,6,0,6,6,0,0,edgeCount
99,197,243,graphml/Cogentco.graphml,2,,clustered,0.5;-0.3,7,11,5,2,2,17,12,7,11,2,2,edgeCount
98,197,243,graphml/Cogentco.graphml,2,,clustered,0.5;-0.3,-1,-1,-1,0,0,-1,0,-1,-1,0,0,edgeCount
97,197,243,graphml/Cogentco.graphml,2,,clustered,0.5;-0.3,-1,-1,-1,0,0,-1,0,-1,-1,0,0,edgeCount
96,197,243,graphml/Cogentco.graphml,3,,clustered,0.5;-0.3,44,33,9,35,0,15,6,15,15,6,0,edgeCount
95,197,243,graphml/Cogentco.graphml,2,,clustered,0.5;-0.3,51,51,19,32,0,51,32,51,51,32,0,edgeCount
94,197,243,graphml/Cogentco.graphml,2,,clustered,0.5;-0.3,21,35,14,7,10,45,31,47,66,33,10,edgeCount
93,197,243,graphml/Cogentco.graphml,2,,clustered,0.5;-0.3,12,12,12,0,0,12,0,12,12,0,0,edgeCount
92,197,243,graphml/Cogentco.graphml,1,,clustered,0.5;-0.3,7,7,7,0,0,7,0,7,7,0,0,edgeCount
91,197,243,graphml/Cogentco.graphml,1,,clustered,0.5;-0.3,7,7,7,0,0,7,0,7,7,0,0,edgeCount
90,197,243,graphml/Cogentco.graphml,1,,clustered,0.5;-0.3,21,59,21,0,2,21,0,21,59,0,2,edgeCount
89,197,243,graphml/Cogentco.graphml,2,,clustered,0.5;-0.3,27,27,13,14,0,27,14,27,27,14,0,edgeCount
88,197,243,graphml/Cogentco.graphml,1,,clustered,0.5;-0.3,22,22,22,0,0,22,0,22,22,0,0,edgeCount
87,197,243,graphml/Cogentco.graphml,1,,clustered,0.5;-0.3,44,62,15,29,4,-1,-16,44,62,29,4,edgeCount
86,197,243,graphml/Cogentco.graphml,1,,clustered,0.5;-0.3,9,9,9,0,0,9,0,9,9,0,0,edgeCount
85,197,243,graphml/Cogentco.graphml,1,,clustered,0.5;-0.3,13,55,13,0,2,13,0,13,55,0,2,edgeCount
84,197,243,graphml/Cogentco.graphml,2,,clustered,0.5;-0.3,8,8,8,0,0,8,0,8,8,0,0,edgeCount
83,197,243,graphml/Cogentco.graphml,1,,clustered,0.5;-0.3,12,12,12,0,0,12,0,12,12,0,0,edgeCount
82,197,243,graphml/Cogentco.graphml,1,,clustered,0.5;-0.3,14,14,14,0,0,14,0,14,14,0,0,edgeCount
81,197,243,graphml/Cogentco.graphml,1,,clustered,0.5;-0.3,12,12,12,0,2,12,0,12,12,0,2,edgeCount
80,197,243,graphml/Cogentco.graphml,2,,clustered,0.5;-0.3,24,24,7,17,4,-1,-8,35,25,28,4,edgeCount
79,197,243,graphml/Cogentco.graphml,1,,clustered,0.5;-0.3,5,5,5,0,0,5,0,5,5,0,0,edgeCount
78,197,243,graphml/Cogentco.graphml,1,,clustered,0.5;-0.3,9,9,9,0,4,9,0,9,9,0,4,edgeCount
77,197,243,graphml/Cogentco.graphml,2,,clustered,0.5;-0.3,32,42,11,21,2,12,1,12,12,1,2,edgeCount
76,197,243,graphml/Cogentco.graphml,2,,clustered,0.5;-0.3,5,5,5,0,0,5,0,5,5,0,0,edgeCount
75,197,243,graphml/Cogentco.graphml,2,,clustered,0.5;-0.3,71,71,19,52,0,71,52,71,71,52,0,edgeCount
74,197,243,graphml/Cogentco.graphml,2,,clustered,0.5;-0.3,14,14,10,4,0,14,4,14,14,4,0,edgeCount
73,197,243,graphml/Cogentco.graphml,2,,clustered,0.5;-0.3,56,16,15,41,0,16,1,16,16,1,0,edgeCount
72,197,243,graphml/Cogentco.graphml,1,,clustered,0.5;-0.3,25,25,25,0,0,25,0,25,25,0,0,edgeCount
71,197,243,graphml/Cogentco.graphml,2,,clustered,0.5;-0.3,17,17,17,0,0,17,0,17,17,0,0,edgeCount
70,197,243,graphml/Cogentco.graphml,2,,clustered,0.5;-0.3,36,36,14,22,0,36,22,36,36,22,0,edgeCount
69,197,243,graphml/Cogentco.graphml,2,,clustered,0.5;-0.3,45,13,13,32,2,-1,-14,13,13,0,2,edgeCount
68,197,243,graphml/Cogentco.graphml,2,,clustered,0.5;-0.3,17,17,11,6,4,17,6,17,18,6,4,edgeCount
67,197,243,graphml/Cogentco.graphml,2,,clustered,0.5;-0.3,30,30,10,20,2,30,20,30,30,20,2,edgeCount
66,197,243,graphml/Cogentco.graphml,2,,clustered,0.5;-0.3,-1,-1,-1,0,0,-1,0,-1,-1,0,0,edgeCount
65,197,243,graphml/Cogentco.graphml,2,,clustered,0.5;-0.3,-1,-1,-1,0,0,-1,0,-1,-1,0,0,edgeCount
64,197,243,graphml/Cogentco.graphml,2,,clustered,0.5;-0.3,21,21,8,13,0,21,13,21,21,13,0,edgeCount
63,197,243,graphml/Cogentco.graphml,2,,clustered,0.5;-0.3,19,55,14,5,2,39,25,39,39,25,2,edgeCount
62,197,243,graphml/Cogentco.graphml,2,,clustered,0.5;-0.3,-1,-1,-1,0,0,-1,0,-1,-1,0,0,edgeCount
61,197,243,graphml/Cogentco.graphml,2,,clustered,0.5;-0.3,14,14,14,0,0,14,0,14,14,0,0,edgeCount
60,197,243,graphml/Cogentco.graphml,1,,clustered,0.5;-0.3,32,16,11,21,2,-1,-12,32,16,21,2,edgeCount
59,197,243,graphml/Cogentco.graphml,1,,clustered,0.5;-0.3,10,10,10,0,4,10,0,10,10,0,4,edgeCount
58,197,243,graphml/Cogentco.graphml,2,,clustered,0.5;-0.3,11,11,11,0,0,11,0,11,11,0,0,edgeCount
57,197,243,graphml/Cogentco.graphml,2,,clustered,0.5;-0.3,21,7,7,14,2,-1,-8,28,28,21,2,edgeCount
56,197,243,graphml/Cogentco.graphml,2,,clustered,0.5;-0.3,77,77,18,59,0,77,59,77,77,59,0,edgeCount
55,197,243,graphml/Cogentco.graphml,2,,clustered,0.5;-0.3,62,18,18,44,0,18,0,18,18,0,0,edgeCount
54,197,243,graphml/Cogentco.graphml,2,,clustered,0.5;-0.3,23,23,20,3,0,80,60,80,80,60,0,edgeCount
53,197,243,graphml/Cogentco.graphml,2,,clustered,0.5;-0.3,26,8,8,18,2,8,0,26,8,18,2,edgeCount
52,197,243,graphml/Cogentco.graphml,2,,clustered,0.5;-0.3,41,41,16,25,0,41,25,41,41,25,0,edgeCount
51,197,243,graphml/Cogentco.graphml,1,,clustered,0.5;-0.3,11,51,11,0,2,11,0,11,51,0,2,edgeCount
50,197,243,graphml/Cogentco.graphml,2,,clustered,0.5;-0.3,56,56,14,42,0,56,42,56,56,42,0,edgeCount
49,197,243,graphml/Cogentco.graphml,1,,clustered,0.5;-0.3,35,17,16,19,6,-1,-17,35,17,19,6,edgeCount
48,197,243,graphml/Cogentco.graphml,3,,clustered,0.5;-0.3,39,19,10,29,0,13,3,13,13,3,0,edgeCount
47,197,243,graphml/Cogentco.graphml,1,,clustered,0.5;-0.3,7,7,7,0,0,7,0,7,7,0,0,edgeCount
46,197,243,graphml/Cogentco.graphml,1,,clustered,0.5;-0.3,4,4,4,0,0,4,0,4,4,0,0,edgeCount
45,197,243,graphml/Cogentco.graphml,2,,clustered,0.5;-0.3,39,11,10,29,2,11,1,11,11,1,2,edgeCount
44,197,243,graphml/Cogentco.graphml,1,,clustered,0.5;-0.3,-1,-1,-1,0,2,-1,0,-1,-1,0,2,edgeCount
43,197,243,graphml/Cogentco.graphml,2,,clustered,0.5;-0.3,-1,-1,-1,0,0,-1,0,-1,-1,0,0,edgeCount
42,197,243,graphml/Cogentco.graphml,2,,clustered,0.5;-0.3,14,24,11,3,0,32,21,32,32,21,0,edgeCount
41,197,243,graphml/Cogentco.graphml,1,,clustered,0.5;-0.3,12,12,12,0,0,12,0,12,12,0,0,edgeCount
40,197,243,graphml/Cogentco.graphml,2,,clustered,0.5;-0.3,21,19,16,5,2,19,3,19,19,3,2,edgeCount
39,197,243,graphml/Cogentco.graphml,2,,clustered,0.5;-0.3,-1,-1,-1,0,0,-1,0,-1,-1,0,0,edgeCount
38,197,243,graphml/Cogentco.graphml,1,,clustered,0.5;-0.3,28,28,11,17,2,-1,-12,28,28,17,2,edgeCount
37,197,243,graphml/Cogentco.graphml,3,,clustered,0.5;-0.3,15,15,10,5,0,41,31,41,41,31,0,edgeCount
36,197,243,graphml/Cogentco.graphml,1,,clustered,0.5;-0.3,14,14,14,0,0,14,0,14,14,0,0,edgeCount
35,197,243,graphml/Cogentco.graphml,2,,clustered,0.5;-0.3,50,24,18,32,2,-1,-19,51,51,33,2,edgeCount
34,197,243,graphml/Cogentco.graphml,2,,clustered,0.5;-0.3,14,14,14,0,0,14,0,14,14,0,0,edgeCount
33,197,243,graphml/Cogentco.graphml,1,,clustered,0.5;-0.3,-1,-1,-1,0,0,-1,0,-1,-1,0,0,edgeCount
32,197,243,graphml/Cogentco.graphml,2,,clustered,0.5;-0.3,33,39,9,24,2,9,0,9,9,0,2,edgeCount
31,197,243,graphml/Cogentco.graphml,2,,clustered,0.5;-0.3,9,9,9,0,2,29,20,29,53,20,2,edgeCount
30,197,243,graphml/Cogentco.graphml,2,,clustered,0.5;-0.3,21,85,19,2,2,49,30,49,49,30,2,edgeCount
29,197,243,graphml/Cogentco.graphml,2,,clustered,0.5;-0.3,27,27,10,17,0,27,17,27,27,17,0,edgeCount
28,197,243,graphml/Cogentco.graphml,2,,clustered,0.5;-0.3,43,13,13,30,2,13,0,13,13,0,2,edgeCount
27,197,243,graphml/Cogentco.graphml,1,,clustered,0.5;-0.3,7,7,7,0,2,7,0,7,7,0,2,edgeCount
26,197,243,graphml/Cogentco.graphml,2,,clustered,0.5;-0.3,14,23,14,0,0,26,12,26,26,12,0,edgeCount
25,197,243,graphml/Cogentco.graphml,1,,clustered,0.5;-0.3,-1,-1,-1,0,0,-1,0,-1,-1,0,0,edgeCount
24,197,243,graphml/Cogentco.graphml,1,,clustered,0.5;-0.3,11,11,11,0,0,11,0,11,11,0,0,edgeCount
23,197,243,graphml/Cogentco.graphml,2,,clustered,0.5;-0.3,3,3,3,0,4,3,0,3,3,0,4,edgeCount
22,197,243,graphml/Cogentco.graphml,1,,clustered,0.5;-0.3,13,13,13,0,0,13,0,13,13,0,0,edgeCount
21,197,243,graphml/Cogentco.graphml,2,,clustered,0.5;-0.3,11,11,11,0,0,11,0,11,11,0,0,edgeCount
20,197,243,graphml/Cogentco.graphml,1,,clustered,0.5;-0.3,-1,-1,-1,0,0,-1,0,-1,-1,0,0,edgeCount
19,197,243,graphml/Cogentco.graphml,2,,clustered,0.5;-0.3,16,16,16,0,0,16,0,16,16,0,0,edgeCount
18,197,243,graphml/Cogentco.graphml,2,,clustered,0.5;-0.3,78,26,18,60,2,26,8,78,26,60,2,edgeCount
17,197,243,graphml/Cogentco.graphml,1,,clustered,0.5;-0.3,13,13,13,0,0,13,0,13,13,0,0,edgeCount
16,197,243,graphml/Cogentco.graphml,1,,clustered,0.5;-0.3,39,37,19,20,4,-1,-20,39,37,20,4,edgeCount
15,197,243,graphml/Cogentco.graphml,2,,clustered,0.5;-0.3,21,21,20,1,0,21,1,21,21,1,0,edgeCount
14,197,243,graphml/Cogentco.graphml,1,,clustered,0.5;-0.3,7,7,7,0,0,7,0,7,7,0,0,edgeCount
13,197,243,graphml/Cogentco.graphml,2,,clustered,0.5;-0.3,71,71,24,47,0,71,47,71,71,47,0,edgeCount
12,197,243,graphml/Cogentco.graphml,1,,clustered,0.5;-0.3,10,36,6,4,6,-1,-7,10,36,4,6,edgeCount
11,197,243,graphml/Cogentco.graphml,1,,clustered,0.5;-0.3,15,15,15,0,0,15,0,15,15,0,0,edgeCount
10,197,243,graphml/Cogentco.graphml,1,,clustered,0.5;-0.3,14,14,14,0,0,14,0,14,14,0,0,edgeCount
9,197,243,graphml/Cogentco.graphml,1,,clustered,0.5;-0.3,10,10,10,0,4,10,0,10,10,0,4,edgeCount
8,197,243,graphml/Cogentco.graphml,2,,clustered,0.5;-0.3,51,51,16,35,0,51,35,51,51,35,0,edgeCount
7,197,243,graphml/Cogentco.graphml,2,,clustered,0.5;-0.3,57,33,19,38,2,19,0,19,19,0,2,edgeCount
6,197,243,graphml/Cogentco.graphml,2,,clustered,0.5;-0.3,19,19,16,3,0,19,3,19,19,3,0,edgeCount
5,197,243,graphml/Cogentco.graphml,2,,clustered,0.5;-0.3,59,59,15,44,0,59,44,59,59,44,0,edgeCount
4,197,243,graphml/Cogentco.graphml,2,,clustered,0.5;-0.3,9,9,8,1,0,9,1,9,9,1,0,edgeCount
3,197,243,graphml/Cogentco.graphml,2,,clustered,0.5;-0.3,23,19,12,11,0,-1,-13,-1,-1,-13,0,edgeCount
2,197,243,graphml/Cogentco.graphml,1,,clustered,0.5;-0.3,41,41,16,25,2,-1,-17,41,41,25,2,edgeCount
1,197,243,graphml/Cogentco.graphml,2,,clustered,0.5;-0.3,46,46,13,33,0,46,33,46,46,33,0,edgeCount
