rep,nrNodes,nrEdges,edgeProb,nrPaths,nrFails,failureModel,failurePercent,hopsRanked,hopsUnranked,spLength,stretch_mult,nodeAdditions,hopsPath,stretch_path,hopsRankedOne,hopsUnrankedOne,stretch_one,overallNodeAdditionsOne,treeChoice
1000,197,243,graphml/Cogentco.graphml,2,,clustered,0.6;-0.3,-1,-1,7,-8,0,-1,-8,-1,-1,-8,0,edgeCount
999,197,243,graphml/Cogentco.graphml,2,,clustered,0.6;-0.3,45,45,12,33,0,45,33,45,45,33,0,edgeCount
998,197,243,graphml/Cogentco.graphml,2,,clustered,0.6;-0.3,39,39,15,24,0,39,24,39,39,24,0,edgeCount
997,197,243,graphml/Cogentco.graphml,2,,clustered,0.6;-0.3,-1,-1,-1,0,0,-1,0,-1,-1,0,0,edgeCount
996,197,243,graphml/Cogentco.graphml,3,,clustered,0.6;-0.3,10,9,7,3,2,22,15,22,26,15,2,edgeCount
995,197,243,graphml/Cogentco.graphml,2,,clustered,0.6;-0.3,-1,-1,-1,0,0,-1,0,-1,-1,0,0,edgeCount
994,197,243,graphml/Cogentco.graphml,1,,clustered,0.6;-0.3,-1,-1,10,-11,2,-1,-11,-1,-1,-11,2,edgeCount
993,197,243,graphml/Cogentco.graphml,2,,clustered,0.6;-0.3,-1,-1,-1,0,0,-1,0,-1,-1,0,0,edgeCount
992,197,243,graphml/Cogentco.graphml,2,,clustered,0.6;-0.3,75,75,21,54,2,75,54,75,75,54,2,edgeCount
991,197,243,graphml/Cogentco.graphml,2,,clustered,0.6;-0.3,-1,-1,-1,0,0,-1,0,-1,-1,0,0,edgeCount
990,197,243,graphml/Cogentco.graphml,2,,clustered,0.6;-0.3,-1,-1,-1,0,0,-1,0,-1,-1,0,0,edgeCount
989,197,243,graphml/Cogentco.graphml,1,,clustered,0.6;-0.3,11,11,11,0,0,11,0,11,11,0,0,edgeCount
988,197,243,graphml/Cogentco.graphml,1,,clustered,0.6;-0.3,-1,-1,14,-15,0,-1,-15,-1,-1,-15,0,edgeCount
987,197,243,graphml/Cogentco.graphml,2,,clustered,0.6;-0.3,10,29,9,1,2,22,13,34,34,25,2,edgeCount
986,197,243,graphml/Cogentco.graphml,2,,clustered,0.6;-0.3,-1,-1,11,-12,0,-1,-12,-1,-1,-12,0,edgeCount
985,197,243,graphml/Cogentco.graphml,2,,clustered,0.6;-0.3,9,9,9,0,0,9,0,9,9,0,0,edgeCount
984,197,243,graphml/Cogentco.graphml,2,,clustered,0.6;-0.3,45,27,14,31,0,15,1,15,15,1,0,edgeCount
983,197,243,graphml/Cogentco.graphml,1,,clustered,0.6;-0.3,14,14,14,0,0,14,0,14,14,0,0,edgeCount
982,197,243,graphml/Cogentco.graphml,2,,clustered,0.6;-0.3,-1,-1,-1,0,0,-1,0,-1,-1,0,0,edgeCount
981,197,243,graphml/Cogentco.graphml,2,,clustered,0.6;-0.3,36,36,11,25,2,32,21,32,32,21,2,edgeCount
980,197,243,graphml/Cogentco.graphml,1,,clustered,0.6;-0.3,-1,-1,-1,0,0,-1,0,-1,-1,0,0,edgeCount
979,197,243,graphml/Cogentco.graphml,2,,clustered,0.6;-0.3,9,33,9,0,2,17,8,17,19,8,2,edgeCount
978,197,243,graphml/Cogentco.graphml,1,,clustered,0.6;-0.3,9,9,9,0,0,9,0,9,9,0,0,edgeCount
977,197,243,graphml/Cogentco.graphml,2,,clustered,0.6;-0.3,-1,-1,18,-19,0,-1,-19,-1,-1,-19,0,edgeCount
976,197,243,graphml/Cogentco.graphml,2,,clustered,0.6;-0.3,-1,-1,-1,0,0,-1,0,-1,-1,0,0,edgeCount
975,197,243,graphml/Cogentco.graphml,2,,clustered,0.6;-0.3,-1,-1,-1,0,0,-1,0,-1,-1,0,0,edgeCount
974,197,243,graphml/Cogentco.graphml,2,,clustered,0.6;-0.3,13,7,7,6,2,7,0,13,7,6,2,edgeCount
973,197,243,graphml/Cogentco.graphml,1,,clustered,0.6;-0.3,6,6,6,0,0,6,0,6,6,0,0,edgeCount
972,197,243,graphml/Cogentco.graphml,2,,clustered,0.6;-0.3,31,11,11,20,2,-1,-12,31,11,20,2,edgeCount
971,197,243,graphml/Cogentco.graphml,2,,clustered,0.6;-0.3,8,8,8,0,0,8,0,8,8,0,0,edgeCount
970,197,243,graphml/Cogentco.graphml,2,,clustered,0.6;-0.3,-1,-1,-1,0,0,-1,0,-1,-1,0,0,edgeCount
969,197,243,graphml/Cogentco.graphml,2,,clustered,0.6;-0.3,-1,-1,-1,0,0,-1,0,-1,-1,0,0,edgeCount
968,197,243,graphml/Cogentco.graphml,1,,clustered,0.6;-0.3,14,14,14,0,0,14,0,14,14,0,0,edgeCount
967,197,243,graphml/Cogentco.graphml,2,,clustered,0.6;-0.3,15,15,15,0,2,-1,-16,15,15,0,2,edgeCount
966,197,243,graphml/Cogentco.graphml,2,,clustered,0.6;-0.3,-1,-1,-1,0,0,-1,0,-1,-1,0,0,edgeCount
965,197,243,graphml/Cogentco.graphml,1,,clustered,0.6;-0.3,4,20,4,0,2,4,0,4,20,0,2,edgeCount
964,197,243,graphml/Cogentco.graphml,1,,clustered,0.6;-0.3,27,27,27,0,0,27,0,27,27,0,0,edgeCount
963,197,243,graphml/Cogentco.graphml,2,,clustered,0.6;-0.3,40,20,14,26,4,-1,-15,31,27,17,4,edgeCount
962,197,243,graphml/Cogentco.graphml,2,,clustered,0.6;-0.3,11,47,11,0,0,27,16,27,27,16,0,edgeCount
961,197,243,graphml/Cogentco.graphml,2,,clustered,0.6;-0.3,-1,-1,-1,0,2,-1,0,-1,-1,0,2,edgeCount
960,197,243,graphml/Cogentco.graphml,1,,clustered,0.6;-0.3,-1,-1,14,-15,4,-1,-15,-1,-1,-15,4,edgeCount
959,197,243,graphml/Cogentco.graphml,1,,clustered,0.6;-0.3,-1,-1,-1,0,0,-1,0,-1,-1,0,0,edgeCount
958,197,243,graphml/Cogentco.graphml,1,,clustered,0.6;-0.3,7,7,7,0,0,7,0,7,7,0,0,edgeCount
957,197,243,graphml/Cogentco.graphml,1,,clustered,0.6;-0.3,14,14,14,0,0,14,0,14,14,0,0,edgeCount
956,197,243,graphml/Cogentco.graphml,2,,clustered,0.6;-0.3,16,48,9,7,0,30,21,30,30,21,0,edgeCount
955,197,243,graphml/Cogentco.graphml,1,,clustered,0.6;-0.3,-1,-1,-1,0,0,-1,0,-1,-1,0,0,edgeCount
954,197,243,graphml/Cogentco.graphml,1,,clustered,0.6;-0.3,27,27,11,16,2,-1,-12,27,27,16,2,edgeCount
953,197,243,graphml/Cogentco.graphml,2,,clustered,0.6;-0.3,49,49,19,30,0,49,30,49,49,30,0,edgeCount
952,197,243,graphml/Cogentco.graphml,2,,clustered,0.6;-0.3,-1,-1,-1,0,2,-1,0,-1,-1,0,2,edgeCount
951,197,243,graphml/Cogentco.graphml,1,,clustered,0.6;-0.3,-1,-1,-1,0,0,-1,0,-1,-1,0,0,edgeCount
950,197,243,graphml/Cogentco.graphml,2,,clustered,0.6;-0.3,-1,-1,-1,0,0,-1,0,-1,-1,0,0,edgeCount
949,197,243,graphml/Cogentco.graphml,2,,clustered,0.6;-0.3,-1,-1,9,-10,0,-1,-10,-1,-1,-10,0,edgeCount
948,197,243,graphml/Cogentco.graphml,2,,clustered,0.6;-0.3,14,20,13,1,2,32,19,32,33,19,2,edgeCount
947,197,243,graphml/Cogentco.graphml,2,,clustered,0.6;-0.3,-1,-1,-1,0,0,-1,0,-1,-1,0,0,edgeCount
946,197,243,graphml/Cogentco.graphml,2,,clustered,0.6;-0.3,19,19,5,14,0,5,0,5,5,0,0,edgeCount
945,197,243,graphml/Cogentco.graphml,1,,clustered,0.6;-0.3,-1,-1,-1,0,2,-1,0,-1,-1,0,2,edgeCount
944,197,243,graphml/Cogentco.graphml,2,,clustered,0.6;-0.3,9,9,9,0,2,-1,-10,37,37,28,2,edgeCount
943,197,243,graphml/Cogentco.graphml,2,,clustered,0.6;-0.3,60,38,18,42,0,20,2,20,20,2,0,edgeCount
942,197,243,graphml/Cogentco.graphml,2,,clustered,0.6;-0.3,23,19,19,4,2,19,0,19,19,0,2,edgeCount
941,197,243,graphml/Cogentco.graphml,2,,clustered,0.6;-0.3,-1,-1,-1,0,0,-1,0,-1,-1,0,0,edgeCount
940,197,243,graphml/Cogentco.graphml,1,,clustered,0.6;-0.3,9,9,9,0,2,9,0,9,9,0,2,edgeCount
939,197,243,graphml/Cogentco.graphml,1,,clustered,0.6;-0.3,8,8,8,0,0,8,0,8,8,0,0,edgeCount
938,197,243,graphml/Cogentco.graphml,2,,clustered,0.6;-0.3,7,7,7,0,0,7,0,7,7,0,0,edgeCount
937,197,243,graphml/Cogentco.graphml,1,,clustered,0.6;-0.3,7,7,7,0,0,7,0,7,7,0,0,edgeCount
936,197,243,graphml/Cogentco.graphml,1,,clustered,0.6;-0.3,12,12,12,0,0,12,0,12,12,0,0,edgeCount
935,197,243,graphml/Cogentco.graphml,1,,clustered,0.6;-0.3,21,45,21,0,2,-1,-22,21,45,0,2,edgeCount
934,197,243,graphml/Cogentco.graphml,1,,clustered,0.6;-0.3,5,5,5,0,2,5,0,5,5,0,2,edgeCount
933,197,243,graphml/Cogentco.graphml,2,,clustered,0.6;-0.3,9,9,7,2,0,7,0,7,7,0,0,edgeCount
932,197,243,graphml/Cogentco.graphml,2,,clustered,0.6;-0.3,11,11,11,0,0,11,0,11,11,0,0,edgeCount
931,197,243,graphml/Cogentco.graphml,1,,clustered,0.6;-0.3,14,14,10,4,2,-1,-11,14,14,4,2,edgeCount
930,197,243,graphml/Cogentco.graphml,3,,clustered,0.6;-0.3,10,10,9,1,0,10,1,10,10,1,0,edgeCount
929,197,243,graphml/Cogentco.graphml,2,,clustered,0.6;-0.3,24,86,16,8,0,52,36,52,52,36,0,edgeCount
928,197,243,graphml/Cogentco.graphml,2,,clustered,0.6;-0.3,19,59,12,7,0,19,7,19,19,7,0,edgeCount
927,197,243,graphml/Cogentco.graphml,2,,clustered,0.6;-0.3,13,13,13,0,0,13,0,13,13,0,0,edgeCount
926,197,243,graphml/Cogentco.graphml,2,,clustered,0.6;-0.3,87,49,18,69,2,-1,-19,67,53,49,2,edgeCount
925,197,243,graphml/Cogentco.graphml,2,,clustered,0.6;-0.3,15,15,10,5,0,15,5,15,15,5,0,edgeCount
924,197,243,graphml/Cogentco.graphml,2,,clustered,0.6;-0.3,51,13,13,38,0,13,0,13,13,0,0,edgeCount
923,197,243,graphml/Cogentco.graphml,1,,clustered,0.6;-0.3,42,22,16,26,4,-1,-17,42,22,26,4,edgeCount
922,197,243,graphml/Cogentco.graphml,2,,clustered,0.6;-0.3,-1,-1,-1,0,0,-1,0,-1,-1,0,0,edgeCount
921,197,243,graphml/Cogentco.graphml,3,,clustered,0.6;-0.3,30,30,13,17,0,30,17,30,30,17,0,edgeCount
920,197,243,graphml/Cogentco.graphml,1,,clustered,0.6;-0.3,24,16,13,11,2,-1,-14,24,16,11,2,edgeCount
919,197,243,graphml/Cogentco.graphml,2,,clustered,0.6;-0.3,19,12,12,7,2,12,0,12,12,0,2,edgeCount
918,197,243,graphml/Cogentco.graphml,1,,clustered,0.6;-0.3,-1,-1,-1,0,2,-1,0,-1,-1,0,2,edgeCount
917,197,243,graphml/Cogentco.graphml,2,,clustered,0.6;-0.3,48,48,17,31,2,38,21,48,48,31,2,edgeCount
916,197,243,graphml/Cogentco.graphml,1,,clustered,0.6;-0.3,33,17,17,16,2,-1,-18,33,17,16,2,edgeCount
915,197,243,graphml/Cogentco.graphml,2,,clustered,0.6;-0.3,44,46,14,30,2,14,0,14,14,0,2,edgeCount
914,197,243,graphml/Cogentco.graphml,2,,clustered,0.6;-0.3,26,14,6,20,2,-1,-7,33,33,27,2,edgeCount
913,197,243,graphml/Cogentco.graphml,2,,clustered,0.6;-0.3,36,8,8,28,0,8,0,8,8,0,0,edgeCount
912,197,243,graphml/Cogentco.graphml,2,,clustered,0.6;-0.3,-1,-1,-1,0,0,-1,0,-1,-1,0,0,edgeCount
911,197,243,graphml/Cogentco.graphml,1,,clustered,0.6;-0.3,-1,-1,15,-16,0,-1,-16,-1,-1,-16,0,edgeCount
910,197,243,graphml/Cogentco.graphml,2,,clustered,0.6;-0.3,38,18,10,28,2,10,0,10,10,0,2,edgeCount
909,197,243,graphml/Cogentco.graphml,1,,clustered,0.6;-0.3,3,3,3,0,0,3,0,3,3,0,0,edgeCount
908,197,243,graphml/Cogentco.graphml,2,,clustered,0.6;-0.3,40,40,19,21,0,40,21,40,40,21,0,edgeCount
907,197,243,graphml/Cogentco.graphml,2,,clustered,0.6;-0.3,42,42,16,26,0,42,26,42,42,26,0,edgeCount
906,197,243,graphml/Cogentco.graphml,1,,clustered,0.6;-0.3,70,70,26,44,2,-1,-27,70,70,44,2,edgeCount
905,197,243,graphml/Cogentco.graphml,2,,clustered,0.6;-0.3,6,6,6,0,0,6,0,6,6,0,0,edgeCount
904,197,243,graphml/Cogentco.graphml,1,,clustered,0.6;-0.3,12,12,12,0,0,12,0,12,12,0,0,edgeCount
903,197,243,graphml/Cogentco.graphml,1,,clustered,0.6;-0.3,4,12,4,0,4,4,0,4,12,0,4,edgeCount
902,197,243,graphml/Cogentco.graphml,2,,clustered,0.6;-0.3,-1,-1,-1,0,0,-1,0,-1,-1,0,0,edgeCount
901,197,243,graphml/Cogentco.graphml,1,,clustered,0.6;-0.3,11,11,11,0,0,11,0,11,11,0,0,edgeCount
900,197,243,graphml/Cogentco.graphml,2,,clustered,0.6;-0.3,41,41,17,24,0,41,24,41,41,24,0,edgeCount
899,197,243,graphml/Cogentco.graphml,2,,clustered,0.6;-0.3,-1,-1,-1,0,0,-1,0,-1,-1,0,0,edgeCount
898,197,243,graphml/Cogentco.graphml,1,,clustered,0.6;-0.3,12,12,12,0,0,12,0,12,12,0,0,edgeCount
897,197,243,graphml/Cogentco.graphml,2,,clustered,0.6;-0.3,27,27,12,15,0,-1,-13,27,27,15,0,edgeCount
896,197,243,graphml/Cogentco.graphml,1,,clustered,0.6;-0.3,25,25,25,0,0,25,0,25,25,0,0,edgeCount
895,197,243,graphml/Cogentco.graphml,2,,clustered,0.6;-0.3,17,14,14,3,2,39,25,39,39,25,2,edgeCount
894,197,243,graphml/Cogentco.graphml,1,,clustered,0.6;-0.3,-1,-1,-1,0,0,-1,0,-1,-1,0,0,edgeCount
893,197,243,graphml/Cogentco.graphml,1,,clustered,0.6;-0.3,-1,-1,-1,0,0,-1,0,-1,-1,0,0,edgeCount
892,197,243,graphml/Cogentco.graphml,1,,clustered,0.6;-0.3,-1,-1,-1,0,2,-1,0,-1,-1,0,2,edgeCount
891,197,243,graphml/Cogentco.graphml,2,,clustered,0.6;-0.3,-1,-1,16,-17,0,-1,-17,-1,-1,-17,0,edgeCount
890,197,243,graphml/Cogentco.graphml,1,,clustered,0.6;-0.3,13,13,13,0,0,13,0,13,13,0,0,edgeCount
889,197,243,graphml/Cogentco.graphml,2,,clustered,0.6;-0.3,5,17,5,0,2,11,6,5,17,0,2,edgeCount
888,197,243,graphml/Cogentco.graphml,2,,clustered,0.6;-0.3,10,10,9,1,0,10,1,10,10,1,0,edgeCount
887,197,243,graphml/Cogentco.graphml,1,,clustered,0.6;-0.3,-1,-1,-1,0,2,-1,0,-1,-1,0,2,edgeCount
886,197,243,graphml/Cogentco.graphml,4,,clustered,0.6;-0.3,2,3,2,0,0,2,0,2,2,0,0,edgeCount
885,197,243,graphml/Cogentco.graphml,2,,clustered,0.6;-0.3,41,41,15,26,0,-1,-16,41,41,26,0,edgeCount
884,197,243,graphml/Cogentco.graphml,2,,clustered,0.6;-0.3,77,25,18,59,4,-1,-19,-1,-1,-19,4,edgeCount
883,197,243,graphml/Cogentco.graphml,2,,clustered,0.6;-0.3,5,13,5,0,2,9,4,9,23,4,2,edgeCount
882,197,243,graphml/Cogentco.graphml,1,,clustered,0.6;-0.3,9,9,9,0,0,9,0,9,9,0,0,edgeCount
881,197,243,graphml/Cogentco.graphml,1,,clustered,0.6;-0.3,21,21,21,0,0,21,0,21,21,0,0,edgeCount
880,197,243,graphml/Cogentco.graphml,2,,clustered,0.6;-0.3,10,10,10,0,2,10,0,10,10,0,2,edgeCount
879,197,243,graphml/Cogentco.graphml,1,,clustered,0.6;-0.3,-1,-1,-1,0,2,-1,0,-1,-1,0,2,edgeCount
878,197,243,graphml/Cogentco.graphml,1,,clustered,0.6;-0.3,7,7,7,0,0,7,0,7,7,0,0,edgeCount
877,197,243,graphml/Cogentco.graphml,1,,clustered,0.6;-0.3,-1,-1,-1,0,2,-1,0,-1,-1,0,2,edgeCount
876,197,243,graphml/Cogentco.graphml,2,,clustered,0.6;-0.3,7,55,7,0,2,15,8,15,15,8,2,edgeCount
875,197,243,graphml/Cogentco.graphml,1,,clustered,0.6;-0.3,-1,-1,-1,0,2,-1,0,-1,-1,0,2,edgeCount
874,197,243,graphml/Cogentco.graphml,1,,clustered,0.6;-0.3,10,10,10,0,0,10,0,10,10,0,0,edgeCount
873,197,243,graphml/Cogentco.graphml,1,,clustered,0.6;-0.3,7,7,7,0,0,7,0,7,7,0,0,edgeCount
872,197,243,graphml/Cogentco.graphml,1,,clustered,0.6;-0.3,8,8,8,0,0,8,0,8,8,0,0,edgeCount
871,197,243,graphml/Cogentco.graphml,2,,clustered,0.6;-0.3,11,81,11,0,0,27,16,27,27,16,0,edgeCount
870,197,243,graphml/Cogentco.graphml,1,,clustered,0.6;-0.3,-1,-1,-1,0,0,-1,0,-1,-1,0,0,edgeCount
869,197,243,graphml/Cogentco.graphml,2,,clustered,0.6;-0.3,8,8,8,0,0,8,0,8,8,0,0,edgeCount
868,197,243,graphml/Cogentco.graphml,2,,clustered,0.6;-0.3,34,12,12,22,0,12,0,12,12,0,0,edgeCount
867,197,243,graphml/Cogentco.graphml,1,,clustered,0.6;-0.3,9,9,9,0,0,9,0,9,9,0,0,edgeCount
866,197,243,graphml/Cogentco.graphml,1,,clustered,0.6;-0.3,2,2,2,0,0,2,0,2,2,0,0,edgeCount
865,197,243,graphml/Cogentco.graphml,2,,clustered,0.6;-0.3,14,14,14,0,0,43,29,14,14,0,0,edgeCount
864,197,243,graphml/Cogentco.graphml,1,,clustered,0.6;-0.3,9,18,9,0,4,9,0,9,18,0,4,edgeCount
863,197,243,graphml/Cogentco.graphml,2,,clustered,0.6;-0.3,-1,-1,-1,0,0,-1,0,-1,-1,0,0,edgeCount
862,197,243,graphml/Cogentco.graphml,3,,clustered,0.6;-0.3,7,13,7,0,0,13,6,13,13,6,0,edgeCount
861,197,243,graphml/Cogentco.graphml,2,,clustered,0.6;-0.3,35,35,10,25,2,27,17,35,35,25,2,edgeCount
860,197,243,graphml/Cogentco.graphml,2,,clustered,0.6;-0.3,-1,-1,-1,0,0,-1,0,-1,-1,0,0,edgeCount
859,197,243,graphml/Cogentco.graphml,2,,clustered,0.6;-0.3,-1,-1,21,-22,2,-1,-22,-1,-1,-22,2,edgeCount
858,197,243,graphml/Cogentco.graphml,2,,clustered,0.6;-0.3,15,19,13,2,2,41,28,15,19,2,2,edgeCount
857,197,243,graphml/Cogentco.graphml,2,,clustered,0.6;-0.3,-1,-1,8,-9,10,-1,-9,-1,-1,-9,10,edgeCount
856,197,243,graphml/Cogentco.graphml,3,,clustered,0.6;-0.3,14,14,6,8,0,14,8,14,14,8,0,edgeCount
855,197,243,graphml/Cogentco.graphml,2,,clustered,0.6;-0.3,51,17,15,36,4,-1,-16,58,56,43,4,edgeCount
854,197,243,graphml/Cogentco.graphml,1,,clustered,0.6;-0.3,25,25,12,13,2,-1,-13,25,25,13,2,edgeCount
853,197,243,graphml/Cogentco.graphml,1,,clustered,0.6;-0.3,21,21,21,0,0,21,0,21,21,0,0,edgeCount
852,197,243,graphml/Cogentco.graphml,2,,clustered,0.6;-0.3,29,17,9,20,2,-1,-10,29,17,20,2,edgeCount
851,197,243,graphml/Cogentco.graphml,2,,clustered,0.6;-0.3,-1,-1,-1,0,0,-1,0,-1,-1,0,0,edgeCount
850,197,243,graphml/Cogentco.graphml,2,,clustered,0.6;-0.3,-1,-1,-1,0,0,-1,0,-1,-1,0,0,edgeCount
849,197,243,graphml/Cogentco.graphml,2,,clustered,0.6;-0.3,36,36,13,23,0,36,23,36,36,23,0,edgeCount
848,197,243,graphml/Cogentco.graphml,2,,clustered,0.6;-0.3,20,20,4,16,0,4,0,4,4,0,0,edgeCount
847,197,243,graphml/Cogentco.graphml,1,,clustered,0.6;-0.3,-1,-1,-1,0,2,-1,0,-1,-1,0,2,edgeCount
846,197,243,graphml/Cogentco.graphml,2,,clustered,0.6;-0.3,56,56,21,35,0,56,35,56,56,35,0,edgeCount
845,197,243,graphml/Cogentco.graphml,2,,clustered,0.6;-0.3,21,21,19,2,0,21,2,21,21,2,0,edgeCount
844,197,243,graphml/Cogentco.graphml,2,,clustered,0.6;-0.3,31,107,19,12,2,63,44,63,81,44,2,edgeCount
843,197,243,graphml/Cogentco.graphml,1,,clustered,0.6;-0.3,12,12,12,0,2,12,0,12,12,0,2,edgeCount
842,197,243,graphml/Cogentco.graphml,2,,clustered,0.6;-0.3,57,37,13,44,4,-1,-14,44,58,31,4,edgeCount
841,197,243,graphml/Cogentco.graphml,2,,clustered,0.6;-0.3,63,57,14,49,14,-1,-15,70,76,56,14,edgeCount
840,197,243,graphml/Cogentco.graphml,1,,clustered,0.6;-0.3,9,9,9,0,2,-1,-10,9,9,0,2,edgeCount
839,197,243,graphml/Cogentco.graphml,2,,clustered,0.6;-0.3,22,8,8,14,0,8,0,22,22,14,0,edgeCount
838,197,243,graphml/Cogentco.graphml,2,,clustered,0.6;-0.3,-1,-1,-1,0,0,-1,0,-1,-1,0,0,edgeCount
837,197,243,graphml/Cogentco.graphml,2,,clustered,0.6;-0.3,-1,-1,-1,0,0,-1,0,-1,-1,0,0,edgeCount
836,197,243,graphml/Cogentco.graphml,2,,clustered,0.6;-0.3,37,9,9,28,2,9,0,9,9,0,2,edgeCount
835,197,243,graphml/Cogentco.graphml,2,,clustered,0.6;-0.3,41,41,14,27,2,-1,-15,-1,-1,-15,2,edgeCount
834,197,243,graphml/Cogentco.graphml,2,,clustered,0.6;-0.3,-1,-1,-1,0,6,-1,0,-1,-1,0,6,edgeCount
833,197,243,graphml/Cogentco.graphml,1,,clustered,0.6;-0.3,14,24,14,0,2,14,0,14,24,0,2,edgeCount
832,197,243,graphml/Cogentco.graphml,2,,clustered,0.6;-0.3,26,8,8,18,10,-1,-9,24,24,16,10,edgeCount
831,197,243,graphml/Cogentco.graphml,3,,clustered,0.6;-0.3,10,10,8,2,0,10,2,10,10,2,0,edgeCount
830,197,243,graphml/Cogentco.graphml,1,,clustered,0.6;-0.3,10,10,8,2,2,-1,-9,10,10,2,2,edgeCount
829,197,243,graphml/Cogentco.graphml,2,,clustered,0.6;-0.3,38,8,8,30,2,8,0,8,8,0,2,edgeCount
828,197,243,graphml/Cogentco.graphml,2,,clustered,0.6;-0.3,-1,-1,11,-12,0,-1,-12,-1,-1,-12,0,edgeCount
827,197,243,graphml/Cogentco.graphml,2,,clustered,0.6;-0.3,18,6,5,13,0,-1,-6,18,6,13,0,edgeCount
826,197,243,graphml/Cogentco.graphml,1,,clustered,0.6;-0.3,-1,-1,-1,0,8,-1,0,-1,-1,0,8,edgeCount
825,197,243,graphml/Cogentco.graphml,2,,clustered,0.6;-0.3,10,10,7,3,0,10,3,10,10,3,0,edgeCount
824,197,243,graphml/Cogentco.graphml,1,,clustered,0.6;-0.3,16,16,16,0,0,16,0,16,16,0,0,edgeCount
823,197,243,graphml/Cogentco.graphml,2,,clustered,0.6;-0.3,47,47,18,29,0,47,29,47,47,29,0,edgeCount
822,197,243,graphml/Cogentco.graphml,1,,clustered,0.6;-0.3,-1,-1,-1,0,0,-1,0,-1,-1,0,0,edgeCount
821,197,243,graphml/Cogentco.graphml,1,,clustered,0.6;-0.3,-1,-1,-1,0,4,-1,0,-1,-1,0,4,edgeCount
820,197,243,graphml/Cogentco.graphml,1,,clustered,0.6;-0.3,-1,-1,-1,0,2,-1,0,-1,-1,0,2,edgeCount
819,197,243,graphml/Cogentco.graphml,2,,clustered,0.6;-0.3,36,36,8,28,0,36,28,36,36,28,0,edgeCount
818,197,243,graphml/Cogentco.graphml,2,,clustered,0.6;-0.3,-1,-1,-1,0,4,-1,0,-1,-1,0,4,edgeCount
817,197,243,graphml/Cogentco.graphml,2,,clustered,0.6;-0.3,67,67,18,49,0,67,49,67,67,49,0,edgeCount
816,197,243,graphml/Cogentco.graphml,1,,clustered,0.6;-0.3,-1,-1,10,-11,4,-1,-11,-1,-1,-11,4,edgeCount
815,197,243,graphml/Cogentco.graphml,3,,clustered,0.6;-0.3,10,11,7,3,0,16,9,16,16,9,0,edgeCount
814,197,243,graphml/Cogentco.graphml,2,,clustered,0.6;-0.3,76,76,24,52,0,76,52,76,76,52,0,edgeCount
813,197,243,graphml/Cogentco.graphml,2,,clustered,0.6;-0.3,12,12,12,0,0,12,0,12,12,0,0,edgeCount
812,197,243,graphml/Cogentco.graphml,2,,clustered,0.6;-0.3,-1,-1,-1,0,0,-1,0,-1,-1,0,0,edgeCount
811,197,243,graphml/Cogentco.graphml,2,,clustered,0.6;-0.3,-1,-1,-1,0,2,-1,0,-1,-1,0,2,edgeCount
810,197,243,graphml/Cogentco.graphml,2,,clustered,0.6;-0.3,-1,-1,-1,0,0,-1,0,-1,-1,0,0,edgeCount
809,197,243,graphml/Cogentco.graphml,2,,clustered,0.6;-0.3,-1,-1,19,-20,0,-1,-20,-1,-1,-20,0,edgeCount
808,197,243,graphml/Cogentco.graphml,2,,clustered,0.6;-0.3,51,47,25,26,2,-1,-26,51,47,26,2,edgeCount
807,197,243,graphml/Cogentco.graphml,2,,clustered,0.6;-0.3,49,9,9,40,0,9,0,9,9,0,0,edgeCount
806,197,243,graphml/Cogentco.graphml,2,,clustered,0.6;-0.3,7,45,6,1,4,13,7,13,55,7,4,edgeCount
805,197,243,graphml/Cogentco.graphml,2,,clustered,0.6;-0.3,15,21,12,3,0,33,21,33,33,21,0,edgeCount
804,197,243,graphml/Cogentco.graphml,2,,clustered,0.6;-0.3,-1,-1,8,-9,2,-1,-9,-1,-1,-9,2,edgeCount
803,197,243,graphml/Cogentco.graphml,2,,clustered,0.6;-0.3,14,14,11,3,0,14,3,14,14,3,0,edgeCount
802,197,243,graphml/Cogentco.graphml,2,,clustered,0.6;-0.3,3,3,3,0,0,3,0,3,3,0,0,edgeCount
801,197,243,graphml/Cogentco.graphml,1,,clustered,0.6;-0.3,11,11,11,0,0,11,0,11,11,0,0,edgeCount
800,197,243,graphml/Cogentco.graphml,2,,clustered,0.6;-0.3,14,17,8,6,2,8,0,8,8,0,2,edgeCount
799,197,243,graphml/Cogentco.graphml,2,,clustered,0.6;-0.3,-1,-1,-1,0,0,-1,0,-1,-1,0,0,edgeCount
798,197,243,graphml/Cogentco.graphml,2,,clustered,0.6;-0.3,14,6,6,8,0,6,0,6,6,0,0,edgeCount
797,197,243,graphml/Cogentco.graphml,2,,clustered,0.6;-0.3,-1,-1,-1,0,0,-1,0,-1,-1,0,0,edgeCount
796,197,243,graphml/Cogentco.graphml,1,,clustered,0.6;-0.3,12,12,12,0,0,12,0,12,12,0,0,edgeCount
795,197,243,graphml/Cogentco.graphml,2,,clustered,0.6;-0.3,64,64,20,44,0,64,44,64,64,44,0,edgeCount
794,197,243,graphml/Cogentco.graphml,2,,clustered,0.6;-0.3,13,13,7,6,0,13,6,13,13,6,0,edgeCount
793,197,243,graphml/Cogentco.graphml,1,,clustered,0.6;-0.3,10,10,10,0,0,10,0,10,10,0,0,edgeCount
792,197,243,graphml/Cogentco.graphml,2,,clustered,0.6;-0.3,11,21,10,1,0,25,15,25,25,15,0,edgeCount
791,197,243,graphml/Cogentco.graphml,2,,clustered,0.6;-0.3,9,23,9,0,0,23,14,23,23,14,0,edgeCount
790,197,243,graphml/Cogentco.graphml,2,,clustered,0.6;-0.3,17,17,16,1,0,17,1,17,17,1,0,edgeCount
789,197,243,graphml/Cogentco.graphml,2,,clustered,0.6;-0.3,7,7,7,0,0,7,0,7,7,0,0,edgeCount
788,197,243,graphml/Cogentco.graphml,2,,clustered,0.6;-0.3,17,17,17,0,0,17,0,17,17,0,0,edgeCount
787,197,243,graphml/Cogentco.graphml,2,,clustered,0.6;-0.3,4,4,4,0,0,4,0,4,4,0,0,edgeCount
786,197,243,graphml/Cogentco.graphml,2,,clustered,0.6;-0.3,14,14,7,7,0,14,7,14,14,7,0,edgeCount
785,197,243,graphml/Cogentco.graphml,2,,clustered,0.6;-0.3,5,5,5,0,2,5,0,5,5,0,2,edgeCount
784,197,243,graphml/Cogentco.graphml,2,,clustered,0.6;-0.3,35,35,11,24,0,35,24,35,35,24,0,edgeCount
783,197,243,graphml/Cogentco.graphml,1,,clustered,0.6;-0.3,-1,-1,11,-12,0,-1,-12,-1,-1,-12,0,edgeCount
782,197,243,graphml/Cogentco.graphml,2,,clustered,0.6;-0.3,-1,-1,-1,0,0,-1,0,-1,-1,0,0,edgeCount
781,197,243,graphml/Cogentco.graphml,2,,clustered,0.6;-0.3,-1,-1,-1,0,2,-1,0,-1,-1,0,2,edgeCount
780,197,243,graphml/Cogentco.graphml,2,,clustered,0.6;-0.3,8,16,8,0,2,16,8,16,16,8,2,edgeCount
779,197,243,graphml/Cogentco.graphml,1,,clustered,0.6;-0.3,55,55,23,32,2,-1,-24,55,55,32,2,edgeCount
778,197,243,graphml/Cogentco.graphml,2,,clustered,0.6;-0.3,-1,-1,13,-14,0,-1,-14,-1,-1,-14,0,edgeCount
777,197,243,graphml/Cogentco.graphml,2,,clustered,0.6;-0.3,6,6,6,0,0,6,0,6,6,0,0,edgeCount
776,197,243,graphml/Cogentco.graphml,2,,clustered,0.6;-0.3,31,31,13,18,0,31,18,31,31,18,0,edgeCount
775,197,243,graphml/Cogentco.graphml,2,,clustered,0.6;-0.3,-1,-1,-1,0,0,-1,0,-1,-1,0,0,edgeCount
774,197,243,graphml/Cogentco.graphml,1,,clustered,0.6;-0.3,7,19,5,2,4,-1,-6,7,19,2,4,edgeCount
773,197,243,graphml/Cogentco.graphml,1,,clustered,0.6;-0.3,15,15,13,2,4,-1,-14,15,15,2,4,edgeCount
772,197,243,graphml/Cogentco.graphml,2,,clustered,0.6;-0.3,40,40,12,28,0,-1,-13,-1,-1,-13,0,edgeCount
771,197,243,graphml/Cogentco.graphml,1,,clustered,0.6;-0.3,13,11,5,8,4,-1,-6,13,11,8,4,edgeCount
770,197,243,graphml/Cogentco.graphml,1,,clustered,0.6;-0.3,-1,-1,15,-16,4,-1,-16,-1,-1,-16,4,edgeCount
769,197,243,graphml/Cogentco.graphml,2,,clustered,0.6;-0.3,17,17,14,3,2,17,3,17,17,3,2,edgeCount
768,197,243,graphml/Cogentco.graphml,1,,clustered,0.6;-0.3,-1,-1,-1,0,2,-1,0,-1,-1,0,2,edgeCount
767,197,243,graphml/Cogentco.graphml,1,,clustered,0.6;-0.3,36,94,18,18,16,-1,-19,36,94,18,16,edgeCount
766,197,243,graphml/Cogentco.graphml,1,,clustered,0.6;-0.3,8,8,8,0,0,8,0,8,8,0,0,edgeCount
765,197,243,graphml/Cogentco.graphml,1,,clustered,0.6;-0.3,33,33,12,21,2,-1,-13,33,33,21,2,edgeCount
764,197,243,graphml/Cogentco.graphml,1,,clustered,0.6;-0.3,23,23,23,0,0,23,0,23,23,0,0,edgeCount
763,197,243,graphml/Cogentco.graphml,2,,clustered,0.6;-0.3,19,50,14,5,0,14,0,14,14,0,0,edgeCount
762,197,243,graphml/Cogentco.graphml,2,,clustered,0.6;-0.3,59,59,21,38,0,59,38,59,59,38,0,edgeCount
761,197,243,graphml/Cogentco.graphml,1,,clustered,0.6;-0.3,8,27,8,0,4,8,0,8,27,0,4,edgeCount
760,197,243,graphml/Cogentco.graphml,2,,clustered,0.6;-0.3,-1,-1,10,-11,0,-1,-11,-1,-1,-11,0,edgeCount
759,197,243,graphml/Cogentco.graphml,2,,clustered,0.6;-0.3,-1,-1,-1,0,0,-1,0,-1,-1,0,0,edgeCount
758,197,243,graphml/Cogentco.graphml,1,,clustered,0.6;-0.3,54,54,20,34,4,-1,-21,54,54,34,4,edgeCount
757,197,243,graphml/Cogentco.graphml,1,,clustered,0.6;-0.3,27,27,10,17,6,-1,-11,27,27,17,6,edgeCount
756,197,243,graphml/Cogentco.graphml,2,,clustered,0.6;-0.3,7,7,7,0,0,7,0,7,7,0,0,edgeCount
755,197,243,graphml/Cogentco.graphml,2,,clustered,0.6;-0.3,45,45,13,32,0,45,32,45,45,32,0,edgeCount
754,197,243,graphml/Cogentco.graphml,1,,clustered,0.6;-0.3,-1,-1,-1,0,2,-1,0,-1,-1,0,2,edgeCount
753,197,243,graphml/Cogentco.graphml,1,,clustered,0.6;-0.3,-1,-1,-1,0,0,-1,0,-1,-1,0,0,edgeCount
752,197,243,graphml/Cogentco.graphml,2,,clustered,0.6;-0.3,35,35,11,24,0,35,24,35,35,24,0,edgeCount
751,197,243,graphml/Cogentco.graphml,2,,clustered,0.6;-0.3,27,27,9,18,0,27,18,27,27,18,0,edgeCount
750,197,243,graphml/Cogentco.graphml,1,,clustered,0.6;-0.3,18,18,18,0,0,18,0,18,18,0,0,edgeCount
749,197,243,graphml/Cogentco.graphml,3,,clustered,0.6;-0.3,27,63,10,17,4,47,37,47,49,37,4,edgeCount
748,197,243,graphml/Cogentco.graphml,1,,clustered,0.6;-0.3,33,33,15,18,2,-1,-16,33,33,18,2,edgeCount
747,197,243,graphml/Cogentco.graphml,1,,clustered,0.6;-0.3,12,12,12,0,0,12,0,12,12,0,0,edgeCount
746,197,243,graphml/Cogentco.graphml,2,,clustered,0.6;-0.3,-1,-1,-1,0,0,-1,0,-1,-1,0,0,edgeCount
745,197,243,graphml/Cogentco.graphml,2,,clustered,0.6;-0.3,21,57,14,7,4,43,29,43,43,29,4,edgeCount
744,197,243,graphml/Cogentco.graphml,2,,clustered,0.6;-0.3,20,20,20,0,0,20,0,20,20,0,0,edgeCount
743,197,243,graphml/Cogentco.graphml,2,,clustered,0.6;-0.3,-1,-1,-1,0,0,-1,0,-1,-1,0,0,edgeCount
742,197,243,graphml/Cogentco.graphml,2,,clustered,0.6;-0.3,27,27,16,11,2,27,11,27,27,11,2,edgeCount
741,197,243,graphml/Cogentco.graphml,2,,clustered,0.6;-0.3,14,40,12,2,2,36,24,36,36,24,2,edgeCount
740,197,243,graphml/Cogentco.graphml,2,,clustered,0.6;-0.3,-1,-1,-1,0,0,-1,0,-1,-1,0,0,edgeCount
739,197,243,graphml/Cogentco.graphml,2,,clustered,0.6;-0.3,3,3,3,0,0,3,0,3,3,0,0,edgeCount
738,197,243,graphml/Cogentco.graphml,1,,clustered,0.6;-0.3,8,8,8,0,0,8,0,8,8,0,0,edgeCount
737,197,243,graphml/Cogentco.graphml,2,,clustered,0.6;-0.3,-1,-1,-1,0,2,-1,0,-1,-1,0,2,edgeCount
736,197,243,graphml/Cogentco.graphml,2,,clustered,0.6;-0.3,20,90,20,0,2,56,36,56,56,36,2,edgeCount
735,197,243,graphml/Cogentco.graphml,1,,clustered,0.6;-0.3,-1,-1,-1,0,0,-1,0,-1,-1,0,0,edgeCount
734,197,243,graphml/Cogentco.graphml,3,,clustered,0.6;-0.3,-1,-1,-1,0,0,-1,0,-1,-1,0,0,edgeCount
733,197,243,graphml/Cogentco.graphml,2,,clustered,0.6;-0.3,-1,-1,-1,0,6,-1,0,-1,-1,0,6,edgeCount
732,197,243,graphml/Cogentco.graphml,2,,clustered,0.6;-0.3,-1,-1,-1,0,0,-1,0,-1,-1,0,0,edgeCount
731,197,243,graphml/Cogentco.graphml,2,,clustered,0.6;-0.3,44,44,15,29,0,44,29,44,44,29,0,edgeCount
730,197,243,graphml/Cogentco.graphml,2,,clustered,0.6;-0.3,54,54,18,36,0,54,36,54,54,36,0,edgeCount
729,197,243,graphml/Cogentco.graphml,2,,clustered,0.6;-0.3,13,43,9,4,2,31,22,31,31,22,2,edgeCount
728,197,243,graphml/Cogentco.graphml,1,,clustered,0.6;-0.3,13,13,13,0,4,13,0,13,13,0,4,edgeCount
727,197,243,graphml/Cogentco.graphml,1,,clustered,0.6;-0.3,46,26,13,33,2,-1,-14,46,26,33,2,edgeCount
726,197,243,graphml/Cogentco.graphml,2,,clustered,0.6;-0.3,8,8,8,0,2,8,0,8,8,0,2,edgeCount
725,197,243,graphml/Cogentco.graphml,2,,clustered,0.6;-0.3,34,70,9,25,2,12,3,12,46,3,2,edgeCount
724,197,243,graphml/Cogentco.graphml,2,,clustered,0.6;-0.3,13,13,13,0,0,13,0,13,13,0,0,edgeCount
723,197,243,graphml/Cogentco.graphml,3,,clustered,0.6;-0.3,41,7,5,36,4,5,0,5,7,0,4,edgeCount
722,197,243,graphml/Cogentco.graphml,2,,clustered,0.6;-0.3,21,73,20,1,2,53,33,21,73,1,2,edgeCount
721,197,243,graphml/Cogentco.graphml,1,,clustered,0.6;-0.3,23,23,23,0,0,23,0,23,23,0,0,edgeCount
720,197,243,graphml/Cogentco.graphml,2,,clustered,0.6;-0.3,43,23,15,28,6,-1,-16,-1,-1,-16,6,edgeCount
719,197,243,graphml/Cogentco.graphml,1,,clustered,0.6;-0.3,-1,-1,-1,0,2,-1,0,-1,-1,0,2,edgeCount
718,197,243,graphml/Cogentco.graphml,1,,clustered,0.6;-0.3,-1,-1,-1,0,2,-1,0,-1,-1,0,2,edgeCount
717,197,243,graphml/Cogentco.graphml,1,,clustered,0.6;-0.3,7,7,7,0,0,7,0,7,7,0,0,edgeCount
716,197,243,graphml/Cogentco.graphml,2,,clustered,0.6;-0.3,65,21,21,44,2,-1,-22,65,21,44,2,edgeCount
715,197,243,graphml/Cogentco.graphml,1,,clustered,0.6;-0.3,10,42,10,0,2,10,0,10,42,0,2,edgeCount
714,197,243,graphml/Cogentco.graphml,2,,clustered,0.6;-0.3,19,15,12,7,2,43,31,43,43,31,2,edgeCount
713,197,243,graphml/Cogentco.graphml,1,,clustered,0.6;-0.3,12,12,12,0,0,12,0,12,12,0,0,edgeCount
712,197,243,graphml/Cogentco.graphml,1,,clustered,0.6;-0.3,4,4,4,0,0,4,0,4,4,0,0,edgeCount
711,197,243,graphml/Cogentco.graphml,2,,clustered,0.6;-0.3,-1,-1,-1,0,0,-1,0,-1,-1,0,0,edgeCount
710,197,243,graphml/Cogentco.graphml,1,,clustered,0.6;-0.3,9,9,9,0,0,9,0,9,9,0,0,edgeCount
709,197,243,graphml/Cogentco.graphml,1,,clustered,0.6;-0.3,12,12,12,0,0,12,0,12,12,0,0,edgeCount
708,197,243,graphml/Cogentco.graphml,2,,clustered,0.6;-0.3,28,6,6,22,2,6,0,28,6,22,2,edgeCount
707,197,243,graphml/Cogentco.graphml,2,,clustered,0.6;-0.3,-1,-1,-1,0,0,-1,0,-1,-1,0,0,edgeCount
706,197,243,graphml/Cogentco.graphml,2,,clustered,0.6;-0.3,17,57,16,1,2,39,23,39,41,23,2,edgeCount
705,197,243,graphml/Cogentco.graphml,2,,clustered,0.6;-0.3,-1,-1,-1,0,0,-1,0,-1,-1,0,0,edgeCount
704,197,243,graphml/Cogentco.graphml,1,,clustered,0.6;-0.3,12,12,12,0,0,12,0,12,12,0,0,edgeCount
703,197,243,graphml/Cogentco.graphml,2,,clustered,0.6;-0.3,-1,-1,-1,0,0,-1,0,-1,-1,0,0,edgeCount
702,197,243,graphml/Cogentco.graphml,1,,clustered,0.6;-0.3,-1,-1,10,-11,4,-1,-11,-1,-1,-11,4,edgeCount
701,197,243,graphml/Cogentco.graphml,2,,clustered,0.6;-0.3,-1,-1,-1,0,0,-1,0,-1,-1,0,0,edgeCount
700,197,243,graphml/Cogentco.graphml,1,,clustered,0.6;-0.3,-1,-1,-1,0,2,-1,0,-1,-1,0,2,edgeCount
699,197,243,graphml/Cogentco.graphml,1,,clustered,0.6;-0.3,-1,-1,10,-11,6,-1,-11,-1,-1,-11,6,edgeCount
698,197,243,graphml/Cogentco.graphml,2,,clustered,0.6;-0.3,23,21,17,6,2,-1,-18,23,21,6,2,edgeCount
697,197,243,graphml/Cogentco.graphml,2,,clustered,0.6;-0.3,-1,-1,-1,0,0,-1,0,-1,-1,0,0,edgeCount
696,197,243,graphml/Cogentco.graphml,2,,clustered,0.6;-0.3,58,14,14,44,0,14,0,14,14,0,0,edgeCount
695,197,243,graphml/Cogentco.graphml,2,,clustered,0.6;-0.3,-1,-1,-1,0,0,-1,0,-1,-1,0,0,edgeCount
694,197,243,graphml/Cogentco.graphml,2,,clustered,0.6;-0.3,-1,-1,-1,0,6,-1,0,-1,-1,0,6,edgeCount
693,197,243,graphml/Cogentco.graphml,2,,clustered,0.6;-0.3,37,11,11,26,2,11,0,11,11,0,2,edgeCount
692,197,243,graphml/Cogentco.graphml,2,,clustered,0.6;-0.3,52,52,17,35,0,52,35,52,52,35,0,edgeCount
691,197,243,graphml/Cogentco.graphml,2,,clustered,0.6;-0.3,-1,-1,-1,0,0,-1,0,-1,-1,0,0,edgeCount
690,197,243,graphml/Cogentco.graphml,2,,clustered,0.6;-0.3,-1,-1,-1,0,0,-1,0,-1,-1,0,0,edgeCount
689,197,243,graphml/Cogentco.graphml,2,,clustered,0.6;-0.3,32,14,10,22,0,10,0,10,10,0,0,edgeCount
688,197,243,graphml/Cogentco.graphml,1,,clustered,0.6;-0.3,5,5,5,0,0,5,0,5,5,0,0,edgeCount
687,197,243,graphml/Cogentco.graphml,2,,clustered,0.6;-0.3,-1,-1,-1,0,0,-1,0,-1,-1,0,0,edgeCount
686,197,243,graphml/Cogentco.graphml,1,,clustered,0.6;-0.3,3,29,3,0,2,3,0,3,29,0,2,edgeCount
685,197,243,graphml/Cogentco.graphml,2,,clustered,0.6;-0.3,9,9,7,2,2,-1,-8,-1,-1,-8,2,edgeCount
684,197,243,graphml/Cogentco.graphml,1,,clustered,0.6;-0.3,9,9,9,0,0,9,0,9,9,0,0,edgeCount
683,197,243,graphml/Cogentco.graphml,2,,clustered,0.6;-0.3,4,4,4,0,0,4,0,4,4,0,0,edgeCount
682,197,243,graphml/Cogentco.graphml,2,,clustered,0.6;-0.3,-1,-1,-1,0,0,-1,0,-1,-1,0,0,edgeCount
681,197,243,graphml/Cogentco.graphml,2,,clustered,0.6;-0.3,-1,-1,-1,0,0,-1,0,-1,-1,0,0,edgeCount
680,197,243,graphml/Cogentco.graphml,2,,clustered,0.6;-0.3,-1,-1,-1,0,0,-1,0,-1,-1,0,0,edgeCount
679,197,243,graphml/Cogentco.graphml,1,,clustered,0.6;-0.3,-1,-1,14,-15,0,-1,-15,-1,-1,-15,0,edgeCount
678,197,243,graphml/Cogentco.graphml,2,,clustered,0.6;-0.3,28,28,10,18,0,28,18,28,28,18,0,edgeCount
677,197,243,graphml/Cogentco.graphml,2,,clustered,0.6;-0.3,-1,-1,-1,0,0,-1,0,-1,-1,0,0,edgeCount
676,197,243,graphml/Cogentco.graphml,2,,clustered,0.6;-0.3,53,53,20,33,2,45,25,53,53,33,2,edgeCount
675,197,243,graphml/Cogentco.graphml,2,,clustered,0.6;-0.3,28,28,26,2,2,80,54,28,28,2,2,edgeCount
674,197,243,graphml/Cogentco.graphml,2,,clustered,0.6;-0.3,18,10,10,8,2,-1,-11,16,10,6,2,edgeCount
673,197,243,graphml/Cogentco.graphml,1,,clustered,0.6;-0.3,9,9,9,0,0,9,0,9,9,0,0,edgeCount
672,197,243,graphml/Cogentco.graphml,1,,clustered,0.6;-0.3,11,11,11,0,0,11,0,11,11,0,0,edgeCount
671,197,243,graphml/Cogentco.graphml,1,,clustered,0.6;-0.3,15,15,15,0,0,15,0,15,15,0,0,edgeCount
670,197,243,graphml/Cogentco.graphml,2,,clustered,0.6;-0.3,-1,-1,-1,0,6,-1,0,-1,-1,0,6,edgeCount
669,197,243,graphml/Cogentco.graphml,3,,clustered,0.6;-0.3,-1,-1,-1,0,0,-1,0,-1,-1,0,0,edgeCount
668,197,243,graphml/Cogentco.graphml,2,,clustered,0.6;-0.3,8,8,8,0,0,8,0,8,8,0,0,edgeCount
667,197,243,graphml/Cogentco.graphml,2,,clustered,0.6;-0.3,-1,-1,-1,0,0,-1,0,-1,-1,0,0,edgeCount
666,197,243,graphml/Cogentco.graphml,1,,clustered,0.6;-0.3,18,18,18,0,4,18,0,18,18,0,4,edgeCount
665,197,243,graphml/Cogentco.graphml,2,,clustered,0.6;-0.3,6,6,6,0,0,6,0,6,6,0,0,edgeCount
664,197,243,graphml/Cogentco.graphml,1,,clustered,0.6;-0.3,11,11,11,0,0,11,0,11,11,0,0,edgeCount
663,197,243,graphml/Cogentco.graphml,3,,clustered,0.6;-0.3,14,14,7,7,0,14,7,14,14,7,0,edgeCount
662,197,243,graphml/Cogentco.graphml,1,,clustered,0.6;-0.3,21,21,21,0,2,21,0,21,21,0,2,edgeCount
661,197,243,graphml/Cogentco.graphml,1,,clustered,0.6;-0.3,14,14,14,0,2,14,0,14,14,0,2,edgeCount
660,197,243,graphml/Cogentco.graphml,1,,clustered,0.6;-0.3,-1,-1,12,-13,4,-1,-13,-1,-1,-13,4,edgeCount
659,197,243,graphml/Cogentco.graphml,2,,clustered,0.6;-0.3,68,68,23,45,0,68,45,68,68,45,0,edgeCount
658,197,243,graphml/Cogentco.graphml,2,,clustered,0.6;-0.3,-1,-1,12,-13,0,-1,-13,-1,-1,-13,0,edgeCount
657,197,243,graphml/Cogentco.graphml,1,,clustered,0.6;-0.3,-1,-1,-1,0,0,-1,0,-1,-1,0,0,edgeCount
656,197,243,graphml/Cogentco.graphml,1,,clustered,0.6;-0.3,10,10,10,0,0,10,0,10,10,0,0,edgeCount
655,197,243,graphml/Cogentco.graphml,2,,clustered,0.6;-0.3,12,12,2,10,2,2,0,2,2,0,2,edgeCount
654,197,243,graphml/Cogentco.graphml,2,,clustered,0.6;-0.3,-1,-1,17,-18,0,-1,-18,-1,-1,-18,0,edgeCount
653,197,243,graphml/Cogentco.graphml,2,,clustered,0.6;-0.3,9,43,9,0,2,17,8,17,37,8,2,edgeCount
652,197,243,graphml/Cogentco.graphml,2,,clustered,0.6;-0.3,-1,-1,-1,0,0,-1,0,-1,-1,0,0,edgeCount
651,197,243,graphml/Cogentco.graphml,1,,clustered,0.6;-0.3,5,5,5,0,2,5,0,5,5,0,2,edgeCount
650,197,243,graphml/Cogentco.graphml,2,,clustered,0.6;-0.3,21,21,21,0,0,21,0,21,21,0,0,edgeCount
649,197,243,graphml/Cogentco.graphml,2,,clustered,0.6;-0.3,36,36,16,20,0,36,20,36,36,20,0,edgeCount
648,197,243,graphml/Cogentco.graphml,2,,clustered,0.6;-0.3,-1,-1,-1,0,0,-1,0,-1,-1,0,0,edgeCount
647,197,243,graphml/Cogentco.graphml,1,,clustered,0.6;-0.3,19,19,19,0,0,19,0,19,19,0,0,edgeCount
646,197,243,graphml/Cogentco.graphml,2,,clustered,0.6;-0.3,36,17,10,26,2,-1,-11,36,24,26,2,edgeCount
645,197,243,graphml/Cogentco.graphml,1,,clustered,0.6;-0.3,10,10,10,0,0,10,0,10,10,0,0,edgeCount
644,197,243,graphml/Cogentco.graphml,2,,clustered,0.6;-0.3,59,59,21,38,0,59,38,59,59,38,0,edgeCount
643,197,243,graphml/Cogentco.graphml,2,,clustered,0.6;-0.3,31,35,5,26,2,5,0,5,5,0,2,edgeCount
642,197,243,graphml/Cogentco.graphml,2,,clustered,0.6;-0.3,-1,-1,-1,0,0,-1,0,-1,-1,0,0,edgeCount
641,197,243,graphml/Cogentco.graphml,2,,clustered,0.6;-0.3,-1,-1,-1,0,0,-1,0,-1,-1,0,0,edgeCount
640,197,243,graphml/Cogentco.graphml,2,,clustered,0.6;-0.3,12,12,12,0,0,12,0,12,12,0,0,edgeCount
639,197,243,graphml/Cogentco.graphml,2,,clustered,0.6;-0.3,-1,-1,-1,0,0,-1,0,-1,-1,0,0,edgeCount
638,197,243,graphml/Cogentco.graphml,2,,clustered,0.6;-0.3,19,19,18,1,0,-1,-19,-1,-1,-19,0,edgeCount
637,197,243,graphml/Cogentco.graphml,1,,clustered,0.6;-0.3,20,20,20,0,0,20,0,20,20,0,0,edgeCount
636,197,243,graphml/Cogentco.graphml,2,,clustered,0.6;-0.3,-1,-1,-1,0,0,-1,0,-1,-1,0,0,edgeCount
635,197,243,graphml/Cogentco.graphml,2,,clustered,0.6;-0.3,55,24,16,39,2,19,3,19,19,3,2,edgeCount
634,197,243,graphml/Cogentco.graphml,1,,clustered,0.6;-0.3,21,21,21,0,0,21,0,21,21,0,0,edgeCount
633,197,243,graphml/Cogentco.graphml,2,,clustered,0.6;-0.3,13,17,8,5,4,25,17,25,47,17,2,edgeCount
632,197,243,graphml/Cogentco.graphml,1,,clustered,0.6;-0.3,-1,-1,15,-16,2,-1,-16,-1,-1,-16,2,edgeCount
631,197,243,graphml/Cogentco.graphml,1,,clustered,0.6;-0.3,-1,-1,-1,0,2,-1,0,-1,-1,0,2,edgeCount
630,197,243,graphml/Cogentco.graphml,1,,clustered,0.6;-0.3,11,11,11,0,0,11,0,11,11,0,0,edgeCount
629,197,243,graphml/Cogentco.graphml,2,,clustered,0.6;-0.3,-1,-1,-1,0,0,-1,0,-1,-1,0,0,edgeCount
628,197,243,graphml/Cogentco.graphml,2,,clustered,0.6;-0.3,7,7,7,0,0,7,0,7,7,0,0,edgeCount
627,197,243,graphml/Cogentco.graphml,2,,clustered,0.6;-0.3,17,17,17,0,0,17,0,17,17,0,0,edgeCount
626,197,243,graphml/Cogentco.graphml,2,,clustered,0.6;-0.3,59,19,19,40,2,19,0,19,19,0,2,edgeCount
625,197,243,graphml/Cogentco.graphml,1,,clustered,0.6;-0.3,43,21,18,25,2,-1,-19,43,21,25,2,edgeCount
624,197,243,graphml/Cogentco.graphml,2,,clustered,0.6;-0.3,18,54,15,3,2,38,23,38,38,23,2,edgeCount
623,197,243,graphml/Cogentco.graphml,2,,clustered,0.6;-0.3,42,24,12,30,0,-1,-13,-1,-1,-13,0,edgeCount
622,197,243,graphml/Cogentco.graphml,2,,clustered,0.6;-0.3,-1,-1,-1,0,0,-1,0,-1,-1,0,0,edgeCount
621,197,243,graphml/Cogentco.graphml,2,,clustered,0.6;-0.3,-1,-1,-1,0,0,-1,0,-1,-1,0,0,edgeCount
620,197,243,graphml/Cogentco.graphml,2,,clustered,0.6;-0.3,42,42,15,27,0,42,27,42,42,27,0,edgeCount
619,197,243,graphml/Cogentco.graphml,2,,clustered,0.6;-0.3,-1,-1,11,-12,0,-1,-12,-1,-1,-12,0,edgeCount
618,197,243,graphml/Cogentco.graphml,2,,clustered,0.6;-0.3,-1,-1,18,-19,2,-1,-19,44,44,26,2,edgeCount
617,197,243,graphml/Cogentco.graphml,3,,clustered,0.6;-0.3,2,2,2,0,0,2,0,2,2,0,0,edgeCount
616,197,243,graphml/Cogentco.graphml,3,,clustered,0.6;-0.3,67,33,14,53,0,35,21,35,35,21,0,edgeCount
615,197,243,graphml/Cogentco.graphml,2,,clustered,0.6;-0.3,-1,-1,-1,0,2,-1,0,-1,-1,0,2,edgeCount
614,197,243,graphml/Cogentco.graphml,2,,clustered,0.6;-0.3,17,47,14,3,2,41,27,41,61,27,2,edgeCount
613,197,243,graphml/Cogentco.graphml,3,,clustered,0.6;-0.3,4,4,4,0,0,7,3,7,7,3,0,edgeCount
612,197,243,graphml/Cogentco.graphml,2,,clustered,0.6;-0.3,49,15,15,34,2,15,0,49,15,34,2,edgeCount
611,197,243,graphml/Cogentco.graphml,2,,clustered,0.6;-0.3,-1,-1,-1,0,0,-1,0,-1,-1,0,0,edgeCount
610,197,243,graphml/Cogentco.graphml,2,,clustered,0.6;-0.3,27,27,7,20,0,27,20,27,27,20,0,edgeCount
609,197,243,graphml/Cogentco.graphml,1,,clustered,0.6;-0.3,-1,-1,13,-14,0,-1,-14,-1,-1,-14,0,edgeCount
608,197,243,graphml/Cogentco.graphml,2,,clustered,0.6;-0.3,4,4,2,2,4,2,0,2,2,0,4,edgeCount
607,197,243,graphml/Cogentco.graphml,3,,clustered,0.6;-0.3,16,2,2,14,2,2,0,2,2,0,2,edgeCount
606,197,243,graphml/Cogentco.graphml,3,,clustered,0.6;-0.3,6,6,6,0,0,6,0,6,6,0,0,edgeCount
605,197,243,graphml/Cogentco.graphml,2,,clustered,0.6;-0.3,23,23,14,9,0,23,9,23,23,9,0,edgeCount
604,197,243,graphml/Cogentco.graphml,2,,clustered,0.6;-0.3,-1,-1,17,-18,2,-1,-18,-1,-1,-18,2,edgeCount
603,197,243,graphml/Cogentco.graphml,2,,clustered,0.6;-0.3,36,36,15,21,0,36,21,36,36,21,0,edgeCount
602,197,243,graphml/Cogentco.graphml,2,,clustered,0.6;-0.3,11,71,11,0,4,25,14,25,47,14,4,edgeCount
601,197,243,graphml/Cogentco.graphml,2,,clustered,0.6;-0.3,13,49,13,0,0,33,20,33,33,20,0,edgeCount
600,197,243,graphml/Cogentco.graphml,2,,clustered,0.6;-0.3,16,16,16,0,0,16,0,16,16,0,0,edgeCount
599,197,243,graphml/Cogentco.graphml,1,,clustered,0.6;-0.3,24,24,24,0,0,24,0,24,24,0,0,edgeCount
598,197,243,graphml/Cogentco.graphml,2,,clustered,0.6;-0.3,-1,-1,-1,0,0,-1,0,-1,-1,0,0,edgeCount
597,197,243,graphml/Cogentco.graphml,2,,clustered,0.6;-0.3,52,18,17,35,2,-1,-18,52,18,35,2,edgeCount
596,197,243,graphml/Cogentco.graphml,1,,clustered,0.6;-0.3,50,50,25,25,2,-1,-26,50,50,25,2,edgeCount
595,197,243,graphml/Cogentco.graphml,2,,clustered,0.6;-0.3,18,68,15,3,0,-1,-16,36,36,21,0,edgeCount
594,197,243,graphml/Cogentco.graphml,2,,clustered,0.6;-0.3,-1,-1,-1,0,0,-1,0,-1,-1,0,0,edgeCount
593,197,243,graphml/Cogentco.graphml,2,,clustered,0.6;-0.3,6,21,6,0,2,10,4,10,30,4,2,edgeCount
592,197,243,graphml/Cogentco.graphml,2,,clustered,0.6;-0.3,-1,-1,-1,0,0,-1,0,-1,-1,0,0,edgeCount
591,197,243,graphml/Cogentco.graphml,1,,clustered,0.6;-0.3,17,17,17,0,0,17,0,17,17,0,0,edgeCount
590,197,243,graphml/Cogentco.graphml,1,,clustered,0.6;-0.3,34,34,14,20,2,-1,-15,34,34,20,2,edgeCount
589,197,243,graphml/Cogentco.graphml,1,,clustered,0.6;-0.3,18,18,18,0,0,18,0,18,18,0,0,edgeCount
588,197,243,graphml/Cogentco.graphml,1,,clustered,0.6;-0.3,77,67,21,56,16,-1,-22,77,67,56,16,edgeCount
587,197,243,graphml/Cogentco.graphml,2,,clustered,0.6;-0.3,-1,-1,-1,0,0,-1,0,-1,-1,0,0,edgeCount
586,197,243,graphml/Cogentco.graphml,2,,clustered,0.6;-0.3,44,44,14,30,2,44,30,44,44,30,2,edgeCount
585,197,243,graphml/Cogentco.graphml,1,,clustered,0.6;-0.3,-1,-1,21,-22,2,-1,-22,-1,-1,-22,2,edgeCount
584,197,243,graphml/Cogentco.graphml,2,,clustered,0.6;-0.3,3,3,3,0,0,3,0,3,3,0,0,edgeCount
583,197,243,graphml/Cogentco.graphml,2,,clustered,0.6;-0.3,-1,-1,-1,0,0,-1,0,-1,-1,0,0,edgeCount
582,197,243,graphml/Cogentco.graphml,1,,clustered,0.6;-0.3,-1,-1,14,-15,2,-1,-15,-1,-1,-15,2,edgeCount
581,197,243,graphml/Cogentco.graphml,1,,clustered,0.6;-0.3,5,5,5,0,0,5,0,5,5,0,0,edgeCount
580,197,243,graphml/Cogentco.graphml,1,,clustered,0.6;-0.3,8,8,8,0,0,8,0,8,8,0,0,edgeCount
579,197,243,graphml/Cogentco.graphml,2,,clustered,0.6;-0.3,-1,-1,-1,0,0,-1,0,-1,-1,0,0,edgeCount
578,197,243,graphml/Cogentco.graphml,2,,clustered,0.6;-0.3,5,3,3,2,2,3,0,3,3,0,2,edgeCount
577,197,243,graphml/Cogentco.graphml,2,,clustered,0.6;-0.3,-1,-1,-1,0,0,-1,0,-1,-1,0,0,edgeCount
576,197,243,graphml/Cogentco.graphml,1,,clustered,0.6;-0.3,7,7,7,0,0,7,0,7,7,0,0,edgeCount
575,197,243,graphml/Cogentco.graphml,2,,clustered,0.6;-0.3,25,25,22,3,0,25,3,25,25,3,0,edgeCount
574,197,243,graphml/Cogentco.graphml,2,,clustered,0.6;-0.3,6,11,6,0,0,12,6,12,12,6,0,edgeCount
573,197,243,graphml/Cogentco.graphml,2,,clustered,0.6;-0.3,15,15,15,0,0,15,0,15,15,0,0,edgeCount
572,197,243,graphml/Cogentco.graphml,2,,clustered,0.6;-0.3,4,44,4,0,4,10,6,10,4,6,4,edgeCount
571,197,243,graphml/Cogentco.graphml,2,,clustered,0.6;-0.3,21,21,14,7,0,21,7,21,21,7,0,edgeCount
570,197,243,graphml/Cogentco.graphml,1,,clustered,0.6;-0.3,15,15,15,0,0,15,0,15,15,0,0,edgeCount
569,197,243,graphml/Cogentco.graphml,2,,clustered,0.6;-0.3,-1,-1,22,-23,0,-1,-23,-1,-1,-23,0,edgeCount
568,197,243,graphml/Cogentco.graphml,2,,clustered,0.6;-0.3,-1,-1,16,-17,0,-1,-17,-1,-1,-17,0,edgeCount
567,197,243,graphml/Cogentco.graphml,2,,clustered,0.6;-0.3,-1,-1,17,-18,2,-1,-18,34,34,17,2,edgeCount
566,197,243,graphml/Cogentco.graphml,2,,clustered,0.6;-0.3,17,17,7,10,2,17,10,17,17,10,2,edgeCount
565,197,243,graphml/Cogentco.graphml,2,,clustered,0.6;-0.3,93,93,23,70,0,75,52,75,75,52,0,edgeCount
564,197,243,graphml/Cogentco.graphml,1,,clustered,0.6;-0.3,5,5,5,0,0,5,0,5,5,0,0,edgeCount
563,197,243,graphml/Cogentco.graphml,3,,clustered,0.6;-0.3,-1,-1,-1,0,2,-1,0,-1,-1,0,2,edgeCount
562,197,243,graphml/Cogentco.graphml,2,,clustered,0.6;-0.3,-1,-1,-1,0,0,-1,0,-1,-1,0,0,edgeCount
561,197,243,graphml/Cogentco.graphml,1,,clustered,0.6;-0.3,8,8,8,0,0,8,0,8,8,0,0,edgeCount
560,197,243,graphml/Cogentco.graphml,2,,clustered,0.6;-0.3,13,12,9,4,0,13,4,13,12,4,0,edgeCount
559,197,243,graphml/Cogentco.graphml,2,,clustered,0.6;-0.3,26,26,15,11,2,26,11,26,26,11,2,edgeCount
558,197,243,graphml/Cogentco.graphml,1,,clustered,0.6;-0.3,-1,-1,11,-12,0,-1,-12,-1,-1,-12,0,edgeCount
557,197,243,graphml/Cogentco.graphml,2,,clustered,0.6;-0.3,18,11,8,10,0,38,30,38,38,30,0,edgeCount
556,197,243,graphml/Cogentco.graphml,2,,clustered,0.6;-0.3,-1,-1,10,-11,0,-1,-11,-1,-1,-11,0,edgeCount
555,197,243,graphml/Cogentco.graphml,2,,clustered,0.6;-0.3,15,13,11,4,0,-1,-12,-1,-1,-12,0,edgeCount
554,197,243,graphml/Cogentco.graphml,2,,clustered,0.6;-0.3,78,22,19,59,2,-1,-20,59,55,40,2,edgeCount
553,197,243,graphml/Cogentco.graphml,2,,clustered,0.6;-0.3,-1,-1,-1,0,0,-1,0,-1,-1,0,0,edgeCount
552,197,243,graphml/Cogentco.graphml,2,,clustered,0.6;-0.3,-1,-1,-1,0,0,-1,0,-1,-1,0,0,edgeCount
551,197,243,graphml/Cogentco.graphml,1,,clustered,0.6;-0.3,-1,-1,-1,0,2,-1,0,-1,-1,0,2,edgeCount
550,197,243,graphml/Cogentco.graphml,2,,clustered,0.6;-0.3,30,34,8,22,14,8,0,8,8,0,14,edgeCount
549,197,243,graphml/Cogentco.graphml,2,,clustered,0.6;-0.3,9,9,7,2,0,9,2,9,9,2,0,edgeCount
548,197,243,graphml/Cogentco.graphml,2,,clustered,0.6;-0.3,74,74,29,45,0,74,45,74,74,45,0,edgeCount
547,197,243,graphml/Cogentco.graphml,2,,clustered,0.6;-0.3,22,6,6,16,0,6,0,6,6,0,0,edgeCount
546,197,243,graphml/Cogentco.graphml,1,,clustered,0.6;-0.3,7,7,7,0,4,7,0,7,7,0,4,edgeCount
545,197,243,graphml/Cogentco.graphml,2,,clustered,0.6;-0.3,15,15,15,0,0,15,0,15,15,0,0,edgeCount
544,197,243,graphml/Cogentco.graphml,2,,clustered,0.6;-0.3,10,33,9,1,2,24,15,24,48,15,2,edgeCount
543,197,243,graphml/Cogentco.graphml,2,,clustered,0.6;-0.3,77,23,21,56,2,-1,-22,63,43,42,2,edgeCount
542,197,243,graphml/Cogentco.graphml,2,,clustered,0.6;-0.3,36,28,10,26,4,10,0,10,12,0,4,edgeCount
541,197,243,graphml/Cogentco.graphml,2,,clustered,0.6;-0.3,33,33,12,21,0,33,21,33,33,21,0,edgeCount
540,197,243,graphml/Cogentco.graphml,2,,clustered,0.6;-0.3,-1,-1,-1,0,0,-1,0,-1,-1,0,0,edgeCount
539,197,243,graphml/Cogentco.graphml,1,,clustered,0.6;-0.3,-1,-1,18,-19,2,-1,-19,-1,-1,-19,2,edgeCount
538,197,243,graphml/Cogentco.graphml,2,,clustered,0.6;-0.3,85,33,14,71,12,-1,-15,59,55,45,10,edgeCount
537,197,243,graphml/Cogentco.graphml,2,,clustered,0.6;-0.3,-1,-1,-1,0,0,-1,0,-1,-1,0,0,edgeCount
536,197,243,graphml/Cogentco.graphml,1,,clustered,0.6;-0.3,-1,-1,-1,0,0,-1,0,-1,-1,0,0,edgeCount
535,197,243,graphml/Cogentco.graphml,2,,clustered,0.6;-0.3,4,4,4,0,2,4,0,4,4,0,2,edgeCount
534,197,243,graphml/Cogentco.graphml,2,,clustered,0.6;-0.3,-1,-1,-1,0,0,-1,0,-1,-1,0,0,edgeCount
533,197,243,graphml/Cogentco.graphml,2,,clustered,0.6;-0.3,13,59,12,1,2,35,23,35,57,23,2,edgeCount
532,197,243,graphml/Cogentco.graphml,2,,clustered,0.6;-0.3,12,28,8,4,0,8,0,8,8,0,0,edgeCount
531,197,243,graphml/Cogentco.graphml,1,,clustered,0.6;-0.3,-1,-1,19,-20,4,-1,-20,-1,-1,-20,4,edgeCount
530,197,243,graphml/Cogentco.graphml,2,,clustered,0.6;-0.3,-1,-1,-1,0,0,-1,0,-1,-1,0,0,edgeCount
529,197,243,graphml/Cogentco.graphml,1,,clustered,0.6;-0.3,8,8,8,0,4,8,0,8,8,0,4,edgeCount
528,197,243,graphml/Cogentco.graphml,2,,clustered,0.6;-0.3,-1,-1,-1,0,0,-1,0,-1,-1,0,0,edgeCount
527,197,243,graphml/Cogentco.graphml,2,,clustered,0.6;-0.3,11,11,11,0,0,11,0,11,11,0,0,edgeCount
526,197,243,graphml/Cogentco.graphml,2,,clustered,0.6;-0.3,32,32,12,20,0,32,20,32,32,20,0,edgeCount
525,197,243,graphml/Cogentco.graphml,2,,clustered,0.6;-0.3,-1,-1,-1,0,0,-1,0,-1,-1,0,0,edgeCount
524,197,243,graphml/Cogentco.graphml,1,,clustered,0.6;-0.3,-1,-1,-1,0,0,-1,0,-1,-1,0,0,edgeCount
523,197,243,graphml/Cogentco.graphml,1,,clustered,0.6;-0.3,2,2,2,0,0,2,0,2,2,0,0,edgeCount
522,197,243,graphml/Cogentco.graphml,2,,clustered,0.6;-0.3,47,47,19,28,0,47,28,47,47,28,0,edgeCount
521,197,243,graphml/Cogentco.graphml,2,,clustered,0.6;-0.3,65,15,15,50,2,15,0,15,15,0,2,edgeCount
520,197,243,graphml/Cogentco.graphml,2,,clustered,0.6;-0.3,-1,-1,-1,0,0,-1,0,-1,-1,0,0,edgeCount
519,197,243,graphml/Cogentco.graphml,2,,clustered,0.6;-0.3,38,38,12,26,0,38,26,38,38,26,0,edgeCount
518,197,243,graphml/Cogentco.graphml,2,,clustered,0.6;-0.3,11,11,9,2,0,9,0,9,9,0,0,edgeCount
517,197,243,graphml/Cogentco.graphml,1,,clustered,0.6;-0.3,-1,-1,18,-19,0,-1,-19,-1,-1,-19,0,edgeCount
516,197,243,graphml/Cogentco.graphml,1,,clustered,0.6;-0.3,8,8,8,0,0,8,0,8,8,0,0,edgeCount
515,197,243,graphml/Cogentco.graphml,2,,clustered,0.6;-0.3,26,26,8,18,0,26,18,26,26,18,0,edgeCount
514,197,243,graphml/Cogentco.graphml,2,,clustered,0.6;-0.3,-1,-1,-1,0,0,-1,0,-1,-1,0,0,edgeCount
513,197,243,graphml/Cogentco.graphml,2,,clustered,0.6;-0.3,-1,-1,-1,0,0,-1,0,-1,-1,0,0,edgeCount
512,197,243,graphml/Cogentco.graphml,1,,clustered,0.6;-0.3,17,17,17,0,0,17,0,17,17,0,0,edgeCount
511,197,243,graphml/Cogentco.graphml,2,,clustered,0.6;-0.3,26,26,10,16,0,26,16,26,26,16,0,edgeCount
510,197,243,graphml/Cogentco.graphml,2,,clustered,0.6;-0.3,46,46,23,23,2,46,23,46,46,23,2,edgeCount
509,197,243,graphml/Cogentco.graphml,2,,clustered,0.6;-0.3,33,33,10,23,0,33,23,33,33,23,0,edgeCount
508,197,243,graphml/Cogentco.graphml,2,,clustered,0.6;-0.3,29,5,5,24,0,5,0,5,5,0,0,edgeCount
507,197,243,graphml/Cogentco.graphml,2,,clustered,0.6;-0.3,-1,-1,-1,0,0,-1,0,-1,-1,0,0,edgeCount
506,197,243,graphml/Cogentco.graphml,2,,clustered,0.6;-0.3,-1,-1,-1,0,0,-1,0,-1,-1,0,0,edgeCount
505,197,243,graphml/Cogentco.graphml,2,,clustered,0.6;-0.3,68,20,17,51,2,20,3,68,20,51,2,edgeCount
504,197,243,graphml/Cogentco.graphml,2,,clustered,0.6;-0.3,98,48,17,81,2,-1,-18,69,59,52,2,edgeCount
503,197,243,graphml/Cogentco.graphml,2,,clustered,0.6;-0.3,33,9,9,24,0,9,0,9,9,0,0,edgeCount
502,197,243,graphml/Cogentco.graphml,1,,clustered,0.6;-0.3,-1,-1,-1,0,0,-1,0,-1,-1,0,0,edgeCount
501,197,243,graphml/Cogentco.graphml,1,,clustered,0.6;-0.3,9,9,9,0,0,9,0,9,9,0,0,edgeCount
500,197,243,graphml/Cogentco.graphml,3,,clustered,0.6;-0.3,10,40,3,7,8,12,9,12,12,9,8,edgeCount
499,197,243,graphml/Cogentco.graphml,1,,clustered,0.6;-0.3,7,7,7,0,0,7,0,7,7,0,0,edgeCount
498,197,243,graphml/Cogentco.graphml,2,,clustered,0.6;-0.3,10,11,5,5,0,14,9,14,14,9,0,edgeCount
497,197,243,graphml/Cogentco.graphml,1,,clustered,0.6;-0.3,13,13,13,0,0,13,0,13,13,0,0,edgeCount
496,197,243,graphml/Cogentco.graphml,2,,clustered,0.6;-0.3,16,16,16,0,2,16,0,16,16,0,2,edgeCount
495,197,243,graphml/Cogentco.graphml,3,,clustered,0.6;-0.3,6,6,6,0,0,6,0,6,6,0,0,edgeCount
494,197,243,graphml/Cogentco.graphml,1,,clustered,0.6;-0.3,-1,-1,13,-14,2,-1,-14,-1,-1,-14,2,edgeCount
493,197,243,graphml/Cogentco.graphml,1,,clustered,0.6;-0.3,11,11,11,0,0,11,0,11,11,0,0,edgeCount
492,197,243,graphml/Cogentco.graphml,1,,clustered,0.6;-0.3,4,15,4,0,2,4,0,4,15,0,2,edgeCount
491,197,243,graphml/Cogentco.graphml,2,,clustered,0.6;-0.3,-1,-1,-1,0,0,-1,0,-1,-1,0,0,edgeCount
490,197,243,graphml/Cogentco.graphml,1,,clustered,0.6;-0.3,16,16,14,2,4,14,0,16,16,2,4,edgeCount
489,197,243,graphml/Cogentco.graphml,3,,clustered,0.6;-0.3,-1,-1,13,-14,2,-1,-14,-1,-1,-14,2,edgeCount
488,197,243,graphml/Cogentco.graphml,2,,clustered,0.6;-0.3,53,53,18,35,2,53,35,53,53,35,2,edgeCount
487,197,243,graphml/Cogentco.graphml,1,,clustered,0.6;-0.3,13,13,13,0,0,13,0,13,13,0,0,edgeCount
486,197,243,graphml/Cogentco.graphml,2,,clustered,0.6;-0.3,20,13,4,16,2,4,0,4,4,0,2,edgeCount
485,197,243,graphml/Cogentco.graphml,1,,clustered,0.6;-0.3,9,9,9,0,0,9,0,9,9,0,0,edgeCount
484,197,243,graphml/Cogentco.graphml,2,,clustered,0.6;-0.3,45,29,8,37,2,-1,-9,38,38,30,2,edgeCount
483,197,243,graphml/Cogentco.graphml,2,,clustered,0.6;-0.3,53,53,17,36,0,53,36,53,53,36,0,edgeCount
482,197,243,graphml/Cogentco.graphml,1,,clustered,0.6;-0.3,-1,-1,12,-13,2,-1,-13,-1,-1,-13,2,edgeCount
481,197,243,graphml/Cogentco.graphml,2,,clustered,0.6;-0.3,17,47,10,7,0,37,27,37,37,27,0,edgeCount
480,197,243,graphml/Cogentco.graphml,2,,clustered,0.6;-0.3,15,43,12,3,0,29,17,29,29,17,0,edgeCount
479,197,243,graphml/Cogentco.graphml,2,,clustered,0.6;-0.3,-1,-1,-1,0,0,-1,0,-1,-1,0,0,edgeCount
478,197,243,graphml/Cogentco.graphml,2,,clustered,0.6;-0.3,-1,-1,-1,0,0,-1,0,-1,-1,0,0,edgeCount
477,197,243,graphml/Cogentco.graphml,2,,clustered,0.6;-0.3,18,18,15,3,0,18,3,18,18,3,0,edgeCount
476,197,243,graphml/Cogentco.graphml,1,,clustered,0.6;-0.3,3,3,3,0,0,3,0,3,3,0,0,edgeCount
475,197,243,graphml/Cogentco.graphml,1,,clustered,0.6;-0.3,-1,-1,16,-17,0,-1,-17,-1,-1,-17,0,edgeCount
474,197,243,graphml/Cogentco.graphml,1,,clustered,0.6;-0.3,14,14,14,0,0,14,0,14,14,0,0,edgeCount
473,197,243,graphml/Cogentco.graphml,2,,clustered,0.6;-0.3,-1,-1,-1,0,0,-1,0,-1,-1,0,0,edgeCount
472,197,243,graphml/Cogentco.graphml,2,,clustered,0.6;-0.3,21,21,20,1,0,21,1,21,21,1,0,edgeCount
471,197,243,graphml/Cogentco.graphml,2,,clustered,0.6;-0.3,-1,-1,19,-20,0,-1,-20,-1,-1,-20,0,edgeCount
470,197,243,graphml/Cogentco.graphml,1,,clustered,0.6;-0.3,16,16,16,0,2,16,0,16,16,0,2,edgeCount
469,197,243,graphml/Cogentco.graphml,2,,clustered,0.6;-0.3,20,22,17,3,0,54,37,54,54,37,0,edgeCount
468,197,243,graphml/Cogentco.graphml,2,,clustered,0.6;-0.3,27,7,7,20,0,7,0,7,7,0,0,edgeCount
467,197,243,graphml/Cogentco.graphml,1,,clustered,0.6;-0.3,-1,-1,-1,0,0,-1,0,-1,-1,0,0,edgeCount
466,197,243,graphml/Cogentco.graphml,2,,clustered,0.6;-0.3,7,7,7,0,2,7,0,7,7,0,2,edgeCount
465,197,243,graphml/Cogentco.graphml,2,,clustered,0.6;-0.3,5,5,5,0,0,5,0,5,5,0,0,edgeCount
464,197,243,graphml/Cogentco.graphml,1,,clustered,0.6;-0.3,10,34,10,0,4,10,0,10,34,0,4,edgeCount
463,197,243,graphml/Cogentco.graphml,1,,clustered,0.6;-0.3,46,24,15,31,2,-1,-16,46,24,31,2,edgeCount
462,197,243,graphml/Cogentco.graphml,1,,clustered,0.6;-0.3,-1,-1,-1,0,2,-1,0,-1,-1,0,2,edgeCount
461,197,243,graphml/Cogentco.graphml,2,,clustered,0.6;-0.3,17,19,17,0,0,17,0,17,17,0,0,edgeCount
460,197,243,graphml/Cogentco.graphml,2,,clustered,0.6;-0.3,7,7,7,0,2,7,0,7,7,0,2,edgeCount
459,197,243,graphml/Cogentco.graphml,2,,clustered,0.6;-0.3,6,6,6,0,0,6,0,6,6,0,0,edgeCount
458,197,243,graphml/Cogentco.graphml,2,,clustered,0.6;-0.3,56,56,16,40,0,56,40,56,56,40,0,edgeCount
457,197,243,graphml/Cogentco.graphml,2,,clustered,0.6;-0.3,-1,-1,-1,0,2,-1,0,-1,-1,0,2,edgeCount
456,197,243,graphml/Cogentco.graphml,2,,clustered,0.6;-0.3,22,22,9,13,0,22,13,22,22,13,0,edgeCount
455,197,243,graphml/Cogentco.graphml,1,,clustered,0.6;-0.3,-1,-1,-1,0,0,-1,0,-1,-1,0,0,edgeCount
454,197,243,graphml/Cogentco.graphml,1,,clustered,0.6;-0.3,7,7,7,0,0,7,0,7,7,0,0,edgeCount
453,197,243,graphml/Cogentco.graphml,1,,clustered,0.6;-0.3,17,17,17,0,2,17,0,17,17,0,2,edgeCount
452,197,243,graphml/Cogentco.graphml,1,,clustered,0.6;-0.3,5,5,5,0,0,5,0,5,5,0,0,edgeCount
451,197,243,graphml/Cogentco.graphml,2,,clustered,0.6;-0.3,22,40,21,1,0,22,1,22,22,1,0,edgeCount
450,197,243,graphml/Cogentco.graphml,2,,clustered,0.6;-0.3,30,30,10,20,0,30,20,30,30,20,0,edgeCount
449,197,243,graphml/Cogentco.graphml,2,,clustered,0.6;-0.3,-1,-1,-1,0,0,-1,0,-1,-1,0,0,edgeCount
448,197,243,graphml/Cogentco.graphml,2,,clustered,0.6;-0.3,17,14,12,5,2,33,21,33,33,21,2,edgeCount
447,197,243,graphml/Cogentco.graphml,1,,clustered,0.6;-0.3,3,3,3,0,0,3,0,3,3,0,0,edgeCount
446,197,243,graphml/Cogentco.graphml,2,,clustered,0.6;-0.3,8,8,8,0,0,8,0,8,8,0,0,edgeCount
445,197,243,graphml/Cogentco.graphml,1,,clustered,0.6;-0.3,54,28,21,33,4,-1,-22,54,28,33,4,edgeCount
444,197,243,graphml/Cogentco.graphml,2,,clustered,0.6;-0.3,100,28,19,81,2,-1,-20,87,87,68,2,edgeCount
443,197,243,graphml/Cogentco.graphml,2,,clustered,0.6;-0.3,69,21,19,50,2,-1,-20,52,46,33,2,edgeCount
442,197,243,graphml/Cogentco.graphml,1,,clustered,0.6;-0.3,14,34,14,0,4,14,0,14,34,0,4,edgeCount
441,197,243,graphml/Cogentco.graphml,2,,clustered,0.6;-0.3,24,24,9,15,0,24,15,24,24,15,0,edgeCount
440,197,243,graphml/Cogentco.graphml,2,,clustered,0.6;-0.3,23,85,13,10,0,47,34,47,47,34,0,edgeCount
439,197,243,graphml/Cogentco.graphml,2,,clustered,0.6;-0.3,-1,-1,15,-16,0,-1,-16,-1,-1,-16,0,edgeCount
438,197,243,graphml/Cogentco.graphml,1,,clustered,0.6;-0.3,26,26,18,8,2,-1,-19,26,26,8,2,edgeCount
437,197,243,graphml/Cogentco.graphml,2,,clustered,0.6;-0.3,-1,-1,-1,0,0,-1,0,-1,-1,0,0,edgeCount
436,197,243,graphml/Cogentco.graphml,1,,clustered,0.6;-0.3,-1,-1,-1,0,0,-1,0,-1,-1,0,0,edgeCount
435,197,243,graphml/Cogentco.graphml,2,,clustered,0.6;-0.3,-1,-1,-1,0,0,-1,0,-1,-1,0,0,edgeCount
434,197,243,graphml/Cogentco.graphml,2,,clustered,0.6;-0.3,7,7,7,0,0,7,0,7,7,0,0,edgeCount
433,197,243,graphml/Cogentco.graphml,2,,clustered,0.6;-0.3,-1,-1,-1,0,0,-1,0,-1,-1,0,0,edgeCount
432,197,243,graphml/Cogentco.graphml,1,,clustered,0.6;-0.3,20,20,20,0,0,20,0,20,20,0,0,edgeCount
431,197,243,graphml/Cogentco.graphml,2,,clustered,0.6;-0.3,59,27,14,45,2,-1,-15,44,44,30,2,edgeCount
430,197,243,graphml/Cogentco.graphml,2,,clustered,0.6;-0.3,20,10,6,14,2,6,0,6,6,0,2,edgeCount
429,197,243,graphml/Cogentco.graphml,2,,clustered,0.6;-0.3,-1,-1,-1,0,0,-1,0,-1,-1,0,0,edgeCount
428,197,243,graphml/Cogentco.graphml,2,,clustered,0.6;-0.3,-1,-1,-1,0,0,-1,0,-1,-1,0,0,edgeCount
427,197,243,graphml/Cogentco.graphml,2,,clustered,0.6;-0.3,26,12,12,14,4,-1,-13,28,28,16,4,edgeCount
426,197,243,graphml/Cogentco.graphml,3,,clustered,0.6;-0.3,57,71,12,45,2,33,21,57,57,45,2,edgeCount
425,197,243,graphml/Cogentco.graphml,2,,clustered,0.6;-0.3,3,3,3,0,0,3,0,3,3,0,0,edgeCount
424,197,243,graphml/Cogentco.graphml,1,,clustered,0.6;-0.3,35,25,14,21,4,-1,-15,35,25,21,4,edgeCount
423,197,243,graphml/Cogentco.graphml,1,,clustered,0.6;-0.3,7,7,7,0,4,7,0,7,7,0,4,edgeCount
422,197,243,graphml/Cogentco.graphml,2,,clustered,0.6;-0.3,5,5,5,0,2,5,0,5,5,0,2,edgeCount
421,197,243,graphml/Cogentco.graphml,1,,clustered,0.6;-0.3,50,32,17,33,2,-1,-18,50,32,33,2,edgeCount
420,197,243,graphml/Cogentco.graphml,1,,clustered,0.6;-0.3,23,23,11,12,2,-1,-12,23,23,12,2,edgeCount
419,197,243,graphml/Cogentco.graphml,1,,clustered,0.6;-0.3,13,13,13,0,0,13,0,13,13,0,0,edgeCount
418,197,243,graphml/Cogentco.graphml,2,,clustered,0.6;-0.3,-1,-1,-1,0,0,-1,0,-1,-1,0,0,edgeCount
417,197,243,graphml/Cogentco.graphml,2,,clustered,0.6;-0.3,-1,-1,-1,0,0,-1,0,-1,-1,0,0,edgeCount
416,197,243,graphml/Cogentco.graphml,2,,clustered,0.6;-0.3,16,16,16,0,0,16,0,16,16,0,0,edgeCount
415,197,243,graphml/Cogentco.graphml,2,,clustered,0.6;-0.3,-1,-1,-1,0,0,-1,0,-1,-1,0,0,edgeCount
414,197,243,graphml/Cogentco.graphml,2,,clustered,0.6;-0.3,-1,-1,-1,0,0,-1,0,-1,-1,0,0,edgeCount
413,197,243,graphml/Cogentco.graphml,2,,clustered,0.6;-0.3,15,10,10,5,2,10,0,10,10,0,2,edgeCount
412,197,243,graphml/Cogentco.graphml,2,,clustered,0.6;-0.3,-1,-1,-1,0,0,-1,0,-1,-1,0,0,edgeCount
411,197,243,graphml/Cogentco.graphml,2,,clustered,0.6;-0.3,-1,-1,-1,0,0,-1,0,-1,-1,0,0,edgeCount
410,197,243,graphml/Cogentco.graphml,2,,clustered,0.6;-0.3,-1,-1,-1,0,14,-1,0,-1,-1,0,14,edgeCount
409,197,243,graphml/Cogentco.graphml,2,,clustered,0.6;-0.3,-1,-1,14,-15,2,-1,-15,-1,-1,-15,2,edgeCount
408,197,243,graphml/Cogentco.graphml,1,,clustered,0.6;-0.3,9,9,9,0,0,9,0,9,9,0,0,edgeCount
407,197,243,graphml/Cogentco.graphml,2,,clustered,0.6;-0.3,10,10,10,0,2,10,0,10,10,0,2,edgeCount
406,197,243,graphml/Cogentco.graphml,1,,clustered,0.6;-0.3,9,9,9,0,0,9,0,9,9,0,0,edgeCount
405,197,243,graphml/Cogentco.graphml,1,,clustered,0.6;-0.3,-1,-1,15,-16,0,-1,-16,-1,-1,-16,0,edgeCount
404,197,243,graphml/Cogentco.graphml,2,,clustered,0.6;-0.3,56,56,17,39,0,56,39,56,56,39,0,edgeCount
403,197,243,graphml/Cogentco.graphml,2,,clustered,0.6;-0.3,15,26,10,5,0,39,29,39,39,29,0,edgeCount
402,197,243,graphml/Cogentco.graphml,2,,clustered,0.6;-0.3,83,83,29,54,0,83,54,83,83,54,0,edgeCount
401,197,243,graphml/Cogentco.graphml,2,,clustered,0.6;-0.3,-1,-1,11,-12,0,-1,-12,-1,-1,-12,0,edgeCount
400,197,243,graphml/Cogentco.graphml,1,,clustered,0.6;-0.3,9,9,9,0,0,9,0,9,9,0,0,edgeCount
399,197,243,graphml/Cogentco.graphml,2,,clustered,0.6;-0.3,-1,-1,-1,0,0,-1,0,-1,-1,0,0,edgeCount
398,197,243,graphml/Cogentco.graphml,1,,clustered,0.6;-0.3,12,12,8,4,4,-1,-9,12,12,4,4,edgeCount
397,197,243,graphml/Cogentco.graphml,2,,clustered,0.6;-0.3,33,33,11,22,0,33,22,33,33,22,0,edgeCount
396,197,243,graphml/Cogentco.graphml,1,,clustered,0.6;-0.3,19,75,19,0,4,19,0,19,75,0,4,edgeCount
395,197,243,graphml/Cogentco.graphml,2,,clustered,0.6;-0.3,22,22,10,12,0,22,12,22,22,12,0,edgeCount
394,197,243,graphml/Cogentco.graphml,1,,clustered,0.6;-0.3,20,20,20,0,0,20,0,20,20,0,0,edgeCount
393,197,243,graphml/Cogentco.graphml,1,,clustered,0.6;-0.3,-1,-1,-1,0,0,-1,0,-1,-1,0,0,edgeCount
392,197,243,graphml/Cogentco.graphml,2,,clustered,0.6;-0.3,68,26,26,42,0,-1,-27,-1,-1,-27,0,edgeCount
391,197,243,graphml/Cogentco.graphml,1,,clustered,0.6;-0.3,22,22,16,6,4,-1,-17,22,22,6,4,edgeCount
390,197,243,graphml/Cogentco.graphml,2,,clustered,0.6;-0.3,-1,-1,-1,0,0,-1,0,-1,-1,0,0,edgeCount
389,197,243,graphml/Cogentco.graphml,2,,clustered,0.6;-0.3,-1,-1,-1,0,0,-1,0,-1,-1,0,0,edgeCount
388,197,243,graphml/Cogentco.graphml,1,,clustered,0.6;-0.3,-1,-1,-1,0,8,-1,0,-1,-1,0,8,edgeCount
387,197,243,graphml/Cogentco.graphml,2,,clustered,0.6;-0.3,32,6,6,26,2,6,0,6,6,0,2,edgeCount
386,197,243,graphml/Cogentco.graphml,2,,clustered,0.6;-0.3,14,14,9,5,0,-1,-10,-1,-1,-10,0,edgeCount
385,197,243,graphml/Cogentco.graphml,2,,clustered,0.6;-0.3,6,12,4,2,2,4,0,4,4,0,2,edgeCount
384,197,243,graphml/Cogentco.graphml,2,,clustered,0.6;-0.3,17,12,4,13,2,-1,-5,12,12,8,2,edgeCount
383,197,243,graphml/Cogentco.graphml,2,,clustered,0.6;-0.3,-1,-1,-1,0,0,-1,0,-1,-1,0,0,edgeCount
382,197,243,graphml/Cogentco.graphml,1,,clustered,0.6;-0.3,-1,-1,28,-29,4,-1,-29,-1,-1,-29,4,edgeCount
381,197,243,graphml/Cogentco.graphml,2,,clustered,0.6;-0.3,67,67,22,45,2,-1,-23,67,67,45,2,edgeCount
380,197,243,graphml/Cogentco.graphml,2,,clustered,0.6;-0.3,20,31,10,10,2,20,10,20,31,10,2,edgeCount
379,197,243,graphml/Cogentco.graphml,1,,clustered,0.6;-0.3,46,46,17,29,4,-1,-18,46,46,29,4,edgeCount
378,197,243,graphml/Cogentco.graphml,1,,clustered,0.6;-0.3,-1,-1,-1,0,0,-1,0,-1,-1,0,0,edgeCount
377,197,243,graphml/Cogentco.graphml,2,,clustered,0.6;-0.3,71,71,21,50,0,71,50,71,71,50,0,edgeCount
376,197,243,graphml/Cogentco.graphml,2,,clustered,0.6;-0.3,22,22,14,8,2,22,8,22,22,8,2,edgeCount
375,197,243,graphml/Cogentco.graphml,3,,clustered,0.6;-0.3,28,28,11,17,0,28,17,28,28,17,0,edgeCount
374,197,243,graphml/Cogentco.graphml,3,,clustered,0.6;-0.3,4,4,4,0,0,4,0,4,4,0,0,edgeCount
373,197,243,graphml/Cogentco.graphml,2,,clustered,0.6;-0.3,-1,-1,-1,0,0,-1,0,-1,-1,0,0,edgeCount
372,197,243,graphml/Cogentco.graphml,2,,clustered,0.6;-0.3,24,94,23,1,2,60,37,60,60,37,2,edgeCount
371,197,243,graphml/Cogentco.graphml,2,,clustered,0.6;-0.3,18,23,14,4,0,48,34,48,48,34,0,edgeCount
370,197,243,graphml/Cogentco.graphml,2,,clustered,0.6;-0.3,50,50,19,31,0,50,31,50,50,31,0,edgeCount
369,197,243,graphml/Cogentco.graphml,2,,clustered,0.6;-0.3,10,7,6,4,2,7,1,7,7,1,2,edgeCount
368,197,243,graphml/Cogentco.graphml,2,,clustered,0.6;-0.3,14,14,10,4,0,14,4,14,14,4,0,edgeCount
367,197,243,graphml/Cogentco.graphml,1,,clustered,0.6;-0.3,-1,-1,-1,0,0,-1,0,-1,-1,0,0,edgeCount
366,197,243,graphml/Cogentco.graphml,2,,clustered,0.6;-0.3,35,11,11,24,0,11,0,11,11,0,0,edgeCount
365,197,243,graphml/Cogentco.graphml,2,,clustered,0.6;-0.3,40,40,13,27,0,14,1,40,40,27,0,edgeCount
364,197,243,graphml/Cogentco.graphml,2,,clustered,0.6;-0.3,9,9,7,2,2,9,2,9,9,2,2,edgeCount
363,197,243,graphml/Cogentco.graphml,2,,clustered,0.6;-0.3,38,38,8,30,0,38,30,38,38,30,0,edgeCount
362,197,243,graphml/Cogentco.graphml,3,,clustered,0.6;-0.3,-1,-1,-1,0,2,-1,0,-1,-1,0,2,edgeCount
361,197,243,graphml/Cogentco.graphml,2,,clustered,0.6;-0.3,17,16,11,6,2,35,24,35,35,24,2,edgeCount
360,197,243,graphml/Cogentco.graphml,3,,clustered,0.6;-0.3,97,43,15,82,0,15,0,15,15,0,0,edgeCount
359,197,243,graphml/Cogentco.graphml,2,,clustered,0.6;-0.3,8,4,4,4,2,16,12,16,16,12,2,edgeCount
358,197,243,graphml/Cogentco.graphml,1,,clustered,0.6;-0.3,-1,-1,-1,0,2,-1,0,-1,-1,0,2,edgeCount
357,197,243,graphml/Cogentco.graphml,1,,clustered,0.6;-0.3,-1,-1,-1,0,0,-1,0,-1,-1,0,0,edgeCount
356,197,243,graphml/Cogentco.graphml,4,,clustered,0.6;-0.3,2,3,2,0,0,2,0,2,2,0,0,edgeCount
355,197,243,graphml/Cogentco.graphml,2,,clustered,0.6;-0.3,-1,-1,-1,0,0,-1,0,-1,-1,0,0,edgeCount
354,197,243,graphml/Cogentco.graphml,2,,clustered,0.6;-0.3,-1,-1,-1,0,2,-1,0,-1,-1,0,2,edgeCount
353,197,243,graphml/Cogentco.graphml,1,,clustered,0.6;-0.3,-1,-1,-1,0,2,-1,0,-1,-1,0,2,edgeCount
352,197,243,graphml/Cogentco.graphml,1,,clustered,0.6;-0.3,-1,-1,-1,0,4,-1,0,-1,-1,0,4,edgeCount
351,197,243,graphml/Cogentco.graphml,2,,clustered,0.6;-0.3,-1,-1,21,-22,0,-1,-22,-1,-1,-22,0,edgeCount
350,197,243,graphml/Cogentco.graphml,1,,clustered,0.6;-0.3,11,11,11,0,0,11,0,11,11,0,0,edgeCount
349,197,243,graphml/Cogentco.graphml,2,,clustered,0.6;-0.3,-1,-1,-1,0,0,-1,0,-1,-1,0,0,edgeCount
348,197,243,graphml/Cogentco.graphml,2,,clustered,0.6;-0.3,-1,-1,-1,0,0,-1,0,-1,-1,0,0,edgeCount
347,197,243,graphml/Cogentco.graphml,1,,clustered,0.6;-0.3,5,5,5,0,0,5,0,5,5,0,0,edgeCount
346,197,243,graphml/Cogentco.graphml,2,,clustered,0.6;-0.3,19,19,10,9,0,19,9,19,19,9,0,edgeCount
345,197,243,graphml/Cogentco.graphml,1,,clustered,0.6;-0.3,26,30,13,13,4,-1,-14,26,30,13,4,edgeCount
344,197,243,graphml/Cogentco.graphml,1,,clustered,0.6;-0.3,38,38,15,23,4,-1,-16,38,38,23,4,edgeCount
343,197,243,graphml/Cogentco.graphml,2,,clustered,0.6;-0.3,31,11,8,23,0,11,3,31,31,23,0,edgeCount
342,197,243,graphml/Cogentco.graphml,1,,clustered,0.6;-0.3,20,20,20,0,0,20,0,20,20,0,0,edgeCount
341,197,243,graphml/Cogentco.graphml,1,,clustered,0.6;-0.3,-1,-1,-1,0,2,-1,0,-1,-1,0,2,edgeCount
340,197,243,graphml/Cogentco.graphml,2,,clustered,0.6;-0.3,-1,-1,-1,0,2,-1,0,-1,-1,0,2,edgeCount
339,197,243,graphml/Cogentco.graphml,1,,clustered,0.6;-0.3,-1,-1,-1,0,2,-1,0,-1,-1,0,2,edgeCount
338,197,243,graphml/Cogentco.graphml,1,,clustered,0.6;-0.3,15,47,15,0,2,15,0,15,47,0,2,edgeCount
337,197,243,graphml/Cogentco.graphml,2,,clustered,0.6;-0.3,8,8,8,0,2,8,0,8,8,0,2,edgeCount
336,197,243,graphml/Cogentco.graphml,2,,clustered,0.6;-0.3,28,28,12,16,2,28,16,28,28,16,2,edgeCount
335,197,243,graphml/Cogentco.graphml,2,,clustered,0.6;-0.3,-1,-1,-1,0,0,-1,0,-1,-1,0,0,edgeCount
334,197,243,graphml/Cogentco.graphml,2,,clustered,0.6;-0.3,-1,-1,-1,0,0,-1,0,-1,-1,0,0,edgeCount
333,197,243,graphml/Cogentco.graphml,1,,clustered,0.6;-0.3,9,9,9,0,0,9,0,9,9,0,0,edgeCount
332,197,243,graphml/Cogentco.graphml,1,,clustered,0.6;-0.3,5,21,5,0,6,5,0,5,21,0,6,edgeCount
331,197,243,graphml/Cogentco.graphml,2,,clustered,0.6;-0.3,7,7,7,0,0,7,0,7,7,0,0,edgeCount
330,197,243,graphml/Cogentco.graphml,1,,clustered,0.6;-0.3,7,7,7,0,0,7,0,7,7,0,0,edgeCount
329,197,243,graphml/Cogentco.graphml,1,,clustered,0.6;-0.3,12,12,12,0,0,12,0,12,12,0,0,edgeCount
328,197,243,graphml/Cogentco.graphml,1,,clustered,0.6;-0.3,-1,-1,-1,0,0,-1,0,-1,-1,0,0,edgeCount
327,197,243,graphml/Cogentco.graphml,2,,clustered,0.6;-0.3,21,31,18,3,2,55,37,55,55,37,2,edgeCount
326,197,243,graphml/Cogentco.graphml,1,,clustered,0.6;-0.3,-1,-1,-1,0,2,-1,0,-1,-1,0,2,edgeCount
325,197,243,graphml/Cogentco.graphml,2,,clustered,0.6;-0.3,11,11,11,0,0,11,0,11,11,0,0,edgeCount
324,197,243,graphml/Cogentco.graphml,2,,clustered,0.6;-0.3,-1,-1,-1,0,0,-1,0,-1,-1,0,0,edgeCount
323,197,243,graphml/Cogentco.graphml,2,,clustered,0.6;-0.3,92,40,25,67,2,-1,-26,79,79,54,2,edgeCount
322,197,243,graphml/Cogentco.graphml,2,,clustered,0.6;-0.3,46,46,18,28,0,46,28,46,46,28,0,edgeCount
321,197,243,graphml/Cogentco.graphml,1,,clustered,0.6;-0.3,10,10,10,0,0,10,0,10,10,0,0,edgeCount
320,197,243,graphml/Cogentco.graphml,2,,clustered,0.6;-0.3,57,57,20,37,0,57,37,57,57,37,0,edgeCount
319,197,243,graphml/Cogentco.graphml,2,,clustered,0.6;-0.3,-1,-1,-1,0,0,-1,0,-1,-1,0,0,edgeCount
318,197,243,graphml/Cogentco.graphml,2,,clustered,0.6;-0.3,-1,-1,-1,0,0,-1,0,-1,-1,0,0,edgeCount
317,197,243,graphml/Cogentco.graphml,2,,clustered,0.6;-0.3,-1,-1,-1,0,2,-1,0,-1,-1,0,2,edgeCount
316,197,243,graphml/Cogentco.graphml,1,,clustered,0.6;-0.3,20,20,20,0,0,20,0,20,20,0,0,edgeCount
315,197,243,graphml/Cogentco.graphml,3,,clustered,0.6;-0.3,11,57,11,0,0,21,10,21,21,10,0,edgeCount
314,197,243,graphml/Cogentco.graphml,2,,clustered,0.6;-0.3,36,36,11,25,2,36,25,36,36,25,2,edgeCount
313,197,243,graphml/Cogentco.graphml,2,,clustered,0.6;-0.3,10,10,10,0,0,10,0,10,10,0,0,edgeCount
312,197,243,graphml/Cogentco.graphml,1,,clustered,0.6;-0.3,4,4,4,0,0,4,0,4,4,0,0,edgeCount
311,197,243,graphml/Cogentco.graphml,2,,clustered,0.6;-0.3,10,10,10,0,2,10,0,10,10,0,2,edgeCount
310,197,243,graphml/Cogentco.graphml,1,,clustered,0.6;-0.3,18,78,18,0,2,18,0,18,78,0,2,edgeCount
309,197,243,graphml/Cogentco.graphml,2,,clustered,0.6;-0.3,19,13,8,11,2,8,0,8,8,0,2,edgeCount
308,197,243,graphml/Cogentco.graphml,1,,clustered,0.6;-0.3,13,13,13,0,0,13,0,13,13,0,0,edgeCount
307,197,243,graphml/Cogentco.graphml,2,,clustered,0.6;-0.3,-1,-1,-1,0,0,-1,0,-1,-1,0,0,edgeCount
306,197,243,graphml/Cogentco.graphml,2,,clustered,0.6;-0.3,30,30,9,21,0,30,21,30,30,21,0,edgeCount
305,197,243,graphml/Cogentco.graphml,2,,clustered,0.6;-0.3,19,31,16,3,4,53,37,53,53,37,4,edgeCount
304,197,243,graphml/Cogentco.graphml,1,,clustered,0.6;-0.3,-1,-1,-1,0,2,-1,0,-1,-1,0,2,edgeCount
303,197,243,graphml/Cogentco.graphml,1,,clustered,0.6;-0.3,13,13,13,0,16,13,0,13,13,0,16,edgeCount
302,197,243,graphml/Cogentco.graphml,2,,clustered,0.6;-0.3,26,26,12,14,0,26,14,26,26,14,0,edgeCount
301,197,243,graphml/Cogentco.graphml,2,,clustered,0.6;-0.3,9,9,9,0,0,9,0,9,9,0,0,edgeCount
300,197,243,graphml/Cogentco.graphml,2,,clustered,0.6;-0.3,11,10,10,1,0,21,11,21,21,11,0,edgeCount
299,197,243,graphml/Cogentco.graphml,2,,clustered,0.6;-0.3,13,13,13,0,0,13,0,13,13,0,0,edgeCount
298,197,243,graphml/Cogentco.graphml,2,,clustered,0.6;-0.3,12,12,10,2,2,10,0,10,10,0,2,edgeCount
297,197,243,graphml/Cogentco.graphml,2,,clustered,0.6;-0.3,-1,-1,-1,0,0,-1,0,-1,-1,0,0,edgeCount
296,197,243,graphml/Cogentco.graphml,2,,clustered,0.6;-0.3,-1,-1,-1,0,0,-1,0,-1,-1,0,0,edgeCount
295,197,243,graphml/Cogentco.graphml,2,,clustered,0.6;-0.3,42,12,12,30,2,12,0,12,12,0,2,edgeCount
294,197,243,graphml/Cogentco.graphml,2,,clustered,0.6;-0.3,-1,-1,-1,0,0,-1,0,-1,-1,0,0,edgeCount
293,197,243,graphml/Cogentco.graphml,2,,clustered,0.6;-0.3,7,51,7,0,2,15,8,15,15,8,2,edgeCount
292,197,243,graphml/Cogentco.graphml,2,,clustered,0.6;-0.3,68,22,15,53,2,-1,-16,39,37,24,2,edgeCount
291,197,243,graphml/Cogentco.graphml,2,,clustered,0.6;-0.3,-1,-1,17,-18,0,-1,-18,-1,-1,-18,0,edgeCount
290,197,243,graphml/Cogentco.graphml,2,,clustered,0.6;-0.3,31,31,12,19,0,31,19,31,31,19,0,edgeCount
289,197,243,graphml/Cogentco.graphml,2,,clustered,0.6;-0.3,38,38,15,23,0,38,23,38,38,23,0,edgeCount
288,197,243,graphml/Cogentco.graphml,2,,clustered,0.6;-0.3,8,8,7,1,2,8,1,8,8,1,2,edgeCount
287,197,243,graphml/Cogentco.graphml,1,,clustered,0.6;-0.3,17,17,17,0,2,17,0,17,17,0,2,edgeCount
286,197,243,graphml/Cogentco.graphml,2,,clustered,0.6;-0.3,43,43,18,25,2,43,25,43,43,25,2,edgeCount
285,197,243,graphml/Cogentco.graphml,1,,clustered,0.6;-0.3,8,8,8,0,0,8,0,8,8,0,0,edgeCount
284,197,243,graphml/Cogentco.graphml,2,,clustered,0.6;-0.3,-1,-1,11,-12,0,-1,-12,-1,-1,-12,0,edgeCount
283,197,243,graphml/Cogentco.graphml,2,,clustered,0.6;-0.3,8,8,8,0,2,8,0,8,8,0,2,edgeCount
282,197,243,graphml/Cogentco.graphml,1,,clustered,0.6;-0.3,-1,-1,13,-14,4,-1,-14,-1,-1,-14,4,edgeCount
281,197,243,graphml/Cogentco.graphml,1,,clustered,0.6;-0.3,-1,-1,-1,0,0,-1,0,-1,-1,0,0,edgeCount
280,197,243,graphml/Cogentco.graphml,2,,clustered,0.6;-0.3,-1,-1,-1,0,0,-1,0,-1,-1,0,0,edgeCount
279,197,243,graphml/Cogentco.graphml,2,,clustered,0.6;-0.3,7,7,7,0,0,7,0,7,7,0,0,edgeCount
278,197,243,graphml/Cogentco.graphml,1,,clustered,0.6;-0.3,25,25,25,0,2,25,0,25,25,0,2,edgeCount
277,197,243,graphml/Cogentco.graphml,2,,clustered,0.6;-0.3,-1,-1,7,-8,14,-1,-8,23,81,16,14,edgeCount
276,197,243,graphml/Cogentco.graphml,2,,clustered,0.6;-0.3,-1,-1,-1,0,0,-1,0,-1,-1,0,0,edgeCount
275,197,243,graphml/Cogentco.graphml,2,,clustered,0.6;-0.3,30,6,6,24,2,6,0,6,6,0,2,edgeCount
274,197,243,graphml/Cogentco.graphml,2,,clustered,0.6;-0.3,12,10,10,2,2,10,0,12,10,2,2,edgeCount
273,197,243,graphml/Cogentco.graphml,2,,clustered,0.6;-0.3,-1,-1,-1,0,2,-1,0,-1,-1,0,2,edgeCount
272,197,243,graphml/Cogentco.graphml,2,,clustered,0.6;-0.3,72,72,23,49,0,72,49,72,72,49,0,edgeCount
271,197,243,graphml/Cogentco.graphml,2,,clustered,0.6;-0.3,32,32,14,18,0,32,18,32,32,18,0,edgeCount
270,197,243,graphml/Cogentco.graphml,1,,clustered,0.6;-0.3,13,41,13,0,2,13,0,13,41,0,2,edgeCount
269,197,243,graphml/Cogentco.graphml,1,,clustered,0.6;-0.3,15,15,15,0,0,15,0,15,15,0,0,edgeCount
268,197,243,graphml/Cogentco.graphml,2,,clustered,0.6;-0.3,3,3,3,0,2,3,0,3,3,0,2,edgeCount
267,197,243,graphml/Cogentco.graphml,2,,clustered,0.6;-0.3,81,29,22,59,2,-1,-23,80,60,58,2,edgeCount
266,197,243,graphml/Cogentco.graphml,2,,clustered,0.6;-0.3,36,36,13,23,0,36,23,36,36,23,0,edgeCount
265,197,243,graphml/Cogentco.graphml,1,,clustered,0.6;-0.3,7,7,7,0,0,7,0,7,7,0,0,edgeCount
264,197,243,graphml/Cogentco.graphml,2,,clustered,0.6;-0.3,23,9,7,16,2,-1,-8,22,22,15,2,edgeCount
263,197,243,graphml/Cogentco.graphml,1,,clustered,0.6;-0.3,15,15,15,0,0,15,0,15,15,0,0,edgeCount
262,197,243,graphml/Cogentco.graphml,2,,clustered,0.6;-0.3,-1,-1,-1,0,4,-1,0,-1,-1,0,4,edgeCount
261,197,243,graphml/Cogentco.graphml,1,,clustered,0.6;-0.3,-1,-1,18,-19,0,-1,-19,-1,-1,-19,0,edgeCount
260,197,243,graphml/Cogentco.graphml,1,,clustered,0.6;-0.3,-1,-1,-1,0,0,-1,0,-1,-1,0,0,edgeCount
259,197,243,graphml/Cogentco.graphml,2,,clustered,0.6;-0.3,-1,-1,-1,0,0,-1,0,-1,-1,0,0,edgeCount
258,197,243,graphml/Cogentco.graphml,1,,clustered,0.6;-0.3,-1,-1,-1,0,2,-1,0,-1,-1,0,2,edgeCount
257,197,243,graphml/Cogentco.graphml,2,,clustered,0.6;-0.3,21,21,12,9,0,21,9,21,21,9,0,edgeCount
256,197,243,graphml/Cogentco.graphml,2,,clustered,0.6;-0.3,42,40,18,24,2,-1,-19,42,40,24,2,edgeCount
255,197,243,graphml/Cogentco.graphml,2,,clustered,0.6;-0.3,16,48,15,1,2,42,27,42,42,27,2,edgeCount
254,197,243,graphml/Cogentco.graphml,1,,clustered,0.6;-0.3,25,25,25,0,0,25,0,25,25,0,0,edgeCount
253,197,243,graphml/Cogentco.graphml,1,,clustered,0.6;-0.3,8,8,8,0,2,8,0,8,8,0,2,edgeCount
252,197,243,graphml/Cogentco.graphml,1,,clustered,0.6;-0.3,-1,-1,-1,0,0,-1,0,-1,-1,0,0,edgeCount
251,197,243,graphml/Cogentco.graphml,1,,clustered,0.6;-0.3,14,14,14,0,0,14,0,14,14,0,0,edgeCount
250,197,243,graphml/Cogentco.graphml,2,,clustered,0.6;-0.3,19,7,3,16,0,7,4,7,7,4,0,edgeCount
249,197,243,graphml/Cogentco.graphml,2,,clustered,0.6;-0.3,17,33,14,3,4,33,19,33,33,19,4,edgeCount
248,197,243,graphml/Cogentco.graphml,2,,clustered,0.6;-0.3,3,3,3,0,0,3,0,3,3,0,0,edgeCount
247,197,243,graphml/Cogentco.graphml,2,,clustered,0.6;-0.3,18,18,11,7,0,18,7,18,18,7,0,edgeCount
246,197,243,graphml/Cogentco.graphml,1,,clustered,0.6;-0.3,15,13,13,2,2,-1,-14,15,13,2,2,edgeCount
245,197,243,graphml/Cogentco.graphml,2,,clustered,0.6;-0.3,36,14,12,24,2,-1,-13,40,40,28,2,edgeCount
244,197,243,graphml/Cogentco.graphml,3,,clustered,0.6;-0.3,8,7,7,1,0,18,11,18,18,11,0,edgeCount
243,197,243,graphml/Cogentco.graphml,2,,clustered,0.6;-0.3,14,38,13,1,0,32,19,32,32,19,0,edgeCount
242,197,243,graphml/Cogentco.graphml,1,,clustered,0.6;-0.3,3,3,3,0,0,3,0,3,3,0,0,edgeCount
241,197,243,graphml/Cogentco.graphml,2,,clustered,0.6;-0.3,-1,-1,-1,0,0,-1,0,-1,-1,0,0,edgeCount
240,197,243,graphml/Cogentco.graphml,2,,clustered,0.6;-0.3,59,17,17,42,2,17,0,17,17,0,2,edgeCount
239,197,243,graphml/Cogentco.graphml,2,,clustered,0.6;-0.3,-1,-1,-1,0,0,-1,0,-1,-1,0,0,edgeCount
238,197,243,graphml/Cogentco.graphml,2,,clustered,0.6;-0.3,-1,-1,11,-12,0,-1,-12,-1,-1,-12,0,edgeCount
237,197,243,graphml/Cogentco.graphml,2,,clustered,0.6;-0.3,37,11,11,26,2,11,0,11,11,0,2,edgeCount
236,197,243,graphml/Cogentco.graphml,1,,clustered,0.6;-0.3,13,13,13,0,0,13,0,13,13,0,0,edgeCount
235,197,243,graphml/Cogentco.graphml,2,,clustered,0.6;-0.3,69,35,16,53,2,17,1,17,17,1,2,edgeCount
234,197,243,graphml/Cogentco.graphml,2,,clustered,0.6;-0.3,10,82,10,0,2,26,16,26,26,16,2,edgeCount
233,197,243,graphml/Cogentco.graphml,2,,clustered,0.6;-0.3,56,44,24,32,2,-1,-25,56,44,32,2,edgeCount
232,197,243,graphml/Cogentco.graphml,1,,clustered,0.6;-0.3,54,54,15,39,2,-1,-16,54,54,39,2,edgeCount
231,197,243,graphml/Cogentco.graphml,2,,clustered,0.6;-0.3,17,17,17,0,0,17,0,17,17,0,0,edgeCount
230,197,243,graphml/Cogentco.graphml,1,,clustered,0.6;-0.3,25,25,25,0,0,25,0,25,25,0,0,edgeCount
229,197,243,graphml/Cogentco.graphml,2,,clustered,0.6;-0.3,93,49,23,70,4,-1,-24,66,62,43,4,edgeCount
228,197,243,graphml/Cogentco.graphml,2,,clustered,0.6;-0.3,-1,-1,-1,0,0,-1,0,-1,-1,0,0,edgeCount
227,197,243,graphml/Cogentco.graphml,2,,clustered,0.6;-0.3,78,28,19,59,2,-1,-20,78,28,59,2,edgeCount
226,197,243,graphml/Cogentco.graphml,3,,clustered,0.6;-0.3,6,5,5,1,0,5,0,5,5,0,0,edgeCount
225,197,243,graphml/Cogentco.graphml,2,,clustered,0.6;-0.3,46,46,17,29,0,46,29,46,46,29,0,edgeCount
224,197,243,graphml/Cogentco.graphml,2,,clustered,0.6;-0.3,-1,-1,-1,0,0,-1,0,-1,-1,0,0,edgeCount
223,197,243,graphml/Cogentco.graphml,2,,clustered,0.6;-0.3,6,6,2,4,2,2,0,2,2,0,2,edgeCount
222,197,243,graphml/Cogentco.graphml,2,,clustered,0.6;-0.3,42,24,14,28,4,-1,-15,30,30,16,4,edgeCount
221,197,243,graphml/Cogentco.graphml,2,,clustered,0.6;-0.3,-1,-1,-1,0,0,-1,0,-1,-1,0,0,edgeCount
220,197,243,graphml/Cogentco.graphml,2,,clustered,0.6;-0.3,-1,-1,-1,0,0,-1,0,-1,-1,0,0,edgeCount
219,197,243,graphml/Cogentco.graphml,2,,clustered,0.6;-0.3,19,75,17,2,0,43,26,43,43,26,0,edgeCount
218,197,243,graphml/Cogentco.graphml,1,,clustered,0.6;-0.3,-1,-1,-1,0,2,-1,0,-1,-1,0,2,edgeCount
217,197,243,graphml/Cogentco.graphml,1,,clustered,0.6;-0.3,10,10,10,0,2,10,0,10,10,0,2,edgeCount
216,197,243,graphml/Cogentco.graphml,2,,clustered,0.6;-0.3,22,22,10,12,0,22,12,22,22,12,0,edgeCount
215,197,243,graphml/Cogentco.graphml,2,,clustered,0.6;-0.3,-1,-1,-1,0,0,-1,0,-1,-1,0,0,edgeCount
214,197,243,graphml/Cogentco.graphml,2,,clustered,0.6;-0.3,-1,-1,-1,0,0,-1,0,-1,-1,0,0,edgeCount
213,197,243,graphml/Cogentco.graphml,2,,clustered,0.6;-0.3,15,35,15,0,2,27,12,27,27,12,2,edgeCount
212,197,243,graphml/Cogentco.graphml,1,,clustered,0.6;-0.3,11,73,11,0,6,11,0,11,73,0,6,edgeCount
211,197,243,graphml/Cogentco.graphml,2,,clustered,0.6;-0.3,15,11,10,5,2,27,17,27,29,17,2,edgeCount
210,197,243,graphml/Cogentco.graphml,1,,clustered,0.6;-0.3,41,25,25,16,2,-1,-26,41,25,16,2,edgeCount
209,197,243,graphml/Cogentco.graphml,2,,clustered,0.6;-0.3,16,16,8,8,0,16,8,16,16,8,0,edgeCount
208,197,243,graphml/Cogentco.graphml,2,,clustered,0.6;-0.3,12,12,9,3,6,12,3,12,12,3,6,edgeCount
207,197,243,graphml/Cogentco.graphml,1,,clustered,0.6;-0.3,18,18,18,0,4,18,0,18,18,0,4,edgeCount
206,197,243,graphml/Cogentco.graphml,2,,clustered,0.6;-0.3,-1,-1,14,-15,4,-1,-15,-1,-1,-15,4,edgeCount
205,197,243,graphml/Cogentco.graphml,2,,clustered,0.6;-0.3,-1,-1,-1,0,0,-1,0,-1,-1,0,0,edgeCount
204,197,243,graphml/Cogentco.graphml,2,,clustered,0.6;-0.3,41,57,15,26,2,41,26,41,57,26,2,edgeCount
203,197,243,graphml/Cogentco.graphml,2,,clustered,0.6;-0.3,-1,-1,-1,0,0,-1,0,-1,-1,0,0,edgeCount
202,197,243,graphml/Cogentco.graphml,2,,clustered,0.6;-0.3,12,12,9,3,6,12,3,12,12,3,6,edgeCount
201,197,243,graphml/Cogentco.graphml,2,,clustered,0.6;-0.3,11,11,5,6,2,21,16,11,11,6,2,edgeCount
200,197,243,graphml/Cogentco.graphml,2,,clustered,0.6;-0.3,-1,-1,-1,0,0,-1,0,-1,-1,0,0,edgeCount
199,197,243,graphml/Cogentco.graphml,1,,clustered,0.6;-0.3,7,7,7,0,0,7,0,7,7,0,0,edgeCount
198,197,243,graphml/Cogentco.graphml,2,,clustered,0.6;-0.3,-1,-1,-1,0,0,-1,0,-1,-1,0,0,edgeCount
197,197,243,graphml/Cogentco.graphml,2,,clustered,0.6;-0.3,-1,-1,13,-14,0,-1,-14,-1,-1,-14,0,edgeCount
196,197,243,graphml/Cogentco.graphml,1,,clustered,0.6;-0.3,15,15,15,0,0,15,0,15,15,0,0,edgeCount
195,197,243,graphml/Cogentco.graphml,2,,clustered,0.6;-0.3,-1,-1,-1,0,0,-1,0,-1,-1,0,0,edgeCount
194,197,243,graphml/Cogentco.graphml,1,,clustered,0.6;-0.3,-1,-1,9,-10,2,-1,-10,-1,-1,-10,2,edgeCount
193,197,243,graphml/Cogentco.graphml,2,,clustered,0.6;-0.3,6,6,6,0,0,6,0,6,6,0,0,edgeCount
192,197,243,graphml/Cogentco.graphml,2,,clustered,0.6;-0.3,-1,-1,-1,0,0,-1,0,-1,-1,0,0,edgeCount
191,197,243,graphml/Cogentco.graphml,3,,clustered,0.6;-0.3,72,62,10,62,0,12,2,12,12,2,0,edgeCount
190,197,243,graphml/Cogentco.graphml,3,,clustered,0.6;-0.3,27,15,7,20,0,7,0,7,7,0,0,edgeCount
189,197,243,graphml/Cogentco.graphml,2,,clustered,0.6;-0.3,-1,-1,-1,0,0,-1,0,-1,-1,0,0,edgeCount
188,197,243,graphml/Cogentco.graphml,1,,clustered,0.6;-0.3,-1,-1,-1,0,0,-1,0,-1,-1,0,0,edgeCount
187,197,243,graphml/Cogentco.graphml,2,,clustered,0.6;-0.3,-1,-1,-1,0,0,-1,0,-1,-1,0,0,edgeCount
186,197,243,graphml/Cogentco.graphml,2,,clustered,0.6;-0.3,23,23,12,11,12,12,0,12,12,0,10,edgeCount
185,197,243,graphml/Cogentco.graphml,2,,clustered,0.6;-0.3,-1,-1,-1,0,0,-1,0,-1,-1,0,0,edgeCount
184,197,243,graphml/Cogentco.graphml,2,,clustered,0.6;-0.3,11,7,3,8,2,3,0,3,3,0,2,edgeCount
183,197,243,graphml/Cogentco.graphml,2,,clustered,0.6;-0.3,15,45,10,5,2,11,1,11,11,1,2,edgeCount
182,197,243,graphml/Cogentco.graphml,1,,clustered,0.6;-0.3,-1,-1,-1,0,0,-1,0,-1,-1,0,0,edgeCount
181,197,243,graphml/Cogentco.graphml,2,,clustered,0.6;-0.3,41,29,11,30,0,15,4,15,15,4,0,edgeCount
180,197,243,graphml/Cogentco.graphml,2,,clustered,0.6;-0.3,15,15,15,0,0,15,0,15,15,0,0,edgeCount
179,197,243,graphml/Cogentco.graphml,2,,clustered,0.6;-0.3,84,42,16,68,2,-1,-17,77,77,61,2,edgeCount
178,197,243,graphml/Cogentco.graphml,1,,clustered,0.6;-0.3,11,11,11,0,0,11,0,11,11,0,0,edgeCount
177,197,243,graphml/Cogentco.graphml,2,,clustered,0.6;-0.3,-1,-1,-1,0,2,-1,0,-1,-1,0,2,edgeCount
176,197,243,graphml/Cogentco.graphml,1,,clustered,0.6;-0.3,-1,-1,-1,0,0,-1,0,-1,-1,0,0,edgeCount
175,197,243,graphml/Cogentco.graphml,2,,clustered,0.6;-0.3,-1,-1,-1,0,0,-1,0,-1,-1,0,0,edgeCount
174,197,243,graphml/Cogentco.graphml,1,,clustered,0.6;-0.3,-1,-1,-1,0,2,-1,0,-1,-1,0,2,edgeCount
173,197,243,graphml/Cogentco.graphml,2,,clustered,0.6;-0.3,-1,-1,-1,0,0,-1,0,-1,-1,0,0,edgeCount
172,197,243,graphml/Cogentco.graphml,2,,clustered,0.6;-0.3,19,5,5,14,0,5,0,5,5,0,0,edgeCount
171,197,243,graphml/Cogentco.graphml,2,,clustered,0.6;-0.3,46,46,17,29,0,46,29,46,46,29,0,edgeCount
170,197,243,graphml/Cogentco.graphml,1,,clustered,0.6;-0.3,13,13,13,0,0,13,0,13,13,0,0,edgeCount
169,197,243,graphml/Cogentco.graphml,2,,clustered,0.6;-0.3,40,14,10,30,0,-1,-11,40,14,30,0,edgeCount
168,197,243,graphml/Cogentco.graphml,1,,clustered,0.6;-0.3,12,12,12,0,4,12,0,12,12,0,4,edgeCount
167,197,243,graphml/Cogentco.graphml,1,,clustered,0.6;-0.3,10,10,10,0,0,10,0,10,10,0,0,edgeCount
166,197,243,graphml/Cogentco.graphml,2,,clustered,0.6;-0.3,34,34,14,20,0,34,20,34,34,20,0,edgeCount
165,197,243,graphml/Cogentco.graphml,2,,clustered,0.6;-0.3,3,3,3,0,0,3,0,3,3,0,0,edgeCount
164,197,243,graphml/Cogentco.graphml,1,,clustered,0.6;-0.3,-1,-1,-1,0,2,-1,0,-1,-1,0,2,edgeCount
163,197,243,graphml/Cogentco.graphml,1,,clustered,0.6;-0.3,14,14,14,0,0,14,0,14,14,0,0,edgeCount
162,197,243,graphml/Cogentco.graphml,2,,clustered,0.6;-0.3,32,24,7,25,0,10,3,10,10,3,0,edgeCount
161,197,243,graphml/Cogentco.graphml,1,,clustered,0.6;-0.3,51,27,18,33,2,-1,-19,51,27,33,2,edgeCount
160,197,243,graphml/Cogentco.graphml,2,,clustered,0.6;-0.3,45,15,15,30,0,15,0,15,15,0,0,edgeCount
159,197,243,graphml/Cogentco.graphml,2,,clustered,0.6;-0.3,53,53,14,39,2,-1,-15,46,20,32,2,edgeCount
158,197,243,graphml/Cogentco.graphml,2,,clustered,0.6;-0.3,-1,-1,-1,0,2,-1,0,-1,-1,0,2,edgeCount
157,197,243,graphml/Cogentco.graphml,2,,clustered,0.6;-0.3,56,56,15,41,2,-1,-16,56,56,41,2,edgeCount
156,197,243,graphml/Cogentco.graphml,1,,clustered,0.6;-0.3,-1,-1,-1,0,0,-1,0,-1,-1,0,0,edgeCount
155,197,243,graphml/Cogentco.graphml,2,,clustered,0.6;-0.3,66,66,19,47,0,66,47,66,66,47,0,edgeCount
154,197,243,graphml/Cogentco.graphml,2,,clustered,0.6;-0.3,5,10,4,1,0,11,7,11,11,7,0,edgeCount
153,197,243,graphml/Cogentco.graphml,2,,clustered,0.6;-0.3,24,34,10,14,2,24,14,24,34,14,2,edgeCount
152,197,243,graphml/Cogentco.graphml,2,,clustered,0.6;-0.3,4,4,4,0,2,4,0,4,4,0,2,edgeCount
151,197,243,graphml/Cogentco.graphml,1,,clustered,0.6;-0.3,32,32,18,14,2,-1,-19,32,32,14,2,edgeCount
150,197,243,graphml/Cogentco.graphml,2,,clustered,0.6;-0.3,10,10,10,0,0,10,0,10,10,0,0,edgeCount
149,197,243,graphml/Cogentco.graphml,1,,clustered,0.6;-0.3,7,7,7,0,0,7,0,7,7,0,0,edgeCount
148,197,243,graphml/Cogentco.graphml,1,,clustered,0.6;-0.3,-1,-1,9,-10,0,-1,-10,-1,-1,-10,0,edgeCount
147,197,243,graphml/Cogentco.graphml,2,,clustered,0.6;-0.3,-1,-1,-1,0,0,-1,0,-1,-1,0,0,edgeCount
146,197,243,graphml/Cogentco.graphml,2,,clustered,0.6;-0.3,10,10,10,0,0,10,0,10,10,0,0,edgeCount
145,197,243,graphml/Cogentco.graphml,2,,clustered,0.6;-0.3,29,45,17,12,4,59,42,59,85,42,4,edgeCount
144,197,243,graphml/Cogentco.graphml,1,,clustered,0.6;-0.3,11,11,11,0,0,11,0,11,11,0,0,edgeCount
143,197,243,graphml/Cogentco.graphml,1,,clustered,0.6;-0.3,6,6,6,0,0,6,0,6,6,0,0,edgeCount
142,197,243,graphml/Cogentco.graphml,2,,clustered,0.6;-0.3,49,11,11,38,2,11,0,11,11,0,2,edgeCount
141,197,243,graphml/Cogentco.graphml,2,,clustered,0.6;-0.3,18,18,11,7,0,18,7,18,18,7,0,edgeCount
140,197,243,graphml/Cogentco.graphml,2,,clustered,0.6;-0.3,28,6,6,22,2,6,0,6,6,0,2,edgeCount
139,197,243,graphml/Cogentco.graphml,2,,clustered,0.6;-0.3,24,24,10,14,0,24,14,24,24,14,0,edgeCount
138,197,243,graphml/Cogentco.graphml,2,,clustered,0.6;-0.3,-1,-1,-1,0,0,-1,0,-1,-1,0,0,edgeCount
137,197,243,graphml/Cogentco.graphml,1,,clustered,0.6;-0.3,12,12,12,0,0,12,0,12,12,0,0,edgeCount
136,197,243,graphml/Cogentco.graphml,2,,clustered,0.6;-0.3,31,31,13,18,0,29,16,29,29,16,0,edgeCount
135,197,243,graphml/Cogentco.graphml,2,,clustered,0.6;-0.3,-1,-1,-1,0,0,-1,0,-1,-1,0,0,edgeCount
134,197,243,graphml/Cogentco.graphml,3,,clustered,0.6;-0.3,57,57,18,39,0,49,31,49,49,31,0,edgeCount
133,197,243,graphml/Cogentco.graphml,2,,clustered,0.6;-0.3,-1,-1,-1,0,0,-1,0,-1,-1,0,0,edgeCount
132,197,243,graphml/Cogentco.graphml,2,,clustered,0.6;-0.3,37,37,17,20,0,37,20,37,37,20,0,edgeCount
131,197,243,graphml/Cogentco.graphml,2,,clustered,0.6;-0.3,37,37,15,22,0,37,22,37,37,22,0,edgeCount
130,197,243,graphml/Cogentco.graphml,2,,clustered,0.6;-0.3,15,15,12,3,0,15,3,15,15,3,0,edgeCount
129,197,243,graphml/Cogentco.graphml,1,,clustered,0.6;-0.3,18,18,18,0,0,18,0,18,18,0,0,edgeCount
128,197,243,graphml/Cogentco.graphml,2,,clustered,0.6;-0.3,8,8,8,0,0,8,0,8,8,0,0,edgeCount
127,197,243,graphml/Cogentco.graphml,2,,clustered,0.6;-0.3,31,9,9,22,2,-1,-10,-1,-1,-10,2,edgeCount
126,197,243,graphml/Cogentco.graphml,2,,clustered,0.6;-0.3,85,85,24,61,0,85,61,85,85,61,0,edgeCount
125,197,243,graphml/Cogentco.graphml,2,,clustered,0.6;-0.3,-1,-1,-1,0,0,-1,0,-1,-1,0,0,edgeCount
124,197,243,graphml/Cogentco.graphml,2,,clustered,0.6;-0.3,11,47,11,0,0,25,14,25,25,14,0,edgeCount
123,197,243,graphml/Cogentco.graphml,1,,clustered,0.6;-0.3,12,42,12,0,2,12,0,12,42,0,2,edgeCount
122,197,243,graphml/Cogentco.graphml,1,,clustered,0.6;-0.3,13,13,13,0,0,13,0,13,13,0,0,edgeCount
121,197,243,graphml/Cogentco.graphml,1,,clustered,0.6;-0.3,-1,-1,-1,0,2,-1,0,-1,-1,0,2,edgeCount
120,197,243,graphml/Cogentco.graphml,1,,clustered,0.6;-0.3,-1,-1,18,-19,6,-1,-19,-1,-1,-19,6,edgeCount
119,197,243,graphml/Cogentco.graphml,2,,clustered,0.6;-0.3,8,12,8,0,0,-1,-9,-1,-1,-9,0,edgeCount
118,197,243,graphml/Cogentco.graphml,1,,clustered,0.6;-0.3,6,6,6,0,2,6,0,6,6,0,2,edgeCount
117,197,243,graphml/Cogentco.graphml,2,,clustered,0.6;-0.3,-1,-1,-1,0,2,-1,0,-1,-1,0,2,edgeCount
116,197,243,graphml/Cogentco.graphml,2,,clustered,0.6;-0.3,11,11,8,3,0,11,3,11,11,3,0,edgeCount
115,197,243,graphml/Cogentco.graphml,2,,clustered,0.6;-0.3,-1,-1,-1,0,0,-1,0,-1,-1,0,0,edgeCount
114,197,243,graphml/Cogentco.graphml,1,,clustered,0.6;-0.3,-1,-1,-1,0,0,-1,0,-1,-1,0,0,edgeCount
113,197,243,graphml/Cogentco.graphml,2,,clustered,0.6;-0.3,-1,-1,-1,0,2,-1,0,-1,-1,0,2,edgeCount
112,197,243,graphml/Cogentco.graphml,2,,clustered,0.6;-0.3,-1,-1,-1,0,0,-1,0,-1,-1,0,0,edgeCount
111,197,243,graphml/Cogentco.graphml,1,,clustered,0.6;-0.3,5,5,5,0,2,5,0,5,5,0,2,edgeCount
110,197,243,graphml/Cogentco.graphml,1,,clustered,0.6;-0.3,12,12,12,0,2,12,0,12,12,0,2,edgeCount
109,197,243,graphml/Cogentco.graphml,1,,clustered,0.6;-0.3,16,16,16,0,0,16,0,16,16,0,0,edgeCount
108,197,243,graphml/Cogentco.graphml,1,,clustered,0.6;-0.3,-1,-1,-1,0,0,-1,0,-1,-1,0,0,edgeCount
107,197,243,graphml/Cogentco.graphml,3,,clustered,0.6;-0.3,61,61,10,51,0,60,50,59,59,49,0,edgeCount
106,197,243,graphml/Cogentco.graphml,2,,clustered,0.6;-0.3,8,8,8,0,0,8,0,8,8,0,0,edgeCount
105,197,243,graphml/Cogentco.graphml,1,,clustered,0.6;-0.3,-1,-1,-1,0,2,-1,0,-1,-1,0,2,edgeCount
104,197,243,graphml/Cogentco.graphml,2,,clustered,0.6;-0.3,9,6,6,3,4,6,0,6,6,0,4,edgeCount
103,197,243,graphml/Cogentco.graphml,1,,clustered,0.6;-0.3,-1,-1,-1,0,4,-1,0,-1,-1,0,4,edgeCount
102,197,243,graphml/Cogentco.graphml,2,,clustered,0.6;-0.3,-1,-1,-1,0,0,-1,0,-1,-1,0,0,edgeCount
101,197,243,graphml/Cogentco.graphml,2,,clustered,0.6;-0.3,19,19,12,7,0,43,31,43,43,31,0,edgeCount
100,197,243,graphml/Cogentco.graphml,3,,clustered,0.6;-0.3,8,6,6,2,0,16,10,16,16,10,0,edgeCount
99,197,243,graphml/Cogentco.graphml,2,,clustered,0.6;-0.3,20,20,18,2,0,58,40,20,20,2,0,edgeCount
98,197,243,graphml/Cogentco.graphml,2,,clustered,0.6;-0.3,19,19,19,0,2,19,0,19,19,0,2,edgeCount
97,197,243,graphml/Cogentco.graphml,2,,clustered,0.6;-0.3,17,25,12,5,4,-1,-13,63,63,51,4,edgeCount
96,197,243,graphml/Cogentco.graphml,3,,clustered,0.6;-0.3,23,15,7,16,0,31,24,31,31,24,0,edgeCount
95,197,243,graphml/Cogentco.graphml,2,,clustered,0.6;-0.3,-1,-1,-1,0,0,-1,0,-1,-1,0,0,edgeCount
94,197,243,graphml/Cogentco.graphml,2,,clustered,0.6;-0.3,36,36,13,23,0,36,23,36,36,23,0,edgeCount
93,197,243,graphml/Cogentco.graphml,2,,clustered,0.6;-0.3,48,48,20,28,0,48,28,48,48,28,0,edgeCount
92,197,243,graphml/Cogentco.graphml,1,,clustered,0.6;-0.3,12,12,12,0,2,12,0,12,12,0,2,edgeCount
91,197,243,graphml/Cogentco.graphml,2,,clustered,0.6;-0.3,49,49,16,33,0,49,33,49,49,33,0,edgeCount
90,197,243,graphml/Cogentco.graphml,1,,clustered,0.6;-0.3,20,78,20,0,2,20,0,20,78,0,2,edgeCount
89,197,243,graphml/Cogentco.graphml,3,,clustered,0.6;-0.3,7,7,5,2,0,7,2,7,7,2,0,edgeCount
88,197,243,graphml/Cogentco.graphml,2,,clustered,0.6;-0.3,13,8,7,6,2,33,26,33,33,26,2,edgeCount
87,197,243,graphml/Cogentco.graphml,2,,clustered,0.6;-0.3,-1,-1,-1,0,0,-1,0,-1,-1,0,0,edgeCount
86,197,243,graphml/Cogentco.graphml,2,,clustered,0.6;-0.3,34,42,4,30,0,4,0,4,4,0,0,edgeCount
85,197,243,graphml/Cogentco.graphml,2,,clustered,0.6;-0.3,18,18,18,0,2,18,0,18,18,0,2,edgeCount
84,197,243,graphml/Cogentco.graphml,2,,clustered,0.6;-0.3,-1,-1,-1,0,0,-1,0,-1,-1,0,0,edgeCount
83,197,243,graphml/Cogentco.graphml,2,,clustered,0.6;-0.3,-1,-1,-1,0,0,-1,0,-1,-1,0,0,edgeCount
82,197,243,graphml/Cogentco.graphml,2,,clustered,0.6;-0.3,-1,-1,-1,0,0,-1,0,-1,-1,0,0,edgeCount
81,197,243,graphml/Cogentco.graphml,2,,clustered,0.6;-0.3,63,59,26,37,2,-1,-27,63,59,37,2,edgeCount
80,197,243,graphml/Cogentco.graphml,1,,clustered,0.6;-0.3,-1,-1,-1,0,4,-1,0,-1,-1,0,4,edgeCount
79,197,243,graphml/Cogentco.graphml,1,,clustered,0.6;-0.3,-1,-1,-1,0,2,-1,0,-1,-1,0,2,edgeCount
78,197,243,graphml/Cogentco.graphml,1,,clustered,0.6;-0.3,13,13,13,0,0,13,0,13,13,0,0,edgeCount
77,197,243,graphml/Cogentco.graphml,2,,clustered,0.6;-0.3,-1,-1,16,-17,0,-1,-17,-1,-1,-17,0,edgeCount
76,197,243,graphml/Cogentco.graphml,3,,clustered,0.6;-0.3,8,32,5,3,0,16,11,16,16,11,0,edgeCount
75,197,243,graphml/Cogentco.graphml,1,,clustered,0.6;-0.3,5,5,5,0,0,5,0,5,5,0,0,edgeCount
74,197,243,graphml/Cogentco.graphml,2,,clustered,0.6;-0.3,8,8,8,0,2,8,0,8,8,0,2,edgeCount
73,197,243,graphml/Cogentco.graphml,2,,clustered,0.6;-0.3,8,8,8,0,0,8,0,8,8,0,0,edgeCount
72,197,243,graphml/Cogentco.graphml,2,,clustered,0.6;-0.3,-1,-1,-1,0,2,-1,0,-1,-1,0,2,edgeCount
71,197,243,graphml/Cogentco.graphml,1,,clustered,0.6;-0.3,11,11,11,0,0,11,0,11,11,0,0,edgeCount
70,197,243,graphml/Cogentco.graphml,1,,clustered,0.6;-0.3,-1,-1,-1,0,2,-1,0,-1,-1,0,2,edgeCount
69,197,243,graphml/Cogentco.graphml,1,,clustered,0.6;-0.3,14,14,12,2,2,-1,-13,14,14,2,2,edgeCount
68,197,243,graphml/Cogentco.graphml,2,,clustered,0.6;-0.3,-1,-1,-1,0,0,-1,0,-1,-1,0,0,edgeCount
67,197,243,graphml/Cogentco.graphml,3,,clustered,0.6;-0.3,-1,-1,10,-11,0,-1,-11,-1,-1,-11,0,edgeCount
66,197,243,graphml/Cogentco.graphml,2,,clustered,0.6;-0.3,39,15,15,24,2,-1,-16,-1,-1,-16,2,edgeCount
65,197,243,graphml/Cogentco.graphml,1,,clustered,0.6;-0.3,21,21,21,0,0,21,0,21,21,0,0,edgeCount
64,197,243,graphml/Cogentco.graphml,3,,clustered,0.6;-0.3,6,6,6,0,0,6,0,6,6,0,0,edgeCount
63,197,243,graphml/Cogentco.graphml,3,,clustered,0.6;-0.3,-1,-1,-1,0,0,-1,0,-1,-1,0,0,edgeCount
62,197,243,graphml/Cogentco.graphml,1,,clustered,0.6;-0.3,5,5,5,0,2,5,0,5,5,0,2,edgeCount
61,197,243,graphml/Cogentco.graphml,1,,clustered,0.6;-0.3,24,24,24,0,0,24,0,24,24,0,0,edgeCount
60,197,243,graphml/Cogentco.graphml,2,,clustered,0.6;-0.3,10,10,10,0,0,10,0,10,10,0,0,edgeCount
59,197,243,graphml/Cogentco.graphml,2,,clustered,0.6;-0.3,61,57,18,43,0,-1,-19,-1,-1,-19,0,edgeCount
58,197,243,graphml/Cogentco.graphml,2,,clustered,0.6;-0.3,54,54,24,30,0,54,30,54,54,30,0,edgeCount
57,197,243,graphml/Cogentco.graphml,2,,clustered,0.6;-0.3,-1,-1,-1,0,2,-1,0,-1,-1,0,2,edgeCount
56,197,243,graphml/Cogentco.graphml,2,,clustered,0.6;-0.3,22,22,17,5,0,22,5,22,22,5,0,edgeCount
55,197,243,graphml/Cogentco.graphml,2,,clustered,0.6;-0.3,48,46,14,34,2,-1,-15,57,57,43,2,edgeCount
54,197,243,graphml/Cogentco.graphml,2,,clustered,0.6;-0.3,-1,-1,-1,0,0,-1,0,-1,-1,0,0,edgeCount
53,197,243,graphml/Cogentco.graphml,2,,clustered,0.6;-0.3,-1,-1,-1,0,0,-1,0,-1,-1,0,0,edgeCount
52,197,243,graphml/Cogentco.graphml,1,,clustered,0.6;-0.3,-1,-1,-1,0,0,-1,0,-1,-1,0,0,edgeCount
51,197,243,graphml/Cogentco.graphml,2,,clustered,0.6;-0.3,-1,-1,-1,0,0,-1,0,-1,-1,0,0,edgeCount
50,197,243,graphml/Cogentco.graphml,2,,clustered,0.6;-0.3,20,10,10,10,2,-1,-11,29,29,19,2,edgeCount
49,197,243,graphml/Cogentco.graphml,2,,clustered,0.6;-0.3,13,13,9,4,2,29,20,29,29,20,2,edgeCount
48,197,243,graphml/Cogentco.graphml,1,,clustered,0.6;-0.3,4,4,4,0,0,4,0,4,4,0,0,edgeCount
47,197,243,graphml/Cogentco.graphml,2,,clustered,0.6;-0.3,11,14,11,0,0,27,16,27,27,16,0,edgeCount
46,197,243,graphml/Cogentco.graphml,1,,clustered,0.6;-0.3,44,44,20,24,2,-1,-21,44,44,24,2,edgeCount
45,197,243,graphml/Cogentco.graphml,2,,clustered,0.6;-0.3,-1,-1,10,-11,0,-1,-11,-1,-1,-11,0,edgeCount
44,197,243,graphml/Cogentco.graphml,1,,clustered,0.6;-0.3,-1,-1,-1,0,0,-1,0,-1,-1,0,0,edgeCount
43,197,243,graphml/Cogentco.graphml,1,,clustered,0.6;-0.3,8,8,8,0,0,8,0,8,8,0,0,edgeCount
42,197,243,graphml/Cogentco.graphml,3,,clustered,0.6;-0.3,12,58,10,2,0,16,6,16,16,6,0,edgeCount
41,197,243,graphml/Cogentco.graphml,2,,clustered,0.6;-0.3,12,12,12,0,0,12,0,12,12,0,0,edgeCount
40,197,243,graphml/Cogentco.graphml,1,,clustered,0.6;-0.3,16,16,10,6,4,-1,-11,16,16,6,4,edgeCount
39,197,243,graphml/Cogentco.graphml,1,,clustered,0.6;-0.3,34,18,12,22,4,-1,-13,34,18,22,4,edgeCount
38,197,243,graphml/Cogentco.graphml,1,,clustered,0.6;-0.3,23,23,23,0,0,23,0,23,23,0,0,edgeCount
37,197,243,graphml/Cogentco.graphml,2,,clustered,0.6;-0.3,-1,-1,-1,0,0,-1,0,-1,-1,0,0,edgeCount
36,197,243,graphml/Cogentco.graphml,1,,clustered,0.6;-0.3,-1,-1,-1,0,0,-1,0,-1,-1,0,0,edgeCount
35,197,243,graphml/Cogentco.graphml,2,,clustered,0.6;-0.3,-1,-1,-1,0,0,-1,0,-1,-1,0,0,edgeCount
34,197,243,graphml/Cogentco.graphml,1,,clustered,0.6;-0.3,-1,-1,17,-18,0,-1,-18,-1,-1,-18,0,edgeCount
33,197,243,graphml/Cogentco.graphml,2,,clustered,0.6;-0.3,15,17,11,4,2,35,24,41,41,30,2,edgeCount
32,197,243,graphml/Cogentco.graphml,2,,clustered,0.6;-0.3,41,41,11,30,0,41,30,41,41,30,0,edgeCount
31,197,243,graphml/Cogentco.graphml,1,,clustered,0.6;-0.3,7,7,7,0,0,7,0,7,7,0,0,edgeCount
30,197,243,graphml/Cogentco.graphml,1,,clustered,0.6;-0.3,32,40,16,16,4,-1,-17,32,40,16,4,edgeCount
29,197,243,graphml/Cogentco.graphml,1,,clustered,0.6;-0.3,23,23,23,0,0,23,0,23,23,0,0,edgeCount
28,197,243,graphml/Cogentco.graphml,2,,clustered,0.6;-0.3,27,27,10,17,0,27,17,27,27,17,0,edgeCount
27,197,243,graphml/Cogentco.graphml,1,,clustered,0.6;-0.3,66,64,27,39,4,-1,-28,66,64,39,4,edgeCount
26,197,243,graphml/Cogentco.graphml,2,,clustered,0.6;-0.3,12,10,10,2,2,10,0,10,10,0,2,edgeCount
25,197,243,graphml/Cogentco.graphml,2,,clustered,0.6;-0.3,6,6,6,0,0,6,0,6,6,0,0,edgeCount
24,197,243,graphml/Cogentco.graphml,2,,clustered,0.6;-0.3,-1,-1,-1,0,0,-1,0,-1,-1,0,0,edgeCount
23,197,243,graphml/Cogentco.graphml,1,,clustered,0.6;-0.3,-1,-1,-1,0,2,-1,0,-1,-1,0,2,edgeCount
22,197,243,graphml/Cogentco.graphml,2,,clustered,0.6;-0.3,-1,-1,13,-14,0,-1,-14,-1,-1,-14,0,edgeCount
21,197,243,graphml/Cogentco.graphml,2,,clustered,0.6;-0.3,13,25,11,2,0,27,16,27,27,16,0,edgeCount
20,197,243,graphml/Cogentco.graphml,2,,clustered,0.6;-0.3,48,32,12,36,0,12,0,12,12,0,0,edgeCount
19,197,243,graphml/Cogentco.graphml,3,,clustered,0.6;-0.3,10,9,5,5,0,18,13,18,18,13,0,edgeCount
18,197,243,graphml/Cogentco.graphml,1,,clustered,0.6;-0.3,6,6,6,0,0,6,0,6,6,0,0,edgeCount
17,197,243,graphml/Cogentco.graphml,2,,clustered,0.6;-0.3,10,48,9,1,2,18,9,18,22,9,2,edgeCount
16,197,243,graphml/Cogentco.graphml,2,,clustered,0.6;-0.3,14,14,14,0,2,14,0,14,14,0,2,edgeCount
15,197,243,graphml/Cogentco.graphml,2,,clustered,0.6;-0.3,5,5,5,0,0,5,0,5,5,0,0,edgeCount
14,197,243,graphml/Cogentco.graphml,1,,clustered,0.6;-0.3,8,8,8,0,0,8,0,8,8,0,0,edgeCount
13,197,243,graphml/Cogentco.graphml,2,,clustered,0.6;-0.3,61,17,15,46,2,-1,-16,56,48,41,2,edgeCount
12,197,243,graphml/Cogentco.graphml,1,,clustered,0.6;-0.3,-1,-1,15,-16,2,-1,-16,-1,-1,-16,2,edgeCount
11,197,243,graphml/Cogentco.graphml,1,,clustered,0.6;-0.3,-1,-1,-1,0,0,-1,0,-1,-1,0,0,edgeCount
10,197,243,graphml/Cogentco.graphml,1,,clustered,0.6;-0.3,7,7,7,0,0,7,0,7,7,0,0,edgeCount
9,197,243,graphml/Cogentco.graphml,1,,clustered,0.6;-0.3,7,7,7,0,0,7,0,7,7,0,0,edgeCount
8,197,243,graphml/Cogentco.graphml,2,,clustered,0.6;-0.3,13,31,8,5,2,25,17,25,45,17,2,edgeCount
7,197,243,graphml/Cogentco.graphml,1,,clustered,0.6;-0.3,-1,-1,-1,0,0,-1,0,-1,-1,0,0,edgeCount
6,197,243,graphml/Cogentco.graphml,1,,clustered,0.6;-0.3,5,5,5,0,0,5,0,5,5,0,0,edgeCount
5,197,243,graphml/Cogentco.graphml,1,,clustered,0.6;-0.3,12,12,12,0,2,12,0,12,12,0,2,edgeCount
4,197,243,graphml/Cogentco.graphml,2,,clustered,0.6;-0.3,-1,-1,7,-8,2,-1,-8,-1,-1,-8,2,edgeCount
3,197,243,graphml/Cogentco.graphml,2,,clustered,0.6;-0.3,-1,-1,-1,0,0,-1,0,-1,-1,0,0,edgeCount
2,197,243,graphml/Cogentco.graphml,1,,clustered,0.6;-0.3,-1,-1,-1,0,2,-1,0,-1,-1,0,2,edgeCount
1,197,243,graphml/Cogentco.graphml,1,,clustered,0.6;-0.3,3,3,3,0,0,3,0,3,3,0,0,edgeCount
