rep,nrNodes,nrEdges,edgeProb,nrPaths,nrFails,failureModel,failurePercent,hopsRanked,hopsUnranked,spLength,stretch_mult,nodeAdditions,hopsPath,stretch_path,hopsRankedOne,hopsUnrankedOne,stretch_one,overallNodeAdditionsOne,treeChoice
1000,25,47,0.15,1,0,random,-1,3,4,3,0,12,3,0,3,4,0,12,edgeCount
999,25,54,0.15,2,7,random,-1,3,5,3,0,12,3,0,3,3,0,6,edgeCount
998,25,51,0.15,2,7,random,-1,3,3,3,0,4,3,0,3,3,0,2,edgeCount
997,25,57,0.15,6,35,random,-1,4,2,2,2,4,2,0,2,2,0,2,edgeCount
996,25,43,0.15,2,7,random,-1,3,3,2,1,0,2,0,3,2,1,0,edgeCount
995,25,51,0.15,3,14,random,-1,5,3,3,2,12,3,0,3,7,0,6,edgeCount
994,25,52,0.15,4,21,random,-1,3,6,3,0,0,7,4,7,7,4,0,edgeCount
993,25,45,0.15,3,14,random,-1,7,3,3,4,0,3,0,3,3,0,0,edgeCount
992,25,47,0.15,3,14,random,-1,-1,-1,3,-4,0,-1,-4,-1,-1,-4,0,edgeCount
991,25,32,0.15,2,7,random,-1,4,4,4,0,0,4,0,4,4,0,0,edgeCount
990,25,44,0.15,3,14,random,-1,6,6,4,2,0,6,2,6,6,2,0,edgeCount
989,25,47,0.15,2,7,random,-1,4,5,3,1,4,3,0,3,3,0,2,edgeCount
988,25,50,0.15,2,7,random,-1,-1,-1,-1,0,0,-1,0,-1,-1,0,0,edgeCount
987,25,40,0.15,1,0,random,-1,3,3,3,0,0,3,0,3,3,0,0,edgeCount
986,25,41,0.15,4,21,random,-1,6,2,2,4,0,2,0,2,2,0,0,edgeCount
985,25,54,0.15,3,14,random,-1,2,2,2,0,0,2,0,2,2,0,0,edgeCount
984,25,47,0.15,3,14,random,-1,5,3,3,2,0,3,0,3,3,0,0,edgeCount
983,25,48,0.15,2,7,random,-1,7,7,5,2,0,-1,-6,-1,-1,-6,0,edgeCount
982,25,40,0.15,1,0,random,-1,4,5,4,0,2,4,0,4,5,0,2,edgeCount
981,25,45,0.15,3,14,random,-1,7,4,2,5,0,2,0,2,2,0,0,edgeCount
980,25,49,0.15,2,7,random,-1,3,4,3,0,0,3,0,3,3,0,0,edgeCount
979,25,37,0.15,2,7,random,-1,3,3,3,0,4,3,0,3,3,0,4,edgeCount
978,25,37,0.15,2,7,random,-1,6,6,2,4,0,2,0,6,2,4,0,edgeCount
977,25,48,0.15,3,14,random,-1,4,4,4,0,8,-1,-5,7,5,3,4,edgeCount
976,25,48,0.15,2,7,random,-1,3,4,3,0,14,3,0,3,6,0,8,edgeCount
975,25,51,0.15,2,7,random,-1,3,4,3,0,0,3,0,3,3,0,0,edgeCount
974,25,41,0.15,3,14,random,-1,3,7,3,0,4,7,4,7,3,4,2,edgeCount
973,25,39,0.15,2,7,random,-1,3,12,3,0,4,3,0,3,3,0,4,edgeCount
972,25,36,0.15,3,14,random,-1,-1,-1,6,-7,0,-1,-7,-1,-1,-7,0,edgeCount
971,25,37,0.15,4,21,random,-1,-1,-1,-1,0,2,-1,0,-1,-1,0,2,edgeCount
970,25,42,0.15,2,7,random,-1,10,10,4,6,4,-1,-5,9,5,5,4,edgeCount
969,25,45,0.15,3,14,random,-1,4,4,2,2,0,2,0,2,2,0,0,edgeCount
968,25,46,0.15,4,21,random,-1,3,3,3,0,0,3,0,3,3,0,0,edgeCount
967,25,46,0.15,5,28,random,-1,-1,-1,3,-4,0,-1,-4,-1,-1,-4,0,edgeCount
966,25,55,0.15,3,14,random,-1,5,3,3,2,0,3,0,3,3,0,0,edgeCount
965,25,46,0.15,2,7,random,-1,-1,-1,5,-6,0,-1,-6,-1,-1,-6,0,edgeCount
964,25,39,0.15,2,7,random,-1,5,3,3,2,0,3,0,3,3,0,0,edgeCount
963,25,51,0.15,2,7,random,-1,8,2,2,6,4,2,0,2,2,0,4,edgeCount
962,25,43,0.15,1,0,random,-1,3,3,3,0,2,3,0,3,3,0,2,edgeCount
961,25,50,0.15,1,0,random,-1,3,6,3,0,8,3,0,3,6,0,8,edgeCount
960,25,48,0.15,2,7,random,-1,4,4,4,0,16,4,0,4,4,0,8,edgeCount
959,25,42,0.15,2,7,random,-1,4,3,3,1,0,3,0,3,3,0,0,edgeCount
958,25,38,0.15,2,7,random,-1,-1,-1,-1,0,0,-1,0,-1,-1,0,0,edgeCount
957,25,36,0.15,2,7,random,-1,-1,-1,7,-8,4,-1,-8,11,13,4,4,edgeCount
956,25,37,0.15,2,7,random,-1,4,3,3,1,0,3,0,3,3,0,0,edgeCount
955,25,54,0.15,3,14,random,-1,4,4,4,0,0,4,0,4,4,0,0,edgeCount
954,25,49,0.15,2,7,random,-1,5,4,4,1,4,4,0,4,4,0,2,edgeCount
953,25,36,0.15,1,0,random,-1,3,3,3,0,4,3,0,3,3,0,4,edgeCount
952,25,46,0.15,2,7,random,-1,3,3,3,0,0,3,0,3,3,0,0,edgeCount
951,25,37,0.15,4,21,random,-1,-1,-1,-1,0,0,-1,0,-1,-1,0,0,edgeCount
950,25,37,0.15,2,7,random,-1,6,2,2,4,4,2,0,2,2,0,4,edgeCount
949,25,53,0.15,5,28,random,-1,3,15,3,0,16,5,2,5,5,2,8,edgeCount
948,25,41,0.15,1,0,random,-1,3,3,3,0,0,3,0,3,3,0,0,edgeCount
947,25,48,0.15,4,21,random,-1,4,4,4,0,12,-1,-5,-1,-1,-5,6,edgeCount
946,25,48,0.15,2,7,random,-1,4,7,4,0,4,4,0,4,5,0,2,edgeCount
945,25,47,0.15,1,0,random,-1,4,4,4,0,2,4,0,4,4,0,2,edgeCount
944,25,48,0.15,2,7,random,-1,2,9,2,0,8,2,0,2,2,0,4,edgeCount
943,25,54,0.15,3,14,random,-1,4,4,2,2,0,2,0,2,2,0,0,edgeCount
942,25,39,0.15,3,14,random,-1,-1,-1,4,-5,4,-1,-5,-1,-1,-5,4,edgeCount
941,25,42,0.15,2,7,random,-1,4,12,4,0,0,8,4,8,8,4,0,edgeCount
940,25,37,0.15,3,14,random,-1,-1,-1,6,-7,0,-1,-7,-1,-1,-7,0,edgeCount
939,25,44,0.15,3,14,random,-1,5,3,3,2,0,3,0,3,3,0,0,edgeCount
938,25,44,0.15,2,7,random,-1,2,2,2,0,0,2,0,2,2,0,0,edgeCount
937,25,45,0.15,2,7,random,-1,10,10,2,8,8,2,0,2,2,0,4,edgeCount
936,25,30,0.15,1,0,random,-1,3,3,3,0,0,3,0,3,3,0,0,edgeCount
935,25,43,0.15,3,14,random,-1,4,6,4,0,0,6,2,6,6,2,0,edgeCount
934,25,42,0.15,3,14,random,-1,3,3,3,0,0,-1,-4,-1,-1,-4,0,edgeCount
933,25,47,0.15,1,0,random,-1,4,4,4,0,0,4,0,4,4,0,0,edgeCount
932,25,43,0.15,1,0,random,-1,5,5,5,0,4,5,0,5,5,0,4,edgeCount
931,25,49,0.15,5,28,random,-1,-1,-1,4,-5,0,-1,-5,-1,-1,-5,0,edgeCount
930,25,43,0.15,3,14,random,-1,-1,-1,5,-6,0,-1,-6,-1,-1,-6,0,edgeCount
929,25,49,0.15,4,21,random,-1,2,2,2,0,0,2,0,2,2,0,0,edgeCount
928,25,48,0.15,2,7,random,-1,-1,-1,4,-5,0,-1,-5,-1,-1,-5,0,edgeCount
927,25,51,0.15,4,21,random,-1,12,7,4,8,2,8,4,8,8,4,2,edgeCount
926,25,37,0.15,1,0,random,-1,5,5,5,0,2,5,0,5,5,0,2,edgeCount
925,25,57,0.15,3,14,random,-1,4,4,3,1,0,6,3,4,4,1,0,edgeCount
924,25,40,0.15,4,21,random,-1,10,10,3,7,2,10,7,10,10,7,2,edgeCount
923,25,50,0.15,4,21,random,-1,-1,-1,4,-5,0,-1,-5,-1,-1,-5,0,edgeCount
922,25,51,0.15,2,7,random,-1,3,3,2,1,0,2,0,3,2,1,0,edgeCount
921,25,40,0.15,2,7,random,-1,-1,-1,6,-7,0,-1,-7,-1,-1,-7,0,edgeCount
920,25,43,0.15,1,0,random,-1,4,4,4,0,8,4,0,4,4,0,8,edgeCount
919,25,38,0.15,2,7,random,-1,2,2,2,0,0,2,0,2,2,0,0,edgeCount
918,25,43,0.15,3,14,random,-1,6,2,2,4,0,3,1,2,2,0,0,edgeCount
917,25,49,0.15,1,0,random,-1,4,4,4,0,4,4,0,4,4,0,4,edgeCount
916,25,35,0.15,2,7,random,-1,-1,-1,5,-6,0,-1,-6,-1,-1,-6,0,edgeCount
915,25,49,0.15,5,28,random,-1,-1,-1,4,-5,0,-1,-5,-1,-1,-5,0,edgeCount
914,25,37,0.15,4,21,random,-1,-1,-1,-1,0,0,-1,0,-1,-1,0,0,edgeCount
913,25,50,0.15,3,14,random,-1,3,2,2,1,8,2,0,3,2,1,4,edgeCount
912,25,49,0.15,3,14,random,-1,6,2,2,4,8,2,0,4,2,2,4,edgeCount
911,25,44,0.15,2,7,random,-1,-1,-1,4,-5,2,-1,-5,-1,-1,-5,2,edgeCount
910,25,46,0.15,1,0,random,-1,5,5,5,0,0,5,0,5,5,0,0,edgeCount
909,25,44,0.15,2,7,random,-1,3,3,2,1,4,2,0,2,2,0,2,edgeCount
908,25,43,0.15,2,7,random,-1,4,4,2,2,0,2,0,2,2,0,0,edgeCount
907,25,54,0.15,2,7,random,-1,3,3,3,0,8,3,0,3,5,0,4,edgeCount
906,25,53,0.15,3,14,random,-1,9,3,3,6,8,3,0,3,3,0,6,edgeCount
905,25,53,0.15,2,7,random,-1,4,5,3,1,10,3,0,3,3,0,6,edgeCount
904,25,45,0.15,2,7,random,-1,-1,-1,5,-6,0,-1,-6,-1,-1,-6,0,edgeCount
903,25,39,0.15,1,0,random,-1,3,5,3,0,12,3,0,3,5,0,12,edgeCount
902,25,48,0.15,4,21,random,-1,-1,-1,-1,0,2,-1,0,-1,-1,0,2,edgeCount
901,25,36,0.15,2,7,random,-1,-1,-1,-1,0,8,-1,0,-1,-1,0,4,edgeCount
900,25,46,0.15,3,14,random,-1,8,4,2,6,4,2,0,4,2,2,2,edgeCount
899,25,54,0.15,2,7,random,-1,3,3,3,0,16,3,0,3,5,0,10,edgeCount
898,25,48,0.15,4,21,random,-1,5,5,4,1,0,5,1,5,5,1,0,edgeCount
897,25,46,0.15,3,14,random,-1,-1,-1,8,-9,0,-1,-9,-1,-1,-9,0,edgeCount
896,25,47,0.15,2,7,random,-1,-1,-1,5,-6,0,-1,-6,-1,-1,-6,0,edgeCount
895,25,43,0.15,2,7,random,-1,3,3,3,0,0,6,3,5,3,2,0,edgeCount
894,25,46,0.15,5,28,random,-1,-1,-1,-1,0,6,-1,0,-1,-1,0,4,edgeCount
893,25,37,0.15,3,14,random,-1,6,4,4,2,0,8,4,8,8,4,0,edgeCount
892,25,52,0.15,4,21,random,-1,-1,-1,4,-5,0,-1,-5,-1,-1,-5,0,edgeCount
891,25,40,0.15,5,28,random,-1,-1,-1,-1,0,0,-1,0,-1,-1,0,0,edgeCount
890,25,45,0.15,2,7,random,-1,4,6,4,0,4,8,4,8,8,4,4,edgeCount
889,25,48,0.15,2,7,random,-1,3,4,3,0,10,3,0,3,3,0,6,edgeCount
888,25,44,0.15,2,7,random,-1,4,4,2,2,0,2,0,2,2,0,0,edgeCount
887,25,48,0.15,1,0,random,-1,3,4,3,0,8,3,0,3,4,0,8,edgeCount
886,25,42,0.15,3,14,random,-1,5,4,4,1,6,4,0,4,4,0,4,edgeCount
885,25,46,0.15,1,0,random,-1,5,5,5,0,0,5,0,5,5,0,0,edgeCount
884,25,52,0.15,2,7,random,-1,2,7,2,0,8,2,0,2,2,0,4,edgeCount
883,25,44,0.15,3,14,random,-1,4,4,4,0,0,4,0,4,4,0,0,edgeCount
882,25,38,0.15,1,0,random,-1,3,3,3,0,0,3,0,3,3,0,0,edgeCount
881,25,50,0.15,3,14,random,-1,3,2,2,1,4,3,1,2,2,0,2,edgeCount
880,25,46,0.15,3,14,random,-1,5,3,3,2,4,3,0,3,3,0,2,edgeCount
879,25,40,0.15,2,7,random,-1,-1,-1,4,-5,2,-1,-5,6,6,2,2,edgeCount
878,25,43,0.15,1,0,random,-1,3,7,3,0,6,3,0,3,7,0,6,edgeCount
877,25,48,0.15,2,7,random,-1,-1,-1,3,-4,0,-1,-4,-1,-1,-4,0,edgeCount
876,25,43,0.15,3,14,random,-1,2,2,2,0,0,2,0,2,2,0,0,edgeCount
875,25,47,0.15,5,28,random,-1,-1,-1,-1,0,0,-1,0,-1,-1,0,0,edgeCount
874,25,36,0.15,2,7,random,-1,3,3,3,0,4,3,0,3,3,0,4,edgeCount
873,25,33,0.15,1,0,random,-1,5,5,5,0,4,5,0,5,5,0,4,edgeCount
872,25,46,0.15,2,7,random,-1,-1,-1,4,-5,0,-1,-5,-1,-1,-5,0,edgeCount
871,25,49,0.15,2,7,random,-1,10,10,2,8,4,2,0,2,2,0,2,edgeCount
870,25,33,0.15,1,0,random,-1,2,2,2,0,4,2,0,2,2,0,4,edgeCount
869,25,50,0.15,2,7,random,-1,-1,-1,-1,0,0,-1,0,-1,-1,0,0,edgeCount
868,25,51,0.15,4,21,random,-1,2,2,2,0,14,2,0,2,2,0,6,edgeCount
867,25,35,0.15,2,7,random,-1,2,2,2,0,0,2,0,2,2,0,0,edgeCount
866,25,42,0.15,3,14,random,-1,-1,-1,-1,0,0,-1,0,-1,-1,0,0,edgeCount
865,25,47,0.15,4,21,random,-1,10,10,2,8,8,2,0,2,2,0,4,edgeCount
864,25,54,0.15,3,14,random,-1,4,15,4,0,0,12,8,12,12,8,0,edgeCount
863,25,42,0.15,3,14,random,-1,3,3,3,0,0,3,0,3,3,0,0,edgeCount
862,25,45,0.15,1,0,random,-1,4,5,4,0,2,4,0,4,5,0,2,edgeCount
861,25,40,0.15,2,7,random,-1,4,4,4,0,0,4,0,4,4,0,0,edgeCount
860,25,39,0.15,1,0,random,-1,3,5,3,0,4,3,0,3,5,0,4,edgeCount
859,25,40,0.15,2,7,random,-1,9,3,3,6,2,3,0,3,3,0,2,edgeCount
858,25,43,0.15,2,7,random,-1,5,5,4,1,0,-1,-5,-1,-1,-5,0,edgeCount
857,25,51,0.15,2,7,random,-1,3,5,3,0,0,3,0,3,3,0,0,edgeCount
856,25,57,0.15,4,21,random,-1,6,4,3,3,0,3,0,3,5,0,0,edgeCount
855,25,51,0.15,3,14,random,-1,8,4,2,6,8,2,0,2,2,0,8,edgeCount
854,25,44,0.15,2,7,random,-1,2,2,2,0,2,2,0,2,2,0,2,edgeCount
853,25,43,0.15,1,0,random,-1,3,3,3,0,0,3,0,3,3,0,0,edgeCount
852,25,49,0.15,2,7,random,-1,4,6,4,0,4,5,1,5,5,1,2,edgeCount
851,25,41,0.15,4,21,random,-1,2,2,2,0,0,2,0,2,2,0,0,edgeCount
850,25,54,0.15,3,14,random,-1,4,3,3,1,10,5,2,5,5,2,6,edgeCount
849,25,49,0.15,4,21,random,-1,12,2,2,10,0,2,0,6,2,4,0,edgeCount
848,25,44,0.15,2,7,random,-1,3,3,3,0,0,-1,-4,5,3,2,0,edgeCount
847,25,43,0.15,4,21,random,-1,-1,-1,-1,0,0,-1,0,-1,-1,0,0,edgeCount
846,25,41,0.15,2,7,random,-1,-1,-1,3,-4,0,-1,-4,-1,-1,-4,0,edgeCount
845,25,40,0.15,1,0,random,-1,3,3,3,0,0,3,0,3,3,0,0,edgeCount
844,25,57,0.15,1,0,random,-1,3,4,3,0,10,3,0,3,4,0,10,edgeCount
843,25,46,0.15,2,7,random,-1,7,7,5,2,0,-1,-6,-1,-1,-6,0,edgeCount
842,25,46,0.15,4,21,random,-1,3,2,2,1,2,2,0,2,2,0,2,edgeCount
841,25,40,0.15,2,7,random,-1,4,4,4,0,0,4,0,4,4,0,0,edgeCount
840,25,48,0.15,1,0,random,-1,3,3,3,0,0,3,0,3,3,0,0,edgeCount
839,25,44,0.15,1,0,random,-1,5,5,5,0,4,5,0,5,5,0,4,edgeCount
838,25,43,0.15,1,0,random,-1,3,3,3,0,0,3,0,3,3,0,0,edgeCount
837,25,41,0.15,4,21,random,-1,-1,-1,-1,0,8,-1,0,-1,-1,0,6,edgeCount
836,25,46,0.15,2,7,random,-1,7,6,3,4,14,3,0,3,3,0,8,edgeCount
835,25,37,0.15,3,14,random,-1,4,2,2,2,0,2,0,2,2,0,0,edgeCount
834,25,47,0.15,4,21,random,-1,10,4,4,6,0,-1,-5,-1,-1,-5,0,edgeCount
833,25,60,0.15,3,14,random,-1,6,10,3,3,0,4,1,4,4,1,0,edgeCount
832,25,51,0.15,4,21,random,-1,3,3,3,0,0,6,3,5,3,2,0,edgeCount
831,25,53,0.15,4,21,random,-1,3,3,3,0,8,5,2,5,5,2,4,edgeCount
830,25,48,0.15,1,0,random,-1,7,7,7,0,0,7,0,7,7,0,0,edgeCount
829,25,52,0.15,1,0,random,-1,4,6,4,0,2,4,0,4,6,0,2,edgeCount
828,25,45,0.15,4,21,random,-1,5,3,3,2,8,3,0,3,5,0,4,edgeCount
827,25,47,0.15,1,0,random,-1,4,4,4,0,0,4,0,4,4,0,0,edgeCount
826,25,47,0.15,2,7,random,-1,-1,-1,6,-7,4,-1,-7,-1,-1,-7,2,edgeCount
825,25,49,0.15,1,0,random,-1,4,5,4,0,2,4,0,4,5,0,2,edgeCount
824,25,46,0.15,5,28,random,-1,-1,-1,5,-6,2,-1,-6,-1,-1,-6,2,edgeCount
823,25,49,0.15,2,7,random,-1,4,5,4,0,12,-1,-5,-1,-1,-5,6,edgeCount
822,25,33,0.15,2,7,random,-1,3,3,3,0,0,3,0,3,3,0,0,edgeCount
821,25,43,0.15,1,0,random,-1,5,5,5,0,12,5,0,5,5,0,12,edgeCount
820,25,47,0.15,2,7,random,-1,13,13,5,8,4,-1,-6,11,11,6,4,edgeCount
819,25,38,0.15,1,0,random,-1,4,4,4,0,2,4,0,4,4,0,2,edgeCount
818,25,45,0.15,3,14,random,-1,12,12,2,10,0,2,0,2,2,0,0,edgeCount
817,25,44,0.15,1,0,random,-1,4,4,4,0,0,4,0,4,4,0,0,edgeCount
816,25,53,0.15,2,7,random,-1,3,3,3,0,0,3,0,3,3,0,0,edgeCount
815,25,45,0.15,2,7,random,-1,4,4,4,0,0,4,0,4,4,0,0,edgeCount
814,25,50,0.15,3,14,random,-1,-1,-1,4,-5,8,-1,-5,6,6,2,4,edgeCount
813,25,43,0.15,1,0,random,-1,4,4,4,0,0,4,0,4,4,0,0,edgeCount
812,25,45,0.15,1,0,random,-1,5,5,5,0,0,5,0,5,5,0,0,edgeCount
811,25,25,0.15,2,7,random,-1,-1,-1,4,-5,2,-1,-5,-1,-1,-5,2,edgeCount
810,25,52,0.15,2,7,random,-1,3,3,3,0,0,3,0,3,3,0,0,edgeCount
809,25,30,0.15,1,0,random,-1,5,5,5,0,4,5,0,5,5,0,4,edgeCount
808,25,48,0.15,3,14,random,-1,-1,-1,4,-5,0,-1,-5,-1,-1,-5,0,edgeCount
807,25,46,0.15,4,21,random,-1,6,2,2,4,0,2,0,4,2,2,0,edgeCount
806,25,43,0.15,3,14,random,-1,-1,-1,5,-6,2,-1,-6,13,13,8,2,edgeCount
805,25,42,0.15,2,7,random,-1,11,11,5,6,0,-1,-6,-1,-1,-6,0,edgeCount
804,25,53,0.15,2,7,random,-1,4,4,4,0,16,4,0,4,4,0,8,edgeCount
803,25,36,0.15,1,0,random,-1,4,4,4,0,0,4,0,4,4,0,0,edgeCount
802,25,35,0.15,1,0,random,-1,2,2,2,0,8,2,0,2,2,0,8,edgeCount
801,25,36,0.15,1,0,random,-1,4,6,4,0,4,4,0,4,6,0,4,edgeCount
800,25,51,0.15,4,21,random,-1,3,3,3,0,2,-1,-4,3,3,0,2,edgeCount
799,25,38,0.15,3,14,random,-1,-1,-1,-1,0,0,-1,0,-1,-1,0,0,edgeCount
798,25,37,0.15,3,14,random,-1,3,3,3,0,4,5,2,3,5,0,4,edgeCount
797,25,56,0.15,1,0,random,-1,4,4,4,0,0,4,0,4,4,0,0,edgeCount
796,25,50,0.15,2,7,random,-1,2,2,2,0,10,2,0,2,2,0,6,edgeCount
795,25,44,0.15,3,14,random,-1,-1,-1,4,-5,0,-1,-5,-1,-1,-5,0,edgeCount
794,25,51,0.15,3,14,random,-1,6,4,2,4,0,2,0,2,2,0,0,edgeCount
793,25,49,0.15,1,0,random,-1,3,5,3,0,4,3,0,3,5,0,4,edgeCount
792,25,49,0.15,3,14,random,-1,5,2,2,3,0,2,0,2,2,0,0,edgeCount
791,25,50,0.15,2,7,random,-1,5,5,4,1,0,5,1,5,5,1,0,edgeCount
790,25,39,0.15,4,21,random,-1,3,3,3,0,0,-1,-4,5,5,2,0,edgeCount
789,25,38,0.15,1,0,random,-1,2,2,2,0,4,2,0,2,2,0,4,edgeCount
788,25,43,0.15,3,14,random,-1,-1,-1,4,-5,0,-1,-5,-1,-1,-5,0,edgeCount
787,25,49,0.15,3,14,random,-1,-1,-1,-1,0,0,-1,0,-1,-1,0,0,edgeCount
786,25,40,0.15,3,14,random,-1,-1,-1,3,-4,6,-1,-4,-1,-1,-4,4,edgeCount
785,25,50,0.15,2,7,random,-1,6,6,2,4,0,2,0,6,2,4,0,edgeCount
784,25,44,0.15,2,7,random,-1,7,5,4,3,2,4,0,4,4,0,2,edgeCount
783,25,41,0.15,2,7,random,-1,2,2,2,0,0,2,0,2,2,0,0,edgeCount
782,25,40,0.15,2,7,random,-1,4,4,4,0,0,4,0,4,4,0,0,edgeCount
781,25,45,0.15,3,14,random,-1,-1,-1,4,-5,6,-1,-5,-1,-1,-5,6,edgeCount
780,25,43,0.15,3,14,random,-1,2,2,2,0,0,2,0,2,2,0,0,edgeCount
779,25,46,0.15,3,14,random,-1,-1,-1,5,-6,4,-1,-6,12,6,7,2,edgeCount
778,25,35,0.15,1,0,random,-1,2,2,2,0,0,2,0,2,2,0,0,edgeCount
777,25,50,0.15,2,7,random,-1,3,4,3,0,12,3,0,3,3,0,6,edgeCount
776,25,47,0.15,2,7,random,-1,3,3,3,0,0,4,1,3,3,0,0,edgeCount
775,25,37,0.15,2,7,random,-1,3,3,3,0,0,3,0,3,3,0,0,edgeCount
774,25,41,0.15,1,0,random,-1,3,5,3,0,4,3,0,3,5,0,4,edgeCount
773,25,58,0.15,4,21,random,-1,3,4,3,0,0,5,2,5,5,2,0,edgeCount
772,25,51,0.15,3,14,random,-1,-1,-1,3,-4,0,-1,-4,-1,-1,-4,0,edgeCount
771,25,43,0.15,1,0,random,-1,3,4,3,0,4,3,0,3,4,0,4,edgeCount
770,25,48,0.15,1,0,random,-1,3,6,3,0,4,3,0,3,6,0,4,edgeCount
769,25,47,0.15,1,0,random,-1,4,4,4,0,0,4,0,4,4,0,0,edgeCount
768,25,48,0.15,2,7,random,-1,-1,-1,5,-6,0,-1,-6,-1,-1,-6,0,edgeCount
767,25,50,0.15,3,14,random,-1,2,2,2,0,2,2,0,2,2,0,2,edgeCount
766,25,53,0.15,4,21,random,-1,3,2,2,1,0,2,0,2,2,0,0,edgeCount
765,25,34,0.15,1,0,random,-1,3,3,3,0,8,3,0,3,3,0,8,edgeCount
764,25,31,0.15,3,14,random,-1,3,2,2,1,0,2,0,3,2,1,0,edgeCount
763,25,44,0.15,2,7,random,-1,6,6,2,4,0,2,0,2,2,0,0,edgeCount
762,25,38,0.15,1,0,random,-1,2,2,2,0,8,2,0,2,2,0,8,edgeCount
761,25,51,0.15,4,21,random,-1,3,3,3,0,0,3,0,3,3,0,0,edgeCount
760,25,40,0.15,3,14,random,-1,-1,-1,4,-5,0,-1,-5,-1,-1,-5,0,edgeCount
759,25,58,0.15,4,21,random,-1,7,5,3,4,6,-1,-4,-1,-1,-4,2,edgeCount
758,25,59,0.15,5,28,random,-1,9,13,4,5,0,13,9,13,13,9,0,edgeCount
757,25,46,0.15,2,7,random,-1,3,3,3,0,0,3,0,3,3,0,0,edgeCount
756,25,42,0.15,4,21,random,-1,-1,-1,-1,0,2,-1,0,-1,-1,0,2,edgeCount
755,25,52,0.15,3,14,random,-1,3,2,2,1,6,2,0,4,2,2,6,edgeCount
754,25,47,0.15,2,7,random,-1,-1,-1,5,-6,4,-1,-6,-1,-1,-6,4,edgeCount
753,25,36,0.15,4,21,random,-1,-1,-1,-1,0,2,-1,0,-1,-1,0,2,edgeCount
752,25,43,0.15,2,7,random,-1,5,5,3,2,4,3,0,3,3,0,2,edgeCount
751,25,47,0.15,4,21,random,-1,-1,-1,3,-4,0,-1,-4,-1,-1,-4,0,edgeCount
750,25,41,0.15,3,14,random,-1,6,2,2,4,2,2,0,2,2,0,2,edgeCount
749,25,47,0.15,2,7,random,-1,6,4,4,2,0,4,0,4,4,0,0,edgeCount
748,25,52,0.15,4,21,random,-1,8,2,2,6,0,2,0,2,2,0,0,edgeCount
747,25,55,0.15,3,14,random,-1,3,3,3,0,26,3,0,3,3,0,14,edgeCount
746,25,50,0.15,2,7,random,-1,3,3,3,0,0,3,0,3,3,0,0,edgeCount
745,25,43,0.15,1,0,random,-1,4,4,4,0,0,4,0,4,4,0,0,edgeCount
744,25,39,0.15,1,0,random,-1,4,4,4,0,0,4,0,4,4,0,0,edgeCount
743,25,42,0.15,1,0,random,-1,2,2,2,0,10,2,0,2,2,0,10,edgeCount
742,25,39,0.15,2,7,random,-1,3,4,3,0,4,7,4,4,4,1,4,edgeCount
741,25,43,0.15,2,7,random,-1,4,4,4,0,0,4,0,4,4,0,0,edgeCount
740,25,33,0.15,1,0,random,-1,4,4,4,0,0,4,0,4,4,0,0,edgeCount
739,25,59,0.15,4,21,random,-1,5,6,3,2,0,11,8,7,7,4,0,edgeCount
738,25,43,0.15,2,7,random,-1,4,4,4,0,0,8,4,8,8,4,0,edgeCount
737,25,48,0.15,1,0,random,-1,4,4,4,0,2,4,0,4,4,0,2,edgeCount
736,25,48,0.15,4,21,random,-1,6,2,2,4,0,2,0,2,2,0,0,edgeCount
735,25,50,0.15,2,7,random,-1,6,6,2,4,0,2,0,2,2,0,0,edgeCount
734,25,56,0.15,5,28,random,-1,-1,-1,3,-4,0,-1,-4,-1,-1,-4,0,edgeCount
733,25,44,0.15,4,21,random,-1,2,2,2,0,0,2,0,2,2,0,0,edgeCount
732,25,41,0.15,2,7,random,-1,2,2,2,0,8,2,0,2,2,0,8,edgeCount
731,25,47,0.15,3,14,random,-1,5,2,2,3,12,2,0,2,2,0,6,edgeCount
730,25,44,0.15,1,0,random,-1,3,3,3,0,10,3,0,3,3,0,10,edgeCount
729,25,44,0.15,2,7,random,-1,4,11,3,1,0,3,0,3,3,0,0,edgeCount
728,25,39,0.15,4,21,random,-1,4,4,2,2,0,2,0,2,2,0,0,edgeCount
727,25,39,0.15,2,7,random,-1,-1,-1,-1,0,4,-1,0,-1,-1,0,2,edgeCount
726,25,53,0.15,6,35,random,-1,-1,-1,5,-6,2,-1,-6,-1,-1,-6,2,edgeCount
725,25,46,0.15,2,7,random,-1,4,8,4,0,0,6,2,6,6,2,0,edgeCount
724,25,55,0.15,5,28,random,-1,-1,-1,3,-4,10,-1,-4,-1,-1,-4,6,edgeCount
723,25,42,0.15,2,7,random,-1,6,5,5,1,6,5,0,5,5,0,4,edgeCount
722,25,52,0.15,3,14,random,-1,-1,-1,4,-5,0,-1,-5,-1,-1,-5,0,edgeCount
721,25,44,0.15,4,21,random,-1,6,4,2,4,0,2,0,2,2,0,0,edgeCount
720,25,48,0.15,3,14,random,-1,4,2,2,2,0,2,0,2,2,0,0,edgeCount
719,25,35,0.15,3,14,random,-1,-1,-1,4,-5,4,-1,-5,-1,-1,-5,4,edgeCount
718,25,34,0.15,3,14,random,-1,-1,-1,-1,0,0,-1,0,-1,-1,0,0,edgeCount
717,25,49,0.15,2,7,random,-1,4,4,2,2,6,2,0,2,2,0,6,edgeCount
716,25,45,0.15,2,7,random,-1,6,7,4,2,0,4,0,4,4,0,0,edgeCount
715,25,50,0.15,2,7,random,-1,3,3,3,0,14,3,0,3,3,0,14,edgeCount
714,25,42,0.15,3,14,random,-1,3,3,3,0,2,-1,-4,-1,-1,-4,2,edgeCount
713,25,53,0.15,5,28,random,-1,-1,-1,-1,0,0,-1,0,-1,-1,0,0,edgeCount
712,25,57,0.15,4,21,random,-1,-1,-1,5,-6,8,-1,-6,-1,-1,-6,4,edgeCount
711,25,53,0.15,3,14,random,-1,3,2,2,1,0,2,0,3,2,1,0,edgeCount
710,25,43,0.15,4,21,random,-1,8,8,4,4,0,-1,-5,-1,-1,-5,0,edgeCount
709,25,39,0.15,3,14,random,-1,-1,-1,5,-6,4,-1,-6,-1,-1,-6,2,edgeCount
708,25,42,0.15,2,7,random,-1,-1,-1,5,-6,2,-1,-6,-1,-1,-6,2,edgeCount
707,25,50,0.15,3,14,random,-1,11,8,3,8,4,3,0,3,3,0,2,edgeCount
706,25,52,0.15,2,7,random,-1,3,3,2,1,6,2,0,2,2,0,4,edgeCount
705,25,42,0.15,3,14,random,-1,3,5,3,0,4,5,2,5,5,2,2,edgeCount
704,25,57,0.15,6,35,random,-1,6,6,2,4,0,2,0,6,2,4,0,edgeCount
703,25,50,0.15,3,14,random,-1,2,2,2,0,14,2,0,2,2,0,10,edgeCount
702,25,48,0.15,4,21,random,-1,5,3,3,2,2,3,0,3,3,0,2,edgeCount
701,25,54,0.15,2,7,random,-1,4,10,2,2,24,2,0,2,2,0,12,edgeCount
700,25,40,0.15,3,14,random,-1,3,3,3,0,2,-1,-4,3,3,0,2,edgeCount
699,25,44,0.15,1,0,random,-1,8,8,8,0,0,8,0,8,8,0,0,edgeCount
698,25,39,0.15,3,14,random,-1,8,6,4,4,2,-1,-5,-1,-1,-5,2,edgeCount
697,25,48,0.15,3,14,random,-1,-1,-1,3,-4,0,-1,-4,-1,-1,-4,0,edgeCount
696,25,38,0.15,3,14,random,-1,2,2,2,0,2,-1,-3,2,2,0,2,edgeCount
695,25,54,0.15,3,14,random,-1,-1,-1,3,-4,0,-1,-4,-1,-1,-4,0,edgeCount
694,25,49,0.15,4,21,random,-1,3,3,3,0,0,3,0,3,3,0,0,edgeCount
693,25,48,0.15,3,14,random,-1,-1,-1,5,-6,4,-1,-6,5,9,0,4,edgeCount
692,25,36,0.15,1,0,random,-1,3,3,3,0,0,3,0,3,3,0,0,edgeCount
691,25,52,0.15,3,14,random,-1,2,3,2,0,4,3,1,3,3,1,2,edgeCount
690,25,42,0.15,4,21,random,-1,-1,-1,-1,0,0,-1,0,-1,-1,0,0,edgeCount
689,25,57,0.15,4,21,random,-1,4,2,2,2,14,2,0,2,2,0,6,edgeCount
688,25,51,0.15,3,14,random,-1,7,3,3,4,0,3,0,3,3,0,0,edgeCount
687,25,38,0.15,1,0,random,-1,2,2,2,0,0,2,0,2,2,0,0,edgeCount
686,25,41,0.15,3,14,random,-1,2,2,2,0,0,2,0,2,2,0,0,edgeCount
685,25,38,0.15,1,0,random,-1,4,4,4,0,2,4,0,4,4,0,2,edgeCount
684,25,49,0.15,3,14,random,-1,-1,-1,5,-6,0,-1,-6,-1,-1,-6,0,edgeCount
683,25,45,0.15,2,7,random,-1,2,2,2,0,0,2,0,2,2,0,0,edgeCount
682,25,48,0.15,2,7,random,-1,4,4,4,0,0,4,0,4,4,0,0,edgeCount
681,25,45,0.15,3,14,random,-1,9,2,2,7,0,2,0,2,2,0,0,edgeCount
680,25,45,0.15,1,0,random,-1,2,2,2,0,2,2,0,2,2,0,2,edgeCount
679,25,47,0.15,2,7,random,-1,3,3,3,0,10,3,0,3,3,0,6,edgeCount
678,25,40,0.15,3,14,random,-1,6,8,5,1,0,8,3,8,8,3,0,edgeCount
677,25,48,0.15,4,21,random,-1,-1,-1,-1,0,2,-1,0,-1,-1,0,2,edgeCount
676,25,45,0.15,1,0,random,-1,3,4,3,0,2,3,0,3,4,0,2,edgeCount
675,25,50,0.15,3,14,random,-1,3,5,3,0,0,5,2,5,5,2,0,edgeCount
674,25,44,0.15,4,21,random,-1,3,3,3,0,0,3,0,3,3,0,0,edgeCount
673,25,47,0.15,5,28,random,-1,-1,-1,8,-9,0,-1,-9,-1,-1,-9,0,edgeCount
672,25,49,0.15,3,14,random,-1,7,3,3,4,10,3,0,3,3,0,8,edgeCount
671,25,40,0.15,3,14,random,-1,6,4,4,2,4,-1,-5,-1,-1,-5,2,edgeCount
670,25,54,0.15,3,14,random,-1,4,4,4,0,0,4,0,4,4,0,0,edgeCount
669,25,53,0.15,4,21,random,-1,-1,-1,4,-5,0,-1,-5,-1,-1,-5,0,edgeCount
668,25,30,0.15,2,7,random,-1,4,4,4,0,0,4,0,4,4,0,0,edgeCount
667,25,42,0.15,1,0,random,-1,5,5,5,0,0,5,0,5,5,0,0,edgeCount
666,25,36,0.15,1,0,random,-1,4,4,4,0,0,4,0,4,4,0,0,edgeCount
665,25,51,0.15,2,7,random,-1,4,4,4,0,0,4,0,4,4,0,0,edgeCount
664,25,44,0.15,3,14,random,-1,2,2,2,0,0,2,0,2,2,0,0,edgeCount
663,25,47,0.15,3,14,random,-1,4,8,4,0,6,-1,-5,-1,-1,-5,4,edgeCount
662,25,44,0.15,4,21,random,-1,10,4,2,8,2,2,0,2,2,0,2,edgeCount
661,25,51,0.15,3,14,random,-1,3,4,3,0,0,3,0,3,3,0,0,edgeCount
660,25,38,0.15,2,7,random,-1,3,3,3,0,0,3,0,3,3,0,0,edgeCount
659,25,52,0.15,5,28,random,-1,6,4,2,4,0,2,0,2,2,0,0,edgeCount
658,25,40,0.15,2,7,random,-1,4,4,4,0,0,4,0,4,4,0,0,edgeCount
657,25,36,0.15,2,7,random,-1,-1,-1,4,-5,0,-1,-5,-1,-1,-5,0,edgeCount
656,25,31,0.15,2,7,random,-1,-1,-1,-1,0,0,-1,0,-1,-1,0,0,edgeCount
655,25,37,0.15,3,14,random,-1,-1,-1,5,-6,0,-1,-6,-1,-1,-6,0,edgeCount
654,25,47,0.15,1,0,random,-1,4,4,4,0,4,4,0,4,4,0,4,edgeCount
653,25,47,0.15,4,21,random,-1,6,6,2,4,0,2,0,2,2,0,0,edgeCount
652,25,48,0.15,2,7,random,-1,5,9,3,2,0,3,0,3,3,0,0,edgeCount
651,25,56,0.15,4,21,random,-1,4,2,2,2,0,3,1,2,2,0,0,edgeCount
650,25,39,0.15,3,14,random,-1,6,2,2,4,4,2,0,2,2,0,4,edgeCount
649,25,48,0.15,4,21,random,-1,4,6,4,0,0,7,3,6,6,2,0,edgeCount
648,25,44,0.15,2,7,random,-1,3,3,2,1,0,2,0,3,2,1,0,edgeCount
647,25,36,0.15,4,21,random,-1,6,4,2,4,0,2,0,4,2,2,0,edgeCount
646,25,38,0.15,3,14,random,-1,6,8,3,3,0,-1,-4,-1,-1,-4,0,edgeCount
645,25,48,0.15,3,14,random,-1,10,10,4,6,0,-1,-5,-1,-1,-5,0,edgeCount
644,25,48,0.15,3,14,random,-1,4,3,3,1,0,4,1,4,3,1,0,edgeCount
643,25,43,0.15,3,14,random,-1,4,4,4,0,0,6,2,6,6,2,0,edgeCount
642,25,39,0.15,1,0,random,-1,3,3,3,0,0,3,0,3,3,0,0,edgeCount
641,25,43,0.15,2,7,random,-1,-1,-1,-1,0,8,-1,0,-1,-1,0,8,edgeCount
640,25,32,0.15,2,7,random,-1,3,3,3,0,0,3,0,3,3,0,0,edgeCount
639,25,42,0.15,4,21,random,-1,-1,-1,5,-6,0,-1,-6,-1,-1,-6,0,edgeCount
638,25,50,0.15,1,0,random,-1,3,4,3,0,12,3,0,3,4,0,12,edgeCount
637,25,48,0.15,1,0,random,-1,3,4,3,0,10,3,0,3,4,0,10,edgeCount
636,25,50,0.15,1,0,random,-1,5,6,5,0,2,5,0,5,6,0,2,edgeCount
635,25,35,0.15,2,7,random,-1,3,9,3,0,2,3,0,3,3,0,2,edgeCount
634,25,42,0.15,1,0,random,-1,2,2,2,0,10,2,0,2,2,0,10,edgeCount
633,25,49,0.15,3,14,random,-1,3,3,3,0,0,3,0,3,3,0,0,edgeCount
632,25,31,0.15,3,14,random,-1,-1,-1,4,-5,0,-1,-5,-1,-1,-5,0,edgeCount
631,25,36,0.15,1,0,random,-1,5,5,5,0,0,5,0,5,5,0,0,edgeCount
630,25,40,0.15,4,21,random,-1,8,8,2,6,2,2,0,2,2,0,2,edgeCount
629,25,41,0.15,3,14,random,-1,3,3,3,0,0,3,0,3,3,0,0,edgeCount
628,25,58,0.15,4,21,random,-1,-1,-1,3,-4,0,-1,-4,-1,-1,-4,0,edgeCount
627,25,32,0.15,3,14,random,-1,-1,-1,-1,0,0,-1,0,-1,-1,0,0,edgeCount
626,25,40,0.15,1,0,random,-1,4,4,4,0,4,4,0,4,4,0,4,edgeCount
625,25,43,0.15,3,14,random,-1,-1,-1,3,-4,0,-1,-4,-1,-1,-4,0,edgeCount
624,25,42,0.15,2,7,random,-1,2,2,2,0,0,3,1,2,2,0,0,edgeCount
623,25,40,0.15,2,7,random,-1,4,4,4,0,10,4,0,4,4,0,8,edgeCount
622,25,41,0.15,3,14,random,-1,-1,-1,8,-9,0,-1,-9,-1,-1,-9,0,edgeCount
621,25,38,0.15,2,7,random,-1,3,8,3,0,2,3,0,3,3,0,2,edgeCount
620,25,47,0.15,3,14,random,-1,-1,-1,5,-6,8,-1,-6,-1,-1,-6,8,edgeCount
619,25,58,0.15,4,21,random,-1,4,4,3,1,0,3,0,3,3,0,0,edgeCount
618,25,38,0.15,2,7,random,-1,-1,-1,6,-7,0,-1,-7,-1,-1,-7,0,edgeCount
617,25,63,0.15,7,42,random,-1,-1,-1,-1,0,0,-1,0,-1,-1,0,0,edgeCount
616,25,47,0.15,2,7,random,-1,3,3,3,0,4,3,0,3,3,0,2,edgeCount
615,25,48,0.15,4,21,random,-1,8,8,2,6,2,2,0,2,2,0,2,edgeCount
614,25,54,0.15,4,21,random,-1,12,6,4,8,0,-1,-5,-1,-1,-5,0,edgeCount
613,25,50,0.15,2,7,random,-1,-1,-1,5,-6,8,-1,-6,5,5,0,4,edgeCount
612,25,51,0.15,2,7,random,-1,2,2,2,0,6,2,0,2,2,0,4,edgeCount
611,25,44,0.15,2,7,random,-1,-1,-1,5,-6,0,-1,-6,-1,-1,-6,0,edgeCount
610,25,37,0.15,2,7,random,-1,3,3,3,0,6,3,0,3,3,0,4,edgeCount
609,25,51,0.15,2,7,random,-1,8,9,4,4,4,11,7,11,12,7,2,edgeCount
608,25,48,0.15,1,0,random,-1,3,5,3,0,6,3,0,3,5,0,6,edgeCount
607,25,45,0.15,3,14,random,-1,9,4,4,5,4,4,0,4,4,0,2,edgeCount
606,25,51,0.15,3,14,random,-1,8,8,5,3,8,-1,-6,-1,-1,-6,4,edgeCount
605,25,43,0.15,2,7,random,-1,3,3,3,0,10,3,0,3,3,0,6,edgeCount
604,25,42,0.15,5,28,random,-1,-1,-1,-1,0,2,-1,0,-1,-1,0,2,edgeCount
603,25,40,0.15,1,0,random,-1,6,6,6,0,0,6,0,6,6,0,0,edgeCount
602,25,50,0.15,3,14,random,-1,-1,-1,-1,0,2,-1,0,-1,-1,0,2,edgeCount
601,25,41,0.15,2,7,random,-1,5,7,5,0,0,-1,-6,-1,-1,-6,0,edgeCount
600,25,45,0.15,3,14,random,-1,-1,-1,6,-7,0,-1,-7,-1,-1,-7,0,edgeCount
599,25,41,0.15,1,0,random,-1,4,4,4,0,6,4,0,4,4,0,6,edgeCount
598,25,43,0.15,2,7,random,-1,4,8,4,0,0,4,0,4,4,0,0,edgeCount
597,25,46,0.15,1,0,random,-1,3,3,3,0,0,3,0,3,3,0,0,edgeCount
596,25,40,0.15,3,14,random,-1,-1,-1,7,-8,0,-1,-8,-1,-1,-8,0,edgeCount
595,25,38,0.15,1,0,random,-1,4,4,4,0,0,4,0,4,4,0,0,edgeCount
594,25,39,0.15,2,7,random,-1,4,3,3,1,6,3,0,3,3,0,4,edgeCount
593,25,53,0.15,4,21,random,-1,-1,-1,3,-4,0,-1,-4,-1,-1,-4,0,edgeCount
592,25,45,0.15,3,14,random,-1,-1,-1,5,-6,4,-1,-6,-1,-1,-6,4,edgeCount
591,25,52,0.15,1,0,random,-1,2,2,2,0,6,2,0,2,2,0,6,edgeCount
590,25,46,0.15,3,14,random,-1,2,2,2,0,0,2,0,4,2,2,0,edgeCount
589,25,44,0.15,2,7,random,-1,4,6,3,1,4,3,0,3,3,0,2,edgeCount
588,25,43,0.15,2,7,random,-1,7,5,5,2,2,5,0,5,5,0,2,edgeCount
587,25,51,0.15,2,7,random,-1,3,4,3,0,16,7,4,7,4,4,10,edgeCount
586,25,43,0.15,3,14,random,-1,4,3,3,1,0,3,0,3,3,0,0,edgeCount
585,25,46,0.15,4,21,random,-1,4,2,2,2,0,2,0,2,2,0,0,edgeCount
584,25,51,0.15,3,14,random,-1,10,12,3,7,8,3,0,3,3,0,4,edgeCount
583,25,48,0.15,2,7,random,-1,2,2,2,0,0,2,0,2,2,0,0,edgeCount
582,25,49,0.15,1,0,random,-1,3,3,3,0,4,3,0,3,3,0,4,edgeCount
581,25,47,0.15,1,0,random,-1,4,4,4,0,0,4,0,4,4,0,0,edgeCount
580,25,39,0.15,1,0,random,-1,3,4,3,0,6,3,0,3,4,0,6,edgeCount
579,25,51,0.15,1,0,random,-1,2,2,2,0,0,2,0,2,2,0,0,edgeCount
578,25,46,0.15,2,7,random,-1,3,3,3,0,6,3,0,3,3,0,4,edgeCount
577,25,46,0.15,2,7,random,-1,4,4,4,0,0,4,0,4,4,0,0,edgeCount
576,25,42,0.15,2,7,random,-1,3,3,3,0,0,-1,-4,-1,-1,-4,0,edgeCount
575,25,40,0.15,1,0,random,-1,4,4,4,0,0,4,0,4,4,0,0,edgeCount
574,25,36,0.15,1,0,random,-1,4,4,4,0,0,4,0,4,4,0,0,edgeCount
573,25,51,0.15,3,14,random,-1,7,7,2,5,2,2,0,2,2,0,2,edgeCount
572,25,49,0.15,5,28,random,-1,-1,-1,-1,0,0,-1,0,-1,-1,0,0,edgeCount
571,25,42,0.15,1,0,random,-1,4,4,4,0,0,4,0,4,4,0,0,edgeCount
570,25,55,0.15,3,14,random,-1,3,3,3,0,10,3,0,3,5,0,4,edgeCount
569,25,48,0.15,3,14,random,-1,5,3,3,2,12,3,0,3,3,0,6,edgeCount
568,25,48,0.15,2,7,random,-1,3,3,3,0,10,3,0,3,3,0,6,edgeCount
567,25,43,0.15,2,7,random,-1,-1,-1,-1,0,6,-1,0,-1,-1,0,4,edgeCount
566,25,45,0.15,3,14,random,-1,6,6,2,4,6,2,0,2,2,0,4,edgeCount
565,25,47,0.15,4,21,random,-1,3,3,3,0,0,5,2,5,5,2,0,edgeCount
564,25,41,0.15,4,21,random,-1,-1,-1,-1,0,0,-1,0,-1,-1,0,0,edgeCount
563,25,44,0.15,1,0,random,-1,4,4,4,0,6,4,0,4,4,0,6,edgeCount
562,25,48,0.15,1,0,random,-1,3,3,3,0,2,3,0,3,3,0,2,edgeCount
561,25,47,0.15,1,0,random,-1,2,2,2,0,10,2,0,2,2,0,10,edgeCount
560,25,44,0.15,1,0,random,-1,3,3,3,0,2,3,0,3,3,0,2,edgeCount
559,25,42,0.15,2,7,random,-1,4,4,4,0,0,4,0,4,4,0,0,edgeCount
558,25,56,0.15,2,7,random,-1,5,5,3,2,0,3,0,3,3,0,0,edgeCount
557,25,49,0.15,4,21,random,-1,3,9,3,0,2,5,2,5,5,2,2,edgeCount
556,25,41,0.15,2,7,random,-1,-1,-1,-1,0,12,-1,0,-1,-1,0,10,edgeCount
555,25,43,0.15,3,14,random,-1,3,2,2,1,4,2,0,2,2,0,2,edgeCount
554,25,49,0.15,2,7,random,-1,3,3,2,1,0,2,0,3,2,1,0,edgeCount
553,25,49,0.15,3,14,random,-1,6,4,2,4,0,2,0,4,2,2,0,edgeCount
552,25,52,0.15,5,28,random,-1,-1,-1,-1,0,0,-1,0,-1,-1,0,0,edgeCount
551,25,54,0.15,2,7,random,-1,3,3,3,0,0,3,0,3,3,0,0,edgeCount
550,25,39,0.15,2,7,random,-1,4,4,4,0,0,4,0,4,4,0,0,edgeCount
549,25,36,0.15,1,0,random,-1,5,5,5,0,2,5,0,5,5,0,2,edgeCount
548,25,48,0.15,3,14,random,-1,4,6,4,0,2,6,2,6,6,2,2,edgeCount
547,25,49,0.15,2,7,random,-1,4,3,3,1,10,3,0,3,3,0,6,edgeCount
546,25,39,0.15,2,7,random,-1,3,3,3,0,0,3,0,3,3,0,0,edgeCount
545,25,41,0.15,3,14,random,-1,-1,-1,4,-5,0,-1,-5,-1,-1,-5,0,edgeCount
544,25,33,0.15,1,0,random,-1,5,5,5,0,4,5,0,5,5,0,4,edgeCount
543,25,32,0.15,1,0,random,-1,4,4,4,0,0,4,0,4,4,0,0,edgeCount
542,25,44,0.15,1,0,random,-1,4,4,4,0,6,4,0,4,4,0,6,edgeCount
541,25,47,0.15,2,7,random,-1,3,4,3,0,0,3,0,3,3,0,0,edgeCount
540,25,56,0.15,4,21,random,-1,3,3,3,0,0,-1,-4,3,3,0,0,edgeCount
539,25,35,0.15,1,0,random,-1,4,4,4,0,4,4,0,4,4,0,4,edgeCount
538,25,63,0.15,5,28,random,-1,11,3,3,8,0,3,0,3,3,0,0,edgeCount
537,25,38,0.15,2,7,random,-1,4,4,2,2,4,2,0,2,2,0,4,edgeCount
536,25,39,0.15,2,7,random,-1,5,4,4,1,0,4,0,4,4,0,0,edgeCount
535,25,49,0.15,4,21,random,-1,4,4,2,2,0,2,0,2,2,0,0,edgeCount
534,25,49,0.15,2,7,random,-1,2,5,2,0,8,2,0,2,2,0,4,edgeCount
533,25,38,0.15,3,14,random,-1,3,3,3,0,2,3,0,3,3,0,2,edgeCount
532,25,50,0.15,3,14,random,-1,3,2,2,1,0,2,0,2,2,0,0,edgeCount
531,25,48,0.15,2,7,random,-1,-1,-1,5,-6,0,-1,-6,-1,-1,-6,0,edgeCount
530,25,47,0.15,4,21,random,-1,8,8,2,6,0,2,0,2,2,0,0,edgeCount
529,25,58,0.15,1,0,random,-1,4,4,4,0,0,4,0,4,4,0,0,edgeCount
528,25,34,0.15,1,0,random,-1,2,2,2,0,4,2,0,2,2,0,4,edgeCount
527,25,52,0.15,6,35,random,-1,-1,-1,-1,0,0,-1,0,-1,-1,0,0,edgeCount
526,25,35,0.15,3,14,random,-1,6,4,2,4,0,2,0,4,2,2,0,edgeCount
525,25,46,0.15,2,7,random,-1,3,3,3,0,0,3,0,3,3,0,0,edgeCount
524,25,55,0.15,3,14,random,-1,4,8,4,0,8,-1,-5,-1,-1,-5,4,edgeCount
523,25,38,0.15,1,0,random,-1,2,2,2,0,0,2,0,2,2,0,0,edgeCount
522,25,39,0.15,3,14,random,-1,-1,-1,-1,0,0,-1,0,-1,-1,0,0,edgeCount
521,25,36,0.15,1,0,random,-1,4,4,4,0,0,4,0,4,4,0,0,edgeCount
520,25,51,0.15,2,7,random,-1,3,11,3,0,0,3,0,3,3,0,0,edgeCount
519,25,55,0.15,2,7,random,-1,2,2,2,0,0,2,0,2,2,0,0,edgeCount
518,25,50,0.15,5,28,random,-1,4,2,2,2,0,4,2,6,4,4,0,edgeCount
517,25,40,0.15,3,14,random,-1,-1,-1,4,-5,0,-1,-5,-1,-1,-5,0,edgeCount
516,25,45,0.15,1,0,random,-1,4,4,4,0,4,4,0,4,4,0,4,edgeCount
515,25,50,0.15,4,21,random,-1,3,3,3,0,4,3,0,3,3,0,2,edgeCount
514,25,48,0.15,3,14,random,-1,3,3,2,1,0,2,0,2,2,0,0,edgeCount
513,25,38,0.15,3,14,random,-1,5,3,3,2,0,-1,-4,-1,-1,-4,0,edgeCount
512,25,40,0.15,3,14,random,-1,-1,-1,-1,0,2,-1,0,-1,-1,0,2,edgeCount
511,25,44,0.15,4,21,random,-1,4,2,2,2,0,2,0,2,2,0,0,edgeCount
510,25,43,0.15,4,21,random,-1,-1,-1,5,-6,0,-1,-6,-1,-1,-6,0,edgeCount
509,25,41,0.15,2,7,random,-1,5,4,4,1,0,4,0,4,4,0,0,edgeCount
508,25,48,0.15,2,7,random,-1,4,4,2,2,0,2,0,2,2,0,0,edgeCount
507,25,55,0.15,3,14,random,-1,-1,-1,4,-5,0,-1,-5,-1,-1,-5,0,edgeCount
506,25,45,0.15,3,14,random,-1,-1,-1,4,-5,0,-1,-5,-1,-1,-5,0,edgeCount
505,25,55,0.15,3,14,random,-1,4,6,4,0,0,4,0,4,4,0,0,edgeCount
504,25,46,0.15,2,7,random,-1,3,3,3,0,0,3,0,3,3,0,0,edgeCount
503,25,50,0.15,2,7,random,-1,4,4,4,0,0,4,0,4,4,0,0,edgeCount
502,25,34,0.15,2,7,random,-1,5,5,5,0,0,5,0,5,5,0,0,edgeCount
501,25,45,0.15,2,7,random,-1,3,3,3,0,0,3,0,3,3,0,0,edgeCount
500,25,36,0.15,1,0,random,-1,3,3,3,0,2,3,0,3,3,0,2,edgeCount
499,25,39,0.15,2,7,random,-1,3,5,3,0,0,5,2,5,5,2,0,edgeCount
498,25,42,0.15,3,14,random,-1,-1,-1,-1,0,0,-1,0,-1,-1,0,0,edgeCount
497,25,52,0.15,3,14,random,-1,3,7,3,0,0,3,0,3,3,0,0,edgeCount
496,25,51,0.15,3,14,random,-1,4,2,2,2,0,2,0,2,2,0,0,edgeCount
495,25,42,0.15,4,21,random,-1,-1,-1,-1,0,0,-1,0,-1,-1,0,0,edgeCount
494,25,46,0.15,4,21,random,-1,-1,-1,5,-6,4,-1,-6,-1,-1,-6,2,edgeCount
493,25,46,0.15,5,28,random,-1,-1,-1,-1,0,0,-1,0,-1,-1,0,0,edgeCount
492,25,47,0.15,2,7,random,-1,3,3,3,0,8,5,2,5,5,2,8,edgeCount
491,25,59,0.15,3,14,random,-1,4,4,4,0,16,-1,-5,-1,-1,-5,8,edgeCount
490,25,51,0.15,3,14,random,-1,9,5,3,6,0,3,0,3,3,0,0,edgeCount
489,25,42,0.15,2,7,random,-1,6,4,4,2,10,-1,-5,-1,-1,-5,6,edgeCount
488,25,50,0.15,4,21,random,-1,3,3,3,0,0,3,0,3,3,0,0,edgeCount
487,25,54,0.15,4,21,random,-1,3,7,3,0,0,5,2,5,5,2,0,edgeCount
486,25,48,0.15,1,0,random,-1,2,2,2,0,0,2,0,2,2,0,0,edgeCount
485,25,47,0.15,1,0,random,-1,4,5,4,0,4,4,0,4,5,0,4,edgeCount
484,25,46,0.15,3,14,random,-1,4,4,4,0,0,4,0,4,4,0,0,edgeCount
483,25,30,0.15,1,0,random,-1,4,4,4,0,2,4,0,4,4,0,2,edgeCount
482,25,38,0.15,2,7,random,-1,2,2,2,0,0,2,0,2,2,0,0,edgeCount
481,25,38,0.15,1,0,random,-1,5,5,5,0,2,5,0,5,5,0,2,edgeCount
480,25,50,0.15,3,14,random,-1,3,2,2,1,12,2,0,2,2,0,8,edgeCount
479,25,45,0.15,2,7,random,-1,9,11,3,6,0,3,0,3,3,0,0,edgeCount
478,25,48,0.15,2,7,random,-1,2,2,2,0,0,2,0,2,2,0,0,edgeCount
477,25,40,0.15,1,0,random,-1,3,3,3,0,8,3,0,3,3,0,8,edgeCount
476,25,46,0.15,1,0,random,-1,4,4,4,0,4,4,0,4,4,0,4,edgeCount
475,25,52,0.15,4,21,random,-1,4,18,2,2,4,2,0,2,2,0,2,edgeCount
474,25,53,0.15,4,21,random,-1,4,4,4,0,0,4,0,4,4,0,0,edgeCount
473,25,38,0.15,1,0,random,-1,2,2,2,0,0,2,0,2,2,0,0,edgeCount
472,25,37,0.15,2,7,random,-1,3,5,3,0,6,5,2,5,5,2,6,edgeCount
471,25,41,0.15,2,7,random,-1,8,3,3,5,2,3,0,3,3,0,2,edgeCount
470,25,38,0.15,2,7,random,-1,8,8,4,4,12,-1,-5,7,7,3,12,edgeCount
469,25,50,0.15,2,7,random,-1,4,4,4,0,0,6,2,4,4,0,0,edgeCount
468,25,53,0.15,2,7,random,-1,2,2,2,0,12,2,0,2,2,0,6,edgeCount
467,25,45,0.15,5,28,random,-1,2,2,2,0,2,-1,-3,2,2,0,2,edgeCount
466,25,44,0.15,6,35,random,-1,2,2,2,0,0,2,0,2,2,0,0,edgeCount
465,25,47,0.15,2,7,random,-1,5,3,3,2,12,3,0,3,3,0,6,edgeCount
464,25,41,0.15,3,14,random,-1,2,2,2,0,0,2,0,2,2,0,0,edgeCount
463,25,41,0.15,1,0,random,-1,3,3,3,0,6,3,0,3,3,0,6,edgeCount
462,25,44,0.15,1,0,random,-1,4,4,4,0,0,4,0,4,4,0,0,edgeCount
461,25,48,0.15,4,21,random,-1,3,3,2,1,0,3,1,3,3,1,0,edgeCount
460,25,51,0.15,4,21,random,-1,-1,-1,-1,0,0,-1,0,-1,-1,0,0,edgeCount
459,25,50,0.15,3,14,random,-1,4,2,2,2,0,2,0,4,2,2,0,edgeCount
458,25,51,0.15,2,7,random,-1,6,4,3,3,12,3,0,3,3,0,8,edgeCount
457,25,48,0.15,3,14,random,-1,-1,-1,-1,0,6,-1,0,-1,-1,0,4,edgeCount
456,25,50,0.15,3,14,random,-1,4,4,4,0,0,4,0,4,4,0,0,edgeCount
455,25,40,0.15,2,7,random,-1,4,4,3,1,0,4,1,4,4,1,0,edgeCount
454,25,35,0.15,2,7,random,-1,-1,-1,-1,0,6,-1,0,-1,-1,0,6,edgeCount
453,25,37,0.15,3,14,random,-1,3,3,2,1,8,2,0,2,2,0,4,edgeCount
452,25,42,0.15,3,14,random,-1,6,10,3,3,4,-1,-4,-1,-1,-4,2,edgeCount
451,25,40,0.15,3,14,random,-1,4,4,2,2,0,2,0,4,2,2,0,edgeCount
450,25,55,0.15,3,14,random,-1,5,3,2,3,10,2,0,3,2,1,6,edgeCount
449,25,33,0.15,1,0,random,-1,4,4,4,0,0,4,0,4,4,0,0,edgeCount
448,25,44,0.15,2,7,random,-1,-1,-1,-1,0,0,-1,0,-1,-1,0,0,edgeCount
447,25,36,0.15,1,0,random,-1,4,4,4,0,0,4,0,4,4,0,0,edgeCount
446,25,50,0.15,3,14,random,-1,4,4,4,0,0,4,0,4,4,0,0,edgeCount
445,25,42,0.15,4,21,random,-1,3,3,3,0,2,-1,-4,3,3,0,2,edgeCount
444,25,41,0.15,4,21,random,-1,-1,-1,-1,0,0,-1,0,-1,-1,0,0,edgeCount
443,25,37,0.15,3,14,random,-1,-1,-1,4,-5,4,-1,-5,-1,-1,-5,4,edgeCount
442,25,44,0.15,2,7,random,-1,11,11,4,7,0,-1,-5,-1,-1,-5,0,edgeCount
441,25,45,0.15,2,7,random,-1,7,6,5,2,2,11,6,11,11,6,2,edgeCount
440,25,45,0.15,2,7,random,-1,3,5,3,0,0,3,0,3,3,0,0,edgeCount
439,25,44,0.15,1,0,random,-1,3,3,3,0,0,3,0,3,3,0,0,edgeCount
438,25,37,0.15,1,0,random,-1,3,3,3,0,2,3,0,3,3,0,2,edgeCount
437,25,37,0.15,3,14,random,-1,5,5,5,0,0,5,0,5,5,0,0,edgeCount
436,25,39,0.15,3,14,random,-1,-1,-1,6,-7,0,-1,-7,-1,-1,-7,0,edgeCount
435,25,58,0.15,3,14,random,-1,2,2,2,0,6,2,0,2,2,0,4,edgeCount
434,25,43,0.15,1,0,random,-1,5,5,5,0,2,5,0,5,5,0,2,edgeCount
433,25,49,0.15,3,14,random,-1,8,8,4,4,0,6,2,8,8,4,0,edgeCount
432,25,52,0.15,1,0,random,-1,3,3,3,0,0,3,0,3,3,0,0,edgeCount
431,25,42,0.15,4,21,random,-1,-1,-1,-1,0,0,-1,0,-1,-1,0,0,edgeCount
430,25,38,0.15,2,7,random,-1,11,5,3,8,4,-1,-4,-1,-1,-4,4,edgeCount
429,25,43,0.15,1,0,random,-1,4,4,4,0,4,4,0,4,4,0,4,edgeCount
428,25,44,0.15,2,7,random,-1,3,3,3,0,0,3,0,3,3,0,0,edgeCount
427,25,58,0.15,8,49,random,-1,-1,-1,-1,0,0,-1,0,-1,-1,0,0,edgeCount
426,25,44,0.15,4,21,random,-1,-1,-1,8,-9,0,-1,-9,-1,-1,-9,0,edgeCount
425,25,53,0.15,5,28,random,-1,2,2,2,0,0,4,2,4,4,2,0,edgeCount
424,25,40,0.15,2,7,random,-1,3,3,3,0,6,3,0,3,3,0,6,edgeCount
423,25,42,0.15,3,14,random,-1,6,6,2,4,0,2,0,6,2,4,0,edgeCount
422,25,51,0.15,3,14,random,-1,-1,-1,-1,0,0,-1,0,-1,-1,0,0,edgeCount
421,25,44,0.15,2,7,random,-1,4,4,2,2,0,2,0,2,2,0,0,edgeCount
420,25,47,0.15,2,7,random,-1,3,3,2,1,0,2,0,2,2,0,0,edgeCount
419,25,39,0.15,1,0,random,-1,4,4,4,0,0,4,0,4,4,0,0,edgeCount
418,25,39,0.15,1,0,random,-1,4,4,4,0,2,4,0,4,4,0,2,edgeCount
417,25,38,0.15,2,7,random,-1,-1,-1,-1,0,8,-1,0,-1,-1,0,6,edgeCount
416,25,45,0.15,3,14,random,-1,4,3,3,1,0,3,0,3,3,0,0,edgeCount
415,25,45,0.15,1,0,random,-1,4,5,4,0,6,4,0,4,5,0,6,edgeCount
414,25,38,0.15,1,0,random,-1,4,4,4,0,0,4,0,4,4,0,0,edgeCount
413,25,49,0.15,1,0,random,-1,2,2,2,0,0,2,0,2,2,0,0,edgeCount
412,25,48,0.15,3,14,random,-1,5,3,2,3,0,2,0,3,2,1,0,edgeCount
411,25,51,0.15,4,21,random,-1,-1,-1,3,-4,0,-1,-4,-1,-1,-4,0,edgeCount
410,25,47,0.15,5,28,random,-1,-1,-1,-1,0,0,-1,0,-1,-1,0,0,edgeCount
409,25,30,0.15,3,14,random,-1,-1,-1,-1,0,2,-1,0,-1,-1,0,2,edgeCount
408,25,37,0.15,2,7,random,-1,4,4,4,0,0,4,0,4,4,0,0,edgeCount
407,25,49,0.15,3,14,random,-1,3,3,3,0,4,3,0,3,3,0,2,edgeCount
406,25,39,0.15,3,14,random,-1,6,4,2,4,0,2,0,2,2,0,0,edgeCount
405,25,34,0.15,1,0,random,-1,3,3,3,0,6,3,0,3,3,0,6,edgeCount
404,25,48,0.15,5,28,random,-1,9,3,3,6,4,-1,-4,9,3,6,4,edgeCount
403,25,44,0.15,1,0,random,-1,4,4,4,0,2,4,0,4,4,0,2,edgeCount
402,25,44,0.15,2,7,random,-1,4,4,4,0,0,4,0,4,4,0,0,edgeCount
401,25,44,0.15,3,14,random,-1,12,6,6,6,4,-1,-7,-1,-1,-7,2,edgeCount
400,25,40,0.15,4,21,random,-1,-1,-1,-1,0,2,-1,0,-1,-1,0,2,edgeCount
399,25,45,0.15,2,7,random,-1,4,4,3,1,10,3,0,3,3,0,10,edgeCount
398,25,52,0.15,3,14,random,-1,27,5,5,22,2,-1,-6,17,9,12,2,edgeCount
397,25,35,0.15,2,7,random,-1,-1,-1,-1,0,0,-1,0,-1,-1,0,0,edgeCount
396,25,45,0.15,3,14,random,-1,2,2,2,0,8,2,0,2,2,0,4,edgeCount
395,25,52,0.15,6,35,random,-1,4,4,2,2,10,-1,-3,4,4,2,8,edgeCount
394,25,39,0.15,2,7,random,-1,4,4,4,0,4,8,4,8,8,4,4,edgeCount
393,25,34,0.15,2,7,random,-1,3,3,2,1,6,2,0,2,2,0,6,edgeCount
392,25,47,0.15,1,0,random,-1,3,3,3,0,0,3,0,3,3,0,0,edgeCount
391,25,60,0.15,4,21,random,-1,7,7,3,4,0,7,4,7,7,4,0,edgeCount
390,25,48,0.15,3,14,random,-1,4,3,2,2,4,2,0,3,2,1,2,edgeCount
389,25,57,0.15,4,21,random,-1,-1,-1,-1,0,0,-1,0,-1,-1,0,0,edgeCount
388,25,33,0.15,3,14,random,-1,-1,-1,-1,0,0,-1,0,-1,-1,0,0,edgeCount
387,25,49,0.15,2,7,random,-1,2,2,2,0,2,2,0,2,2,0,2,edgeCount
386,25,50,0.15,3,14,random,-1,4,2,2,2,0,2,0,2,2,0,0,edgeCount
385,25,36,0.15,1,0,random,-1,4,4,4,0,0,4,0,4,4,0,0,edgeCount
384,25,38,0.15,3,14,random,-1,9,5,3,6,0,3,0,3,3,0,0,edgeCount
383,25,36,0.15,2,7,random,-1,3,3,3,0,0,3,0,3,3,0,0,edgeCount
382,25,33,0.15,1,0,random,-1,5,5,5,0,0,5,0,5,5,0,0,edgeCount
381,25,46,0.15,1,0,random,-1,2,2,2,0,0,2,0,2,2,0,0,edgeCount
380,25,41,0.15,3,14,random,-1,7,3,3,4,0,3,0,3,3,0,0,edgeCount
379,25,41,0.15,3,14,random,-1,6,6,2,4,0,2,0,2,2,0,0,edgeCount
378,25,46,0.15,3,14,random,-1,-1,-1,6,-7,8,-1,-7,-1,-1,-7,6,edgeCount
377,25,44,0.15,2,7,random,-1,5,5,5,0,8,5,0,5,5,0,4,edgeCount
376,25,38,0.15,1,0,random,-1,3,3,3,0,0,3,0,3,3,0,0,edgeCount
375,25,51,0.15,2,7,random,-1,2,2,2,0,4,2,0,2,2,0,2,edgeCount
374,25,52,0.15,2,7,random,-1,2,2,2,0,8,2,0,2,2,0,4,edgeCount
373,25,43,0.15,2,7,random,-1,3,3,3,0,0,3,0,3,3,0,0,edgeCount
372,25,38,0.15,3,14,random,-1,4,8,4,0,4,-1,-5,-1,-1,-5,2,edgeCount
371,25,41,0.15,1,0,random,-1,4,5,4,0,4,4,0,4,5,0,4,edgeCount
370,25,46,0.15,2,7,random,-1,3,3,3,0,0,3,0,3,3,0,0,edgeCount
369,25,47,0.15,3,14,random,-1,6,4,4,2,0,-1,-5,-1,-1,-5,0,edgeCount
368,25,42,0.15,3,14,random,-1,3,3,3,0,0,3,0,3,3,0,0,edgeCount
367,25,47,0.15,4,21,random,-1,5,3,3,2,6,3,0,3,3,0,4,edgeCount
366,25,45,0.15,2,7,random,-1,11,11,5,6,2,9,4,9,9,4,2,edgeCount
365,25,59,0.15,4,21,random,-1,3,3,3,0,0,3,0,3,3,0,0,edgeCount
364,25,40,0.15,4,21,random,-1,3,3,2,1,2,2,0,3,2,1,2,edgeCount
363,25,41,0.15,3,14,random,-1,5,5,5,0,4,7,2,7,7,2,2,edgeCount
362,25,39,0.15,1,0,random,-1,3,3,3,0,0,3,0,3,3,0,0,edgeCount
361,25,40,0.15,3,14,random,-1,8,2,2,6,0,2,0,2,2,0,0,edgeCount
360,25,35,0.15,2,7,random,-1,-1,-1,5,-6,0,-1,-6,-1,-1,-6,0,edgeCount
359,25,43,0.15,1,0,random,-1,2,2,2,0,0,2,0,2,2,0,0,edgeCount
358,25,33,0.15,1,0,random,-1,6,6,6,0,2,6,0,6,6,0,2,edgeCount
357,25,42,0.15,4,21,random,-1,3,3,3,0,0,3,0,3,3,0,0,edgeCount
356,25,39,0.15,2,7,random,-1,9,3,3,6,2,3,0,3,3,0,2,edgeCount
355,25,52,0.15,4,21,random,-1,3,3,3,0,0,3,0,3,3,0,0,edgeCount
354,25,44,0.15,3,14,random,-1,2,2,2,0,0,2,0,2,2,0,0,edgeCount
353,25,29,0.15,1,0,random,-1,5,5,5,0,0,5,0,5,5,0,0,edgeCount
352,25,36,0.15,3,14,random,-1,2,2,2,0,0,2,0,2,2,0,0,edgeCount
351,25,49,0.15,6,35,random,-1,-1,-1,5,-6,0,-1,-6,-1,-1,-6,0,edgeCount
350,25,50,0.15,3,14,random,-1,4,12,3,1,0,3,0,3,3,0,0,edgeCount
349,25,43,0.15,4,21,random,-1,4,8,4,0,0,8,4,8,8,4,0,edgeCount
348,25,44,0.15,2,7,random,-1,4,2,2,2,18,2,0,2,2,0,10,edgeCount
347,25,45,0.15,2,7,random,-1,-1,-1,-1,0,2,-1,0,-1,-1,0,2,edgeCount
346,25,49,0.15,3,14,random,-1,2,2,2,0,0,2,0,2,2,0,0,edgeCount
345,25,48,0.15,2,7,random,-1,4,5,3,1,18,3,0,3,3,0,10,edgeCount
344,25,40,0.15,3,14,random,-1,6,7,3,3,0,5,2,3,5,0,0,edgeCount
343,25,33,0.15,1,0,random,-1,4,5,4,0,4,4,0,4,5,0,4,edgeCount
342,25,40,0.15,1,0,random,-1,4,4,4,0,0,4,0,4,4,0,0,edgeCount
341,25,45,0.15,1,0,random,-1,4,4,4,0,0,4,0,4,4,0,0,edgeCount
340,25,51,0.15,1,0,random,-1,3,3,3,0,0,3,0,3,3,0,0,edgeCount
339,25,45,0.15,2,7,random,-1,4,5,4,0,6,4,0,8,8,4,4,edgeCount
338,25,49,0.15,1,0,random,-1,4,5,4,0,10,4,0,4,5,0,10,edgeCount
337,25,44,0.15,3,14,random,-1,17,3,3,14,4,3,0,3,3,0,4,edgeCount
336,25,56,0.15,4,21,random,-1,12,2,2,10,0,2,0,2,2,0,0,edgeCount
335,25,44,0.15,2,7,random,-1,3,5,3,0,0,3,0,3,3,0,0,edgeCount
334,25,45,0.15,2,7,random,-1,3,5,3,0,6,6,3,6,6,3,4,edgeCount
333,25,33,0.15,2,7,random,-1,4,4,4,0,2,4,0,4,4,0,2,edgeCount
332,25,49,0.15,1,0,random,-1,2,2,2,0,0,2,0,2,2,0,0,edgeCount
331,25,50,0.15,1,0,random,-1,3,3,3,0,12,3,0,3,3,0,12,edgeCount
330,25,32,0.15,2,7,random,-1,2,2,2,0,0,2,0,2,2,0,0,edgeCount
329,25,46,0.15,2,7,random,-1,3,11,3,0,8,3,0,3,3,0,4,edgeCount
328,25,43,0.15,2,7,random,-1,4,4,4,0,8,4,0,4,4,0,4,edgeCount
327,25,44,0.15,3,14,random,-1,-1,-1,-1,0,0,-1,0,-1,-1,0,0,edgeCount
326,25,47,0.15,2,7,random,-1,3,5,3,0,0,3,0,3,3,0,0,edgeCount
325,25,48,0.15,2,7,random,-1,4,4,4,0,0,4,0,4,4,0,0,edgeCount
324,25,38,0.15,1,0,random,-1,7,7,7,0,0,7,0,7,7,0,0,edgeCount
323,25,49,0.15,2,7,random,-1,3,3,2,1,2,2,0,2,2,0,2,edgeCount
322,25,47,0.15,1,0,random,-1,4,4,4,0,0,4,0,4,4,0,0,edgeCount
321,25,43,0.15,3,14,random,-1,-1,-1,8,-9,0,-1,-9,-1,-1,-9,0,edgeCount
320,25,41,0.15,1,0,random,-1,3,3,3,0,0,3,0,3,3,0,0,edgeCount
319,25,40,0.15,3,14,random,-1,-1,-1,4,-5,2,-1,-5,-1,-1,-5,2,edgeCount
318,25,49,0.15,4,21,random,-1,10,2,2,8,2,2,0,2,2,0,2,edgeCount
317,25,56,0.15,4,21,random,-1,3,3,3,0,0,3,0,3,3,0,0,edgeCount
316,25,52,0.15,1,0,random,-1,4,4,4,0,0,4,0,4,4,0,0,edgeCount
315,25,50,0.15,2,7,random,-1,3,5,3,0,0,3,0,3,3,0,0,edgeCount
314,25,56,0.15,4,21,random,-1,4,2,2,2,10,2,0,2,2,0,8,edgeCount
313,25,49,0.15,3,14,random,-1,4,4,3,1,0,3,0,3,3,0,0,edgeCount
312,25,55,0.15,2,7,random,-1,6,4,4,2,0,8,4,8,8,4,0,edgeCount
311,25,48,0.15,1,0,random,-1,3,3,3,0,8,3,0,3,3,0,8,edgeCount
310,25,42,0.15,2,7,random,-1,2,2,2,0,0,2,0,2,2,0,0,edgeCount
309,25,41,0.15,1,0,random,-1,5,7,5,0,8,5,0,5,7,0,8,edgeCount
308,25,54,0.15,3,14,random,-1,3,3,3,0,0,3,0,3,3,0,0,edgeCount
307,25,42,0.15,1,0,random,-1,4,4,4,0,0,4,0,4,4,0,0,edgeCount
306,25,47,0.15,3,14,random,-1,-1,-1,-1,0,6,-1,0,-1,-1,0,4,edgeCount
305,25,48,0.15,2,7,random,-1,3,3,3,0,0,3,0,3,3,0,0,edgeCount
304,25,41,0.15,4,21,random,-1,2,2,2,0,0,4,2,4,4,2,0,edgeCount
303,25,40,0.15,2,7,random,-1,4,4,4,0,4,4,0,4,12,0,4,edgeCount
302,25,40,0.15,2,7,random,-1,4,2,2,2,8,2,0,2,2,0,8,edgeCount
301,25,46,0.15,2,7,random,-1,3,3,3,0,0,3,0,3,3,0,0,edgeCount
300,25,50,0.15,3,14,random,-1,6,4,4,2,8,-1,-5,10,10,6,4,edgeCount
299,25,43,0.15,2,7,random,-1,2,2,2,0,8,2,0,2,2,0,8,edgeCount
298,25,40,0.15,3,14,random,-1,4,7,3,1,0,3,0,3,3,0,0,edgeCount
297,25,44,0.15,4,21,random,-1,-1,-1,5,-6,0,-1,-6,-1,-1,-6,0,edgeCount
296,25,49,0.15,6,35,random,-1,5,3,3,2,0,-1,-4,-1,-1,-4,0,edgeCount
295,25,44,0.15,2,7,random,-1,2,2,2,0,0,2,0,2,2,0,0,edgeCount
294,25,49,0.15,5,28,random,-1,-1,-1,3,-4,0,-1,-4,-1,-1,-4,0,edgeCount
293,25,49,0.15,4,21,random,-1,-1,-1,5,-6,0,-1,-6,-1,-1,-6,0,edgeCount
292,25,43,0.15,3,14,random,-1,3,3,3,0,0,3,0,3,3,0,0,edgeCount
291,25,38,0.15,3,14,random,-1,-1,-1,5,-6,0,-1,-6,-1,-1,-6,0,edgeCount
290,25,47,0.15,4,21,random,-1,2,2,2,0,12,2,0,2,2,0,6,edgeCount
289,25,37,0.15,2,7,random,-1,8,5,4,4,0,4,0,8,8,4,0,edgeCount
288,25,49,0.15,1,0,random,-1,3,3,3,0,0,3,0,3,3,0,0,edgeCount
287,25,46,0.15,2,7,random,-1,4,4,4,0,10,4,0,4,4,0,6,edgeCount
286,25,52,0.15,1,0,random,-1,4,4,4,0,8,4,0,4,4,0,8,edgeCount
285,25,53,0.15,2,7,random,-1,3,3,3,0,10,3,0,3,5,0,6,edgeCount
284,25,50,0.15,4,21,random,-1,-1,-1,4,-5,0,-1,-5,-1,-1,-5,0,edgeCount
283,25,50,0.15,3,14,random,-1,4,2,2,2,0,4,2,6,4,4,0,edgeCount
282,25,37,0.15,2,7,random,-1,6,6,3,3,0,6,3,6,6,3,0,edgeCount
281,25,59,0.15,2,7,random,-1,3,3,3,0,8,3,0,3,3,0,4,edgeCount
280,25,54,0.15,2,7,random,-1,4,5,3,1,10,3,0,3,3,0,6,edgeCount
279,25,34,0.15,2,7,random,-1,4,4,2,2,0,2,0,2,2,0,0,edgeCount
278,25,41,0.15,3,14,random,-1,-1,-1,4,-5,0,-1,-5,-1,-1,-5,0,edgeCount
277,25,51,0.15,3,14,random,-1,2,2,2,0,0,2,0,2,2,0,0,edgeCount
276,25,53,0.15,2,7,random,-1,2,2,2,0,22,2,0,2,2,0,12,edgeCount
275,25,40,0.15,1,0,random,-1,4,4,4,0,0,4,0,4,4,0,0,edgeCount
274,25,42,0.15,1,0,random,-1,4,4,4,0,8,4,0,4,4,0,8,edgeCount
273,25,51,0.15,3,14,random,-1,14,2,2,12,0,2,0,2,2,0,0,edgeCount
272,25,46,0.15,3,14,random,-1,3,9,3,0,4,3,0,3,9,0,2,edgeCount
271,25,53,0.15,4,21,random,-1,4,3,3,1,0,5,2,3,5,0,0,edgeCount
270,25,51,0.15,4,21,random,-1,-1,-1,5,-6,0,-1,-6,-1,-1,-6,0,edgeCount
269,25,41,0.15,4,21,random,-1,-1,-1,4,-5,0,-1,-5,-1,-1,-5,0,edgeCount
268,25,49,0.15,2,7,random,-1,-1,-1,5,-6,10,-1,-6,5,5,0,8,edgeCount
267,25,46,0.15,4,21,random,-1,-1,-1,-1,0,0,-1,0,-1,-1,0,0,edgeCount
266,25,38,0.15,4,21,random,-1,4,4,4,0,0,4,0,4,4,0,0,edgeCount
265,25,42,0.15,1,0,random,-1,4,4,4,0,6,4,0,4,4,0,6,edgeCount
264,25,49,0.15,2,7,random,-1,5,5,3,2,8,5,2,5,5,2,4,edgeCount
263,25,46,0.15,2,7,random,-1,3,3,3,0,0,3,0,3,3,0,0,edgeCount
262,25,48,0.15,3,14,random,-1,2,2,2,0,0,2,0,2,2,0,0,edgeCount
261,25,43,0.15,2,7,random,-1,8,4,4,4,0,4,0,4,4,0,0,edgeCount
260,25,40,0.15,1,0,random,-1,2,2,2,0,8,2,0,2,2,0,8,edgeCount
259,25,58,0.15,3,14,random,-1,4,3,3,1,14,3,0,3,3,0,6,edgeCount
258,25,45,0.15,2,7,random,-1,2,2,2,0,0,2,0,2,2,0,0,edgeCount
257,25,41,0.15,2,7,random,-1,3,3,2,1,4,2,0,2,2,0,2,edgeCount
256,25,51,0.15,4,21,random,-1,7,3,3,4,8,-1,-4,-1,-1,-4,4,edgeCount
255,25,42,0.15,4,21,random,-1,-1,-1,-1,0,0,-1,0,-1,-1,0,0,edgeCount
254,25,46,0.15,2,7,random,-1,6,6,2,4,0,2,0,2,2,0,0,edgeCount
253,25,48,0.15,5,28,random,-1,9,7,3,6,0,7,4,5,5,2,0,edgeCount
252,25,54,0.15,2,7,random,-1,2,2,2,0,0,2,0,2,2,0,0,edgeCount
251,25,39,0.15,4,21,random,-1,-1,-1,-1,0,0,-1,0,-1,-1,0,0,edgeCount
250,25,39,0.15,2,7,random,-1,12,2,2,10,2,2,0,2,2,0,2,edgeCount
249,25,47,0.15,4,21,random,-1,-1,-1,5,-6,0,-1,-6,-1,-1,-6,0,edgeCount
248,25,44,0.15,2,7,random,-1,4,4,2,2,0,2,0,4,2,2,0,edgeCount
247,25,37,0.15,2,7,random,-1,4,4,4,0,2,4,0,4,4,0,2,edgeCount
246,25,49,0.15,5,28,random,-1,-1,-1,6,-7,0,-1,-7,-1,-1,-7,0,edgeCount
245,25,47,0.15,2,7,random,-1,2,2,2,0,0,2,0,2,2,0,0,edgeCount
244,25,40,0.15,2,7,random,-1,-1,-1,5,-6,6,-1,-6,9,11,4,6,edgeCount
243,25,44,0.15,4,21,random,-1,2,2,2,0,6,2,0,2,2,0,4,edgeCount
242,25,44,0.15,2,7,random,-1,-1,-1,4,-5,0,-1,-5,-1,-1,-5,0,edgeCount
241,25,57,0.15,4,21,random,-1,5,5,5,0,0,-1,-6,-1,-1,-6,0,edgeCount
240,25,46,0.15,4,21,random,-1,-1,-1,5,-6,0,-1,-6,-1,-1,-6,0,edgeCount
239,25,42,0.15,2,7,random,-1,3,3,3,0,4,3,0,3,3,0,2,edgeCount
238,25,47,0.15,4,21,random,-1,7,3,3,4,4,3,0,3,3,0,2,edgeCount
237,25,42,0.15,3,14,random,-1,-1,-1,6,-7,0,-1,-7,-1,-1,-7,0,edgeCount
236,25,52,0.15,3,14,random,-1,2,2,2,0,0,2,0,2,2,0,0,edgeCount
235,25,48,0.15,4,21,random,-1,-1,-1,4,-5,0,-1,-5,-1,-1,-5,0,edgeCount
234,25,50,0.15,5,28,random,-1,-1,-1,-1,0,0,-1,0,-1,-1,0,0,edgeCount
233,25,33,0.15,1,0,random,-1,6,6,6,0,0,6,0,6,6,0,0,edgeCount
232,25,53,0.15,3,14,random,-1,3,3,3,0,0,3,0,3,3,0,0,edgeCount
231,25,40,0.15,1,0,random,-1,4,4,4,0,0,4,0,4,4,0,0,edgeCount
230,25,37,0.15,2,7,random,-1,5,3,3,2,0,3,0,3,3,0,0,edgeCount
229,25,36,0.15,3,14,random,-1,3,3,3,0,0,3,0,3,3,0,0,edgeCount
228,25,54,0.15,1,0,random,-1,2,2,2,0,10,2,0,2,2,0,10,edgeCount
227,25,44,0.15,3,14,random,-1,3,3,3,0,0,3,0,3,3,0,0,edgeCount
226,25,39,0.15,2,7,random,-1,-1,-1,6,-7,4,-1,-7,13,13,7,2,edgeCount
225,25,49,0.15,4,21,random,-1,-1,-1,4,-5,0,-1,-5,-1,-1,-5,0,edgeCount
224,25,48,0.15,3,14,random,-1,-1,-1,5,-6,4,-1,-6,-1,-1,-6,2,edgeCount
223,25,49,0.15,3,14,random,-1,3,3,3,0,2,3,0,3,3,0,2,edgeCount
222,25,47,0.15,2,7,random,-1,-1,-1,-1,0,0,-1,0,-1,-1,0,0,edgeCount
221,25,58,0.15,1,0,random,-1,2,2,2,0,0,2,0,2,2,0,0,edgeCount
220,25,45,0.15,3,14,random,-1,4,2,2,2,0,2,0,2,2,0,0,edgeCount
219,25,46,0.15,3,14,random,-1,2,2,2,0,0,2,0,2,2,0,0,edgeCount
218,25,40,0.15,4,21,random,-1,-1,-1,7,-8,0,-1,-8,-1,-1,-8,0,edgeCount
217,25,57,0.15,2,7,random,-1,3,6,3,0,0,5,2,5,5,2,0,edgeCount
216,25,53,0.15,7,42,random,-1,-1,-1,3,-4,0,-1,-4,-1,-1,-4,0,edgeCount
215,25,48,0.15,2,7,random,-1,9,3,3,6,0,3,0,3,3,0,0,edgeCount
214,25,47,0.15,2,7,random,-1,3,3,3,0,0,3,0,3,3,0,0,edgeCount
213,25,47,0.15,3,14,random,-1,6,6,3,3,0,-1,-4,6,6,3,0,edgeCount
212,25,49,0.15,4,21,random,-1,-1,-1,4,-5,0,-1,-5,-1,-1,-5,0,edgeCount
211,25,55,0.15,4,21,random,-1,4,2,2,2,2,2,0,4,2,2,2,edgeCount
210,25,61,0.15,4,21,random,-1,4,4,4,0,10,4,0,4,4,0,4,edgeCount
209,25,46,0.15,1,0,random,-1,3,5,3,0,8,3,0,3,5,0,8,edgeCount
208,25,39,0.15,2,7,random,-1,-1,-1,6,-7,2,-1,-7,-1,-1,-7,2,edgeCount
207,25,39,0.15,2,7,random,-1,3,3,2,1,0,2,0,3,2,1,0,edgeCount
206,25,47,0.15,3,14,random,-1,3,3,2,1,0,2,0,2,2,0,0,edgeCount
205,25,33,0.15,1,0,random,-1,5,5,5,0,0,5,0,5,5,0,0,edgeCount
204,25,47,0.15,3,14,random,-1,4,2,2,2,8,2,0,2,2,0,6,edgeCount
203,25,47,0.15,4,21,random,-1,-1,-1,-1,0,4,-1,0,-1,-1,0,2,edgeCount
202,25,45,0.15,1,0,random,-1,4,4,4,0,0,4,0,4,4,0,0,edgeCount
201,25,48,0.15,4,21,random,-1,6,4,2,4,0,2,0,2,2,0,0,edgeCount
200,25,34,0.15,1,0,random,-1,4,5,4,0,6,4,0,4,5,0,6,edgeCount
199,25,34,0.15,1,0,random,-1,2,2,2,0,0,2,0,2,2,0,0,edgeCount
198,25,49,0.15,4,21,random,-1,-1,-1,3,-4,0,-1,-4,-1,-1,-4,0,edgeCount
197,25,50,0.15,3,14,random,-1,3,3,2,1,2,2,0,3,2,1,2,edgeCount
196,25,49,0.15,5,28,random,-1,-1,-1,-1,0,0,-1,0,-1,-1,0,0,edgeCount
195,25,45,0.15,4,21,random,-1,3,3,3,0,0,3,0,3,3,0,0,edgeCount
194,25,47,0.15,5,28,random,-1,10,8,2,8,0,2,0,4,2,2,0,edgeCount
193,25,58,0.15,4,21,random,-1,4,5,3,1,0,5,2,5,5,2,0,edgeCount
192,25,43,0.15,1,0,random,-1,2,2,2,0,10,2,0,2,2,0,10,edgeCount
191,25,38,0.15,2,7,random,-1,4,4,2,2,0,2,0,4,2,2,0,edgeCount
190,25,46,0.15,1,0,random,-1,2,2,2,0,12,2,0,2,2,0,12,edgeCount
189,25,42,0.15,4,21,random,-1,-1,-1,8,-9,0,-1,-9,-1,-1,-9,0,edgeCount
188,25,45,0.15,3,14,random,-1,3,2,2,1,10,2,0,2,2,0,6,edgeCount
187,25,49,0.15,2,7,random,-1,3,3,3,0,6,3,0,3,3,0,4,edgeCount
186,25,51,0.15,4,21,random,-1,-1,-1,4,-5,4,-1,-5,6,6,2,4,edgeCount
185,25,35,0.15,1,0,random,-1,3,3,3,0,0,3,0,3,3,0,0,edgeCount
184,25,48,0.15,1,0,random,-1,2,2,2,0,6,2,0,2,2,0,6,edgeCount
183,25,48,0.15,2,7,random,-1,3,3,2,1,0,2,0,2,2,0,0,edgeCount
182,25,46,0.15,3,14,random,-1,4,3,3,1,0,3,0,3,3,0,0,edgeCount
181,25,40,0.15,3,14,random,-1,4,4,4,0,4,4,0,4,4,0,2,edgeCount
180,25,40,0.15,3,14,random,-1,5,5,3,2,0,5,2,5,5,2,0,edgeCount
179,25,46,0.15,5,28,random,-1,-1,-1,9,-10,0,-1,-10,-1,-1,-10,0,edgeCount
178,25,46,0.15,3,14,random,-1,5,5,5,0,6,5,0,5,8,0,4,edgeCount
177,25,44,0.15,1,0,random,-1,2,2,2,0,14,2,0,2,2,0,14,edgeCount
176,25,41,0.15,3,14,random,-1,6,6,4,2,0,6,2,6,6,2,0,edgeCount
175,25,49,0.15,3,14,random,-1,3,4,3,0,12,3,0,3,3,0,8,edgeCount
174,25,45,0.15,3,14,random,-1,8,8,2,6,0,2,0,2,2,0,0,edgeCount
173,25,42,0.15,1,0,random,-1,3,3,3,0,0,3,0,3,3,0,0,edgeCount
172,25,37,0.15,2,7,random,-1,7,5,4,3,8,-1,-5,-1,-1,-5,8,edgeCount
171,25,53,0.15,2,7,random,-1,3,4,3,0,0,3,0,3,3,0,0,edgeCount
170,25,42,0.15,3,14,random,-1,4,10,4,0,2,8,4,8,8,4,2,edgeCount
169,25,40,0.15,1,0,random,-1,3,5,3,0,10,3,0,3,5,0,10,edgeCount
168,25,43,0.15,3,14,random,-1,2,2,2,0,4,2,0,2,2,0,2,edgeCount
167,25,44,0.15,4,21,random,-1,-1,-1,-1,0,0,-1,0,-1,-1,0,0,edgeCount
166,25,48,0.15,3,14,random,-1,11,5,3,8,2,3,0,3,3,0,2,edgeCount
165,25,55,0.15,2,7,random,-1,3,3,3,0,4,3,0,3,3,0,2,edgeCount
164,25,46,0.15,3,14,random,-1,4,4,4,0,4,4,0,4,8,0,2,edgeCount
163,25,40,0.15,3,14,random,-1,4,7,4,0,0,8,4,8,8,4,0,edgeCount
162,25,49,0.15,3,14,random,-1,4,2,2,2,0,2,0,2,2,0,0,edgeCount
161,25,48,0.15,1,0,random,-1,4,4,4,0,6,4,0,4,4,0,6,edgeCount
160,25,54,0.15,5,28,random,-1,3,3,3,0,4,5,2,3,5,0,2,edgeCount
159,25,40,0.15,4,21,random,-1,-1,-1,-1,0,2,-1,0,-1,-1,0,2,edgeCount
158,25,46,0.15,2,7,random,-1,5,4,4,1,8,4,0,4,4,0,4,edgeCount
157,25,37,0.15,1,0,random,-1,4,4,4,0,0,4,0,4,4,0,0,edgeCount
156,25,43,0.15,1,0,random,-1,2,2,2,0,0,2,0,2,2,0,0,edgeCount
155,25,51,0.15,1,0,random,-1,3,3,3,0,0,3,0,3,3,0,0,edgeCount
154,25,49,0.15,2,7,random,-1,3,9,3,0,0,3,0,3,3,0,0,edgeCount
153,25,47,0.15,1,0,random,-1,4,4,4,0,0,4,0,4,4,0,0,edgeCount
152,25,52,0.15,6,35,random,-1,-1,-1,-1,0,2,-1,0,-1,-1,0,2,edgeCount
151,25,49,0.15,2,7,random,-1,-1,-1,-1,0,0,-1,0,-1,-1,0,0,edgeCount
150,25,49,0.15,4,21,random,-1,10,6,2,8,6,2,0,6,2,4,6,edgeCount
149,25,50,0.15,3,14,random,-1,3,3,3,0,10,3,0,3,5,0,6,edgeCount
148,25,36,0.15,2,7,random,-1,8,2,2,6,4,2,0,2,2,0,4,edgeCount
147,25,45,0.15,5,28,random,-1,-1,-1,-1,0,0,-1,0,-1,-1,0,0,edgeCount
146,25,45,0.15,4,21,random,-1,2,2,2,0,0,4,2,4,4,2,0,edgeCount
145,25,53,0.15,4,21,random,-1,-1,-1,5,-6,6,-1,-6,-1,-1,-6,2,edgeCount
144,25,51,0.15,2,7,random,-1,3,3,3,0,4,3,0,3,3,0,2,edgeCount
143,25,44,0.15,2,7,random,-1,2,2,2,0,0,2,0,2,2,0,0,edgeCount
142,25,39,0.15,2,7,random,-1,3,3,2,1,12,2,0,2,2,0,10,edgeCount
141,25,38,0.15,1,0,random,-1,4,4,4,0,0,4,0,4,4,0,0,edgeCount
140,25,40,0.15,3,14,random,-1,-1,-1,-1,0,2,-1,0,-1,-1,0,2,edgeCount
139,25,37,0.15,2,7,random,-1,5,4,4,1,6,4,0,4,4,0,4,edgeCount
138,25,52,0.15,3,14,random,-1,-1,-1,-1,0,0,-1,0,-1,-1,0,0,edgeCount
137,25,51,0.15,3,14,random,-1,2,4,2,0,10,2,0,4,2,2,4,edgeCount
136,25,42,0.15,1,0,random,-1,3,3,3,0,6,3,0,3,3,0,6,edgeCount
135,25,53,0.15,3,14,random,-1,2,2,2,0,0,2,0,2,2,0,0,edgeCount
134,25,54,0.15,1,0,random,-1,4,4,4,0,0,4,0,4,4,0,0,edgeCount
133,25,51,0.15,4,21,random,-1,8,8,2,6,4,2,0,4,2,2,2,edgeCount
132,25,36,0.15,1,0,random,-1,2,2,2,0,2,2,0,2,2,0,2,edgeCount
131,25,43,0.15,2,7,random,-1,5,5,2,3,0,2,0,2,2,0,0,edgeCount
130,25,44,0.15,3,14,random,-1,3,3,2,1,0,2,0,3,2,1,0,edgeCount
129,25,44,0.15,4,21,random,-1,2,2,2,0,2,2,0,4,2,2,2,edgeCount
128,25,45,0.15,1,0,random,-1,3,3,3,0,0,3,0,3,3,0,0,edgeCount
127,25,44,0.15,2,7,random,-1,4,3,3,1,0,3,0,3,3,0,0,edgeCount
126,25,48,0.15,3,14,random,-1,-1,-1,3,-4,4,-1,-4,-1,-1,-4,2,edgeCount
125,25,44,0.15,3,14,random,-1,4,2,2,2,0,2,0,2,2,0,0,edgeCount
124,25,43,0.15,1,0,random,-1,3,3,3,0,0,3,0,3,3,0,0,edgeCount
123,25,47,0.15,2,7,random,-1,4,4,4,0,4,4,0,4,4,0,2,edgeCount
122,25,42,0.15,4,21,random,-1,3,3,3,0,4,3,0,3,3,0,4,edgeCount
121,25,40,0.15,2,7,random,-1,4,6,4,0,4,4,0,4,4,0,2,edgeCount
120,25,47,0.15,3,14,random,-1,5,5,3,2,6,7,4,7,7,4,4,edgeCount
119,25,39,0.15,3,14,random,-1,7,3,3,4,6,3,0,3,3,0,4,edgeCount
118,25,44,0.15,5,28,random,-1,-1,-1,-1,0,8,-1,0,-1,-1,0,4,edgeCount
117,25,41,0.15,2,7,random,-1,3,3,3,0,0,3,0,3,3,0,0,edgeCount
116,25,48,0.15,1,0,random,-1,3,3,3,0,0,3,0,3,3,0,0,edgeCount
115,25,38,0.15,3,14,random,-1,4,4,4,0,2,4,0,4,4,0,2,edgeCount
114,25,43,0.15,4,21,random,-1,6,2,2,4,4,2,0,2,2,0,2,edgeCount
113,25,37,0.15,1,0,random,-1,2,2,2,0,0,2,0,2,2,0,0,edgeCount
112,25,34,0.15,1,0,random,-1,3,3,3,0,4,3,0,3,3,0,4,edgeCount
111,25,46,0.15,5,28,random,-1,-1,-1,-1,0,6,-1,0,-1,-1,0,4,edgeCount
110,25,40,0.15,4,21,random,-1,6,2,2,4,2,2,0,2,2,0,2,edgeCount
109,25,39,0.15,3,14,random,-1,7,3,3,4,0,-1,-4,7,3,4,0,edgeCount
108,25,50,0.15,3,14,random,-1,3,3,3,0,0,3,0,3,3,0,0,edgeCount
107,25,56,0.15,1,0,random,-1,2,2,2,0,16,2,0,2,2,0,16,edgeCount
106,25,38,0.15,1,0,random,-1,4,4,4,0,0,4,0,4,4,0,0,edgeCount
105,25,50,0.15,5,28,random,-1,-1,-1,5,-6,0,-1,-6,-1,-1,-6,0,edgeCount
104,25,39,0.15,1,0,random,-1,5,5,5,0,0,5,0,5,5,0,0,edgeCount
103,25,52,0.15,4,21,random,-1,6,6,4,2,8,-1,-5,-1,-1,-5,4,edgeCount
102,25,40,0.15,1,0,random,-1,4,4,4,0,8,4,0,4,4,0,8,edgeCount
101,25,47,0.15,1,0,random,-1,5,5,5,0,0,5,0,5,5,0,0,edgeCount
100,25,53,0.15,3,14,random,-1,10,4,4,6,0,4,0,10,10,6,0,edgeCount
99,25,38,0.15,1,0,random,-1,5,5,5,0,0,5,0,5,5,0,0,edgeCount
98,25,51,0.15,4,21,random,-1,-1,-1,3,-4,0,-1,-4,-1,-1,-4,0,edgeCount
97,25,41,0.15,1,0,random,-1,4,5,4,0,6,4,0,4,5,0,6,edgeCount
96,25,40,0.15,1,0,random,-1,4,4,4,0,6,4,0,4,4,0,6,edgeCount
95,25,52,0.15,2,7,random,-1,4,4,3,1,0,6,3,6,6,3,0,edgeCount
94,25,48,0.15,3,14,random,-1,4,3,3,1,0,5,2,5,5,2,0,edgeCount
93,25,45,0.15,2,7,random,-1,2,2,2,0,0,2,0,2,2,0,0,edgeCount
92,25,39,0.15,2,7,random,-1,4,4,2,2,0,2,0,2,2,0,0,edgeCount
91,25,45,0.15,2,7,random,-1,3,3,3,0,6,3,0,3,3,0,4,edgeCount
90,25,41,0.15,3,14,random,-1,8,8,5,3,0,-1,-6,-1,-1,-6,0,edgeCount
89,25,42,0.15,3,14,random,-1,17,7,5,12,2,-1,-6,-1,-1,-6,2,edgeCount
88,25,41,0.15,1,0,random,-1,3,3,3,0,0,3,0,3,3,0,0,edgeCount
87,25,49,0.15,3,14,random,-1,4,4,2,2,0,2,0,2,2,0,0,edgeCount
86,25,44,0.15,4,21,random,-1,5,2,2,3,0,2,0,2,2,0,0,edgeCount
85,25,46,0.15,3,14,random,-1,-1,-1,4,-5,0,-1,-5,-1,-1,-5,0,edgeCount
84,25,49,0.15,4,21,random,-1,3,3,3,0,0,5,2,5,5,2,0,edgeCount
83,25,43,0.15,3,14,random,-1,-1,-1,5,-6,0,-1,-6,-1,-1,-6,0,edgeCount
82,25,43,0.15,3,14,random,-1,3,5,3,0,8,3,0,3,3,0,6,edgeCount
81,25,46,0.15,3,14,random,-1,3,3,3,0,0,3,0,3,3,0,0,edgeCount
80,25,46,0.15,4,21,random,-1,8,2,2,6,0,2,0,2,2,0,0,edgeCount
79,25,50,0.15,1,0,random,-1,5,5,5,0,0,5,0,5,5,0,0,edgeCount
78,25,48,0.15,1,0,random,-1,3,3,3,0,0,3,0,3,3,0,0,edgeCount
77,25,51,0.15,2,7,random,-1,3,6,3,0,8,3,0,3,3,0,4,edgeCount
76,25,48,0.15,2,7,random,-1,3,3,2,1,0,2,0,2,2,0,0,edgeCount
75,25,37,0.15,3,14,random,-1,3,3,3,0,4,6,3,6,6,3,2,edgeCount
74,25,43,0.15,2,7,random,-1,4,4,2,2,0,2,0,2,2,0,0,edgeCount
73,25,35,0.15,2,7,random,-1,-1,-1,5,-6,0,-1,-6,-1,-1,-6,0,edgeCount
72,25,43,0.15,4,21,random,-1,-1,-1,-1,0,6,-1,0,-1,-1,0,4,edgeCount
71,25,51,0.15,4,21,random,-1,2,2,2,0,0,2,0,2,2,0,0,edgeCount
70,25,46,0.15,2,7,random,-1,-1,-1,5,-6,0,-1,-6,-1,-1,-6,0,edgeCount
69,25,43,0.15,5,28,random,-1,5,3,3,2,6,3,0,3,3,0,6,edgeCount
68,25,29,0.15,1,0,random,-1,3,3,3,0,0,3,0,3,3,0,0,edgeCount
67,25,50,0.15,2,7,random,-1,5,5,5,0,0,7,2,7,7,2,0,edgeCount
66,25,34,0.15,3,14,random,-1,-1,-1,7,-8,0,-1,-8,-1,-1,-8,0,edgeCount
65,25,47,0.15,3,14,random,-1,4,2,2,2,0,2,0,2,2,0,0,edgeCount
64,25,48,0.15,3,14,random,-1,-1,-1,3,-4,0,-1,-4,-1,-1,-4,0,edgeCount
63,25,55,0.15,8,49,random,-1,-1,-1,-1,0,0,-1,0,-1,-1,0,0,edgeCount
62,25,37,0.15,4,21,random,-1,3,6,3,0,0,3,0,3,3,0,0,edgeCount
61,25,49,0.15,3,14,random,-1,4,2,2,2,2,2,0,2,2,0,2,edgeCount
60,25,41,0.15,2,7,random,-1,4,4,4,0,0,7,3,7,7,3,0,edgeCount
59,25,57,0.15,4,21,random,-1,-1,-1,4,-5,4,-1,-5,-1,-1,-5,2,edgeCount
58,25,34,0.15,2,7,random,-1,13,13,7,6,0,-1,-8,-1,-1,-8,0,edgeCount
57,25,36,0.15,1,0,random,-1,2,2,2,0,4,2,0,2,2,0,4,edgeCount
56,25,46,0.15,2,7,random,-1,6,2,2,4,2,2,0,2,2,0,2,edgeCount
55,25,55,0.15,2,7,random,-1,2,2,2,0,0,2,0,2,2,0,0,edgeCount
54,25,43,0.15,3,14,random,-1,6,8,3,3,2,6,3,6,6,3,2,edgeCount
53,25,47,0.15,2,7,random,-1,7,3,3,4,0,3,0,3,3,0,0,edgeCount
52,25,44,0.15,2,7,random,-1,4,3,3,1,8,3,0,3,3,0,4,edgeCount
51,25,55,0.15,4,21,random,-1,2,2,2,0,14,2,0,6,2,4,8,edgeCount
50,25,43,0.15,2,7,random,-1,3,3,3,0,0,3,0,3,3,0,0,edgeCount
49,25,46,0.15,3,14,random,-1,4,4,4,0,0,6,2,6,6,2,0,edgeCount
48,25,43,0.15,4,21,random,-1,4,4,4,0,0,6,2,4,4,0,0,edgeCount
47,25,47,0.15,1,0,random,-1,2,2,2,0,2,2,0,2,2,0,2,edgeCount
46,25,50,0.15,1,0,random,-1,3,3,3,0,8,3,0,3,3,0,8,edgeCount
45,25,58,0.15,3,14,random,-1,4,3,3,1,0,3,0,3,3,0,0,edgeCount
44,25,39,0.15,2,7,random,-1,6,2,2,4,4,2,0,2,2,0,2,edgeCount
43,25,45,0.15,3,14,random,-1,-1,-1,4,-5,0,-1,-5,-1,-1,-5,0,edgeCount
42,25,46,0.15,2,7,random,-1,3,3,3,0,12,5,2,5,5,2,6,edgeCount
41,25,45,0.15,1,0,random,-1,3,3,3,0,10,3,0,3,3,0,10,edgeCount
40,25,44,0.15,5,28,random,-1,7,3,3,4,4,3,0,3,3,0,2,edgeCount
39,25,47,0.15,1,0,random,-1,3,3,3,0,0,3,0,3,3,0,0,edgeCount
38,25,47,0.15,3,14,random,-1,8,2,2,6,0,2,0,2,2,0,0,edgeCount
37,25,37,0.15,1,0,random,-1,2,2,2,0,2,2,0,2,2,0,2,edgeCount
36,25,41,0.15,3,14,random,-1,-1,-1,-1,0,0,-1,0,-1,-1,0,0,edgeCount
35,25,42,0.15,7,42,random,-1,-1,-1,-1,0,0,-1,0,-1,-1,0,0,edgeCount
34,25,49,0.15,3,14,random,-1,3,3,3,0,0,3,0,3,3,0,0,edgeCount
33,25,44,0.15,1,0,random,-1,2,2,2,0,0,2,0,2,2,0,0,edgeCount
32,25,54,0.15,4,21,random,-1,-1,-1,6,-7,0,-1,-7,-1,-1,-7,0,edgeCount
31,25,37,0.15,1,0,random,-1,4,4,4,0,0,4,0,4,4,0,0,edgeCount
30,25,54,0.15,2,7,random,-1,3,3,3,0,0,3,0,3,3,0,0,edgeCount
29,25,47,0.15,5,28,random,-1,6,2,2,4,8,2,0,2,2,0,4,edgeCount
28,25,45,0.15,4,21,random,-1,-1,-1,4,-5,0,-1,-5,-1,-1,-5,0,edgeCount
27,25,51,0.15,4,21,random,-1,4,2,2,2,6,2,0,6,2,4,4,edgeCount
26,25,51,0.15,2,7,random,-1,4,4,3,1,14,3,0,3,3,0,8,edgeCount
25,25,62,0.15,2,7,random,-1,3,3,3,0,0,5,2,5,5,2,0,edgeCount
24,25,26,0.15,3,14,random,-1,-1,-1,-1,0,2,-1,0,-1,-1,0,2,edgeCount
23,25,49,0.15,3,14,random,-1,2,2,2,0,0,2,0,2,2,0,0,edgeCount
22,25,40,0.15,1,0,random,-1,4,6,4,0,2,4,0,4,6,0,2,edgeCount
21,25,34,0.15,2,7,random,-1,-1,-1,5,-6,2,-1,-6,-1,-1,-6,2,edgeCount
20,25,42,0.15,3,14,random,-1,-1,-1,-1,0,0,-1,0,-1,-1,0,0,edgeCount
19,25,46,0.15,3,14,random,-1,12,4,4,8,0,4,0,4,4,0,0,edgeCount
18,25,42,0.15,5,28,random,-1,-1,-1,-1,0,0,-1,0,-1,-1,0,0,edgeCount
17,25,50,0.15,4,21,random,-1,2,2,2,0,0,2,0,2,2,0,0,edgeCount
16,25,50,0.15,4,21,random,-1,3,9,3,0,0,7,4,7,7,4,0,edgeCount
15,25,50,0.15,4,21,random,-1,4,12,3,1,0,6,3,6,6,3,0,edgeCount
14,25,50,0.15,2,7,random,-1,4,4,4,0,0,4,0,4,4,0,0,edgeCount
13,25,50,0.15,3,14,random,-1,4,4,4,0,0,7,3,7,7,3,0,edgeCount
12,25,48,0.15,3,14,random,-1,3,3,3,0,6,3,0,3,3,0,4,edgeCount
11,25,48,0.15,2,7,random,-1,3,9,3,0,0,3,0,3,3,0,0,edgeCount
10,25,59,0.15,5,28,random,-1,8,2,2,6,0,2,0,2,2,0,0,edgeCount
9,25,39,0.15,3,14,random,-1,-1,-1,4,-5,0,-1,-5,-1,-1,-5,0,edgeCount
8,25,39,0.15,3,14,random,-1,3,3,2,1,0,2,0,3,2,1,0,edgeCount
7,25,58,0.15,3,14,random,-1,3,9,3,0,8,3,0,3,3,0,4,edgeCount
6,25,37,0.15,1,0,random,-1,4,4,4,0,0,4,0,4,4,0,0,edgeCount
5,25,41,0.15,3,14,random,-1,4,2,2,2,0,2,0,4,2,2,0,edgeCount
4,25,38,0.15,2,7,random,-1,4,3,3,1,0,3,0,3,3,0,0,edgeCount
3,25,44,0.15,3,14,random,-1,3,3,3,0,0,3,0,3,3,0,0,edgeCount
2,25,54,0.15,2,7,random,-1,4,4,2,2,0,2,0,2,2,0,0,edgeCount
1,25,40,0.15,3,14,random,-1,4,4,4,0,0,5,1,4,4,0,0,edgeCount
