rep,nrNodes,nrEdges,edgeProb,nrPaths,nrFails,failureModel,failurePercent,hopsRanked,hopsUnranked,spLength,stretch_mult,nodeAdditions,hopsPath,stretch_path,hopsRankedOne,hopsUnrankedOne,stretch_one,overallNodeAdditionsOne,treeChoice
1000,25,39,0.15,3,14,random,-1,-1,-1,-1,0,0,-1,0,-1,-1,0,0,edgeCount
999,25,49,0.15,4,22,random,-1,-1,-1,-1,0,0,-1,0,-1,-1,0,0,edgeCount
998,25,45,0.15,3,14,random,-1,-1,-1,-1,0,0,-1,0,-1,-1,0,0,edgeCount
997,25,45,0.15,2,7,random,-1,7,7,3,4,6,3,0,3,3,0,4,edgeCount
996,25,50,0.15,5,29,random,-1,6,3,2,4,0,3,1,3,3,1,0,edgeCount
995,25,45,0.15,1,0,random,-1,3,3,3,0,0,3,0,3,3,0,0,edgeCount
994,25,43,0.15,4,22,random,-1,9,13,5,4,0,11,6,11,11,6,0,edgeCount
993,25,58,0.15,2,7,random,-1,3,3,3,0,8,3,0,3,3,0,4,edgeCount
992,25,43,0.15,3,14,random,-1,6,4,4,2,0,-1,-5,-1,-1,-5,0,edgeCount
991,25,33,0.15,1,0,random,-1,3,3,3,0,0,3,0,3,3,0,0,edgeCount
990,25,40,0.15,2,7,random,-1,-1,-1,7,-8,2,-1,-8,-1,-1,-8,2,edgeCount
989,25,52,0.15,4,22,random,-1,-1,-1,4,-5,4,-1,-5,-1,-1,-5,2,edgeCount
988,25,44,0.15,1,0,random,-1,4,5,4,0,2,4,0,4,5,0,2,edgeCount
987,25,40,0.15,3,14,random,-1,-1,-1,-1,0,0,-1,0,-1,-1,0,0,edgeCount
986,25,46,0.15,2,7,random,-1,7,13,5,2,4,-1,-6,-1,-1,-6,2,edgeCount
985,25,43,0.15,1,0,random,-1,3,5,3,0,6,3,0,3,5,0,6,edgeCount
984,25,50,0.15,4,22,random,-1,-1,-1,-1,0,0,-1,0,-1,-1,0,0,edgeCount
983,25,49,0.15,4,22,random,-1,-1,-1,3,-4,8,-1,-4,-1,-1,-4,6,edgeCount
982,25,44,0.15,2,7,random,-1,-1,-1,3,-4,0,-1,-4,-1,-1,-4,0,edgeCount
981,25,44,0.15,3,14,random,-1,3,3,3,0,0,5,2,5,5,2,0,edgeCount
980,25,42,0.15,2,7,random,-1,2,2,2,0,6,2,0,2,2,0,6,edgeCount
979,25,51,0.15,3,14,random,-1,4,3,2,2,0,2,0,3,2,1,0,edgeCount
978,25,38,0.15,1,0,random,-1,3,3,3,0,0,3,0,3,3,0,0,edgeCount
977,25,37,0.15,1,0,random,-1,2,2,2,0,0,2,0,2,2,0,0,edgeCount
976,25,36,0.15,1,0,random,-1,4,4,4,0,2,4,0,4,4,0,2,edgeCount
975,25,36,0.15,1,0,random,-1,5,5,5,0,0,5,0,5,5,0,0,edgeCount
974,25,44,0.15,3,14,random,-1,3,3,3,0,10,3,0,3,3,0,6,edgeCount
973,25,39,0.15,2,7,random,-1,2,2,2,0,2,2,0,2,2,0,2,edgeCount
972,25,55,0.15,3,14,random,-1,5,3,3,2,0,3,0,3,3,0,0,edgeCount
971,25,43,0.15,1,0,random,-1,3,3,3,0,2,3,0,3,3,0,2,edgeCount
970,25,48,0.15,4,22,random,-1,-1,-1,5,-6,0,-1,-6,-1,-1,-6,0,edgeCount
969,25,48,0.15,2,7,random,-1,2,2,2,0,0,2,0,2,2,0,0,edgeCount
968,25,41,0.15,2,7,random,-1,4,4,2,2,0,2,0,2,2,0,0,edgeCount
967,25,52,0.15,2,7,random,-1,6,6,3,3,0,-1,-4,-1,-1,-4,0,edgeCount
966,25,45,0.15,2,7,random,-1,4,4,4,0,8,4,0,4,4,0,4,edgeCount
965,25,40,0.15,3,14,random,-1,-1,-1,4,-5,0,-1,-5,-1,-1,-5,0,edgeCount
964,25,45,0.15,1,0,random,-1,4,5,4,0,2,4,0,4,5,0,2,edgeCount
963,25,50,0.15,4,22,random,-1,4,6,4,0,0,6,2,6,6,2,0,edgeCount
962,25,43,0.15,2,7,random,-1,4,4,3,1,0,3,0,3,3,0,0,edgeCount
961,25,41,0.15,3,14,random,-1,-1,-1,5,-6,14,-1,-6,-1,-1,-6,10,edgeCount
960,25,39,0.15,2,7,random,-1,4,4,2,2,0,2,0,2,2,0,0,edgeCount
959,25,44,0.15,1,0,random,-1,2,2,2,0,10,2,0,2,2,0,10,edgeCount
958,25,45,0.15,2,7,random,-1,4,5,3,1,0,3,0,3,3,0,0,edgeCount
957,25,51,0.15,5,29,random,-1,6,6,2,4,2,2,0,2,2,0,2,edgeCount
956,25,47,0.15,4,22,random,-1,9,3,3,6,6,-1,-4,-1,-1,-4,4,edgeCount
955,25,44,0.15,1,0,random,-1,5,5,5,0,4,5,0,5,5,0,4,edgeCount
954,25,51,0.15,3,14,random,-1,4,4,4,0,0,4,0,4,4,0,0,edgeCount
953,25,42,0.15,2,7,random,-1,3,6,3,0,0,3,0,3,3,0,0,edgeCount
952,25,48,0.15,2,7,random,-1,3,3,3,0,6,-1,-4,-1,-1,-4,6,edgeCount
951,25,58,0.15,4,22,random,-1,3,3,3,0,0,3,0,3,3,0,0,edgeCount
950,25,50,0.15,4,22,random,-1,12,8,4,8,6,-1,-5,-1,-1,-5,2,edgeCount
949,25,54,0.15,2,7,random,-1,3,3,3,0,0,3,0,3,3,0,0,edgeCount
948,25,41,0.15,1,0,random,-1,4,7,4,0,4,4,0,4,7,0,4,edgeCount
947,25,46,0.15,2,7,random,-1,5,5,5,0,0,5,0,5,5,0,0,edgeCount
946,25,46,0.15,3,14,random,-1,4,4,4,0,0,4,0,4,4,0,0,edgeCount
945,25,50,0.15,4,22,random,-1,-1,-1,4,-5,0,-1,-5,-1,-1,-5,0,edgeCount
944,25,46,0.15,3,14,random,-1,3,5,3,0,0,3,0,3,3,0,0,edgeCount
943,25,50,0.15,1,0,random,-1,3,4,3,0,8,3,0,3,4,0,8,edgeCount
942,25,50,0.15,3,14,random,-1,4,15,3,1,8,12,9,7,3,4,4,edgeCount
941,25,47,0.15,1,0,random,-1,4,4,4,0,8,4,0,4,4,0,8,edgeCount
940,25,61,0.15,1,0,random,-1,2,2,2,0,6,2,0,2,2,0,6,edgeCount
939,25,47,0.15,3,14,random,-1,-1,-1,3,-4,4,-1,-4,-1,-1,-4,4,edgeCount
938,25,49,0.15,3,14,random,-1,2,2,2,0,0,2,0,2,2,0,0,edgeCount
937,25,52,0.15,3,14,random,-1,5,6,2,3,6,2,0,2,2,0,4,edgeCount
936,25,46,0.15,3,14,random,-1,5,3,3,2,0,3,0,3,3,0,0,edgeCount
935,25,42,0.15,2,7,random,-1,6,4,4,2,10,4,0,4,4,0,6,edgeCount
934,25,59,0.15,3,14,random,-1,6,6,2,4,24,2,0,2,2,0,12,edgeCount
933,25,55,0.15,4,22,random,-1,9,3,3,6,0,3,0,3,3,0,0,edgeCount
932,25,53,0.15,5,29,random,-1,4,2,2,2,6,2,0,2,2,0,4,edgeCount
931,25,46,0.15,2,7,random,-1,3,3,3,0,0,3,0,3,3,0,0,edgeCount
930,25,39,0.15,3,14,random,-1,4,4,4,0,4,4,0,4,4,0,4,edgeCount
929,25,40,0.15,3,14,random,-1,9,9,5,4,0,-1,-6,-1,-1,-6,0,edgeCount
928,25,49,0.15,4,22,random,-1,2,2,2,0,2,4,2,4,4,2,2,edgeCount
927,25,47,0.15,4,22,random,-1,3,3,3,0,0,3,0,3,3,0,0,edgeCount
926,25,49,0.15,2,7,random,-1,-1,-1,-1,0,8,-1,0,-1,-1,0,4,edgeCount
925,25,45,0.15,2,7,random,-1,4,4,2,2,0,2,0,4,2,2,0,edgeCount
924,25,41,0.15,4,22,random,-1,-1,-1,-1,0,0,-1,0,-1,-1,0,0,edgeCount
923,25,40,0.15,3,14,random,-1,2,2,2,0,4,2,0,2,2,0,4,edgeCount
922,25,57,0.15,6,36,random,-1,4,4,2,2,4,2,0,2,2,0,2,edgeCount
921,25,47,0.15,4,22,random,-1,-1,-1,7,-8,0,-1,-8,-1,-1,-8,0,edgeCount
920,25,47,0.15,4,22,random,-1,-1,-1,5,-6,0,-1,-6,-1,-1,-6,0,edgeCount
919,25,47,0.15,2,7,random,-1,6,6,2,4,4,2,0,2,2,0,2,edgeCount
918,25,40,0.15,2,7,random,-1,-1,-1,4,-5,8,-1,-5,8,9,4,8,edgeCount
917,25,40,0.15,4,22,random,-1,2,2,2,0,0,2,0,2,2,0,0,edgeCount
916,25,45,0.15,5,29,random,-1,-1,-1,-1,0,2,-1,0,-1,-1,0,2,edgeCount
915,25,43,0.15,2,7,random,-1,3,3,3,0,0,3,0,3,3,0,0,edgeCount
914,25,40,0.15,1,0,random,-1,3,3,3,0,0,3,0,3,3,0,0,edgeCount
913,25,44,0.15,2,7,random,-1,4,5,3,1,4,3,0,3,3,0,2,edgeCount
912,25,53,0.15,4,22,random,-1,-1,-1,4,-5,0,-1,-5,-1,-1,-5,0,edgeCount
911,25,39,0.15,2,7,random,-1,5,5,5,0,0,5,0,5,5,0,0,edgeCount
910,25,50,0.15,4,22,random,-1,-1,-1,3,-4,0,-1,-4,-1,-1,-4,0,edgeCount
909,25,47,0.15,3,14,random,-1,5,3,3,2,0,3,0,3,3,0,0,edgeCount
908,25,48,0.15,4,22,random,-1,3,5,3,0,0,3,0,3,3,0,0,edgeCount
907,25,41,0.15,2,7,random,-1,8,8,2,6,0,2,0,2,2,0,0,edgeCount
906,25,54,0.15,4,22,random,-1,3,3,3,0,14,-1,-4,5,3,2,8,edgeCount
905,25,44,0.15,3,14,random,-1,-1,-1,-1,0,8,-1,0,-1,-1,0,4,edgeCount
904,25,45,0.15,2,7,random,-1,5,5,5,0,0,5,0,5,5,0,0,edgeCount
903,25,43,0.15,1,0,random,-1,2,2,2,0,14,2,0,2,2,0,14,edgeCount
902,25,41,0.15,1,0,random,-1,3,3,3,0,0,3,0,3,3,0,0,edgeCount
901,25,48,0.15,4,22,random,-1,-1,-1,3,-4,0,-1,-4,-1,-1,-4,0,edgeCount
900,25,42,0.15,2,7,random,-1,6,6,4,2,10,-1,-5,6,8,2,6,edgeCount
899,25,38,0.15,1,0,random,-1,2,2,2,0,6,2,0,2,2,0,6,edgeCount
898,25,46,0.15,2,7,random,-1,4,4,4,0,0,4,0,4,4,0,0,edgeCount
897,25,56,0.15,3,14,random,-1,5,5,4,1,0,4,0,4,4,0,0,edgeCount
896,25,47,0.15,1,0,random,-1,3,3,3,0,0,3,0,3,3,0,0,edgeCount
895,25,43,0.15,3,14,random,-1,5,11,4,1,8,9,5,9,9,5,4,edgeCount
894,25,36,0.15,1,0,random,-1,3,4,3,0,2,3,0,3,4,0,2,edgeCount
893,25,52,0.15,4,22,random,-1,3,3,3,0,4,-1,-4,-1,-1,-4,4,edgeCount
892,25,58,0.15,3,14,random,-1,4,3,3,1,4,3,0,3,3,0,2,edgeCount
891,25,42,0.15,4,22,random,-1,9,3,3,6,0,3,0,3,3,0,0,edgeCount
890,25,41,0.15,4,22,random,-1,7,7,3,4,0,-1,-4,7,7,4,0,edgeCount
889,25,47,0.15,4,22,random,-1,-1,-1,5,-6,0,-1,-6,-1,-1,-6,0,edgeCount
888,25,47,0.15,1,0,random,-1,3,3,3,0,0,3,0,3,3,0,0,edgeCount
887,25,40,0.15,3,14,random,-1,6,6,4,2,0,6,2,6,6,2,0,edgeCount
886,25,35,0.15,1,0,random,-1,3,3,3,0,6,3,0,3,3,0,6,edgeCount
885,25,44,0.15,3,14,random,-1,3,3,3,0,10,3,0,3,3,0,6,edgeCount
884,25,43,0.15,1,0,random,-1,2,2,2,0,8,2,0,2,2,0,8,edgeCount
883,25,48,0.15,3,14,random,-1,4,3,3,1,0,3,0,3,3,0,0,edgeCount
882,25,54,0.15,4,22,random,-1,3,3,3,0,0,3,0,3,3,0,0,edgeCount
881,25,42,0.15,1,0,random,-1,3,3,3,0,8,3,0,3,3,0,8,edgeCount
880,25,49,0.15,1,0,random,-1,5,5,5,0,0,5,0,5,5,0,0,edgeCount
879,25,39,0.15,1,0,random,-1,5,5,5,0,0,5,0,5,5,0,0,edgeCount
878,25,43,0.15,1,0,random,-1,4,4,4,0,0,4,0,4,4,0,0,edgeCount
877,25,53,0.15,3,14,random,-1,3,3,3,0,0,-1,-4,-1,-1,-4,0,edgeCount
876,25,41,0.15,3,14,random,-1,14,10,6,8,0,-1,-7,-1,-1,-7,0,edgeCount
875,25,60,0.15,3,14,random,-1,3,7,3,0,0,-1,-4,-1,-1,-4,0,edgeCount
874,25,48,0.15,2,7,random,-1,3,3,3,0,0,5,2,5,5,2,0,edgeCount
873,25,40,0.15,1,0,random,-1,3,3,3,0,0,3,0,3,3,0,0,edgeCount
872,25,45,0.15,1,0,random,-1,3,7,3,0,8,3,0,3,7,0,8,edgeCount
871,25,47,0.15,3,14,random,-1,-1,-1,6,-7,4,-1,-7,-1,-1,-7,2,edgeCount
870,25,53,0.15,5,29,random,-1,-1,-1,5,-6,4,-1,-6,-1,-1,-6,2,edgeCount
869,25,44,0.15,2,7,random,-1,3,3,3,0,0,4,1,4,3,1,0,edgeCount
868,25,54,0.15,5,29,random,-1,-1,-1,-1,0,8,-1,0,-1,-1,0,4,edgeCount
867,25,49,0.15,3,14,random,-1,2,2,2,0,10,2,0,2,2,0,6,edgeCount
866,25,43,0.15,2,7,random,-1,4,4,4,0,4,4,0,4,4,0,2,edgeCount
865,25,33,0.15,2,7,random,-1,-1,-1,5,-6,0,-1,-6,-1,-1,-6,0,edgeCount
864,25,47,0.15,3,14,random,-1,2,2,2,0,0,2,0,2,2,0,0,edgeCount
863,25,56,0.15,5,29,random,-1,9,3,3,6,0,3,0,3,3,0,0,edgeCount
862,25,45,0.15,2,7,random,-1,4,4,4,0,8,4,0,4,10,0,4,edgeCount
861,25,44,0.15,1,0,random,-1,3,3,3,0,2,3,0,3,3,0,2,edgeCount
860,25,45,0.15,2,7,random,-1,4,4,4,0,0,4,0,4,4,0,0,edgeCount
859,25,54,0.15,7,43,random,-1,-1,-1,-1,0,0,-1,0,-1,-1,0,0,edgeCount
858,25,53,0.15,5,29,random,-1,-1,-1,4,-5,4,-1,-5,-1,-1,-5,2,edgeCount
857,25,39,0.15,3,14,random,-1,4,4,4,0,2,4,0,4,4,0,2,edgeCount
856,25,49,0.15,3,14,random,-1,2,2,2,0,16,2,0,2,2,0,8,edgeCount
855,25,43,0.15,2,7,random,-1,5,13,5,0,0,9,4,9,9,4,0,edgeCount
854,25,37,0.15,4,22,random,-1,-1,-1,-1,0,0,-1,0,-1,-1,0,0,edgeCount
853,25,57,0.15,2,7,random,-1,2,2,2,0,0,2,0,2,2,0,0,edgeCount
852,25,51,0.15,4,22,random,-1,3,2,2,1,10,2,0,3,2,1,6,edgeCount
851,25,37,0.15,1,0,random,-1,5,6,5,0,4,5,0,5,6,0,4,edgeCount
850,25,48,0.15,2,7,random,-1,3,3,2,1,0,2,0,3,2,1,0,edgeCount
849,25,55,0.15,3,14,random,-1,5,5,3,2,0,7,4,5,7,2,0,edgeCount
848,25,42,0.15,2,7,random,-1,3,2,2,1,4,2,0,2,2,0,2,edgeCount
847,25,42,0.15,2,7,random,-1,3,3,3,0,0,3,0,3,3,0,0,edgeCount
846,25,43,0.15,3,14,random,-1,-1,-1,-1,0,2,-1,0,-1,-1,0,2,edgeCount
845,25,46,0.15,2,7,random,-1,12,12,4,8,6,-1,-5,9,9,5,4,edgeCount
844,25,42,0.15,2,7,random,-1,7,7,5,2,0,7,2,7,7,2,0,edgeCount
843,25,42,0.15,4,22,random,-1,6,4,4,2,0,-1,-5,-1,-1,-5,0,edgeCount
842,25,43,0.15,2,7,random,-1,2,2,2,0,0,2,0,2,2,0,0,edgeCount
841,25,39,0.15,2,7,random,-1,4,4,4,0,0,4,0,4,4,0,0,edgeCount
840,25,44,0.15,3,14,random,-1,3,3,3,0,0,3,0,3,3,0,0,edgeCount
839,25,35,0.15,2,7,random,-1,-1,-1,5,-6,0,-1,-6,-1,-1,-6,0,edgeCount
838,25,50,0.15,4,22,random,-1,-1,-1,4,-5,0,-1,-5,-1,-1,-5,0,edgeCount
837,25,51,0.15,1,0,random,-1,2,2,2,0,0,2,0,2,2,0,0,edgeCount
836,25,47,0.15,5,29,random,-1,8,8,2,6,2,2,0,4,2,2,2,edgeCount
835,25,42,0.15,3,14,random,-1,-1,-1,7,-8,0,-1,-8,-1,-1,-8,0,edgeCount
834,25,52,0.15,4,22,random,-1,11,5,3,8,4,-1,-4,-1,-1,-4,2,edgeCount
833,25,38,0.15,2,7,random,-1,2,2,2,0,2,2,0,2,2,0,2,edgeCount
832,25,58,0.15,1,0,random,-1,4,4,4,0,2,4,0,4,4,0,2,edgeCount
831,25,49,0.15,2,7,random,-1,3,3,2,1,0,2,0,2,2,0,0,edgeCount
830,25,52,0.15,2,7,random,-1,3,3,2,1,6,2,0,2,2,0,4,edgeCount
829,25,38,0.15,1,0,random,-1,3,3,3,0,6,3,0,3,3,0,6,edgeCount
828,25,46,0.15,3,14,random,-1,4,4,4,0,8,4,0,4,4,0,4,edgeCount
827,25,32,0.15,1,0,random,-1,4,4,4,0,2,4,0,4,4,0,2,edgeCount
826,25,34,0.15,2,7,random,-1,2,2,2,0,0,2,0,2,2,0,0,edgeCount
825,25,43,0.15,2,7,random,-1,3,3,2,1,0,2,0,2,2,0,0,edgeCount
824,25,44,0.15,3,14,random,-1,5,3,3,2,8,-1,-4,7,7,4,6,edgeCount
823,25,44,0.15,2,7,random,-1,3,3,2,1,0,2,0,2,2,0,0,edgeCount
822,25,43,0.15,1,0,random,-1,4,4,4,0,0,4,0,4,4,0,0,edgeCount
821,25,46,0.15,1,0,random,-1,2,2,2,0,0,2,0,2,2,0,0,edgeCount
820,25,45,0.15,2,7,random,-1,6,11,3,3,0,3,0,3,3,0,0,edgeCount
819,25,46,0.15,3,14,random,-1,4,8,4,0,0,8,4,8,8,4,0,edgeCount
818,25,41,0.15,3,14,random,-1,2,2,2,0,0,2,0,2,2,0,0,edgeCount
817,25,47,0.15,1,0,random,-1,5,5,5,0,0,5,0,5,5,0,0,edgeCount
816,25,52,0.15,2,7,random,-1,5,5,2,3,0,2,0,2,2,0,0,edgeCount
815,25,43,0.15,2,7,random,-1,5,3,3,2,12,3,0,3,4,0,6,edgeCount
814,25,43,0.15,2,7,random,-1,6,6,6,0,4,-1,-7,-1,-1,-7,2,edgeCount
813,25,45,0.15,2,7,random,-1,3,5,3,0,0,3,0,3,3,0,0,edgeCount
812,25,59,0.15,1,0,random,-1,3,4,3,0,12,3,0,3,4,0,12,edgeCount
811,25,40,0.15,2,7,random,-1,-1,-1,5,-6,0,-1,-6,-1,-1,-6,0,edgeCount
810,25,43,0.15,4,22,random,-1,-1,-1,-1,0,0,-1,0,-1,-1,0,0,edgeCount
809,25,52,0.15,4,22,random,-1,-1,-1,5,-6,6,-1,-6,-1,-1,-6,4,edgeCount
808,25,52,0.15,6,36,random,-1,-1,-1,-1,0,2,-1,0,-1,-1,0,2,edgeCount
807,25,50,0.15,3,14,random,-1,4,4,4,0,0,-1,-5,-1,-1,-5,0,edgeCount
806,25,40,0.15,2,7,random,-1,-1,-1,-1,0,2,-1,0,-1,-1,0,2,edgeCount
805,25,45,0.15,2,7,random,-1,4,4,4,0,8,4,0,4,4,0,6,edgeCount
804,25,35,0.15,4,22,random,-1,-1,-1,-1,0,0,-1,0,-1,-1,0,0,edgeCount
803,25,42,0.15,2,7,random,-1,3,7,3,0,0,3,0,3,3,0,0,edgeCount
802,25,45,0.15,5,29,random,-1,-1,-1,-1,0,0,-1,0,-1,-1,0,0,edgeCount
801,25,48,0.15,3,14,random,-1,11,15,4,7,0,15,11,15,15,11,0,edgeCount
800,25,55,0.15,3,14,random,-1,2,2,2,0,6,2,0,2,2,0,2,edgeCount
799,25,51,0.15,1,0,random,-1,5,5,5,0,10,5,0,5,5,0,10,edgeCount
798,25,48,0.15,3,14,random,-1,-1,-1,5,-6,8,-1,-6,-1,-1,-6,4,edgeCount
797,25,40,0.15,1,0,random,-1,4,5,4,0,4,4,0,4,5,0,4,edgeCount
796,25,43,0.15,2,7,random,-1,4,8,4,0,2,-1,-5,-1,-1,-5,2,edgeCount
795,25,43,0.15,3,14,random,-1,-1,-1,4,-5,4,-1,-5,-1,-1,-5,2,edgeCount
794,25,53,0.15,4,22,random,-1,4,4,4,0,10,-1,-5,-1,-1,-5,4,edgeCount
793,25,48,0.15,2,7,random,-1,2,2,2,0,0,2,0,2,2,0,0,edgeCount
792,25,46,0.15,4,22,random,-1,-1,-1,-1,0,0,-1,0,-1,-1,0,0,edgeCount
791,25,50,0.15,4,22,random,-1,4,2,2,2,8,2,0,2,2,0,4,edgeCount
790,25,44,0.15,2,7,random,-1,2,2,2,0,6,2,0,2,2,0,6,edgeCount
789,25,50,0.15,3,14,random,-1,-1,-1,-1,0,4,-1,0,-1,-1,0,2,edgeCount
788,25,59,0.15,5,29,random,-1,3,3,3,0,6,5,2,5,5,2,4,edgeCount
787,25,41,0.15,3,14,random,-1,2,2,2,0,0,2,0,2,2,0,0,edgeCount
786,25,48,0.15,2,7,random,-1,3,3,2,1,0,2,0,2,2,0,0,edgeCount
785,25,46,0.15,3,14,random,-1,-1,-1,-1,0,0,-1,0,-1,-1,0,0,edgeCount
784,25,36,0.15,3,14,random,-1,-1,-1,4,-5,6,-1,-5,12,12,8,6,edgeCount
783,25,43,0.15,3,14,random,-1,-1,-1,-1,0,0,-1,0,-1,-1,0,0,edgeCount
782,25,42,0.15,2,7,random,-1,2,2,2,0,0,2,0,2,2,0,0,edgeCount
781,25,41,0.15,2,7,random,-1,10,4,4,6,0,4,0,4,4,0,0,edgeCount
780,25,40,0.15,1,0,random,-1,5,5,5,0,0,5,0,5,5,0,0,edgeCount
779,25,41,0.15,2,7,random,-1,8,4,4,4,2,4,0,4,4,0,2,edgeCount
778,25,38,0.15,3,14,random,-1,3,3,3,0,0,3,0,3,3,0,0,edgeCount
777,25,32,0.15,3,14,random,-1,-1,-1,-1,0,0,-1,0,-1,-1,0,0,edgeCount
776,25,54,0.15,2,7,random,-1,4,4,4,0,0,4,0,4,4,0,0,edgeCount
775,25,48,0.15,1,0,random,-1,4,4,4,0,0,4,0,4,4,0,0,edgeCount
774,25,37,0.15,2,7,random,-1,-1,-1,-1,0,8,-1,0,-1,-1,0,4,edgeCount
773,25,48,0.15,2,7,random,-1,3,3,2,1,0,2,0,2,2,0,0,edgeCount
772,25,44,0.15,5,29,random,-1,-1,-1,-1,0,0,-1,0,-1,-1,0,0,edgeCount
771,25,46,0.15,3,14,random,-1,14,14,4,10,8,4,0,4,4,0,4,edgeCount
770,25,43,0.15,3,14,random,-1,8,4,4,4,0,4,0,4,4,0,0,edgeCount
769,25,37,0.15,2,7,random,-1,-1,-1,4,-5,4,-1,-5,-1,-1,-5,4,edgeCount
768,25,48,0.15,4,22,random,-1,2,2,2,0,8,2,0,2,2,0,4,edgeCount
767,25,48,0.15,3,14,random,-1,6,2,2,4,0,2,0,2,2,0,0,edgeCount
766,25,51,0.15,2,7,random,-1,3,6,3,0,0,3,0,3,3,0,0,edgeCount
765,25,44,0.15,1,0,random,-1,5,5,5,0,2,5,0,5,5,0,2,edgeCount
764,25,49,0.15,3,14,random,-1,7,6,3,4,4,3,0,3,3,0,2,edgeCount
763,25,45,0.15,1,0,random,-1,4,4,4,0,0,4,0,4,4,0,0,edgeCount
762,25,43,0.15,2,7,random,-1,3,11,3,0,4,3,0,3,3,0,4,edgeCount
761,25,52,0.15,5,29,random,-1,7,5,3,4,0,-1,-4,-1,-1,-4,0,edgeCount
760,25,44,0.15,2,7,random,-1,-1,-1,4,-5,0,-1,-5,-1,-1,-5,0,edgeCount
759,25,46,0.15,1,0,random,-1,4,4,4,0,6,4,0,4,4,0,6,edgeCount
758,25,55,0.15,3,14,random,-1,4,5,3,1,10,3,0,3,3,0,6,edgeCount
757,25,59,0.15,2,7,random,-1,4,4,4,0,0,4,0,4,4,0,0,edgeCount
756,25,47,0.15,2,7,random,-1,3,3,3,0,0,3,0,3,3,0,0,edgeCount
755,25,42,0.15,2,7,random,-1,4,7,4,0,8,8,4,8,8,4,4,edgeCount
754,25,42,0.15,4,22,random,-1,6,2,2,4,0,2,0,2,2,0,0,edgeCount
753,25,45,0.15,2,7,random,-1,3,3,3,0,2,3,0,3,3,0,2,edgeCount
752,25,38,0.15,3,14,random,-1,-1,-1,4,-5,2,-1,-5,-1,-1,-5,2,edgeCount
751,25,54,0.15,5,29,random,-1,-1,-1,-1,0,2,-1,0,-1,-1,0,2,edgeCount
750,25,41,0.15,2,7,random,-1,-1,-1,6,-7,2,-1,-7,-1,-1,-7,2,edgeCount
749,25,45,0.15,2,7,random,-1,6,4,4,2,4,-1,-5,10,4,6,2,edgeCount
748,25,50,0.15,3,14,random,-1,3,5,2,1,0,2,0,2,2,0,0,edgeCount
747,25,48,0.15,3,14,random,-1,-1,-1,-1,0,6,-1,0,-1,-1,0,4,edgeCount
746,25,44,0.15,2,7,random,-1,-1,-1,-1,0,8,-1,0,-1,-1,0,4,edgeCount
745,25,45,0.15,1,0,random,-1,4,4,4,0,4,4,0,4,4,0,4,edgeCount
744,25,57,0.15,3,14,random,-1,5,5,2,3,0,2,0,4,2,2,0,edgeCount
743,25,52,0.15,4,22,random,-1,9,7,3,6,0,3,0,3,3,0,0,edgeCount
742,25,46,0.15,3,14,random,-1,8,4,4,4,14,10,6,10,10,6,8,edgeCount
741,25,36,0.15,1,0,random,-1,8,8,8,0,4,8,0,8,8,0,4,edgeCount
740,25,48,0.15,5,29,random,-1,-1,-1,-1,0,4,-1,0,-1,-1,0,2,edgeCount
739,25,44,0.15,2,7,random,-1,4,4,4,0,4,4,0,4,4,0,2,edgeCount
738,25,40,0.15,2,7,random,-1,4,3,3,1,4,3,0,3,3,0,4,edgeCount
737,25,45,0.15,2,7,random,-1,4,2,2,2,10,2,0,2,2,0,8,edgeCount
736,25,45,0.15,2,7,random,-1,2,2,2,0,0,2,0,2,2,0,0,edgeCount
735,25,37,0.15,1,0,random,-1,2,2,2,0,0,2,0,2,2,0,0,edgeCount
734,25,47,0.15,2,7,random,-1,3,8,3,0,8,3,0,3,3,0,4,edgeCount
733,25,42,0.15,2,7,random,-1,4,4,4,0,0,4,0,4,4,0,0,edgeCount
732,25,51,0.15,4,22,random,-1,3,3,3,0,4,3,0,3,3,0,2,edgeCount
731,25,48,0.15,2,7,random,-1,3,3,3,0,0,3,0,3,3,0,0,edgeCount
730,25,42,0.15,1,0,random,-1,4,4,4,0,6,4,0,4,4,0,6,edgeCount
729,25,30,0.15,1,0,random,-1,3,3,3,0,0,3,0,3,3,0,0,edgeCount
728,25,45,0.15,2,7,random,-1,3,3,3,0,0,3,0,3,3,0,0,edgeCount
727,25,38,0.15,2,7,random,-1,5,4,3,2,8,3,0,3,5,0,6,edgeCount
726,25,33,0.15,2,7,random,-1,5,7,3,2,2,-1,-4,5,5,2,2,edgeCount
725,25,46,0.15,5,29,random,-1,-1,-1,-1,0,0,-1,0,-1,-1,0,0,edgeCount
724,25,52,0.15,3,14,random,-1,-1,-1,4,-5,12,-1,-5,-1,-1,-5,6,edgeCount
723,25,45,0.15,2,7,random,-1,3,3,3,0,0,3,0,3,3,0,0,edgeCount
722,25,46,0.15,5,29,random,-1,-1,-1,-1,0,0,-1,0,-1,-1,0,0,edgeCount
721,25,41,0.15,2,7,random,-1,6,5,5,1,0,5,0,9,9,4,0,edgeCount
720,25,41,0.15,3,14,random,-1,7,2,2,5,0,2,0,2,2,0,0,edgeCount
719,25,46,0.15,2,7,random,-1,3,3,3,0,0,3,0,3,3,0,0,edgeCount
718,25,38,0.15,4,22,random,-1,-1,-1,-1,0,4,-1,0,-1,-1,0,2,edgeCount
717,25,42,0.15,4,22,random,-1,3,3,3,0,4,-1,-4,-1,-1,-4,2,edgeCount
716,25,52,0.15,3,14,random,-1,4,4,2,2,0,2,0,2,2,0,0,edgeCount
715,25,43,0.15,2,7,random,-1,3,3,3,0,0,3,0,3,3,0,0,edgeCount
714,25,45,0.15,2,7,random,-1,-1,-1,6,-7,0,-1,-7,-1,-1,-7,0,edgeCount
713,25,35,0.15,2,7,random,-1,3,3,3,0,0,4,1,3,3,0,0,edgeCount
712,25,53,0.15,2,7,random,-1,3,4,3,0,0,3,0,3,3,0,0,edgeCount
711,25,50,0.15,1,0,random,-1,3,3,3,0,0,3,0,3,3,0,0,edgeCount
710,25,46,0.15,3,14,random,-1,4,6,4,0,0,8,4,8,8,4,0,edgeCount
709,25,46,0.15,3,14,random,-1,4,3,3,1,0,3,0,3,3,0,0,edgeCount
708,25,38,0.15,2,7,random,-1,3,5,3,0,8,3,0,3,3,0,6,edgeCount
707,25,37,0.15,2,7,random,-1,6,6,4,2,0,6,2,6,6,2,0,edgeCount
706,25,48,0.15,4,22,random,-1,4,2,2,2,0,2,0,2,2,0,0,edgeCount
705,25,42,0.15,1,0,random,-1,3,3,3,0,0,3,0,3,3,0,0,edgeCount
704,25,45,0.15,5,29,random,-1,-1,-1,-1,0,0,-1,0,-1,-1,0,0,edgeCount
703,25,47,0.15,2,7,random,-1,2,2,2,0,4,2,0,2,2,0,2,edgeCount
702,25,39,0.15,1,0,random,-1,4,4,4,0,8,4,0,4,4,0,8,edgeCount
701,25,49,0.15,3,14,random,-1,-1,-1,6,-7,0,-1,-7,-1,-1,-7,0,edgeCount
700,25,51,0.15,4,22,random,-1,4,4,2,2,2,2,0,2,2,0,2,edgeCount
699,25,37,0.15,1,0,random,-1,5,5,5,0,0,5,0,5,5,0,0,edgeCount
698,25,51,0.15,1,0,random,-1,2,2,2,0,10,2,0,2,2,0,10,edgeCount
697,25,47,0.15,1,0,random,-1,4,4,4,0,0,4,0,4,4,0,0,edgeCount
696,25,51,0.15,3,14,random,-1,-1,-1,6,-7,0,-1,-7,-1,-1,-7,0,edgeCount
695,25,37,0.15,3,14,random,-1,6,4,3,3,0,-1,-4,-1,-1,-4,0,edgeCount
694,25,53,0.15,5,29,random,-1,-1,-1,4,-5,0,-1,-5,-1,-1,-5,0,edgeCount
693,25,43,0.15,3,14,random,-1,3,5,3,0,8,5,2,5,3,2,8,edgeCount
692,25,49,0.15,4,22,random,-1,2,2,2,0,14,2,0,2,2,0,8,edgeCount
691,25,36,0.15,1,0,random,-1,4,4,4,0,8,4,0,4,4,0,8,edgeCount
690,25,46,0.15,1,0,random,-1,3,3,3,0,0,3,0,3,3,0,0,edgeCount
689,25,45,0.15,2,7,random,-1,2,2,2,0,0,2,0,2,2,0,0,edgeCount
688,25,40,0.15,5,29,random,-1,-1,-1,-1,0,0,-1,0,-1,-1,0,0,edgeCount
687,25,47,0.15,1,0,random,-1,2,2,2,0,0,2,0,2,2,0,0,edgeCount
686,25,49,0.15,1,0,random,-1,2,2,2,0,0,2,0,2,2,0,0,edgeCount
685,25,50,0.15,3,14,random,-1,3,10,3,0,12,3,0,3,3,0,6,edgeCount
684,25,49,0.15,3,14,random,-1,3,3,3,0,0,3,0,3,3,0,0,edgeCount
683,25,40,0.15,1,0,random,-1,3,4,3,0,10,3,0,3,4,0,10,edgeCount
682,25,49,0.15,1,0,random,-1,3,3,3,0,0,3,0,3,3,0,0,edgeCount
681,25,49,0.15,3,14,random,-1,4,5,3,1,0,3,0,3,3,0,0,edgeCount
680,25,41,0.15,1,0,random,-1,5,5,5,0,0,5,0,5,5,0,0,edgeCount
679,25,43,0.15,2,7,random,-1,4,4,2,2,0,2,0,2,2,0,0,edgeCount
678,25,45,0.15,4,22,random,-1,8,6,2,6,2,2,0,6,2,4,2,edgeCount
677,25,43,0.15,3,14,random,-1,4,3,3,1,0,6,3,6,6,3,0,edgeCount
676,25,51,0.15,3,14,random,-1,2,2,2,0,6,2,0,2,2,0,2,edgeCount
675,25,51,0.15,4,22,random,-1,-1,-1,-1,0,0,-1,0,-1,-1,0,0,edgeCount
674,25,36,0.15,1,0,random,-1,3,3,3,0,0,3,0,3,3,0,0,edgeCount
673,25,41,0.15,2,7,random,-1,10,10,4,6,6,4,0,4,15,0,6,edgeCount
672,25,41,0.15,2,7,random,-1,4,4,2,2,0,2,0,2,2,0,0,edgeCount
671,25,52,0.15,3,14,random,-1,3,3,3,0,0,3,0,3,3,0,0,edgeCount
670,25,47,0.15,1,0,random,-1,3,5,3,0,2,3,0,3,5,0,2,edgeCount
669,25,53,0.15,5,29,random,-1,-1,-1,-1,0,0,-1,0,-1,-1,0,0,edgeCount
668,25,35,0.15,3,14,random,-1,-1,-1,-1,0,0,-1,0,-1,-1,0,0,edgeCount
667,25,41,0.15,2,7,random,-1,6,6,4,2,0,6,2,6,6,2,0,edgeCount
666,25,42,0.15,1,0,random,-1,4,4,4,0,0,4,0,4,4,0,0,edgeCount
665,25,37,0.15,1,0,random,-1,4,5,4,0,4,4,0,4,5,0,4,edgeCount
664,25,47,0.15,2,7,random,-1,4,4,2,2,12,2,0,2,2,0,8,edgeCount
663,25,49,0.15,3,14,random,-1,5,4,2,3,4,2,0,4,2,2,4,edgeCount
662,25,40,0.15,4,22,random,-1,-1,-1,-1,0,0,-1,0,-1,-1,0,0,edgeCount
661,25,42,0.15,2,7,random,-1,4,4,4,0,4,6,2,6,6,2,2,edgeCount
660,25,51,0.15,4,22,random,-1,3,11,3,0,4,3,0,3,3,0,2,edgeCount
659,25,52,0.15,2,7,random,-1,3,3,2,1,0,2,0,3,2,1,0,edgeCount
658,25,53,0.15,5,29,random,-1,-1,-1,5,-6,0,-1,-6,-1,-1,-6,0,edgeCount
657,25,47,0.15,3,14,random,-1,5,7,3,2,0,3,0,3,3,0,0,edgeCount
656,25,47,0.15,3,14,random,-1,6,2,2,4,4,2,0,2,2,0,4,edgeCount
655,25,51,0.15,2,7,random,-1,2,2,2,0,6,2,0,2,2,0,4,edgeCount
654,25,42,0.15,2,7,random,-1,6,6,2,4,2,2,0,2,2,0,2,edgeCount
653,25,44,0.15,3,14,random,-1,-1,-1,4,-5,4,-1,-5,-1,-1,-5,4,edgeCount
652,25,49,0.15,3,14,random,-1,3,3,3,0,0,3,0,3,3,0,0,edgeCount
651,25,53,0.15,1,0,random,-1,2,2,2,0,2,2,0,2,2,0,2,edgeCount
650,25,50,0.15,3,14,random,-1,7,3,3,4,0,5,2,5,5,2,0,edgeCount
649,25,47,0.15,2,7,random,-1,3,5,2,1,6,5,3,2,5,0,4,edgeCount
648,25,46,0.15,3,14,random,-1,2,2,2,0,0,2,0,2,2,0,0,edgeCount
647,25,47,0.15,4,22,random,-1,-1,-1,7,-8,6,-1,-8,-1,-1,-8,2,edgeCount
646,25,45,0.15,2,7,random,-1,3,3,3,0,0,-1,-4,-1,-1,-4,0,edgeCount
645,25,55,0.15,2,7,random,-1,3,4,3,0,0,3,0,3,3,0,0,edgeCount
644,25,44,0.15,3,14,random,-1,-1,-1,-1,0,0,-1,0,-1,-1,0,0,edgeCount
643,25,38,0.15,4,22,random,-1,-1,-1,3,-4,0,-1,-4,-1,-1,-4,0,edgeCount
642,25,43,0.15,3,14,random,-1,4,2,2,2,8,2,0,2,2,0,4,edgeCount
641,25,47,0.15,3,14,random,-1,8,5,4,4,0,8,4,8,8,4,0,edgeCount
640,25,39,0.15,1,0,random,-1,4,4,4,0,0,4,0,4,4,0,0,edgeCount
639,25,46,0.15,1,0,random,-1,3,5,3,0,4,3,0,3,5,0,4,edgeCount
638,25,61,0.15,3,14,random,-1,3,3,3,0,20,3,0,3,3,0,10,edgeCount
637,25,45,0.15,3,14,random,-1,13,3,3,10,0,3,0,3,3,0,0,edgeCount
636,25,47,0.15,2,7,random,-1,12,8,5,7,0,-1,-6,-1,-1,-6,0,edgeCount
635,25,40,0.15,1,0,random,-1,6,6,6,0,4,6,0,6,6,0,4,edgeCount
634,25,53,0.15,3,14,random,-1,5,3,3,2,6,3,0,3,3,0,4,edgeCount
633,25,43,0.15,2,7,random,-1,3,3,3,0,12,5,2,5,5,2,10,edgeCount
632,25,51,0.15,1,0,random,-1,4,4,4,0,0,4,0,4,4,0,0,edgeCount
631,25,37,0.15,3,14,random,-1,4,4,2,2,0,2,0,2,2,0,0,edgeCount
630,25,41,0.15,2,7,random,-1,2,2,2,0,0,2,0,2,2,0,0,edgeCount
629,25,49,0.15,3,14,random,-1,4,10,4,0,0,6,2,6,6,2,0,edgeCount
628,25,46,0.15,3,14,random,-1,4,2,2,2,8,2,0,2,2,0,8,edgeCount
627,25,45,0.15,4,22,random,-1,4,2,2,2,4,2,0,2,2,0,2,edgeCount
626,25,43,0.15,3,14,random,-1,10,4,4,6,0,4,0,4,4,0,0,edgeCount
625,25,47,0.15,3,14,random,-1,6,4,3,3,0,-1,-4,-1,-1,-4,0,edgeCount
624,25,38,0.15,1,0,random,-1,4,4,4,0,0,4,0,4,4,0,0,edgeCount
623,25,45,0.15,3,14,random,-1,-1,-1,-1,0,2,-1,0,-1,-1,0,2,edgeCount
622,25,35,0.15,1,0,random,-1,4,4,4,0,4,4,0,4,4,0,4,edgeCount
621,25,49,0.15,3,14,random,-1,6,6,2,4,0,2,0,2,2,0,0,edgeCount
620,25,47,0.15,1,0,random,-1,4,5,4,0,2,4,0,4,5,0,2,edgeCount
619,25,52,0.15,4,22,random,-1,6,2,2,4,0,2,0,2,2,0,0,edgeCount
618,25,42,0.15,1,0,random,-1,3,3,3,0,0,3,0,3,3,0,0,edgeCount
617,25,41,0.15,3,14,random,-1,3,2,2,1,0,2,0,2,2,0,0,edgeCount
616,25,46,0.15,2,7,random,-1,2,2,2,0,0,2,0,2,2,0,0,edgeCount
615,25,39,0.15,2,7,random,-1,5,5,5,0,0,5,0,5,5,0,0,edgeCount
614,25,45,0.15,2,7,random,-1,2,2,2,0,8,2,0,2,2,0,6,edgeCount
613,25,49,0.15,5,29,random,-1,-1,-1,3,-4,0,-1,-4,-1,-1,-4,0,edgeCount
612,25,54,0.15,5,29,random,-1,-1,-1,-1,0,0,-1,0,-1,-1,0,0,edgeCount
611,25,28,0.15,2,7,random,-1,-1,-1,-1,0,0,-1,0,-1,-1,0,0,edgeCount
610,25,39,0.15,2,7,random,-1,4,10,4,0,0,4,0,4,4,0,0,edgeCount
609,25,48,0.15,4,22,random,-1,-1,-1,5,-6,0,-1,-6,-1,-1,-6,0,edgeCount
608,25,31,0.15,3,14,random,-1,-1,-1,-1,0,0,-1,0,-1,-1,0,0,edgeCount
607,25,53,0.15,4,22,random,-1,7,3,3,4,2,3,0,3,3,0,2,edgeCount
606,25,50,0.15,3,14,random,-1,3,3,2,1,0,2,0,3,2,1,0,edgeCount
605,25,53,0.15,3,14,random,-1,-1,-1,4,-5,10,-1,-5,-1,-1,-5,6,edgeCount
604,25,47,0.15,3,14,random,-1,-1,-1,4,-5,0,-1,-5,-1,-1,-5,0,edgeCount
603,25,54,0.15,4,22,random,-1,8,6,4,4,0,11,7,11,11,7,0,edgeCount
602,25,34,0.15,1,0,random,-1,3,3,3,0,0,3,0,3,3,0,0,edgeCount
601,25,51,0.15,4,22,random,-1,4,2,2,2,12,2,0,2,2,0,8,edgeCount
600,25,43,0.15,4,22,random,-1,-1,-1,-1,0,0,-1,0,-1,-1,0,0,edgeCount
599,25,46,0.15,2,7,random,-1,3,4,3,0,2,3,0,3,5,0,2,edgeCount
598,25,46,0.15,2,7,random,-1,-1,-1,4,-5,0,-1,-5,-1,-1,-5,0,edgeCount
597,25,56,0.15,4,22,random,-1,4,3,2,2,0,2,0,2,2,0,0,edgeCount
596,25,33,0.15,1,0,random,-1,3,3,3,0,0,3,0,3,3,0,0,edgeCount
595,25,46,0.15,2,7,random,-1,4,4,4,0,2,5,1,4,4,0,2,edgeCount
594,25,44,0.15,1,0,random,-1,2,2,2,0,2,2,0,2,2,0,2,edgeCount
593,25,39,0.15,2,7,random,-1,10,4,4,6,2,4,0,4,4,0,2,edgeCount
592,25,50,0.15,2,7,random,-1,3,3,3,0,0,3,0,3,3,0,0,edgeCount
591,25,48,0.15,1,0,random,-1,2,2,2,0,8,2,0,2,2,0,8,edgeCount
590,25,46,0.15,3,14,random,-1,-1,-1,3,-4,2,-1,-4,-1,-1,-4,2,edgeCount
589,25,49,0.15,4,22,random,-1,7,3,3,4,0,3,0,3,3,0,0,edgeCount
588,25,46,0.15,1,0,random,-1,3,3,3,0,0,3,0,3,3,0,0,edgeCount
587,25,44,0.15,2,7,random,-1,4,4,4,0,0,4,0,4,4,0,0,edgeCount
586,25,44,0.15,3,14,random,-1,2,2,2,0,0,2,0,2,2,0,0,edgeCount
585,25,44,0.15,3,14,random,-1,3,3,3,0,2,3,0,3,3,0,2,edgeCount
584,25,52,0.15,3,14,random,-1,5,6,3,2,0,5,2,5,5,2,0,edgeCount
583,25,52,0.15,3,14,random,-1,3,3,3,0,0,5,2,3,5,0,0,edgeCount
582,25,42,0.15,1,0,random,-1,3,3,3,0,0,3,0,3,3,0,0,edgeCount
581,25,46,0.15,2,7,random,-1,3,3,3,0,4,3,0,3,3,0,2,edgeCount
580,25,55,0.15,5,29,random,-1,12,10,2,10,0,4,2,8,4,6,0,edgeCount
579,25,48,0.15,5,29,random,-1,5,5,3,2,6,-1,-4,-1,-1,-4,4,edgeCount
578,25,33,0.15,1,0,random,-1,3,3,3,0,4,3,0,3,3,0,4,edgeCount
577,25,49,0.15,3,14,random,-1,4,3,3,1,12,3,0,3,3,0,6,edgeCount
576,25,44,0.15,1,0,random,-1,4,4,4,0,0,4,0,4,4,0,0,edgeCount
575,25,57,0.15,3,14,random,-1,4,4,3,1,12,-1,-4,-1,-1,-4,6,edgeCount
574,25,44,0.15,2,7,random,-1,4,6,4,0,12,6,2,6,6,2,6,edgeCount
573,25,48,0.15,3,14,random,-1,2,2,2,0,0,2,0,2,2,0,0,edgeCount
572,25,65,0.15,4,22,random,-1,5,5,2,3,18,2,0,4,2,2,10,edgeCount
571,25,46,0.15,4,22,random,-1,3,3,3,0,2,5,2,3,5,0,2,edgeCount
570,25,39,0.15,1,0,random,-1,5,5,5,0,2,5,0,5,5,0,2,edgeCount
569,25,39,0.15,2,7,random,-1,-1,-1,-1,0,0,-1,0,-1,-1,0,0,edgeCount
568,25,47,0.15,2,7,random,-1,3,3,3,0,12,3,0,3,3,0,10,edgeCount
567,25,50,0.15,2,7,random,-1,3,5,3,0,8,7,4,7,5,4,4,edgeCount
566,25,42,0.15,2,7,random,-1,3,5,3,0,0,3,0,3,3,0,0,edgeCount
565,25,45,0.15,4,22,random,-1,-1,-1,4,-5,0,-1,-5,-1,-1,-5,0,edgeCount
564,25,45,0.15,2,7,random,-1,4,4,2,2,0,2,0,2,2,0,0,edgeCount
563,25,42,0.15,2,7,random,-1,3,3,3,0,0,3,0,3,3,0,0,edgeCount
562,25,49,0.15,4,22,random,-1,3,2,2,1,4,2,0,2,2,0,2,edgeCount
561,25,54,0.15,4,22,random,-1,5,3,3,2,4,3,0,3,3,0,2,edgeCount
560,25,42,0.15,1,0,random,-1,4,4,4,0,0,4,0,4,4,0,0,edgeCount
559,25,44,0.15,3,14,random,-1,-1,-1,4,-5,0,-1,-5,-1,-1,-5,0,edgeCount
558,25,41,0.15,2,7,random,-1,-1,-1,-1,0,0,-1,0,-1,-1,0,0,edgeCount
557,25,46,0.15,2,7,random,-1,4,7,4,0,4,4,0,4,4,0,2,edgeCount
556,25,52,0.15,2,7,random,-1,8,20,4,4,0,-1,-5,-1,-1,-5,0,edgeCount
555,25,37,0.15,3,14,random,-1,6,2,2,4,2,2,0,2,2,0,2,edgeCount
554,25,45,0.15,2,7,random,-1,3,3,3,0,4,3,0,3,3,0,2,edgeCount
553,25,38,0.15,1,0,random,-1,6,6,6,0,0,6,0,6,6,0,0,edgeCount
552,25,48,0.15,2,7,random,-1,4,7,4,0,2,9,5,9,9,5,2,edgeCount
551,25,32,0.15,1,0,random,-1,5,5,5,0,0,5,0,5,5,0,0,edgeCount
550,25,45,0.15,3,14,random,-1,2,2,2,0,0,2,0,2,2,0,0,edgeCount
549,25,37,0.15,3,14,random,-1,2,2,2,0,0,2,0,3,2,1,0,edgeCount
548,25,45,0.15,1,0,random,-1,3,3,3,0,4,3,0,3,3,0,4,edgeCount
547,25,47,0.15,2,7,random,-1,4,4,4,0,0,4,0,4,4,0,0,edgeCount
546,25,42,0.15,4,22,random,-1,3,3,3,0,0,5,2,3,5,0,0,edgeCount
545,25,46,0.15,4,22,random,-1,-1,-1,4,-5,0,-1,-5,-1,-1,-5,0,edgeCount
544,25,41,0.15,2,7,random,-1,4,6,3,1,6,3,0,3,3,0,6,edgeCount
543,25,49,0.15,4,22,random,-1,4,4,3,1,4,4,1,4,4,1,2,edgeCount
542,25,44,0.15,3,14,random,-1,-1,-1,5,-6,2,-1,-6,8,8,3,2,edgeCount
541,25,46,0.15,5,29,random,-1,-1,-1,-1,0,4,-1,0,-1,-1,0,2,edgeCount
540,25,54,0.15,4,22,random,-1,-1,-1,3,-4,8,-1,-4,-1,-1,-4,4,edgeCount
539,25,50,0.15,2,7,random,-1,3,5,3,0,0,5,2,5,5,2,0,edgeCount
538,25,47,0.15,4,22,random,-1,-1,-1,3,-4,0,-1,-4,-1,-1,-4,0,edgeCount
537,25,47,0.15,4,22,random,-1,-1,-1,6,-7,8,-1,-7,-1,-1,-7,4,edgeCount
536,25,38,0.15,2,7,random,-1,6,6,5,1,2,6,1,6,6,1,2,edgeCount
535,25,37,0.15,2,7,random,-1,9,9,5,4,0,9,4,9,9,4,0,edgeCount
534,25,35,0.15,3,14,random,-1,-1,-1,8,-9,2,-1,-9,-1,-1,-9,2,edgeCount
533,25,45,0.15,5,29,random,-1,6,6,2,4,0,2,0,2,2,0,0,edgeCount
532,25,48,0.15,2,7,random,-1,3,3,3,0,0,3,0,3,3,0,0,edgeCount
531,25,48,0.15,4,22,random,-1,-1,-1,6,-7,4,-1,-7,-1,-1,-7,2,edgeCount
530,25,49,0.15,2,7,random,-1,3,4,3,0,0,3,0,3,3,0,0,edgeCount
529,25,48,0.15,1,0,random,-1,3,5,3,0,14,3,0,3,5,0,14,edgeCount
528,25,51,0.15,1,0,random,-1,2,2,2,0,0,2,0,2,2,0,0,edgeCount
527,25,41,0.15,1,0,random,-1,3,3,3,0,0,3,0,3,3,0,0,edgeCount
526,25,43,0.15,1,0,random,-1,3,3,3,0,0,3,0,3,3,0,0,edgeCount
525,25,41,0.15,3,14,random,-1,-1,-1,5,-6,0,-1,-6,-1,-1,-6,0,edgeCount
524,25,36,0.15,2,7,random,-1,4,4,4,0,0,-1,-5,-1,-1,-5,0,edgeCount
523,25,35,0.15,2,7,random,-1,4,4,4,0,2,-1,-5,-1,-1,-5,2,edgeCount
522,25,35,0.15,2,7,random,-1,-1,-1,-1,0,0,-1,0,-1,-1,0,0,edgeCount
521,25,45,0.15,2,7,random,-1,4,4,4,0,0,4,0,4,4,0,0,edgeCount
520,25,35,0.15,1,0,random,-1,3,3,3,0,0,3,0,3,3,0,0,edgeCount
519,25,43,0.15,1,0,random,-1,3,3,3,0,0,3,0,3,3,0,0,edgeCount
518,25,44,0.15,2,7,random,-1,2,2,2,0,0,2,0,2,2,0,0,edgeCount
517,25,45,0.15,3,14,random,-1,3,3,2,1,0,2,0,2,2,0,0,edgeCount
516,25,54,0.15,6,36,random,-1,4,4,2,2,2,2,0,2,2,0,2,edgeCount
515,25,42,0.15,2,7,random,-1,-1,-1,6,-7,2,-1,-7,-1,-1,-7,2,edgeCount
514,25,48,0.15,1,0,random,-1,4,4,4,0,0,4,0,4,4,0,0,edgeCount
513,25,43,0.15,3,14,random,-1,4,6,4,0,0,6,2,6,6,2,0,edgeCount
512,25,53,0.15,3,14,random,-1,11,8,2,9,0,2,0,6,2,4,0,edgeCount
511,25,50,0.15,1,0,random,-1,5,5,5,0,4,5,0,5,5,0,4,edgeCount
510,25,54,0.15,3,14,random,-1,5,4,3,2,0,3,0,3,3,0,0,edgeCount
509,25,37,0.15,2,7,random,-1,-1,-1,-1,0,0,-1,0,-1,-1,0,0,edgeCount
508,25,41,0.15,2,7,random,-1,-1,-1,4,-5,0,-1,-5,-1,-1,-5,0,edgeCount
507,25,48,0.15,2,7,random,-1,4,4,2,2,4,2,0,2,2,0,2,edgeCount
506,25,39,0.15,4,22,random,-1,-1,-1,-1,0,0,-1,0,-1,-1,0,0,edgeCount
505,25,45,0.15,3,14,random,-1,3,3,3,0,2,5,2,3,5,0,2,edgeCount
504,25,51,0.15,4,22,random,-1,2,2,2,0,0,2,0,2,2,0,0,edgeCount
503,25,51,0.15,2,7,random,-1,3,4,3,0,12,3,0,3,3,0,6,edgeCount
502,25,39,0.15,1,0,random,-1,5,5,5,0,0,5,0,5,5,0,0,edgeCount
501,25,47,0.15,5,29,random,-1,-1,-1,-1,0,0,-1,0,-1,-1,0,0,edgeCount
500,25,43,0.15,2,7,random,-1,5,5,5,0,2,7,2,7,7,2,2,edgeCount
499,25,44,0.15,3,14,random,-1,3,3,3,0,0,3,0,3,3,0,0,edgeCount
498,25,48,0.15,4,22,random,-1,3,3,3,0,0,3,0,3,3,0,0,edgeCount
497,25,37,0.15,2,7,random,-1,-1,-1,4,-5,0,-1,-5,-1,-1,-5,0,edgeCount
496,25,51,0.15,3,14,random,-1,5,3,3,2,0,3,0,3,3,0,0,edgeCount
495,25,37,0.15,1,0,random,-1,4,4,4,0,4,4,0,4,4,0,4,edgeCount
494,25,47,0.15,1,0,random,-1,5,5,5,0,2,5,0,5,5,0,2,edgeCount
493,25,43,0.15,4,22,random,-1,-1,-1,-1,0,2,-1,0,-1,-1,0,2,edgeCount
492,25,51,0.15,2,7,random,-1,5,5,4,1,12,7,3,7,7,3,6,edgeCount
491,25,53,0.15,4,22,random,-1,-1,-1,4,-5,4,-1,-5,-1,-1,-5,2,edgeCount
490,25,56,0.15,4,22,random,-1,4,3,3,1,0,3,0,3,3,0,0,edgeCount
489,25,47,0.15,6,36,random,-1,-1,-1,-1,0,2,-1,0,-1,-1,0,2,edgeCount
488,25,48,0.15,4,22,random,-1,-1,-1,-1,0,0,-1,0,-1,-1,0,0,edgeCount
487,25,43,0.15,1,0,random,-1,2,2,2,0,0,2,0,2,2,0,0,edgeCount
486,25,51,0.15,5,29,random,-1,4,4,2,2,0,2,0,2,2,0,0,edgeCount
485,25,54,0.15,5,29,random,-1,-1,-1,5,-6,0,-1,-6,-1,-1,-6,0,edgeCount
484,25,36,0.15,2,7,random,-1,2,2,2,0,0,2,0,2,2,0,0,edgeCount
483,25,42,0.15,3,14,random,-1,14,8,3,11,6,-1,-4,-1,-1,-4,4,edgeCount
482,25,50,0.15,1,0,random,-1,3,3,3,0,0,3,0,3,3,0,0,edgeCount
481,25,47,0.15,2,7,random,-1,3,5,3,0,0,3,0,3,3,0,0,edgeCount
480,25,47,0.15,2,7,random,-1,3,5,3,0,0,3,0,3,3,0,0,edgeCount
479,25,41,0.15,2,7,random,-1,-1,-1,6,-7,0,-1,-7,-1,-1,-7,0,edgeCount
478,25,41,0.15,2,7,random,-1,16,10,5,11,0,10,5,10,10,5,0,edgeCount
477,25,38,0.15,1,0,random,-1,5,6,5,0,6,5,0,5,6,0,6,edgeCount
476,25,52,0.15,1,0,random,-1,4,4,4,0,0,4,0,4,4,0,0,edgeCount
475,25,36,0.15,2,7,random,-1,3,3,3,0,0,3,0,3,3,0,0,edgeCount
474,25,38,0.15,3,14,random,-1,-1,-1,-1,0,2,-1,0,-1,-1,0,2,edgeCount
473,25,38,0.15,3,14,random,-1,3,3,3,0,0,3,0,3,3,0,0,edgeCount
472,25,40,0.15,2,7,random,-1,5,5,2,3,0,2,0,2,2,0,0,edgeCount
471,25,48,0.15,1,0,random,-1,3,3,3,0,0,3,0,3,3,0,0,edgeCount
470,25,43,0.15,4,22,random,-1,-1,-1,-1,0,4,-1,0,-1,-1,0,2,edgeCount
469,25,35,0.15,1,0,random,-1,2,2,2,0,2,2,0,2,2,0,2,edgeCount
468,25,41,0.15,3,14,random,-1,3,3,3,0,0,5,2,5,5,2,0,edgeCount
467,25,58,0.15,4,22,random,-1,-1,-1,-1,0,0,-1,0,-1,-1,0,0,edgeCount
466,25,46,0.15,3,14,random,-1,-1,-1,5,-6,0,-1,-6,-1,-1,-6,0,edgeCount
465,25,53,0.15,4,22,random,-1,7,7,3,4,0,9,6,9,9,6,0,edgeCount
464,25,52,0.15,2,7,random,-1,2,2,2,0,16,2,0,2,2,0,8,edgeCount
463,25,49,0.15,3,14,random,-1,7,7,5,2,0,7,2,7,7,2,0,edgeCount
462,25,41,0.15,2,7,random,-1,3,8,3,0,16,7,4,7,7,4,16,edgeCount
461,25,52,0.15,3,14,random,-1,5,5,3,2,0,3,0,3,3,0,0,edgeCount
460,25,58,0.15,4,22,random,-1,7,3,3,4,0,3,0,3,3,0,0,edgeCount
459,25,37,0.15,1,0,random,-1,5,5,5,0,0,5,0,5,5,0,0,edgeCount
458,25,50,0.15,3,14,random,-1,-1,-1,5,-6,0,-1,-6,-1,-1,-6,0,edgeCount
457,25,61,0.15,2,7,random,-1,3,8,3,0,16,3,0,3,3,0,8,edgeCount
456,25,43,0.15,2,7,random,-1,-1,-1,5,-6,2,-1,-6,-1,-1,-6,2,edgeCount
455,25,56,0.15,1,0,random,-1,3,3,3,0,0,3,0,3,3,0,0,edgeCount
454,25,35,0.15,3,14,random,-1,-1,-1,-1,0,0,-1,0,-1,-1,0,0,edgeCount
453,25,50,0.15,2,7,random,-1,3,5,3,0,4,3,0,3,3,0,2,edgeCount
452,25,45,0.15,1,0,random,-1,4,4,4,0,0,4,0,4,4,0,0,edgeCount
451,25,47,0.15,1,0,random,-1,2,2,2,0,6,2,0,2,2,0,6,edgeCount
450,25,44,0.15,1,0,random,-1,5,5,5,0,0,5,0,5,5,0,0,edgeCount
449,25,42,0.15,2,7,random,-1,4,4,4,0,0,4,0,4,4,0,0,edgeCount
448,25,46,0.15,1,0,random,-1,4,6,4,0,4,4,0,4,6,0,4,edgeCount
447,25,49,0.15,2,7,random,-1,5,4,4,1,2,4,0,4,4,0,2,edgeCount
446,25,46,0.15,3,14,random,-1,4,4,2,2,4,2,0,2,2,0,4,edgeCount
445,25,43,0.15,3,14,random,-1,-1,-1,3,-4,0,-1,-4,-1,-1,-4,0,edgeCount
444,25,53,0.15,3,14,random,-1,7,7,3,4,12,-1,-4,-1,-1,-4,6,edgeCount
443,25,43,0.15,1,0,random,-1,4,4,4,0,0,4,0,4,4,0,0,edgeCount
442,25,50,0.15,3,14,random,-1,5,2,2,3,0,2,0,2,2,0,0,edgeCount
441,25,37,0.15,2,7,random,-1,9,3,3,6,2,3,0,3,3,0,2,edgeCount
440,25,48,0.15,2,7,random,-1,4,4,4,0,8,-1,-5,12,12,8,4,edgeCount
439,25,35,0.15,2,7,random,-1,4,4,3,1,2,3,0,3,3,0,2,edgeCount
438,25,46,0.15,2,7,random,-1,4,4,4,0,4,4,0,4,6,0,2,edgeCount
437,25,45,0.15,3,14,random,-1,3,5,3,0,0,3,0,3,3,0,0,edgeCount
436,25,43,0.15,3,14,random,-1,-1,-1,-1,0,2,-1,0,-1,-1,0,2,edgeCount
435,25,51,0.15,2,7,random,-1,2,2,2,0,8,2,0,2,2,0,4,edgeCount
434,25,47,0.15,3,14,random,-1,3,3,3,0,4,-1,-4,-1,-1,-4,2,edgeCount
433,25,47,0.15,1,0,random,-1,3,3,3,0,0,3,0,3,3,0,0,edgeCount
432,25,44,0.15,2,7,random,-1,2,2,2,0,0,2,0,2,2,0,0,edgeCount
431,25,37,0.15,2,7,random,-1,8,8,2,6,0,2,0,2,2,0,0,edgeCount
430,25,45,0.15,1,0,random,-1,4,4,4,0,0,4,0,4,4,0,0,edgeCount
429,25,44,0.15,3,14,random,-1,3,3,3,0,4,3,0,3,3,0,2,edgeCount
428,25,36,0.15,3,14,random,-1,-1,-1,-1,0,0,-1,0,-1,-1,0,0,edgeCount
427,25,49,0.15,5,29,random,-1,2,2,2,0,0,2,0,2,2,0,0,edgeCount
426,25,42,0.15,3,14,random,-1,3,3,3,0,4,3,0,3,3,0,2,edgeCount
425,25,52,0.15,2,7,random,-1,3,3,2,1,0,2,0,3,2,1,0,edgeCount
424,25,51,0.15,2,7,random,-1,7,7,4,3,0,-1,-5,-1,-1,-5,0,edgeCount
423,25,50,0.15,5,29,random,-1,6,2,2,4,0,2,0,6,2,4,0,edgeCount
422,25,50,0.15,2,7,random,-1,4,3,3,1,0,3,0,3,3,0,0,edgeCount
421,25,38,0.15,2,7,random,-1,8,8,5,3,6,-1,-6,-1,-1,-6,6,edgeCount
420,25,44,0.15,4,22,random,-1,-1,-1,-1,0,0,-1,0,-1,-1,0,0,edgeCount
419,25,40,0.15,3,14,random,-1,7,6,3,4,2,3,0,3,3,0,2,edgeCount
418,25,43,0.15,2,7,random,-1,6,4,4,2,0,6,2,4,4,0,0,edgeCount
417,25,43,0.15,2,7,random,-1,10,12,4,6,2,4,0,4,4,0,2,edgeCount
416,25,50,0.15,5,29,random,-1,-1,-1,5,-6,0,-1,-6,-1,-1,-6,0,edgeCount
415,25,42,0.15,3,14,random,-1,10,10,5,5,0,-1,-6,-1,-1,-6,0,edgeCount
414,25,44,0.15,5,29,random,-1,-1,-1,-1,0,0,-1,0,-1,-1,0,0,edgeCount
413,25,40,0.15,2,7,random,-1,4,4,2,2,0,2,0,2,2,0,0,edgeCount
412,25,47,0.15,3,14,random,-1,2,2,2,0,0,2,0,2,2,0,0,edgeCount
411,25,44,0.15,1,0,random,-1,3,3,3,0,6,3,0,3,3,0,6,edgeCount
410,25,46,0.15,4,22,random,-1,-1,-1,6,-7,0,-1,-7,-1,-1,-7,0,edgeCount
409,25,44,0.15,2,7,random,-1,12,4,4,8,0,4,0,4,4,0,0,edgeCount
408,25,40,0.15,1,0,random,-1,2,2,2,0,0,2,0,2,2,0,0,edgeCount
407,25,54,0.15,4,22,random,-1,-1,-1,5,-6,4,-1,-6,-1,-1,-6,2,edgeCount
406,25,38,0.15,3,14,random,-1,2,2,2,0,0,2,0,2,2,0,0,edgeCount
405,25,50,0.15,4,22,random,-1,2,2,2,0,0,4,2,4,4,2,0,edgeCount
404,25,51,0.15,2,7,random,-1,3,3,3,0,8,7,4,7,5,4,4,edgeCount
403,25,46,0.15,2,7,random,-1,3,3,2,1,0,2,0,2,2,0,0,edgeCount
402,25,45,0.15,1,0,random,-1,3,3,3,0,0,3,0,3,3,0,0,edgeCount
401,25,45,0.15,2,7,random,-1,3,3,3,0,0,3,0,3,3,0,0,edgeCount
400,25,39,0.15,1,0,random,-1,5,5,5,0,0,5,0,5,5,0,0,edgeCount
399,25,47,0.15,5,29,random,-1,8,6,4,4,8,4,0,4,4,0,6,edgeCount
398,25,29,0.15,3,14,random,-1,-1,-1,-1,0,0,-1,0,-1,-1,0,0,edgeCount
397,25,41,0.15,2,7,random,-1,4,2,2,2,2,2,0,2,2,0,2,edgeCount
396,25,44,0.15,2,7,random,-1,3,8,3,0,10,5,2,5,11,2,6,edgeCount
395,25,44,0.15,1,0,random,-1,2,2,2,0,6,2,0,2,2,0,6,edgeCount
394,25,48,0.15,3,14,random,-1,-1,-1,4,-5,0,-1,-5,-1,-1,-5,0,edgeCount
393,25,40,0.15,3,14,random,-1,9,3,3,6,0,3,0,3,3,0,0,edgeCount
392,25,42,0.15,3,14,random,-1,-1,-1,-1,0,0,-1,0,-1,-1,0,0,edgeCount
391,25,51,0.15,3,14,random,-1,13,3,3,10,0,3,0,3,3,0,0,edgeCount
390,25,38,0.15,2,7,random,-1,6,2,2,4,6,2,0,2,2,0,6,edgeCount
389,25,47,0.15,4,22,random,-1,9,5,3,6,0,-1,-4,-1,-1,-4,0,edgeCount
388,25,44,0.15,3,14,random,-1,-1,-1,-1,0,6,-1,0,-1,-1,0,4,edgeCount
387,25,46,0.15,1,0,random,-1,3,3,3,0,0,3,0,3,3,0,0,edgeCount
386,25,46,0.15,1,0,random,-1,3,3,3,0,0,3,0,3,3,0,0,edgeCount
385,25,45,0.15,2,7,random,-1,6,6,2,4,0,2,0,6,2,4,0,edgeCount
384,25,41,0.15,1,0,random,-1,4,4,4,0,0,4,0,4,4,0,0,edgeCount
383,25,49,0.15,1,0,random,-1,4,4,4,0,0,4,0,4,4,0,0,edgeCount
382,25,34,0.15,2,7,random,-1,4,2,2,2,2,2,0,2,2,0,2,edgeCount
381,25,38,0.15,2,7,random,-1,4,6,4,0,0,8,4,8,8,4,0,edgeCount
380,25,51,0.15,2,7,random,-1,4,3,3,1,6,3,0,3,3,0,6,edgeCount
379,25,61,0.15,5,29,random,-1,-1,-1,8,-9,4,-1,-9,-1,-1,-9,2,edgeCount
378,25,43,0.15,2,7,random,-1,3,3,3,0,8,3,0,3,3,0,4,edgeCount
377,25,45,0.15,2,7,random,-1,3,3,3,0,0,3,0,3,3,0,0,edgeCount
376,25,43,0.15,1,0,random,-1,4,4,4,0,0,4,0,4,4,0,0,edgeCount
375,25,52,0.15,4,22,random,-1,-1,-1,5,-6,0,-1,-6,-1,-1,-6,0,edgeCount
374,25,39,0.15,4,22,random,-1,-1,-1,-1,0,0,-1,0,-1,-1,0,0,edgeCount
373,25,60,0.15,2,7,random,-1,2,3,2,0,12,2,0,2,2,0,6,edgeCount
372,25,36,0.15,4,22,random,-1,-1,-1,-1,0,0,-1,0,-1,-1,0,0,edgeCount
371,25,51,0.15,2,7,random,-1,7,3,3,4,0,3,0,3,3,0,0,edgeCount
370,25,45,0.15,2,7,random,-1,9,5,3,6,2,-1,-4,10,10,7,2,edgeCount
369,25,43,0.15,2,7,random,-1,2,7,2,0,8,2,0,2,2,0,4,edgeCount
368,25,47,0.15,2,7,random,-1,10,10,4,6,0,8,4,8,8,4,0,edgeCount
367,25,36,0.15,2,7,random,-1,7,5,5,2,2,-1,-6,-1,-1,-6,2,edgeCount
366,25,46,0.15,2,7,random,-1,3,5,3,0,6,3,0,3,3,0,6,edgeCount
365,25,56,0.15,4,22,random,-1,-1,-1,-1,0,6,-1,0,-1,-1,0,2,edgeCount
364,25,57,0.15,2,7,random,-1,3,3,3,0,0,3,0,3,3,0,0,edgeCount
363,25,43,0.15,2,7,random,-1,8,8,2,6,12,2,0,2,2,0,8,edgeCount
362,25,53,0.15,3,14,random,-1,-1,-1,4,-5,0,-1,-5,-1,-1,-5,0,edgeCount
361,25,33,0.15,1,0,random,-1,5,5,5,0,0,5,0,5,5,0,0,edgeCount
360,25,45,0.15,2,7,random,-1,4,4,4,0,4,4,0,4,4,0,2,edgeCount
359,25,53,0.15,4,22,random,-1,10,12,4,6,2,6,2,6,16,2,2,edgeCount
358,25,57,0.15,2,7,random,-1,-1,-1,4,-5,0,-1,-5,-1,-1,-5,0,edgeCount
357,25,47,0.15,2,7,random,-1,3,5,3,0,0,3,0,3,3,0,0,edgeCount
356,25,48,0.15,2,7,random,-1,4,4,4,0,0,4,0,4,4,0,0,edgeCount
355,25,52,0.15,4,22,random,-1,-1,-1,4,-5,0,-1,-5,-1,-1,-5,0,edgeCount
354,25,43,0.15,2,7,random,-1,3,3,2,1,0,2,0,2,2,0,0,edgeCount
353,25,47,0.15,1,0,random,-1,5,5,5,0,2,5,0,5,5,0,2,edgeCount
352,25,47,0.15,1,0,random,-1,3,3,3,0,0,3,0,3,3,0,0,edgeCount
351,25,45,0.15,2,7,random,-1,3,4,3,0,10,6,3,6,8,3,6,edgeCount
350,25,44,0.15,1,0,random,-1,4,4,4,0,0,4,0,4,4,0,0,edgeCount
349,25,43,0.15,3,14,random,-1,4,4,4,0,0,4,0,4,4,0,0,edgeCount
348,25,54,0.15,3,14,random,-1,8,8,2,6,0,2,0,8,2,6,0,edgeCount
347,25,44,0.15,2,7,random,-1,-1,-1,-1,0,4,-1,0,-1,-1,0,2,edgeCount
346,25,37,0.15,1,0,random,-1,3,3,3,0,2,3,0,3,3,0,2,edgeCount
345,25,42,0.15,3,14,random,-1,2,2,2,0,2,2,0,6,2,4,2,edgeCount
344,25,43,0.15,2,7,random,-1,4,4,4,0,0,4,0,4,4,0,0,edgeCount
343,25,45,0.15,2,7,random,-1,3,3,3,0,8,3,0,3,3,0,4,edgeCount
342,25,37,0.15,2,7,random,-1,4,4,2,2,0,2,0,2,2,0,0,edgeCount
341,25,38,0.15,1,0,random,-1,4,4,4,0,8,4,0,4,4,0,8,edgeCount
340,25,47,0.15,5,29,random,-1,-1,-1,-1,0,0,-1,0,-1,-1,0,0,edgeCount
339,25,39,0.15,3,14,random,-1,4,10,4,0,2,6,2,6,6,2,2,edgeCount
338,25,49,0.15,2,7,random,-1,3,8,3,0,8,3,0,3,3,0,4,edgeCount
337,25,45,0.15,1,0,random,-1,3,5,3,0,12,3,0,3,5,0,12,edgeCount
336,25,53,0.15,3,14,random,-1,11,5,4,7,2,-1,-5,13,11,9,2,edgeCount
335,25,39,0.15,2,7,random,-1,9,7,5,4,0,-1,-6,-1,-1,-6,0,edgeCount
334,25,56,0.15,3,14,random,-1,4,4,4,0,4,4,0,4,4,0,2,edgeCount
333,25,47,0.15,1,0,random,-1,5,5,5,0,0,5,0,5,5,0,0,edgeCount
332,25,45,0.15,2,7,random,-1,5,5,5,0,2,-1,-6,-1,-1,-6,2,edgeCount
331,25,49,0.15,1,0,random,-1,3,3,3,0,0,3,0,3,3,0,0,edgeCount
330,25,45,0.15,3,14,random,-1,3,3,3,0,6,3,0,3,3,0,4,edgeCount
329,25,57,0.15,5,29,random,-1,9,3,3,6,0,5,2,3,3,0,0,edgeCount
328,25,54,0.15,4,22,random,-1,-1,-1,5,-6,0,-1,-6,-1,-1,-6,0,edgeCount
327,25,41,0.15,1,0,random,-1,4,4,4,0,0,4,0,4,4,0,0,edgeCount
326,25,48,0.15,2,7,random,-1,4,6,4,0,8,4,0,4,4,0,4,edgeCount
325,25,46,0.15,3,14,random,-1,-1,-1,-1,0,0,-1,0,-1,-1,0,0,edgeCount
324,25,48,0.15,3,14,random,-1,3,3,3,0,2,5,2,3,5,0,2,edgeCount
323,25,46,0.15,3,14,random,-1,4,3,3,1,0,4,1,4,3,1,0,edgeCount
322,25,29,0.15,1,0,random,-1,4,5,4,0,2,4,0,4,5,0,2,edgeCount
321,25,42,0.15,2,7,random,-1,5,5,3,2,0,3,0,3,3,0,0,edgeCount
320,25,52,0.15,4,22,random,-1,8,8,2,6,4,2,0,2,2,0,2,edgeCount
319,25,38,0.15,1,0,random,-1,3,6,3,0,2,3,0,3,6,0,2,edgeCount
318,25,40,0.15,3,14,random,-1,6,4,2,4,0,2,0,2,2,0,0,edgeCount
317,25,45,0.15,5,29,random,-1,-1,-1,-1,0,0,-1,0,-1,-1,0,0,edgeCount
316,25,53,0.15,3,14,random,-1,4,5,3,1,4,3,0,3,3,0,2,edgeCount
315,25,47,0.15,2,7,random,-1,4,4,4,0,6,4,0,4,4,0,4,edgeCount
314,25,41,0.15,1,0,random,-1,4,4,4,0,0,4,0,4,4,0,0,edgeCount
313,25,47,0.15,4,22,random,-1,3,3,3,0,4,3,0,3,3,0,2,edgeCount
312,25,44,0.15,1,0,random,-1,3,3,3,0,8,3,0,3,3,0,8,edgeCount
311,25,48,0.15,1,0,random,-1,3,3,3,0,0,3,0,3,3,0,0,edgeCount
310,25,43,0.15,2,7,random,-1,4,4,4,0,0,4,0,4,4,0,0,edgeCount
309,25,43,0.15,1,0,random,-1,2,2,2,0,2,2,0,2,2,0,2,edgeCount
308,25,41,0.15,3,14,random,-1,-1,-1,4,-5,0,-1,-5,-1,-1,-5,0,edgeCount
307,25,43,0.15,3,14,random,-1,-1,-1,4,-5,0,-1,-5,-1,-1,-5,0,edgeCount
306,25,40,0.15,2,7,random,-1,7,5,4,3,0,8,4,8,8,4,0,edgeCount
305,25,43,0.15,1,0,random,-1,3,3,3,0,6,3,0,3,3,0,6,edgeCount
304,25,37,0.15,1,0,random,-1,2,2,2,0,0,2,0,2,2,0,0,edgeCount
303,25,23,0.15,1,0,random,-1,11,11,11,0,0,11,0,11,11,0,0,edgeCount
302,25,52,0.15,2,7,random,-1,3,5,3,0,4,5,2,5,5,2,2,edgeCount
301,25,42,0.15,2,7,random,-1,4,4,4,0,0,4,0,4,4,0,0,edgeCount
300,25,36,0.15,2,7,random,-1,3,7,3,0,4,7,4,7,7,4,4,edgeCount
299,25,45,0.15,3,14,random,-1,7,7,5,2,0,9,4,9,9,4,0,edgeCount
298,25,33,0.15,1,0,random,-1,3,3,3,0,6,3,0,3,3,0,6,edgeCount
297,25,50,0.15,4,22,random,-1,12,6,4,8,8,-1,-5,-1,-1,-5,4,edgeCount
296,25,46,0.15,3,14,random,-1,6,6,2,4,0,2,0,6,2,4,0,edgeCount
295,25,43,0.15,1,0,random,-1,3,3,3,0,0,3,0,3,3,0,0,edgeCount
294,25,42,0.15,2,7,random,-1,3,3,3,0,0,3,0,3,3,0,0,edgeCount
293,25,47,0.15,5,29,random,-1,2,2,2,0,0,2,0,2,2,0,0,edgeCount
292,25,53,0.15,4,22,random,-1,5,3,3,2,8,-1,-4,9,9,6,4,edgeCount
291,25,56,0.15,1,0,random,-1,3,3,3,0,0,3,0,3,3,0,0,edgeCount
290,25,59,0.15,4,22,random,-1,5,2,2,3,8,2,0,6,2,4,4,edgeCount
289,25,50,0.15,3,14,random,-1,-1,-1,6,-7,0,-1,-7,-1,-1,-7,0,edgeCount
288,25,43,0.15,2,7,random,-1,12,12,5,7,6,-1,-6,5,5,0,4,edgeCount
287,25,35,0.15,3,14,random,-1,2,2,2,0,2,2,0,2,2,0,2,edgeCount
286,25,46,0.15,3,14,random,-1,-1,-1,-1,0,8,-1,0,-1,-1,0,6,edgeCount
285,25,46,0.15,1,0,random,-1,5,6,5,0,4,5,0,5,6,0,4,edgeCount
284,25,39,0.15,1,0,random,-1,5,5,5,0,0,5,0,5,5,0,0,edgeCount
283,25,36,0.15,3,14,random,-1,4,2,2,2,2,2,0,2,2,0,2,edgeCount
282,25,56,0.15,5,29,random,-1,-1,-1,6,-7,0,-1,-7,-1,-1,-7,0,edgeCount
281,25,60,0.15,3,14,random,-1,3,3,3,0,0,3,0,3,3,0,0,edgeCount
280,25,47,0.15,3,14,random,-1,8,2,2,6,0,2,0,2,2,0,0,edgeCount
279,25,38,0.15,2,7,random,-1,5,3,3,2,6,3,0,3,3,0,6,edgeCount
278,25,38,0.15,2,7,random,-1,-1,-1,6,-7,0,-1,-7,-1,-1,-7,0,edgeCount
277,25,40,0.15,2,7,random,-1,2,2,2,0,0,2,0,2,2,0,0,edgeCount
276,25,46,0.15,3,14,random,-1,2,2,2,0,0,2,0,2,2,0,0,edgeCount
275,25,48,0.15,3,14,random,-1,-1,-1,4,-5,0,-1,-5,-1,-1,-5,0,edgeCount
274,25,48,0.15,3,14,random,-1,-1,-1,4,-5,6,-1,-5,-1,-1,-5,4,edgeCount
273,25,46,0.15,3,14,random,-1,-1,-1,-1,0,0,-1,0,-1,-1,0,0,edgeCount
272,25,46,0.15,1,0,random,-1,4,5,4,0,4,4,0,4,5,0,4,edgeCount
271,25,35,0.15,3,14,random,-1,3,3,3,0,4,3,0,3,3,0,4,edgeCount
270,25,48,0.15,3,14,random,-1,9,5,3,6,0,5,2,5,5,2,0,edgeCount
269,25,47,0.15,2,7,random,-1,4,4,4,0,0,4,0,4,4,0,0,edgeCount
268,25,43,0.15,1,0,random,-1,6,6,6,0,0,6,0,6,6,0,0,edgeCount
267,25,43,0.15,4,22,random,-1,12,4,4,8,2,4,0,4,4,0,2,edgeCount
266,25,40,0.15,2,7,random,-1,5,5,2,3,0,2,0,2,2,0,0,edgeCount
265,25,45,0.15,1,0,random,-1,4,5,4,0,2,4,0,4,5,0,2,edgeCount
264,25,37,0.15,2,7,random,-1,9,5,3,6,0,3,0,3,3,0,0,edgeCount
263,25,41,0.15,1,0,random,-1,3,3,3,0,0,3,0,3,3,0,0,edgeCount
262,25,43,0.15,2,7,random,-1,4,10,4,0,8,6,2,6,6,2,6,edgeCount
261,25,34,0.15,3,14,random,-1,-1,-1,-1,0,2,-1,0,-1,-1,0,2,edgeCount
260,25,45,0.15,3,14,random,-1,2,2,2,0,2,2,0,2,2,0,2,edgeCount
259,25,59,0.15,3,14,random,-1,6,11,3,3,12,7,4,7,7,4,4,edgeCount
258,25,46,0.15,1,0,random,-1,3,3,3,0,0,3,0,3,3,0,0,edgeCount
257,25,38,0.15,3,14,random,-1,4,4,2,2,2,2,0,2,2,0,2,edgeCount
256,25,51,0.15,4,22,random,-1,8,8,2,6,0,2,0,2,2,0,0,edgeCount
255,25,45,0.15,4,22,random,-1,3,3,3,0,0,3,0,3,3,0,0,edgeCount
254,25,57,0.15,3,14,random,-1,-1,-1,3,-4,0,-1,-4,-1,-1,-4,0,edgeCount
253,25,46,0.15,2,7,random,-1,7,2,2,5,18,2,0,2,2,0,10,edgeCount
252,25,37,0.15,1,0,random,-1,5,5,5,0,0,5,0,5,5,0,0,edgeCount
251,25,45,0.15,2,7,random,-1,3,3,3,0,16,3,0,3,3,0,10,edgeCount
250,25,45,0.15,4,22,random,-1,-1,-1,5,-6,8,-1,-6,-1,-1,-6,4,edgeCount
249,25,41,0.15,2,7,random,-1,4,5,4,0,0,4,0,4,4,0,0,edgeCount
248,25,44,0.15,2,7,random,-1,4,4,3,1,0,3,0,3,3,0,0,edgeCount
247,25,40,0.15,2,7,random,-1,3,5,3,0,0,3,0,3,3,0,0,edgeCount
246,25,50,0.15,4,22,random,-1,-1,-1,5,-6,0,-1,-6,-1,-1,-6,0,edgeCount
245,25,45,0.15,2,7,random,-1,3,3,3,0,0,3,0,3,3,0,0,edgeCount
244,25,46,0.15,1,0,random,-1,3,3,3,0,0,3,0,3,3,0,0,edgeCount
243,25,47,0.15,1,0,random,-1,3,3,3,0,0,3,0,3,3,0,0,edgeCount
242,25,45,0.15,3,14,random,-1,-1,-1,5,-6,0,-1,-6,-1,-1,-6,0,edgeCount
241,25,54,0.15,2,7,random,-1,3,6,3,0,8,3,0,3,3,0,6,edgeCount
240,25,46,0.15,2,7,random,-1,13,14,4,9,0,7,3,7,7,3,0,edgeCount
239,25,47,0.15,3,14,random,-1,5,3,3,2,2,3,0,3,3,0,2,edgeCount
238,25,46,0.15,1,0,random,-1,2,2,2,0,6,2,0,2,2,0,6,edgeCount
237,25,48,0.15,2,7,random,-1,3,4,3,0,18,3,0,3,4,0,14,edgeCount
236,25,34,0.15,2,7,random,-1,-1,-1,3,-4,0,-1,-4,-1,-1,-4,0,edgeCount
235,25,48,0.15,2,7,random,-1,5,4,4,1,0,4,0,4,4,0,0,edgeCount
234,25,47,0.15,4,22,random,-1,7,3,3,4,0,3,0,3,3,0,0,edgeCount
233,25,40,0.15,1,0,random,-1,5,5,5,0,0,5,0,5,5,0,0,edgeCount
232,25,38,0.15,1,0,random,-1,4,4,4,0,0,4,0,4,4,0,0,edgeCount
231,25,47,0.15,2,7,random,-1,2,2,2,0,16,2,0,2,2,0,8,edgeCount
230,25,47,0.15,1,0,random,-1,4,4,4,0,0,4,0,4,4,0,0,edgeCount
229,25,46,0.15,2,7,random,-1,4,4,2,2,0,2,0,2,2,0,0,edgeCount
228,25,49,0.15,3,14,random,-1,-1,-1,-1,0,0,-1,0,-1,-1,0,0,edgeCount
227,25,54,0.15,2,7,random,-1,4,3,3,1,16,5,2,5,6,2,8,edgeCount
226,25,45,0.15,4,22,random,-1,-1,-1,4,-5,0,-1,-5,-1,-1,-5,0,edgeCount
225,25,35,0.15,3,14,random,-1,-1,-1,5,-6,2,-1,-6,-1,-1,-6,2,edgeCount
224,25,51,0.15,5,29,random,-1,-1,-1,-1,0,0,-1,0,-1,-1,0,0,edgeCount
223,25,42,0.15,2,7,random,-1,2,2,2,0,8,2,0,2,2,0,6,edgeCount
222,25,44,0.15,3,14,random,-1,-1,-1,6,-7,0,-1,-7,-1,-1,-7,0,edgeCount
221,25,35,0.15,2,7,random,-1,5,9,3,2,2,3,0,3,3,0,2,edgeCount
220,25,42,0.15,3,14,random,-1,4,12,4,0,6,12,8,12,12,8,4,edgeCount
219,25,55,0.15,3,14,random,-1,2,2,2,0,0,2,0,3,2,1,0,edgeCount
218,25,45,0.15,4,22,random,-1,2,2,2,0,0,2,0,2,2,0,0,edgeCount
217,25,51,0.15,1,0,random,-1,4,4,4,0,4,4,0,4,4,0,4,edgeCount
216,25,64,0.15,4,22,random,-1,5,13,4,1,0,-1,-5,-1,-1,-5,0,edgeCount
215,25,37,0.15,1,0,random,-1,3,3,3,0,0,3,0,3,3,0,0,edgeCount
214,25,50,0.15,2,7,random,-1,3,5,3,0,4,3,0,3,3,0,2,edgeCount
213,25,43,0.15,3,14,random,-1,-1,-1,5,-6,0,-1,-6,-1,-1,-6,0,edgeCount
212,25,47,0.15,5,29,random,-1,6,4,4,2,4,-1,-5,-1,-1,-5,4,edgeCount
211,25,48,0.15,2,7,random,-1,3,3,3,0,12,3,0,3,3,0,6,edgeCount
210,25,43,0.15,1,0,random,-1,3,4,3,0,4,3,0,3,4,0,4,edgeCount
209,25,43,0.15,3,14,random,-1,-1,-1,7,-8,4,-1,-8,-1,-1,-8,2,edgeCount
208,25,44,0.15,3,14,random,-1,-1,-1,6,-7,0,-1,-7,-1,-1,-7,0,edgeCount
207,25,48,0.15,2,7,random,-1,4,4,4,0,8,4,0,4,4,0,4,edgeCount
206,25,39,0.15,2,7,random,-1,2,2,2,0,0,2,0,2,2,0,0,edgeCount
205,25,39,0.15,1,0,random,-1,6,6,6,0,0,6,0,6,6,0,0,edgeCount
204,25,35,0.15,3,14,random,-1,3,2,2,1,8,2,0,2,2,0,6,edgeCount
203,25,36,0.15,2,7,random,-1,2,2,2,0,4,2,0,2,2,0,2,edgeCount
202,25,51,0.15,3,14,random,-1,3,5,3,0,0,7,4,7,7,4,0,edgeCount
201,25,45,0.15,1,0,random,-1,3,7,3,0,4,3,0,3,7,0,4,edgeCount
200,25,67,0.15,5,29,random,-1,13,7,3,10,16,-1,-4,-1,-1,-4,6,edgeCount
199,25,50,0.15,3,14,random,-1,4,4,3,1,0,11,8,11,11,8,0,edgeCount
198,25,39,0.15,5,29,random,-1,-1,-1,3,-4,0,-1,-4,-1,-1,-4,0,edgeCount
197,25,40,0.15,3,14,random,-1,3,3,2,1,4,2,0,2,2,0,2,edgeCount
196,25,34,0.15,1,0,random,-1,5,5,5,0,10,5,0,5,5,0,10,edgeCount
195,25,55,0.15,4,22,random,-1,2,2,2,0,0,4,2,4,4,2,0,edgeCount
194,25,52,0.15,2,7,random,-1,2,2,2,0,12,2,0,2,2,0,6,edgeCount
193,25,53,0.15,4,22,random,-1,4,4,4,0,0,4,0,4,4,0,0,edgeCount
192,25,42,0.15,1,0,random,-1,3,3,3,0,0,3,0,3,3,0,0,edgeCount
191,25,44,0.15,2,7,random,-1,6,6,4,2,4,-1,-5,8,8,4,2,edgeCount
190,25,53,0.15,4,22,random,-1,-1,-1,5,-6,6,-1,-6,-1,-1,-6,4,edgeCount
189,25,53,0.15,1,0,random,-1,2,2,2,0,0,2,0,2,2,0,0,edgeCount
188,25,58,0.15,4,22,random,-1,3,2,2,1,14,4,2,3,4,1,6,edgeCount
187,25,46,0.15,3,14,random,-1,6,4,4,2,0,6,2,4,4,0,0,edgeCount
186,25,48,0.15,3,14,random,-1,9,3,3,6,2,3,0,3,3,0,2,edgeCount
185,25,32,0.15,1,0,random,-1,4,5,4,0,4,4,0,4,5,0,4,edgeCount
184,25,49,0.15,3,14,random,-1,-1,-1,4,-5,4,-1,-5,-1,-1,-5,2,edgeCount
183,25,48,0.15,4,22,random,-1,9,5,3,6,0,3,0,3,3,0,0,edgeCount
182,25,53,0.15,4,22,random,-1,3,6,3,0,0,3,0,3,3,0,0,edgeCount
181,25,38,0.15,2,7,random,-1,-1,-1,8,-9,0,-1,-9,-1,-1,-9,0,edgeCount
180,25,46,0.15,4,22,random,-1,4,4,4,0,2,-1,-5,-1,-1,-5,2,edgeCount
179,25,51,0.15,5,29,random,-1,3,3,2,1,0,4,2,3,4,1,0,edgeCount
178,25,39,0.15,2,7,random,-1,3,4,3,0,0,3,0,3,3,0,0,edgeCount
177,25,54,0.15,4,22,random,-1,7,3,2,5,4,2,0,2,2,0,2,edgeCount
176,25,51,0.15,2,7,random,-1,4,4,4,0,0,4,0,4,4,0,0,edgeCount
175,25,36,0.15,3,14,random,-1,5,9,5,0,0,7,2,7,7,2,0,edgeCount
174,25,42,0.15,2,7,random,-1,9,6,3,6,6,3,0,3,3,0,6,edgeCount
173,25,36,0.15,1,0,random,-1,5,6,5,0,6,5,0,5,6,0,6,edgeCount
172,25,46,0.15,1,0,random,-1,3,3,3,0,0,3,0,3,3,0,0,edgeCount
171,25,54,0.15,3,14,random,-1,5,8,3,2,8,9,6,9,9,6,4,edgeCount
170,25,47,0.15,2,7,random,-1,4,4,3,1,0,4,1,4,4,1,0,edgeCount
169,25,46,0.15,5,29,random,-1,5,11,3,2,8,7,4,7,7,4,4,edgeCount
168,25,51,0.15,4,22,random,-1,-1,-1,-1,0,8,-1,0,-1,-1,0,4,edgeCount
167,25,49,0.15,3,14,random,-1,5,15,3,2,4,7,4,7,9,4,2,edgeCount
166,25,41,0.15,2,7,random,-1,4,4,4,0,0,4,0,4,4,0,0,edgeCount
165,25,39,0.15,1,0,random,-1,3,3,3,0,0,3,0,3,3,0,0,edgeCount
164,25,49,0.15,4,22,random,-1,-1,-1,4,-5,0,-1,-5,-1,-1,-5,0,edgeCount
163,25,39,0.15,1,0,random,-1,2,2,2,0,0,2,0,2,2,0,0,edgeCount
162,25,40,0.15,3,14,random,-1,14,14,4,10,0,12,8,12,12,8,0,edgeCount
161,25,43,0.15,3,14,random,-1,6,6,2,4,0,2,0,6,2,4,0,edgeCount
160,25,46,0.15,2,7,random,-1,-1,-1,3,-4,0,-1,-4,-1,-1,-4,0,edgeCount
159,25,44,0.15,2,7,random,-1,3,7,3,0,6,5,2,5,7,2,4,edgeCount
158,25,46,0.15,2,7,random,-1,5,6,4,1,12,4,0,4,4,0,6,edgeCount
157,25,50,0.15,4,22,random,-1,2,2,2,0,0,2,0,2,2,0,0,edgeCount
156,25,38,0.15,1,0,random,-1,4,4,4,0,0,4,0,4,4,0,0,edgeCount
155,25,40,0.15,3,14,random,-1,2,2,2,0,10,2,0,2,2,0,8,edgeCount
154,25,46,0.15,4,22,random,-1,4,2,2,2,0,6,4,2,2,0,0,edgeCount
153,25,37,0.15,2,7,random,-1,8,6,4,4,2,-1,-5,-1,-1,-5,2,edgeCount
152,25,55,0.15,2,7,random,-1,3,3,3,0,0,3,0,3,3,0,0,edgeCount
151,25,44,0.15,2,7,random,-1,3,3,3,0,0,3,0,3,3,0,0,edgeCount
150,25,43,0.15,1,0,random,-1,4,4,4,0,4,4,0,4,4,0,4,edgeCount
149,25,37,0.15,4,22,random,-1,-1,-1,-1,0,8,-1,0,-1,-1,0,6,edgeCount
148,25,44,0.15,1,0,random,-1,4,4,4,0,0,4,0,4,4,0,0,edgeCount
147,25,44,0.15,3,14,random,-1,-1,-1,4,-5,2,-1,-5,-1,-1,-5,2,edgeCount
146,25,38,0.15,3,14,random,-1,-1,-1,3,-4,0,-1,-4,-1,-1,-4,0,edgeCount
145,25,48,0.15,3,14,random,-1,5,3,3,2,2,-1,-4,5,3,2,2,edgeCount
144,25,41,0.15,2,7,random,-1,6,6,4,2,0,4,0,4,4,0,0,edgeCount
143,25,55,0.15,3,14,random,-1,2,2,2,0,0,2,0,2,2,0,0,edgeCount
142,25,41,0.15,1,0,random,-1,4,4,4,0,0,4,0,4,4,0,0,edgeCount
141,25,42,0.15,4,22,random,-1,-1,-1,5,-6,2,-1,-6,-1,-1,-6,2,edgeCount
140,25,46,0.15,2,7,random,-1,3,13,3,0,8,5,2,5,3,2,8,edgeCount
139,25,48,0.15,2,7,random,-1,3,5,3,0,0,3,0,3,3,0,0,edgeCount
138,25,37,0.15,3,14,random,-1,-1,-1,5,-6,2,-1,-6,-1,-1,-6,2,edgeCount
137,25,51,0.15,3,14,random,-1,4,2,2,2,16,4,2,4,4,2,8,edgeCount
136,25,57,0.15,3,14,random,-1,7,15,3,4,4,3,0,3,3,0,2,edgeCount
135,25,44,0.15,3,14,random,-1,3,3,3,0,10,3,0,3,3,0,6,edgeCount
134,25,52,0.15,1,0,random,-1,4,4,4,0,0,4,0,4,4,0,0,edgeCount
133,25,47,0.15,4,22,random,-1,-1,-1,6,-7,0,-1,-7,-1,-1,-7,0,edgeCount
132,25,32,0.15,2,7,random,-1,4,4,2,2,0,2,0,2,2,0,0,edgeCount
131,25,43,0.15,3,14,random,-1,-1,-1,6,-7,0,-1,-7,-1,-1,-7,0,edgeCount
130,25,39,0.15,2,7,random,-1,-1,-1,4,-5,0,-1,-5,-1,-1,-5,0,edgeCount
129,25,38,0.15,2,7,random,-1,3,3,3,0,0,6,3,6,6,3,0,edgeCount
128,25,38,0.15,2,7,random,-1,9,5,5,4,4,-1,-6,10,6,5,4,edgeCount
127,25,58,0.15,2,7,random,-1,3,3,3,0,16,3,0,3,3,0,8,edgeCount
126,25,51,0.15,5,29,random,-1,7,5,5,2,0,7,2,7,5,2,0,edgeCount
125,25,50,0.15,4,22,random,-1,9,9,5,4,0,9,4,9,9,4,0,edgeCount
124,25,39,0.15,2,7,random,-1,4,4,4,0,0,4,0,4,4,0,0,edgeCount
123,25,41,0.15,2,7,random,-1,-1,-1,5,-6,0,-1,-6,-1,-1,-6,0,edgeCount
122,25,40,0.15,2,7,random,-1,3,3,2,1,4,2,0,2,2,0,4,edgeCount
121,25,45,0.15,2,7,random,-1,3,3,3,0,4,3,0,3,3,0,4,edgeCount
120,25,45,0.15,1,0,random,-1,4,4,4,0,4,4,0,4,4,0,4,edgeCount
119,25,43,0.15,1,0,random,-1,2,2,2,0,0,2,0,2,2,0,0,edgeCount
118,25,52,0.15,3,14,random,-1,4,2,2,2,4,2,0,3,2,1,2,edgeCount
117,25,39,0.15,3,14,random,-1,3,5,3,0,0,3,0,3,3,0,0,edgeCount
116,25,45,0.15,1,0,random,-1,2,2,2,0,12,2,0,2,2,0,12,edgeCount
115,25,46,0.15,2,7,random,-1,5,9,3,2,8,3,0,3,3,0,6,edgeCount
114,25,56,0.15,8,50,random,-1,-1,-1,-1,0,0,-1,0,-1,-1,0,0,edgeCount
113,25,38,0.15,3,14,random,-1,5,5,5,0,0,5,0,5,5,0,0,edgeCount
112,25,40,0.15,3,14,random,-1,8,2,2,6,0,2,0,2,2,0,0,edgeCount
111,25,47,0.15,5,29,random,-1,-1,-1,8,-9,0,-1,-9,-1,-1,-9,0,edgeCount
110,25,39,0.15,1,0,random,-1,3,3,3,0,2,3,0,3,3,0,2,edgeCount
109,25,49,0.15,1,0,random,-1,2,2,2,0,0,2,0,2,2,0,0,edgeCount
108,25,47,0.15,4,22,random,-1,9,3,3,6,0,3,0,3,3,0,0,edgeCount
107,25,54,0.15,4,22,random,-1,3,15,3,0,4,11,8,11,7,8,2,edgeCount
106,25,40,0.15,2,7,random,-1,6,6,2,4,0,2,0,2,2,0,0,edgeCount
105,25,47,0.15,2,7,random,-1,4,4,4,0,0,4,0,4,4,0,0,edgeCount
104,25,54,0.15,5,29,random,-1,-1,-1,4,-5,0,-1,-5,-1,-1,-5,0,edgeCount
103,25,54,0.15,2,7,random,-1,3,3,3,0,10,3,0,3,3,0,6,edgeCount
102,25,48,0.15,3,14,random,-1,-1,-1,4,-5,0,-1,-5,-1,-1,-5,0,edgeCount
101,25,49,0.15,3,14,random,-1,3,5,3,0,0,-1,-4,-1,-1,-4,0,edgeCount
100,25,42,0.15,4,22,random,-1,-1,-1,-1,0,4,-1,0,-1,-1,0,2,edgeCount
99,25,43,0.15,2,7,random,-1,3,3,3,0,0,3,0,3,3,0,0,edgeCount
98,25,50,0.15,2,7,random,-1,4,7,3,1,10,3,0,3,3,0,6,edgeCount
97,25,49,0.15,4,22,random,-1,11,11,6,5,4,-1,-7,-1,-1,-7,2,edgeCount
96,25,36,0.15,2,7,random,-1,6,4,4,2,0,4,0,4,4,0,0,edgeCount
95,25,42,0.15,2,7,random,-1,9,9,4,5,0,-1,-5,-1,-1,-5,0,edgeCount
94,25,33,0.15,1,0,random,-1,3,3,3,0,0,3,0,3,3,0,0,edgeCount
93,25,54,0.15,4,22,random,-1,6,4,4,2,0,-1,-5,-1,-1,-5,0,edgeCount
92,25,44,0.15,1,0,random,-1,3,3,3,0,0,3,0,3,3,0,0,edgeCount
91,25,44,0.15,1,0,random,-1,2,2,2,0,0,2,0,2,2,0,0,edgeCount
90,25,37,0.15,3,14,random,-1,3,4,3,0,0,6,3,6,6,3,0,edgeCount
89,25,40,0.15,1,0,random,-1,4,4,4,0,6,4,0,4,4,0,6,edgeCount
88,25,49,0.15,3,14,random,-1,3,11,3,0,0,3,0,3,3,0,0,edgeCount
87,25,40,0.15,1,0,random,-1,5,7,5,0,12,5,0,5,7,0,12,edgeCount
86,25,45,0.15,1,0,random,-1,3,3,3,0,0,3,0,3,3,0,0,edgeCount
85,25,35,0.15,3,14,random,-1,10,10,2,8,4,2,0,4,2,2,2,edgeCount
84,25,44,0.15,4,22,random,-1,2,2,2,0,0,2,0,2,2,0,0,edgeCount
83,25,37,0.15,1,0,random,-1,2,2,2,0,0,2,0,2,2,0,0,edgeCount
82,25,37,0.15,1,0,random,-1,3,4,3,0,2,3,0,3,4,0,2,edgeCount
81,25,48,0.15,3,14,random,-1,-1,-1,5,-6,0,-1,-6,-1,-1,-6,0,edgeCount
80,25,41,0.15,3,14,random,-1,6,6,2,4,0,2,0,2,2,0,0,edgeCount
79,25,66,0.15,3,14,random,-1,3,3,3,0,0,3,0,3,3,0,0,edgeCount
78,25,34,0.15,1,0,random,-1,3,3,3,0,12,3,0,3,3,0,12,edgeCount
77,25,51,0.15,3,14,random,-1,3,3,2,1,0,2,0,3,2,1,0,edgeCount
76,25,48,0.15,3,14,random,-1,2,2,2,0,4,2,0,2,2,0,2,edgeCount
75,25,48,0.15,1,0,random,-1,3,5,3,0,8,3,0,3,5,0,8,edgeCount
74,25,53,0.15,2,7,random,-1,-1,-1,4,-5,0,-1,-5,-1,-1,-5,0,edgeCount
73,25,40,0.15,2,7,random,-1,3,3,3,0,0,3,0,3,3,0,0,edgeCount
72,25,47,0.15,2,7,random,-1,2,2,2,0,0,2,0,2,2,0,0,edgeCount
71,25,47,0.15,3,14,random,-1,-1,-1,4,-5,0,-1,-5,-1,-1,-5,0,edgeCount
70,25,48,0.15,3,14,random,-1,2,2,2,0,4,2,0,2,2,0,2,edgeCount
69,25,39,0.15,1,0,random,-1,3,6,3,0,8,3,0,3,6,0,8,edgeCount
68,25,40,0.15,3,14,random,-1,3,3,2,1,4,2,0,2,2,0,4,edgeCount
67,25,48,0.15,2,7,random,-1,4,5,4,0,8,6,2,6,8,2,4,edgeCount
66,25,41,0.15,1,0,random,-1,3,3,3,0,0,3,0,3,3,0,0,edgeCount
65,25,49,0.15,2,7,random,-1,3,6,3,0,0,3,0,3,3,0,0,edgeCount
64,25,44,0.15,2,7,random,-1,2,2,2,0,0,2,0,2,2,0,0,edgeCount
63,25,47,0.15,3,14,random,-1,2,2,2,0,8,4,2,4,4,2,4,edgeCount
62,25,50,0.15,1,0,random,-1,2,2,2,0,4,2,0,2,2,0,4,edgeCount
61,25,46,0.15,2,7,random,-1,3,5,3,0,10,3,0,3,3,0,6,edgeCount
60,25,44,0.15,3,14,random,-1,8,4,4,4,4,-1,-5,-1,-1,-5,2,edgeCount
59,25,51,0.15,4,22,random,-1,6,2,2,4,0,2,0,2,2,0,0,edgeCount
58,25,47,0.15,2,7,random,-1,2,2,2,0,0,2,0,2,2,0,0,edgeCount
57,25,38,0.15,3,14,random,-1,5,5,4,1,0,-1,-5,-1,-1,-5,0,edgeCount
56,25,39,0.15,2,7,random,-1,4,8,4,0,8,6,2,6,14,2,8,edgeCount
55,25,50,0.15,6,36,random,-1,3,3,3,0,0,-1,-4,-1,-1,-4,0,edgeCount
54,25,38,0.15,3,14,random,-1,-1,-1,-1,0,0,-1,0,-1,-1,0,0,edgeCount
53,25,47,0.15,1,0,random,-1,3,3,3,0,0,3,0,3,3,0,0,edgeCount
52,25,45,0.15,3,14,random,-1,3,3,3,0,12,5,2,5,5,2,8,edgeCount
51,25,43,0.15,1,0,random,-1,4,4,4,0,0,4,0,4,4,0,0,edgeCount
50,25,48,0.15,3,14,random,-1,4,2,2,2,6,2,0,2,2,0,4,edgeCount
49,25,54,0.15,5,29,random,-1,-1,-1,-1,0,4,-1,0,-1,-1,0,4,edgeCount
48,25,48,0.15,4,22,random,-1,-1,-1,3,-4,0,-1,-4,-1,-1,-4,0,edgeCount
47,25,34,0.15,2,7,random,-1,3,3,3,0,0,3,0,3,3,0,0,edgeCount
46,25,50,0.15,1,0,random,-1,4,4,4,0,6,4,0,4,4,0,6,edgeCount
45,25,46,0.15,3,14,random,-1,4,8,4,0,10,6,2,6,6,2,6,edgeCount
44,25,45,0.15,3,14,random,-1,6,6,4,2,0,6,2,6,6,2,0,edgeCount
43,25,57,0.15,4,22,random,-1,3,3,2,1,0,2,0,3,2,1,0,edgeCount
42,25,45,0.15,3,14,random,-1,4,8,4,0,0,8,4,8,8,4,0,edgeCount
41,25,48,0.15,3,14,random,-1,4,2,2,2,0,2,0,4,2,2,0,edgeCount
40,25,56,0.15,4,22,random,-1,11,3,3,8,0,3,0,3,3,0,0,edgeCount
39,25,45,0.15,1,0,random,-1,3,3,3,0,0,3,0,3,3,0,0,edgeCount
38,25,52,0.15,4,22,random,-1,-1,-1,5,-6,0,-1,-6,-1,-1,-6,0,edgeCount
37,25,36,0.15,2,7,random,-1,4,4,4,0,0,4,0,4,4,0,0,edgeCount
36,25,39,0.15,1,0,random,-1,4,4,4,0,4,4,0,4,4,0,4,edgeCount
35,25,52,0.15,3,14,random,-1,3,4,3,0,0,3,0,3,3,0,0,edgeCount
34,25,42,0.15,4,22,random,-1,-1,-1,4,-5,4,-1,-5,-1,-1,-5,4,edgeCount
33,25,61,0.15,4,22,random,-1,3,3,3,0,0,-1,-4,-1,-1,-4,0,edgeCount
32,25,48,0.15,4,22,random,-1,-1,-1,5,-6,0,-1,-6,-1,-1,-6,0,edgeCount
31,25,47,0.15,2,7,random,-1,3,5,3,0,0,3,0,3,3,0,0,edgeCount
30,25,56,0.15,2,7,random,-1,3,3,3,0,0,3,0,3,3,0,0,edgeCount
29,25,52,0.15,3,14,random,-1,9,3,3,6,2,3,0,3,3,0,2,edgeCount
28,25,48,0.15,2,7,random,-1,2,2,2,0,0,2,0,2,2,0,0,edgeCount
27,25,52,0.15,2,7,random,-1,4,5,3,1,0,3,0,3,3,0,0,edgeCount
26,25,42,0.15,1,0,random,-1,3,3,3,0,0,3,0,3,3,0,0,edgeCount
25,25,41,0.15,3,14,random,-1,10,6,4,6,6,-1,-5,11,15,7,4,edgeCount
24,25,39,0.15,2,7,random,-1,5,10,5,0,4,7,2,7,9,2,4,edgeCount
23,25,45,0.15,1,0,random,-1,3,3,3,0,0,3,0,3,3,0,0,edgeCount
22,25,56,0.15,3,14,random,-1,5,3,3,2,0,5,2,5,5,2,0,edgeCount
21,25,46,0.15,2,7,random,-1,2,2,2,0,6,2,0,2,2,0,4,edgeCount
20,25,47,0.15,4,22,random,-1,-1,-1,4,-5,0,-1,-5,-1,-1,-5,0,edgeCount
19,25,42,0.15,2,7,random,-1,3,3,3,0,10,5,2,5,5,2,6,edgeCount
18,25,38,0.15,3,14,random,-1,6,6,4,2,0,6,2,6,6,2,0,edgeCount
17,25,43,0.15,3,14,random,-1,12,2,2,10,6,2,0,6,2,4,6,edgeCount
16,25,48,0.15,4,22,random,-1,-1,-1,-1,0,0,-1,0,-1,-1,0,0,edgeCount
15,25,47,0.15,4,22,random,-1,-1,-1,4,-5,0,-1,-5,-1,-1,-5,0,edgeCount
14,25,32,0.15,2,7,random,-1,6,6,6,0,2,12,6,12,6,6,2,edgeCount
13,25,49,0.15,5,29,random,-1,-1,-1,4,-5,0,-1,-5,-1,-1,-5,0,edgeCount
12,25,45,0.15,3,14,random,-1,7,9,5,2,2,-1,-6,-1,-1,-6,2,edgeCount
11,25,52,0.15,4,22,random,-1,3,3,3,0,2,3,0,3,3,0,2,edgeCount
10,25,34,0.15,1,0,random,-1,4,4,4,0,0,4,0,4,4,0,0,edgeCount
9,25,53,0.15,3,14,random,-1,6,2,2,4,6,2,0,2,2,0,4,edgeCount
8,25,51,0.15,3,14,random,-1,4,4,3,1,0,3,0,3,3,0,0,edgeCount
7,25,48,0.15,2,7,random,-1,4,4,2,2,4,2,0,2,2,0,4,edgeCount
6,25,40,0.15,5,29,random,-1,-1,-1,-1,0,0,-1,0,-1,-1,0,0,edgeCount
5,25,46,0.15,3,14,random,-1,8,2,2,6,8,2,0,2,2,0,4,edgeCount
4,25,38,0.15,3,14,random,-1,-1,-1,-1,0,0,-1,0,-1,-1,0,0,edgeCount
3,25,45,0.15,1,0,random,-1,5,6,5,0,4,5,0,5,6,0,4,edgeCount
2,25,42,0.15,1,0,random,-1,4,4,4,0,0,4,0,4,4,0,0,edgeCount
1,25,42,0.15,2,7,random,-1,7,11,3,4,0,3,0,3,3,0,0,edgeCount
