rep,nrNodes,nrEdges,edgeProb,nrPaths,nrFails,failureModel,failurePercent,hopsRanked,hopsUnranked,spLength,stretch_mult,nodeAdditions,hopsPath,stretch_path,hopsRankedOne,hopsUnrankedOne,stretch_one,overallNodeAdditionsOne,treeChoice
1000,25,40,0.15,3,16,random,-1,-1,-1,3,-4,0,-1,-4,-1,-1,-4,0,edgeCount
999,25,50,0.15,4,24,random,-1,-1,-1,5,-6,8,-1,-6,-1,-1,-6,6,edgeCount
998,25,46,0.15,4,24,random,-1,-1,-1,9,-10,0,-1,-10,-1,-1,-10,0,edgeCount
997,25,53,0.15,3,16,random,-1,4,3,3,1,6,8,5,3,3,0,2,edgeCount
996,25,59,0.15,4,24,random,-1,11,3,3,8,0,5,2,3,5,0,0,edgeCount
995,25,41,0.15,2,8,random,-1,9,3,3,6,0,3,0,3,3,0,0,edgeCount
994,25,45,0.15,2,8,random,-1,5,5,4,1,4,5,1,5,6,1,4,edgeCount
993,25,45,0.15,2,8,random,-1,9,7,6,3,8,-1,-7,-1,-1,-7,4,edgeCount
992,25,39,0.15,3,16,random,-1,-1,-1,4,-5,0,-1,-5,-1,-1,-5,0,edgeCount
991,25,36,0.15,2,8,random,-1,5,15,5,0,2,7,2,7,7,2,2,edgeCount
990,25,46,0.15,5,32,random,-1,-1,-1,-1,0,0,-1,0,-1,-1,0,0,edgeCount
989,25,43,0.15,3,16,random,-1,2,2,2,0,0,2,0,2,2,0,0,edgeCount
988,25,38,0.15,3,16,random,-1,-1,-1,-1,0,0,-1,0,-1,-1,0,0,edgeCount
987,25,41,0.15,1,0,random,-1,4,4,4,0,0,4,0,4,4,0,0,edgeCount
986,25,55,0.15,2,8,random,-1,-1,-1,-1,0,12,-1,0,-1,-1,0,6,edgeCount
985,25,49,0.15,2,8,random,-1,6,4,4,2,12,4,0,4,4,0,6,edgeCount
984,25,46,0.15,5,32,random,-1,-1,-1,-1,0,0,-1,0,-1,-1,0,0,edgeCount
983,25,45,0.15,2,8,random,-1,8,4,4,4,0,-1,-5,-1,-1,-5,0,edgeCount
982,25,38,0.15,2,8,random,-1,4,3,3,1,4,3,0,3,3,0,4,edgeCount
981,25,54,0.15,2,8,random,-1,3,3,3,0,0,3,0,3,3,0,0,edgeCount
980,25,56,0.15,2,8,random,-1,3,3,3,0,0,3,0,3,3,0,0,edgeCount
979,25,43,0.15,3,16,random,-1,3,3,2,1,0,2,0,3,2,1,0,edgeCount
978,25,40,0.15,3,16,random,-1,-1,-1,8,-9,0,-1,-9,-1,-1,-9,0,edgeCount
977,25,41,0.15,4,24,random,-1,-1,-1,-1,0,0,-1,0,-1,-1,0,0,edgeCount
976,25,55,0.15,4,24,random,-1,3,5,3,0,8,-1,-4,-1,-1,-4,4,edgeCount
975,25,44,0.15,1,0,random,-1,3,3,3,0,2,3,0,3,3,0,2,edgeCount
974,25,44,0.15,2,8,random,-1,-1,-1,-1,0,0,-1,0,-1,-1,0,0,edgeCount
973,25,47,0.15,2,8,random,-1,5,5,3,2,0,-1,-4,-1,-1,-4,0,edgeCount
972,25,38,0.15,2,8,random,-1,5,5,5,0,2,5,0,5,5,0,2,edgeCount
971,25,46,0.15,3,16,random,-1,3,3,3,0,0,3,0,3,3,0,0,edgeCount
970,25,39,0.15,2,8,random,-1,9,3,3,6,0,3,0,3,3,0,0,edgeCount
969,25,41,0.15,3,16,random,-1,4,6,4,0,0,6,2,6,6,2,0,edgeCount
968,25,41,0.15,2,8,random,-1,2,2,2,0,0,2,0,2,2,0,0,edgeCount
967,25,45,0.15,2,8,random,-1,-1,-1,4,-5,0,-1,-5,-1,-1,-5,0,edgeCount
966,25,40,0.15,2,8,random,-1,3,5,3,0,2,5,2,5,5,2,2,edgeCount
965,25,42,0.15,1,0,random,-1,2,2,2,0,6,2,0,2,2,0,6,edgeCount
964,25,36,0.15,1,0,random,-1,4,4,4,0,0,4,0,4,4,0,0,edgeCount
963,25,38,0.15,4,24,random,-1,-1,-1,-1,0,0,-1,0,-1,-1,0,0,edgeCount
962,25,44,0.15,3,16,random,-1,-1,-1,5,-6,0,-1,-6,-1,-1,-6,0,edgeCount
961,25,54,0.15,3,16,random,-1,3,2,2,1,16,2,0,2,2,0,8,edgeCount
960,25,52,0.15,5,32,random,-1,10,2,2,8,0,2,0,2,2,0,0,edgeCount
959,25,35,0.15,3,16,random,-1,2,2,2,0,4,2,0,2,2,0,4,edgeCount
958,25,48,0.15,2,8,random,-1,4,5,3,1,8,8,5,8,8,5,6,edgeCount
957,25,62,0.15,3,16,random,-1,3,3,3,0,0,6,3,5,3,2,0,edgeCount
956,25,49,0.15,3,16,random,-1,6,4,4,2,8,4,0,4,4,0,8,edgeCount
955,25,44,0.15,4,24,random,-1,2,2,2,0,6,2,0,2,2,0,4,edgeCount
954,25,47,0.15,3,16,random,-1,11,3,3,8,0,3,0,3,3,0,0,edgeCount
953,25,52,0.15,5,32,random,-1,-1,-1,-1,0,0,-1,0,-1,-1,0,0,edgeCount
952,25,42,0.15,3,16,random,-1,7,5,3,4,2,-1,-4,-1,-1,-4,2,edgeCount
951,25,50,0.15,1,0,random,-1,3,3,3,0,0,3,0,3,3,0,0,edgeCount
950,25,46,0.15,1,0,random,-1,4,4,4,0,0,4,0,4,4,0,0,edgeCount
949,25,43,0.15,2,8,random,-1,8,6,3,5,0,-1,-4,-1,-1,-4,0,edgeCount
948,25,42,0.15,1,0,random,-1,5,5,5,0,0,5,0,5,5,0,0,edgeCount
947,25,44,0.15,2,8,random,-1,3,3,3,0,0,3,0,3,3,0,0,edgeCount
946,25,45,0.15,2,8,random,-1,2,2,2,0,0,2,0,2,2,0,0,edgeCount
945,25,37,0.15,2,8,random,-1,3,3,3,0,4,3,0,3,3,0,4,edgeCount
944,25,36,0.15,2,8,random,-1,-1,-1,6,-7,0,-1,-7,-1,-1,-7,0,edgeCount
943,25,47,0.15,2,8,random,-1,4,7,4,0,2,6,2,4,6,0,2,edgeCount
942,25,45,0.15,2,8,random,-1,5,5,5,0,0,5,0,5,5,0,0,edgeCount
941,25,37,0.15,2,8,random,-1,6,7,6,0,0,10,4,10,10,4,0,edgeCount
940,25,50,0.15,2,8,random,-1,-1,-1,-1,0,0,-1,0,-1,-1,0,0,edgeCount
939,25,52,0.15,3,16,random,-1,3,3,3,0,0,3,0,3,3,0,0,edgeCount
938,25,42,0.15,3,16,random,-1,-1,-1,-1,0,0,-1,0,-1,-1,0,0,edgeCount
937,25,43,0.15,3,16,random,-1,4,4,2,2,4,2,0,2,2,0,2,edgeCount
936,25,41,0.15,3,16,random,-1,6,6,2,4,0,2,0,2,2,0,0,edgeCount
935,25,47,0.15,1,0,random,-1,3,3,3,0,0,3,0,3,3,0,0,edgeCount
934,25,57,0.15,2,8,random,-1,3,3,3,0,16,3,0,3,7,0,8,edgeCount
933,25,39,0.15,2,8,random,-1,6,7,6,0,4,12,6,12,10,6,2,edgeCount
932,25,42,0.15,1,0,random,-1,3,6,3,0,4,3,0,3,6,0,4,edgeCount
931,25,53,0.15,6,40,random,-1,-1,-1,-1,0,0,-1,0,-1,-1,0,0,edgeCount
930,25,41,0.15,3,16,random,-1,3,8,3,0,4,5,2,5,5,2,2,edgeCount
929,25,45,0.15,1,0,random,-1,2,2,2,0,0,2,0,2,2,0,0,edgeCount
928,25,41,0.15,4,24,random,-1,3,3,3,0,0,5,2,3,5,0,0,edgeCount
927,25,47,0.15,1,0,random,-1,2,2,2,0,0,2,0,2,2,0,0,edgeCount
926,25,45,0.15,2,8,random,-1,4,2,2,2,10,2,0,2,2,0,6,edgeCount
925,25,54,0.15,2,8,random,-1,8,2,2,6,8,2,0,2,2,0,4,edgeCount
924,25,50,0.15,5,32,random,-1,-1,-1,9,-10,2,-1,-10,-1,-1,-10,2,edgeCount
923,25,46,0.15,3,16,random,-1,3,3,2,1,2,2,0,2,2,0,2,edgeCount
922,25,46,0.15,1,0,random,-1,4,5,4,0,4,4,0,4,5,0,4,edgeCount
921,25,44,0.15,4,24,random,-1,2,2,2,0,0,2,0,2,2,0,0,edgeCount
920,25,29,0.15,2,8,random,-1,-1,-1,-1,0,0,-1,0,-1,-1,0,0,edgeCount
919,25,38,0.15,2,8,random,-1,-1,-1,-1,0,0,-1,0,-1,-1,0,0,edgeCount
918,25,44,0.15,3,16,random,-1,-1,-1,-1,0,4,-1,0,-1,-1,0,2,edgeCount
917,25,55,0.15,2,8,random,-1,7,7,3,4,0,-1,-4,-1,-1,-4,0,edgeCount
916,25,37,0.15,2,8,random,-1,4,4,4,0,4,8,4,8,10,4,4,edgeCount
915,25,44,0.15,1,0,random,-1,3,3,3,0,0,3,0,3,3,0,0,edgeCount
914,25,51,0.15,4,24,random,-1,18,14,4,14,14,-1,-5,-1,-1,-5,10,edgeCount
913,25,49,0.15,4,24,random,-1,-1,-1,-1,0,0,-1,0,-1,-1,0,0,edgeCount
912,25,43,0.15,3,16,random,-1,8,6,4,4,2,-1,-5,-1,-1,-5,2,edgeCount
911,25,33,0.15,1,0,random,-1,5,6,5,0,2,5,0,5,6,0,2,edgeCount
910,25,44,0.15,4,24,random,-1,-1,-1,-1,0,10,-1,0,-1,-1,0,6,edgeCount
909,25,45,0.15,4,24,random,-1,-1,-1,4,-5,0,-1,-5,-1,-1,-5,0,edgeCount
908,25,35,0.15,1,0,random,-1,3,7,3,0,6,3,0,3,7,0,6,edgeCount
907,25,46,0.15,3,16,random,-1,-1,-1,-1,0,0,-1,0,-1,-1,0,0,edgeCount
906,25,42,0.15,4,24,random,-1,-1,-1,-1,0,0,-1,0,-1,-1,0,0,edgeCount
905,25,47,0.15,6,40,random,-1,-1,-1,-1,0,0,-1,0,-1,-1,0,0,edgeCount
904,25,45,0.15,1,0,random,-1,3,3,3,0,0,3,0,3,3,0,0,edgeCount
903,25,41,0.15,3,16,random,-1,3,5,3,0,0,5,2,3,3,0,0,edgeCount
902,25,45,0.15,6,40,random,-1,-1,-1,-1,0,0,-1,0,-1,-1,0,0,edgeCount
901,25,43,0.15,2,8,random,-1,-1,-1,-1,0,4,-1,0,-1,-1,0,2,edgeCount
900,25,40,0.15,3,16,random,-1,2,2,2,0,2,2,0,2,2,0,2,edgeCount
899,25,40,0.15,1,0,random,-1,3,3,3,0,0,3,0,3,3,0,0,edgeCount
898,25,53,0.15,3,16,random,-1,3,3,3,0,8,5,2,5,5,2,4,edgeCount
897,25,36,0.15,2,8,random,-1,3,3,3,0,0,3,0,3,3,0,0,edgeCount
896,25,35,0.15,2,8,random,-1,-1,-1,4,-5,0,-1,-5,-1,-1,-5,0,edgeCount
895,25,44,0.15,1,0,random,-1,3,3,3,0,0,3,0,3,3,0,0,edgeCount
894,25,46,0.15,3,16,random,-1,-1,-1,4,-5,0,-1,-5,-1,-1,-5,0,edgeCount
893,25,50,0.15,3,16,random,-1,2,6,2,0,0,6,4,4,4,2,0,edgeCount
892,25,55,0.15,2,8,random,-1,7,7,4,3,0,-1,-5,-1,-1,-5,0,edgeCount
891,25,43,0.15,3,16,random,-1,-1,-1,3,-4,0,-1,-4,-1,-1,-4,0,edgeCount
890,25,32,0.15,1,0,random,-1,6,6,6,0,2,6,0,6,6,0,2,edgeCount
889,25,42,0.15,3,16,random,-1,-1,-1,4,-5,0,-1,-5,-1,-1,-5,0,edgeCount
888,25,49,0.15,2,8,random,-1,3,5,3,0,0,5,2,5,5,2,0,edgeCount
887,25,40,0.15,1,0,random,-1,2,2,2,0,6,2,0,2,2,0,6,edgeCount
886,25,52,0.15,2,8,random,-1,3,3,2,1,0,2,0,3,2,1,0,edgeCount
885,25,50,0.15,4,24,random,-1,-1,-1,5,-6,0,-1,-6,-1,-1,-6,0,edgeCount
884,25,46,0.15,3,16,random,-1,3,3,3,0,2,3,0,3,3,0,2,edgeCount
883,25,42,0.15,4,24,random,-1,5,3,3,2,0,3,0,5,5,2,0,edgeCount
882,25,37,0.15,3,16,random,-1,-1,-1,-1,0,0,-1,0,-1,-1,0,0,edgeCount
881,25,39,0.15,1,0,random,-1,4,4,4,0,0,4,0,4,4,0,0,edgeCount
880,25,59,0.15,3,16,random,-1,4,4,3,1,0,8,5,8,8,5,0,edgeCount
879,25,51,0.15,2,8,random,-1,3,3,3,0,2,3,0,3,3,0,2,edgeCount
878,25,41,0.15,3,16,random,-1,-1,-1,-1,0,0,-1,0,-1,-1,0,0,edgeCount
877,25,48,0.15,4,24,random,-1,-1,-1,4,-5,8,-1,-5,-1,-1,-5,8,edgeCount
876,25,45,0.15,2,8,random,-1,6,4,4,2,16,-1,-5,15,13,11,10,edgeCount
875,25,43,0.15,3,16,random,-1,4,5,4,0,4,-1,-5,6,6,2,2,edgeCount
874,25,48,0.15,4,24,random,-1,-1,-1,4,-5,0,-1,-5,-1,-1,-5,0,edgeCount
873,25,57,0.15,5,32,random,-1,-1,-1,5,-6,0,-1,-6,-1,-1,-6,0,edgeCount
872,25,47,0.15,4,24,random,-1,-1,-1,5,-6,0,-1,-6,-1,-1,-6,0,edgeCount
871,25,42,0.15,2,8,random,-1,2,2,2,0,4,2,0,2,2,0,2,edgeCount
870,25,54,0.15,2,8,random,-1,4,4,4,0,0,4,0,4,4,0,0,edgeCount
869,25,53,0.15,4,24,random,-1,5,3,2,3,0,4,2,4,4,2,0,edgeCount
868,25,45,0.15,1,0,random,-1,5,8,5,0,2,5,0,5,8,0,2,edgeCount
867,25,53,0.15,3,16,random,-1,2,2,2,0,4,2,0,3,2,1,2,edgeCount
866,25,52,0.15,2,8,random,-1,7,9,3,4,0,7,4,7,7,4,0,edgeCount
865,25,52,0.15,2,8,random,-1,14,6,5,9,0,-1,-6,-1,-1,-6,0,edgeCount
864,25,44,0.15,2,8,random,-1,7,9,3,4,0,3,0,3,3,0,0,edgeCount
863,25,49,0.15,4,24,random,-1,8,10,4,4,6,-1,-5,-1,-1,-5,4,edgeCount
862,25,40,0.15,2,8,random,-1,3,3,3,0,0,3,0,3,3,0,0,edgeCount
861,25,45,0.15,1,0,random,-1,3,3,3,0,0,3,0,3,3,0,0,edgeCount
860,25,43,0.15,2,8,random,-1,3,3,3,0,8,-1,-4,4,4,1,4,edgeCount
859,25,42,0.15,3,16,random,-1,3,3,2,1,0,2,0,3,2,1,0,edgeCount
858,25,36,0.15,1,0,random,-1,3,3,3,0,0,3,0,3,3,0,0,edgeCount
857,25,47,0.15,2,8,random,-1,4,4,3,1,4,6,3,6,7,3,4,edgeCount
856,25,56,0.15,3,16,random,-1,-1,-1,-1,0,0,-1,0,-1,-1,0,0,edgeCount
855,25,47,0.15,4,24,random,-1,-1,-1,4,-5,0,-1,-5,-1,-1,-5,0,edgeCount
854,25,41,0.15,3,16,random,-1,-1,-1,-1,0,2,-1,0,-1,-1,0,2,edgeCount
853,25,64,0.15,3,16,random,-1,9,9,3,6,0,5,2,5,5,2,0,edgeCount
852,25,34,0.15,3,16,random,-1,-1,-1,-1,0,4,-1,0,-1,-1,0,2,edgeCount
851,25,37,0.15,1,0,random,-1,3,4,3,0,8,3,0,3,4,0,8,edgeCount
850,25,40,0.15,3,16,random,-1,7,3,3,4,0,3,0,3,3,0,0,edgeCount
849,25,39,0.15,2,8,random,-1,4,4,2,2,4,2,0,2,2,0,2,edgeCount
848,25,50,0.15,4,24,random,-1,-1,-1,-1,0,2,-1,0,-1,-1,0,2,edgeCount
847,25,37,0.15,2,8,random,-1,3,5,3,0,0,3,0,3,3,0,0,edgeCount
846,25,40,0.15,1,0,random,-1,5,5,5,0,0,5,0,5,5,0,0,edgeCount
845,25,49,0.15,2,8,random,-1,-1,-1,3,-4,0,-1,-4,-1,-1,-4,0,edgeCount
844,25,46,0.15,3,16,random,-1,6,6,2,4,4,2,0,2,2,0,2,edgeCount
843,25,55,0.15,2,8,random,-1,4,4,4,0,4,-1,-5,10,4,6,2,edgeCount
842,25,62,0.15,5,32,random,-1,-1,-1,4,-5,0,-1,-5,-1,-1,-5,0,edgeCount
841,25,47,0.15,3,16,random,-1,3,3,3,0,4,3,0,3,3,0,2,edgeCount
840,25,46,0.15,3,16,random,-1,8,6,2,6,6,2,0,2,2,0,4,edgeCount
839,25,47,0.15,3,16,random,-1,-1,-1,3,-4,0,-1,-4,-1,-1,-4,0,edgeCount
838,25,38,0.15,3,16,random,-1,4,2,2,2,0,2,0,4,2,2,0,edgeCount
837,25,43,0.15,1,0,random,-1,3,4,3,0,2,3,0,3,4,0,2,edgeCount
836,25,47,0.15,2,8,random,-1,3,4,3,0,0,3,0,3,3,0,0,edgeCount
835,25,46,0.15,3,16,random,-1,2,2,2,0,4,2,0,2,2,0,2,edgeCount
834,25,35,0.15,1,0,random,-1,4,4,4,0,0,4,0,4,4,0,0,edgeCount
833,25,56,0.15,2,8,random,-1,2,2,2,0,4,2,0,2,2,0,4,edgeCount
832,25,40,0.15,5,32,random,-1,-1,-1,-1,0,0,-1,0,-1,-1,0,0,edgeCount
831,25,44,0.15,1,0,random,-1,4,4,4,0,0,4,0,4,4,0,0,edgeCount
830,25,42,0.15,1,0,random,-1,2,2,2,0,0,2,0,2,2,0,0,edgeCount
829,25,47,0.15,3,16,random,-1,3,3,3,0,0,5,2,3,5,0,0,edgeCount
828,25,48,0.15,4,24,random,-1,4,8,4,0,0,8,4,4,4,0,0,edgeCount
827,25,40,0.15,3,16,random,-1,-1,-1,-1,0,0,-1,0,-1,-1,0,0,edgeCount
826,25,34,0.15,2,8,random,-1,-1,-1,6,-7,2,-1,-7,-1,-1,-7,2,edgeCount
825,25,46,0.15,6,40,random,-1,-1,-1,-1,0,2,-1,0,-1,-1,0,2,edgeCount
824,25,44,0.15,3,16,random,-1,4,10,4,0,4,7,3,6,6,2,4,edgeCount
823,25,37,0.15,2,8,random,-1,-1,-1,-1,0,2,-1,0,-1,-1,0,2,edgeCount
822,25,39,0.15,3,16,random,-1,-1,-1,8,-9,0,-1,-9,-1,-1,-9,0,edgeCount
821,25,45,0.15,3,16,random,-1,-1,-1,4,-5,0,-1,-5,-1,-1,-5,0,edgeCount
820,25,41,0.15,2,8,random,-1,4,4,4,0,0,6,2,6,6,2,0,edgeCount
819,25,39,0.15,3,16,random,-1,4,3,3,1,0,3,0,3,3,0,0,edgeCount
818,25,38,0.15,2,8,random,-1,2,2,2,0,10,4,2,4,4,2,10,edgeCount
817,25,45,0.15,2,8,random,-1,3,3,2,1,0,2,0,3,2,1,0,edgeCount
816,25,43,0.15,1,0,random,-1,3,3,3,0,8,3,0,3,3,0,8,edgeCount
815,25,50,0.15,1,0,random,-1,3,3,3,0,0,3,0,3,3,0,0,edgeCount
814,25,43,0.15,2,8,random,-1,5,11,3,2,0,3,0,3,3,0,0,edgeCount
813,25,55,0.15,3,16,random,-1,3,4,3,0,0,3,0,3,3,0,0,edgeCount
812,25,44,0.15,1,0,random,-1,4,6,4,0,2,4,0,4,6,0,2,edgeCount
811,25,42,0.15,1,0,random,-1,5,5,5,0,0,5,0,5,5,0,0,edgeCount
810,25,46,0.15,2,8,random,-1,3,3,3,0,6,5,2,5,5,2,4,edgeCount
809,25,52,0.15,3,16,random,-1,9,5,5,4,2,-1,-6,-1,-1,-6,2,edgeCount
808,25,38,0.15,3,16,random,-1,-1,-1,4,-5,2,-1,-5,-1,-1,-5,2,edgeCount
807,25,42,0.15,3,16,random,-1,-1,-1,4,-5,0,-1,-5,-1,-1,-5,0,edgeCount
806,25,48,0.15,5,32,random,-1,-1,-1,-1,0,2,-1,0,-1,-1,0,2,edgeCount
805,25,45,0.15,2,8,random,-1,4,5,3,1,0,3,0,3,3,0,0,edgeCount
804,25,37,0.15,2,8,random,-1,11,7,5,6,0,5,0,5,5,0,0,edgeCount
803,25,44,0.15,3,16,random,-1,-1,-1,10,-11,6,-1,-11,-1,-1,-11,4,edgeCount
802,25,44,0.15,3,16,random,-1,3,3,3,0,0,3,0,3,3,0,0,edgeCount
801,25,51,0.15,4,24,random,-1,-1,-1,3,-4,0,-1,-4,-1,-1,-4,0,edgeCount
800,25,39,0.15,1,0,random,-1,4,4,4,0,2,4,0,4,4,0,2,edgeCount
799,25,46,0.15,5,32,random,-1,3,3,3,0,4,3,0,3,3,0,2,edgeCount
798,25,50,0.15,3,16,random,-1,4,2,2,2,8,2,0,2,2,0,4,edgeCount
797,25,53,0.15,4,24,random,-1,3,5,3,0,6,5,2,3,3,0,4,edgeCount
796,25,50,0.15,4,24,random,-1,3,5,2,1,0,2,0,5,2,3,0,edgeCount
795,25,40,0.15,1,0,random,-1,2,2,2,0,6,2,0,2,2,0,6,edgeCount
794,25,46,0.15,3,16,random,-1,2,3,2,0,0,2,0,3,2,1,0,edgeCount
793,25,43,0.15,4,24,random,-1,4,8,4,0,0,8,4,8,8,4,0,edgeCount
792,25,49,0.15,3,16,random,-1,11,13,5,6,4,-1,-6,-1,-1,-6,2,edgeCount
791,25,48,0.15,3,16,random,-1,13,5,3,10,0,-1,-4,-1,-1,-4,0,edgeCount
790,25,55,0.15,4,24,random,-1,15,7,3,12,8,3,0,3,3,0,4,edgeCount
789,25,38,0.15,3,16,random,-1,-1,-1,-1,0,0,-1,0,-1,-1,0,0,edgeCount
788,25,45,0.15,3,16,random,-1,-1,-1,6,-7,4,-1,-7,-1,-1,-7,2,edgeCount
787,25,46,0.15,1,0,random,-1,3,3,3,0,10,3,0,3,3,0,10,edgeCount
786,25,44,0.15,1,0,random,-1,3,3,3,0,0,3,0,3,3,0,0,edgeCount
785,25,50,0.15,3,16,random,-1,3,4,3,0,0,-1,-4,5,5,2,0,edgeCount
784,25,53,0.15,1,0,random,-1,3,3,3,0,0,3,0,3,3,0,0,edgeCount
783,25,40,0.15,2,8,random,-1,-1,-1,5,-6,0,-1,-6,-1,-1,-6,0,edgeCount
782,25,50,0.15,4,24,random,-1,-1,-1,7,-8,6,-1,-8,-1,-1,-8,4,edgeCount
781,25,44,0.15,1,0,random,-1,3,3,3,0,0,3,0,3,3,0,0,edgeCount
780,25,44,0.15,3,16,random,-1,6,2,2,4,2,2,0,2,2,0,2,edgeCount
779,25,47,0.15,3,16,random,-1,4,4,2,2,0,2,0,2,2,0,0,edgeCount
778,25,41,0.15,3,16,random,-1,-1,-1,4,-5,4,-1,-5,-1,-1,-5,2,edgeCount
777,25,35,0.15,2,8,random,-1,3,3,3,0,0,3,0,3,3,0,0,edgeCount
776,25,36,0.15,1,0,random,-1,2,2,2,0,4,2,0,2,2,0,4,edgeCount
775,25,46,0.15,4,24,random,-1,2,2,2,0,2,6,4,6,6,4,2,edgeCount
774,25,41,0.15,2,8,random,-1,6,6,2,4,0,2,0,2,2,0,0,edgeCount
773,25,55,0.15,4,24,random,-1,9,2,2,7,14,2,0,2,2,0,6,edgeCount
772,25,42,0.15,1,0,random,-1,4,4,4,0,0,4,0,4,4,0,0,edgeCount
771,25,38,0.15,1,0,random,-1,2,2,2,0,10,2,0,2,2,0,10,edgeCount
770,25,59,0.15,3,16,random,-1,3,3,3,0,8,3,0,3,3,0,4,edgeCount
769,25,44,0.15,3,16,random,-1,2,2,2,0,0,2,0,2,2,0,0,edgeCount
768,25,50,0.15,2,8,random,-1,-1,-1,5,-6,0,-1,-6,-1,-1,-6,0,edgeCount
767,25,49,0.15,4,24,random,-1,-1,-1,5,-6,4,-1,-6,-1,-1,-6,4,edgeCount
766,25,54,0.15,2,8,random,-1,13,13,5,8,0,11,6,11,11,6,0,edgeCount
765,25,53,0.15,1,0,random,-1,4,4,4,0,0,4,0,4,4,0,0,edgeCount
764,25,53,0.15,4,24,random,-1,9,3,3,6,8,5,2,3,5,0,4,edgeCount
763,25,47,0.15,4,24,random,-1,5,5,3,2,0,7,4,7,7,4,0,edgeCount
762,25,43,0.15,2,8,random,-1,3,7,3,0,0,7,4,7,7,4,0,edgeCount
761,25,44,0.15,2,8,random,-1,7,5,5,2,0,5,0,5,5,0,0,edgeCount
760,25,45,0.15,1,0,random,-1,3,3,3,0,0,3,0,3,3,0,0,edgeCount
759,25,48,0.15,3,16,random,-1,10,4,4,6,0,-1,-5,-1,-1,-5,0,edgeCount
758,25,42,0.15,2,8,random,-1,4,4,4,0,8,4,0,4,4,0,8,edgeCount
757,25,45,0.15,2,8,random,-1,-1,-1,4,-5,8,-1,-5,6,6,2,4,edgeCount
756,25,46,0.15,2,8,random,-1,3,3,2,1,0,2,0,3,2,1,0,edgeCount
755,25,50,0.15,2,8,random,-1,2,2,2,0,0,2,0,2,2,0,0,edgeCount
754,25,44,0.15,2,8,random,-1,4,5,3,1,0,3,0,3,3,0,0,edgeCount
753,25,45,0.15,4,24,random,-1,-1,-1,6,-7,4,-1,-7,-1,-1,-7,2,edgeCount
752,25,50,0.15,3,16,random,-1,-1,-1,5,-6,4,-1,-6,-1,-1,-6,2,edgeCount
751,25,40,0.15,4,24,random,-1,6,6,4,2,2,-1,-5,-1,-1,-5,2,edgeCount
750,25,42,0.15,3,16,random,-1,3,3,3,0,0,3,0,3,3,0,0,edgeCount
749,25,39,0.15,4,24,random,-1,-1,-1,7,-8,0,-1,-8,-1,-1,-8,0,edgeCount
748,25,37,0.15,3,16,random,-1,2,2,2,0,10,2,0,2,2,0,6,edgeCount
747,25,45,0.15,5,32,random,-1,3,3,3,0,4,3,0,3,3,0,2,edgeCount
746,25,42,0.15,4,24,random,-1,3,3,3,0,0,3,0,3,3,0,0,edgeCount
745,25,43,0.15,3,16,random,-1,-1,-1,6,-7,0,-1,-7,-1,-1,-7,0,edgeCount
744,25,41,0.15,1,0,random,-1,3,3,3,0,0,3,0,3,3,0,0,edgeCount
743,25,38,0.15,2,8,random,-1,4,4,4,0,4,6,2,6,4,2,2,edgeCount
742,25,34,0.15,2,8,random,-1,4,8,4,0,4,8,4,8,8,4,2,edgeCount
741,25,55,0.15,1,0,random,-1,4,4,4,0,2,4,0,4,4,0,2,edgeCount
740,25,42,0.15,2,8,random,-1,3,8,3,0,0,7,4,7,7,4,0,edgeCount
739,25,36,0.15,1,0,random,-1,4,8,4,0,4,4,0,4,8,0,4,edgeCount
738,25,44,0.15,4,24,random,-1,-1,-1,-1,0,0,-1,0,-1,-1,0,0,edgeCount
737,25,46,0.15,3,16,random,-1,-1,-1,-1,0,0,-1,0,-1,-1,0,0,edgeCount
736,25,44,0.15,2,8,random,-1,4,9,3,1,12,3,0,3,3,0,8,edgeCount
735,25,51,0.15,5,32,random,-1,2,2,2,0,0,2,0,2,2,0,0,edgeCount
734,25,46,0.15,1,0,random,-1,3,3,3,0,0,3,0,3,3,0,0,edgeCount
733,25,55,0.15,3,16,random,-1,9,3,3,6,8,3,0,3,9,0,4,edgeCount
732,25,51,0.15,3,16,random,-1,4,3,3,1,4,6,3,6,6,3,2,edgeCount
731,25,48,0.15,2,8,random,-1,3,3,3,0,12,3,0,3,3,0,8,edgeCount
730,25,52,0.15,1,0,random,-1,4,4,4,0,0,4,0,4,4,0,0,edgeCount
729,25,63,0.15,2,8,random,-1,4,4,2,2,0,2,0,4,2,2,0,edgeCount
728,25,54,0.15,4,24,random,-1,-1,-1,3,-4,6,-1,-4,-1,-1,-4,2,edgeCount
727,25,54,0.15,4,24,random,-1,-1,-1,3,-4,0,-1,-4,-1,-1,-4,0,edgeCount
726,25,35,0.15,2,8,random,-1,-1,-1,5,-6,2,-1,-6,-1,-1,-6,2,edgeCount
725,25,41,0.15,2,8,random,-1,5,13,5,0,4,11,6,11,11,6,2,edgeCount
724,25,39,0.15,1,0,random,-1,6,6,6,0,2,6,0,6,6,0,2,edgeCount
723,25,39,0.15,2,8,random,-1,4,4,4,0,0,4,0,4,4,0,0,edgeCount
722,25,51,0.15,3,16,random,-1,6,2,2,4,4,2,0,2,2,0,2,edgeCount
721,25,49,0.15,7,48,random,-1,-1,-1,-1,0,0,-1,0,-1,-1,0,0,edgeCount
720,25,49,0.15,4,24,random,-1,7,9,3,4,0,5,2,9,9,6,0,edgeCount
719,25,48,0.15,4,24,random,-1,-1,-1,3,-4,0,-1,-4,-1,-1,-4,0,edgeCount
718,25,48,0.15,3,16,random,-1,3,3,2,1,8,2,0,2,2,0,4,edgeCount
717,25,41,0.15,1,0,random,-1,3,3,3,0,0,3,0,3,3,0,0,edgeCount
716,25,53,0.15,3,16,random,-1,2,2,2,0,4,2,0,2,2,0,2,edgeCount
715,25,51,0.15,2,8,random,-1,2,2,2,0,4,2,0,2,2,0,2,edgeCount
714,25,44,0.15,4,24,random,-1,-1,-1,6,-7,0,-1,-7,-1,-1,-7,0,edgeCount
713,25,54,0.15,3,16,random,-1,6,4,4,2,12,-1,-5,7,9,3,6,edgeCount
712,25,51,0.15,3,16,random,-1,-1,-1,6,-7,0,-1,-7,-1,-1,-7,0,edgeCount
711,25,43,0.15,2,8,random,-1,4,4,4,0,0,4,0,8,8,4,0,edgeCount
710,25,58,0.15,2,8,random,-1,3,3,3,0,24,-1,-4,3,3,0,12,edgeCount
709,25,43,0.15,3,16,random,-1,8,8,2,6,0,2,0,2,2,0,0,edgeCount
708,25,56,0.15,3,16,random,-1,3,4,3,0,0,3,0,3,3,0,0,edgeCount
707,25,40,0.15,5,32,random,-1,-1,-1,-1,0,0,-1,0,-1,-1,0,0,edgeCount
706,25,49,0.15,3,16,random,-1,4,4,4,0,0,6,2,6,6,2,0,edgeCount
705,25,46,0.15,2,8,random,-1,17,13,5,12,6,-1,-6,16,16,11,4,edgeCount
704,25,46,0.15,2,8,random,-1,3,3,2,1,0,2,0,3,2,1,0,edgeCount
703,25,47,0.15,2,8,random,-1,3,3,3,0,0,3,0,3,3,0,0,edgeCount
702,25,45,0.15,2,8,random,-1,2,2,2,0,0,2,0,2,2,0,0,edgeCount
701,25,37,0.15,4,24,random,-1,6,2,2,4,4,2,0,2,2,0,4,edgeCount
700,25,57,0.15,2,8,random,-1,3,3,3,0,8,3,0,3,3,0,4,edgeCount
699,25,40,0.15,2,8,random,-1,2,2,2,0,0,2,0,2,2,0,0,edgeCount
698,25,37,0.15,3,16,random,-1,-1,-1,3,-4,0,-1,-4,-1,-1,-4,0,edgeCount
697,25,42,0.15,4,24,random,-1,-1,-1,4,-5,0,-1,-5,-1,-1,-5,0,edgeCount
696,25,49,0.15,4,24,random,-1,4,4,4,0,0,4,0,4,4,0,0,edgeCount
695,25,50,0.15,3,16,random,-1,3,5,3,0,0,5,2,3,5,0,0,edgeCount
694,25,47,0.15,3,16,random,-1,-1,-1,5,-6,6,-1,-6,-1,-1,-6,4,edgeCount
693,25,53,0.15,3,16,random,-1,3,7,3,0,0,7,4,7,7,4,0,edgeCount
692,25,39,0.15,2,8,random,-1,3,3,3,0,0,3,0,3,3,0,0,edgeCount
691,25,48,0.15,2,8,random,-1,3,3,3,0,16,3,0,3,3,0,8,edgeCount
690,25,47,0.15,1,0,random,-1,5,5,5,0,0,5,0,5,5,0,0,edgeCount
689,25,48,0.15,1,0,random,-1,3,6,3,0,2,3,0,3,6,0,2,edgeCount
688,25,31,0.15,2,8,random,-1,3,3,3,0,2,3,0,3,3,0,2,edgeCount
687,25,38,0.15,2,8,random,-1,2,2,2,0,0,2,0,2,2,0,0,edgeCount
686,25,46,0.15,3,16,random,-1,5,3,3,2,0,3,0,3,3,0,0,edgeCount
685,25,39,0.15,3,16,random,-1,5,5,5,0,2,5,0,5,5,0,2,edgeCount
684,25,44,0.15,3,16,random,-1,-1,-1,-1,0,0,-1,0,-1,-1,0,0,edgeCount
683,25,54,0.15,3,16,random,-1,7,3,3,4,6,3,0,3,3,0,4,edgeCount
682,25,46,0.15,4,24,random,-1,7,7,5,2,0,9,4,9,9,4,0,edgeCount
681,25,49,0.15,1,0,random,-1,3,3,3,0,0,3,0,3,3,0,0,edgeCount
680,25,41,0.15,1,0,random,-1,5,5,5,0,0,5,0,5,5,0,0,edgeCount
679,25,32,0.15,2,8,random,-1,3,3,3,0,6,5,2,5,5,2,4,edgeCount
678,25,50,0.15,4,24,random,-1,-1,-1,-1,0,0,-1,0,-1,-1,0,0,edgeCount
677,25,43,0.15,3,16,random,-1,-1,-1,6,-7,2,-1,-7,-1,-1,-7,2,edgeCount
676,25,46,0.15,2,8,random,-1,2,2,2,0,10,2,0,2,2,0,6,edgeCount
675,25,49,0.15,2,8,random,-1,5,5,4,1,0,-1,-5,-1,-1,-5,0,edgeCount
674,25,45,0.15,3,16,random,-1,7,3,3,4,0,3,0,3,3,0,0,edgeCount
673,25,45,0.15,2,8,random,-1,3,3,3,0,0,3,0,3,3,0,0,edgeCount
672,25,42,0.15,3,16,random,-1,-1,-1,7,-8,2,-1,-8,-1,-1,-8,2,edgeCount
671,25,52,0.15,1,0,random,-1,2,2,2,0,10,2,0,2,2,0,10,edgeCount
670,25,52,0.15,4,24,random,-1,-1,-1,5,-6,0,-1,-6,-1,-1,-6,0,edgeCount
669,25,43,0.15,3,16,random,-1,3,7,3,0,0,3,0,3,3,0,0,edgeCount
668,25,49,0.15,5,32,random,-1,-1,-1,-1,0,0,-1,0,-1,-1,0,0,edgeCount
667,25,57,0.15,3,16,random,-1,8,2,2,6,20,2,0,2,2,0,10,edgeCount
666,25,39,0.15,3,16,random,-1,-1,-1,7,-8,6,-1,-8,-1,-1,-8,4,edgeCount
665,25,49,0.15,3,16,random,-1,-1,-1,-1,0,0,-1,0,-1,-1,0,0,edgeCount
664,25,46,0.15,2,8,random,-1,8,8,4,4,0,8,4,8,8,4,0,edgeCount
663,25,45,0.15,3,16,random,-1,12,4,4,8,2,-1,-5,-1,-1,-5,2,edgeCount
662,25,47,0.15,3,16,random,-1,3,3,3,0,0,-1,-4,-1,-1,-4,0,edgeCount
661,25,47,0.15,4,24,random,-1,-1,-1,5,-6,4,-1,-6,-1,-1,-6,2,edgeCount
660,25,39,0.15,3,16,random,-1,-1,-1,6,-7,2,-1,-7,-1,-1,-7,2,edgeCount
659,25,39,0.15,2,8,random,-1,4,4,4,0,0,4,0,4,4,0,0,edgeCount
658,25,42,0.15,2,8,random,-1,4,2,2,2,0,2,0,4,2,2,0,edgeCount
657,25,45,0.15,3,16,random,-1,6,4,4,2,0,4,0,4,4,0,0,edgeCount
656,25,43,0.15,2,8,random,-1,3,3,3,0,0,3,0,3,3,0,0,edgeCount
655,25,50,0.15,5,32,random,-1,-1,-1,3,-4,0,-1,-4,-1,-1,-4,0,edgeCount
654,25,37,0.15,1,0,random,-1,3,6,3,0,6,3,0,3,6,0,6,edgeCount
653,25,38,0.15,2,8,random,-1,4,4,2,2,0,2,0,2,2,0,0,edgeCount
652,25,52,0.15,5,32,random,-1,3,5,3,0,0,-1,-4,-1,-1,-4,0,edgeCount
651,25,38,0.15,2,8,random,-1,5,7,5,0,4,5,0,5,5,0,2,edgeCount
650,25,51,0.15,4,24,random,-1,4,2,2,2,2,2,0,2,2,0,2,edgeCount
649,25,48,0.15,1,0,random,-1,4,4,4,0,0,4,0,4,4,0,0,edgeCount
648,25,52,0.15,4,24,random,-1,3,4,3,0,0,7,4,7,7,4,0,edgeCount
647,25,42,0.15,1,0,random,-1,3,3,3,0,0,3,0,3,3,0,0,edgeCount
646,25,41,0.15,3,16,random,-1,3,5,3,0,4,3,0,3,3,0,2,edgeCount
645,25,50,0.15,4,24,random,-1,-1,-1,-1,0,0,-1,0,-1,-1,0,0,edgeCount
644,25,54,0.15,2,8,random,-1,3,5,3,0,12,3,0,3,3,0,6,edgeCount
643,25,42,0.15,3,16,random,-1,3,3,3,0,0,3,0,3,3,0,0,edgeCount
642,25,43,0.15,1,0,random,-1,3,3,3,0,0,3,0,3,3,0,0,edgeCount
641,25,44,0.15,3,16,random,-1,4,8,4,0,4,6,2,6,9,2,4,edgeCount
640,25,48,0.15,4,24,random,-1,-1,-1,3,-4,0,-1,-4,-1,-1,-4,0,edgeCount
639,25,50,0.15,4,24,random,-1,-1,-1,6,-7,8,-1,-7,-1,-1,-7,4,edgeCount
638,25,54,0.15,4,24,random,-1,-1,-1,4,-5,10,-1,-5,-1,-1,-5,4,edgeCount
637,25,42,0.15,4,24,random,-1,-1,-1,-1,0,0,-1,0,-1,-1,0,0,edgeCount
636,25,45,0.15,2,8,random,-1,4,4,4,0,0,4,0,4,4,0,0,edgeCount
635,25,53,0.15,2,8,random,-1,3,4,3,0,6,3,0,3,4,0,4,edgeCount
634,25,49,0.15,3,16,random,-1,4,2,2,2,4,2,0,2,2,0,2,edgeCount
633,25,48,0.15,4,24,random,-1,3,3,3,0,0,3,0,3,3,0,0,edgeCount
632,25,44,0.15,2,8,random,-1,4,4,2,2,0,2,0,2,2,0,0,edgeCount
631,25,40,0.15,2,8,random,-1,3,3,2,1,0,2,0,3,2,1,0,edgeCount
630,25,47,0.15,3,16,random,-1,4,4,4,0,2,6,2,4,4,0,2,edgeCount
629,25,38,0.15,3,16,random,-1,3,3,3,0,0,3,0,3,3,0,0,edgeCount
628,25,41,0.15,1,0,random,-1,3,3,3,0,0,3,0,3,3,0,0,edgeCount
627,25,45,0.15,2,8,random,-1,5,3,3,2,4,3,0,3,3,0,4,edgeCount
626,25,40,0.15,1,0,random,-1,4,4,4,0,0,4,0,4,4,0,0,edgeCount
625,25,48,0.15,1,0,random,-1,3,3,3,0,0,3,0,3,3,0,0,edgeCount
624,25,50,0.15,2,8,random,-1,4,4,4,0,8,4,0,4,4,0,4,edgeCount
623,25,43,0.15,1,0,random,-1,4,4,4,0,8,4,0,4,4,0,8,edgeCount
622,25,46,0.15,1,0,random,-1,3,3,3,0,0,3,0,3,3,0,0,edgeCount
621,25,37,0.15,1,0,random,-1,3,6,3,0,8,3,0,3,6,0,8,edgeCount
620,25,52,0.15,4,24,random,-1,6,6,4,2,0,6,2,6,6,2,0,edgeCount
619,25,40,0.15,2,8,random,-1,3,7,3,0,6,-1,-4,11,7,8,6,edgeCount
618,25,45,0.15,3,16,random,-1,-1,-1,-1,0,0,-1,0,-1,-1,0,0,edgeCount
617,25,46,0.15,2,8,random,-1,4,3,3,1,0,3,0,3,3,0,0,edgeCount
616,25,47,0.15,2,8,random,-1,5,3,3,2,0,3,0,3,3,0,0,edgeCount
615,25,46,0.15,3,16,random,-1,5,9,5,0,0,9,4,9,9,4,0,edgeCount
614,25,41,0.15,2,8,random,-1,4,4,4,0,0,4,0,4,4,0,0,edgeCount
613,25,42,0.15,4,24,random,-1,-1,-1,-1,0,0,-1,0,-1,-1,0,0,edgeCount
612,25,37,0.15,1,0,random,-1,3,3,3,0,6,3,0,3,3,0,6,edgeCount
611,25,46,0.15,2,8,random,-1,4,4,4,0,0,4,0,4,4,0,0,edgeCount
610,25,48,0.15,3,16,random,-1,-1,-1,4,-5,6,-1,-5,-1,-1,-5,2,edgeCount
609,25,40,0.15,2,8,random,-1,3,3,2,1,0,2,0,3,2,1,0,edgeCount
608,25,47,0.15,4,24,random,-1,3,2,2,1,4,2,0,2,2,0,2,edgeCount
607,25,44,0.15,3,16,random,-1,6,6,4,2,4,-1,-5,-1,-1,-5,2,edgeCount
606,25,58,0.15,5,32,random,-1,-1,-1,-1,0,2,-1,0,-1,-1,0,2,edgeCount
605,25,36,0.15,2,8,random,-1,12,4,4,8,0,4,0,4,4,0,0,edgeCount
604,25,46,0.15,3,16,random,-1,-1,-1,6,-7,14,-1,-7,-1,-1,-7,8,edgeCount
603,25,61,0.15,3,16,random,-1,3,3,3,0,0,3,0,3,3,0,0,edgeCount
602,25,35,0.15,1,0,random,-1,4,4,4,0,0,4,0,4,4,0,0,edgeCount
601,25,46,0.15,3,16,random,-1,-1,-1,5,-6,0,-1,-6,-1,-1,-6,0,edgeCount
600,25,32,0.15,2,8,random,-1,3,2,2,1,0,4,2,4,4,2,0,edgeCount
599,25,45,0.15,2,8,random,-1,3,6,3,0,0,6,3,6,6,3,0,edgeCount
598,25,35,0.15,2,8,random,-1,-1,-1,6,-7,4,-1,-7,16,16,10,4,edgeCount
597,25,59,0.15,3,16,random,-1,4,3,3,1,4,5,2,5,5,2,2,edgeCount
596,25,48,0.15,2,8,random,-1,3,6,3,0,0,3,0,3,3,0,0,edgeCount
595,25,50,0.15,1,0,random,-1,2,2,2,0,0,2,0,2,2,0,0,edgeCount
594,25,49,0.15,3,16,random,-1,2,2,2,0,0,2,0,6,2,4,0,edgeCount
593,25,52,0.15,1,0,random,-1,3,4,3,0,12,3,0,3,4,0,12,edgeCount
592,25,54,0.15,4,24,random,-1,-1,-1,-1,0,0,-1,0,-1,-1,0,0,edgeCount
591,25,46,0.15,4,24,random,-1,-1,-1,-1,0,2,-1,0,-1,-1,0,2,edgeCount
590,25,54,0.15,2,8,random,-1,5,6,4,1,4,4,0,4,4,0,2,edgeCount
589,25,45,0.15,3,16,random,-1,4,4,4,0,0,-1,-5,-1,-1,-5,0,edgeCount
588,25,46,0.15,3,16,random,-1,-1,-1,-1,0,8,-1,0,-1,-1,0,6,edgeCount
587,25,44,0.15,2,8,random,-1,-1,-1,4,-5,0,-1,-5,-1,-1,-5,0,edgeCount
586,25,41,0.15,1,0,random,-1,3,5,3,0,8,3,0,3,5,0,8,edgeCount
585,25,50,0.15,4,24,random,-1,-1,-1,5,-6,4,-1,-6,-1,-1,-6,2,edgeCount
584,25,42,0.15,3,16,random,-1,7,6,3,4,2,3,0,3,3,0,2,edgeCount
583,25,45,0.15,2,8,random,-1,-1,-1,4,-5,0,-1,-5,-1,-1,-5,0,edgeCount
582,25,51,0.15,1,0,random,-1,4,4,4,0,2,4,0,4,4,0,2,edgeCount
581,25,40,0.15,2,8,random,-1,5,5,5,0,0,-1,-6,-1,-1,-6,0,edgeCount
580,25,42,0.15,2,8,random,-1,5,17,4,1,4,11,7,11,15,7,2,edgeCount
579,25,51,0.15,1,0,random,-1,3,3,3,0,0,3,0,3,3,0,0,edgeCount
578,25,37,0.15,2,8,random,-1,5,2,2,3,2,2,0,2,2,0,2,edgeCount
577,25,61,0.15,3,16,random,-1,4,5,2,2,0,2,0,2,2,0,0,edgeCount
576,25,34,0.15,2,8,random,-1,2,2,2,0,0,2,0,2,2,0,0,edgeCount
575,25,45,0.15,1,0,random,-1,6,6,6,0,0,6,0,6,6,0,0,edgeCount
574,25,50,0.15,3,16,random,-1,-1,-1,3,-4,0,-1,-4,-1,-1,-4,0,edgeCount
573,25,44,0.15,3,16,random,-1,9,9,5,4,4,9,4,9,9,4,2,edgeCount
572,25,63,0.15,8,56,random,-1,-1,-1,-1,0,8,-1,0,-1,-1,0,4,edgeCount
571,25,44,0.15,2,8,random,-1,4,8,4,0,0,8,4,8,8,4,0,edgeCount
570,25,42,0.15,3,16,random,-1,2,2,2,0,0,2,0,2,2,0,0,edgeCount
569,25,52,0.15,4,24,random,-1,2,2,2,0,0,2,0,2,2,0,0,edgeCount
568,25,46,0.15,1,0,random,-1,2,2,2,0,6,2,0,2,2,0,6,edgeCount
567,25,43,0.15,3,16,random,-1,-1,-1,3,-4,0,-1,-4,-1,-1,-4,0,edgeCount
566,25,37,0.15,2,8,random,-1,-1,-1,4,-5,0,-1,-5,-1,-1,-5,0,edgeCount
565,25,37,0.15,2,8,random,-1,3,2,2,1,0,2,0,3,2,1,0,edgeCount
564,25,47,0.15,3,16,random,-1,3,3,2,1,4,2,0,3,2,1,2,edgeCount
563,25,31,0.15,1,0,random,-1,3,6,3,0,4,3,0,3,6,0,4,edgeCount
562,25,44,0.15,4,24,random,-1,-1,-1,12,-13,0,-1,-13,-1,-1,-13,0,edgeCount
561,25,40,0.15,3,16,random,-1,4,2,2,2,2,2,0,2,2,0,2,edgeCount
560,25,41,0.15,4,24,random,-1,-1,-1,-1,0,0,-1,0,-1,-1,0,0,edgeCount
559,25,35,0.15,3,16,random,-1,-1,-1,4,-5,0,-1,-5,-1,-1,-5,0,edgeCount
558,25,33,0.15,2,8,random,-1,3,3,3,0,0,-1,-4,-1,-1,-4,0,edgeCount
557,25,39,0.15,2,8,random,-1,4,4,4,0,2,4,0,4,4,0,2,edgeCount
556,25,42,0.15,1,0,random,-1,5,5,5,0,2,5,0,5,5,0,2,edgeCount
555,25,47,0.15,4,24,random,-1,-1,-1,6,-7,2,-1,-7,-1,-1,-7,2,edgeCount
554,25,48,0.15,2,8,random,-1,2,2,2,0,0,2,0,2,2,0,0,edgeCount
553,25,50,0.15,2,8,random,-1,3,4,3,0,4,3,0,3,3,0,2,edgeCount
552,25,40,0.15,3,16,random,-1,14,14,2,12,0,2,0,2,2,0,0,edgeCount
551,25,41,0.15,2,8,random,-1,3,3,2,1,0,2,0,2,2,0,0,edgeCount
550,25,54,0.15,1,0,random,-1,2,2,2,0,0,2,0,2,2,0,0,edgeCount
549,25,51,0.15,3,16,random,-1,-1,-1,-1,0,0,-1,0,-1,-1,0,0,edgeCount
548,25,39,0.15,3,16,random,-1,-1,-1,-1,0,0,-1,0,-1,-1,0,0,edgeCount
547,25,43,0.15,2,8,random,-1,-1,-1,6,-7,0,-1,-7,-1,-1,-7,0,edgeCount
546,25,48,0.15,3,16,random,-1,6,5,5,1,0,5,0,5,5,0,0,edgeCount
545,25,53,0.15,3,16,random,-1,2,2,2,0,6,2,0,2,2,0,4,edgeCount
544,25,37,0.15,2,8,random,-1,-1,-1,7,-8,0,-1,-8,-1,-1,-8,0,edgeCount
543,25,46,0.15,5,32,random,-1,-1,-1,-1,0,0,-1,0,-1,-1,0,0,edgeCount
542,25,45,0.15,4,24,random,-1,7,3,3,4,8,7,4,3,3,0,4,edgeCount
541,25,41,0.15,3,16,random,-1,-1,-1,-1,0,0,-1,0,-1,-1,0,0,edgeCount
540,25,46,0.15,3,16,random,-1,5,6,3,2,8,3,0,3,7,0,4,edgeCount
539,25,38,0.15,1,0,random,-1,4,4,4,0,2,4,0,4,4,0,2,edgeCount
538,25,47,0.15,3,16,random,-1,4,9,2,2,6,2,0,3,2,1,4,edgeCount
537,25,40,0.15,4,24,random,-1,-1,-1,-1,0,0,-1,0,-1,-1,0,0,edgeCount
536,25,43,0.15,2,8,random,-1,3,3,3,0,0,3,0,3,3,0,0,edgeCount
535,25,43,0.15,3,16,random,-1,-1,-1,-1,0,6,-1,0,-1,-1,0,4,edgeCount
534,25,40,0.15,1,0,random,-1,4,4,4,0,0,4,0,4,4,0,0,edgeCount
533,25,36,0.15,3,16,random,-1,6,4,4,2,4,-1,-5,-1,-1,-5,2,edgeCount
532,25,44,0.15,2,8,random,-1,3,8,3,0,12,3,0,3,3,0,6,edgeCount
531,25,48,0.15,2,8,random,-1,2,2,2,0,0,2,0,2,2,0,0,edgeCount
530,25,32,0.15,2,8,random,-1,-1,-1,-1,0,0,-1,0,-1,-1,0,0,edgeCount
529,25,41,0.15,4,24,random,-1,-1,-1,-1,0,4,-1,0,-1,-1,0,4,edgeCount
528,25,45,0.15,2,8,random,-1,-1,-1,4,-5,0,-1,-5,-1,-1,-5,0,edgeCount
527,25,43,0.15,3,16,random,-1,-1,-1,7,-8,0,-1,-8,-1,-1,-8,0,edgeCount
526,25,51,0.15,4,24,random,-1,7,5,3,4,0,3,0,3,3,0,0,edgeCount
525,25,38,0.15,1,0,random,-1,6,6,6,0,0,6,0,6,6,0,0,edgeCount
524,25,38,0.15,1,0,random,-1,4,4,4,0,2,4,0,4,4,0,2,edgeCount
523,25,53,0.15,4,24,random,-1,-1,-1,5,-6,12,-1,-6,-1,-1,-6,6,edgeCount
522,25,53,0.15,3,16,random,-1,3,5,3,0,0,3,0,7,7,4,0,edgeCount
521,25,45,0.15,2,8,random,-1,2,2,2,0,14,2,0,2,2,0,8,edgeCount
520,25,46,0.15,3,16,random,-1,2,2,2,0,0,2,0,2,2,0,0,edgeCount
519,25,44,0.15,2,8,random,-1,4,12,4,0,8,4,0,4,4,0,4,edgeCount
518,25,48,0.15,2,8,random,-1,3,3,3,0,0,3,0,3,3,0,0,edgeCount
517,25,40,0.15,3,16,random,-1,3,3,3,0,0,5,2,5,5,2,0,edgeCount
516,25,47,0.15,6,40,random,-1,-1,-1,-1,0,0,-1,0,-1,-1,0,0,edgeCount
515,25,47,0.15,2,8,random,-1,4,8,4,0,0,4,0,4,4,0,0,edgeCount
514,25,40,0.15,4,24,random,-1,-1,-1,-1,0,0,-1,0,-1,-1,0,0,edgeCount
513,25,43,0.15,3,16,random,-1,5,3,3,2,0,3,0,3,3,0,0,edgeCount
512,25,52,0.15,3,16,random,-1,-1,-1,4,-5,0,-1,-5,-1,-1,-5,0,edgeCount
511,25,40,0.15,2,8,random,-1,4,4,4,0,0,6,2,6,6,2,0,edgeCount
510,25,48,0.15,3,16,random,-1,4,4,4,0,4,4,0,4,4,0,4,edgeCount
509,25,46,0.15,4,24,random,-1,-1,-1,-1,0,0,-1,0,-1,-1,0,0,edgeCount
508,25,41,0.15,2,8,random,-1,3,3,3,0,0,3,0,3,3,0,0,edgeCount
507,25,46,0.15,1,0,random,-1,4,4,4,0,0,4,0,4,4,0,0,edgeCount
506,25,37,0.15,2,8,random,-1,4,6,4,0,0,4,0,4,4,0,0,edgeCount
505,25,46,0.15,1,0,random,-1,2,2,2,0,8,2,0,2,2,0,8,edgeCount
504,25,39,0.15,2,8,random,-1,2,2,2,0,0,2,0,2,2,0,0,edgeCount
503,25,38,0.15,1,0,random,-1,3,3,3,0,0,3,0,3,3,0,0,edgeCount
502,25,41,0.15,2,8,random,-1,3,3,2,1,0,2,0,2,2,0,0,edgeCount
501,25,39,0.15,3,16,random,-1,-1,-1,-1,0,0,-1,0,-1,-1,0,0,edgeCount
500,25,50,0.15,2,8,random,-1,3,3,3,0,12,3,0,3,3,0,6,edgeCount
499,25,58,0.15,1,0,random,-1,2,2,2,0,0,2,0,2,2,0,0,edgeCount
498,25,46,0.15,2,8,random,-1,3,3,3,0,4,3,0,3,3,0,2,edgeCount
497,25,51,0.15,6,40,random,-1,-1,-1,-1,0,4,-1,0,-1,-1,0,4,edgeCount
496,25,46,0.15,4,24,random,-1,3,5,3,0,0,5,2,5,5,2,0,edgeCount
495,25,62,0.15,3,16,random,-1,8,8,4,4,0,10,6,10,10,6,0,edgeCount
494,25,42,0.15,2,8,random,-1,-1,-1,5,-6,0,-1,-6,-1,-1,-6,0,edgeCount
493,25,39,0.15,2,8,random,-1,-1,-1,4,-5,0,-1,-5,-1,-1,-5,0,edgeCount
492,25,35,0.15,2,8,random,-1,2,2,2,0,8,2,0,2,2,0,8,edgeCount
491,25,33,0.15,1,0,random,-1,4,4,4,0,0,4,0,4,4,0,0,edgeCount
490,25,42,0.15,3,16,random,-1,3,3,3,0,0,3,0,3,3,0,0,edgeCount
489,25,53,0.15,4,24,random,-1,9,5,5,4,0,-1,-6,-1,-1,-6,0,edgeCount
488,25,52,0.15,1,0,random,-1,3,3,3,0,6,3,0,3,3,0,6,edgeCount
487,25,52,0.15,2,8,random,-1,3,3,3,0,0,-1,-4,-1,-1,-4,0,edgeCount
486,25,36,0.15,2,8,random,-1,3,5,3,0,4,3,0,3,3,0,2,edgeCount
485,25,50,0.15,4,24,random,-1,-1,-1,-1,0,0,-1,0,-1,-1,0,0,edgeCount
484,25,28,0.15,2,8,random,-1,-1,-1,-1,0,0,-1,0,-1,-1,0,0,edgeCount
483,25,49,0.15,3,16,random,-1,2,2,2,0,0,4,2,4,4,2,0,edgeCount
482,25,43,0.15,2,8,random,-1,2,2,2,0,6,2,0,2,2,0,4,edgeCount
481,25,49,0.15,3,16,random,-1,11,5,3,8,0,3,0,3,3,0,0,edgeCount
480,25,38,0.15,3,16,random,-1,-1,-1,4,-5,0,-1,-5,-1,-1,-5,0,edgeCount
479,25,55,0.15,6,40,random,-1,-1,-1,-1,0,0,-1,0,-1,-1,0,0,edgeCount
478,25,51,0.15,4,24,random,-1,-1,-1,4,-5,0,-1,-5,-1,-1,-5,0,edgeCount
477,25,39,0.15,3,16,random,-1,6,4,4,2,0,-1,-5,-1,-1,-5,0,edgeCount
476,25,42,0.15,1,0,random,-1,3,3,3,0,0,3,0,3,3,0,0,edgeCount
475,25,50,0.15,2,8,random,-1,4,4,2,2,10,2,0,2,2,0,6,edgeCount
474,25,49,0.15,5,32,random,-1,-1,-1,6,-7,0,-1,-7,-1,-1,-7,0,edgeCount
473,25,41,0.15,2,8,random,-1,5,5,5,0,8,5,0,5,6,0,8,edgeCount
472,25,35,0.15,4,24,random,-1,-1,-1,-1,0,0,-1,0,-1,-1,0,0,edgeCount
471,25,51,0.15,3,16,random,-1,-1,-1,4,-5,8,-1,-5,11,7,7,6,edgeCount
470,25,48,0.15,3,16,random,-1,3,3,2,1,0,2,0,2,2,0,0,edgeCount
469,25,41,0.15,2,8,random,-1,3,3,3,0,0,3,0,3,3,0,0,edgeCount
468,25,45,0.15,1,0,random,-1,2,2,2,0,4,2,0,2,2,0,4,edgeCount
467,25,45,0.15,1,0,random,-1,3,3,3,0,8,3,0,3,3,0,8,edgeCount
466,25,45,0.15,2,8,random,-1,3,3,3,0,4,3,0,3,3,0,2,edgeCount
465,25,55,0.15,4,24,random,-1,-1,-1,5,-6,0,-1,-6,-1,-1,-6,0,edgeCount
464,25,44,0.15,3,16,random,-1,8,4,4,4,0,-1,-5,-1,-1,-5,0,edgeCount
463,25,43,0.15,2,8,random,-1,4,5,4,0,0,6,2,6,6,2,0,edgeCount
462,25,33,0.15,4,24,random,-1,-1,-1,-1,0,2,-1,0,-1,-1,0,2,edgeCount
461,25,59,0.15,2,8,random,-1,2,2,2,0,4,2,0,2,2,0,2,edgeCount
460,25,43,0.15,4,24,random,-1,3,2,2,1,0,2,0,3,2,1,0,edgeCount
459,25,53,0.15,3,16,random,-1,3,3,3,0,8,3,0,3,3,0,4,edgeCount
458,25,45,0.15,2,8,random,-1,4,3,3,1,6,3,0,3,3,0,4,edgeCount
457,25,44,0.15,2,8,random,-1,5,19,5,0,2,11,6,11,17,6,2,edgeCount
456,25,58,0.15,5,32,random,-1,6,4,2,4,0,2,0,2,2,0,0,edgeCount
455,25,54,0.15,1,0,random,-1,2,2,2,0,0,2,0,2,2,0,0,edgeCount
454,25,43,0.15,3,16,random,-1,-1,-1,-1,0,4,-1,0,-1,-1,0,2,edgeCount
453,25,52,0.15,5,32,random,-1,-1,-1,4,-5,8,-1,-5,9,9,5,4,edgeCount
452,25,44,0.15,3,16,random,-1,-1,-1,6,-7,0,-1,-7,-1,-1,-7,0,edgeCount
451,25,49,0.15,5,32,random,-1,4,2,2,2,2,2,0,2,2,0,2,edgeCount
450,25,40,0.15,2,8,random,-1,-1,-1,6,-7,0,-1,-7,-1,-1,-7,0,edgeCount
449,25,42,0.15,2,8,random,-1,4,2,2,2,6,2,0,2,2,0,6,edgeCount
448,25,37,0.15,2,8,random,-1,2,2,2,0,0,2,0,2,2,0,0,edgeCount
447,25,50,0.15,2,8,random,-1,3,5,3,0,2,3,0,3,3,0,2,edgeCount
446,25,27,0.15,3,16,random,-1,-1,-1,-1,0,2,-1,0,-1,-1,0,2,edgeCount
445,25,50,0.15,1,0,random,-1,3,3,3,0,10,3,0,3,3,0,10,edgeCount
444,25,53,0.15,3,16,random,-1,3,3,3,0,4,-1,-4,-1,-1,-4,2,edgeCount
443,25,42,0.15,2,8,random,-1,-1,-1,5,-6,4,-1,-6,-1,-1,-6,4,edgeCount
442,25,51,0.15,4,24,random,-1,3,3,3,0,0,3,0,3,3,0,0,edgeCount
441,25,46,0.15,3,16,random,-1,6,4,4,2,4,4,0,4,4,0,2,edgeCount
440,25,39,0.15,2,8,random,-1,-1,-1,6,-7,2,-1,-7,-1,-1,-7,2,edgeCount
439,25,43,0.15,3,16,random,-1,4,8,3,1,0,8,5,8,8,5,0,edgeCount
438,25,50,0.15,2,8,random,-1,4,5,4,0,0,8,4,8,8,4,0,edgeCount
437,25,44,0.15,1,0,random,-1,3,3,3,0,0,3,0,3,3,0,0,edgeCount
436,25,51,0.15,3,16,random,-1,-1,-1,-1,0,0,-1,0,-1,-1,0,0,edgeCount
435,25,44,0.15,2,8,random,-1,-1,-1,-1,0,0,-1,0,-1,-1,0,0,edgeCount
434,25,55,0.15,3,16,random,-1,5,5,4,1,14,9,5,9,10,5,8,edgeCount
433,25,47,0.15,2,8,random,-1,2,2,2,0,0,2,0,2,2,0,0,edgeCount
432,25,44,0.15,4,24,random,-1,6,2,2,4,0,4,2,8,4,6,0,edgeCount
431,25,43,0.15,1,0,random,-1,3,3,3,0,0,3,0,3,3,0,0,edgeCount
430,25,49,0.15,3,16,random,-1,5,7,4,1,0,7,3,7,7,3,0,edgeCount
429,25,47,0.15,4,24,random,-1,-1,-1,5,-6,4,-1,-6,-1,-1,-6,2,edgeCount
428,25,44,0.15,3,16,random,-1,7,3,3,4,2,3,0,3,3,0,2,edgeCount
427,25,57,0.15,3,16,random,-1,-1,-1,4,-5,0,-1,-5,-1,-1,-5,0,edgeCount
426,25,37,0.15,2,8,random,-1,3,3,3,0,0,3,0,3,3,0,0,edgeCount
425,25,42,0.15,2,8,random,-1,3,3,3,0,6,3,0,3,3,0,6,edgeCount
424,25,56,0.15,3,16,random,-1,4,6,4,0,10,6,2,6,6,2,6,edgeCount
423,25,50,0.15,5,32,random,-1,-1,-1,-1,0,2,-1,0,-1,-1,0,2,edgeCount
422,25,49,0.15,3,16,random,-1,-1,-1,4,-5,4,-1,-5,-1,-1,-5,2,edgeCount
421,25,45,0.15,4,24,random,-1,-1,-1,-1,0,0,-1,0,-1,-1,0,0,edgeCount
420,25,50,0.15,1,0,random,-1,4,4,4,0,8,4,0,4,4,0,8,edgeCount
419,25,38,0.15,1,0,random,-1,6,6,6,0,2,6,0,6,6,0,2,edgeCount
418,25,51,0.15,6,40,random,-1,2,2,2,0,0,2,0,2,2,0,0,edgeCount
417,25,43,0.15,2,8,random,-1,-1,-1,6,-7,0,-1,-7,-1,-1,-7,0,edgeCount
416,25,34,0.15,1,0,random,-1,4,4,4,0,0,4,0,4,4,0,0,edgeCount
415,25,48,0.15,2,8,random,-1,4,4,2,2,18,2,0,2,2,0,10,edgeCount
414,25,40,0.15,1,0,random,-1,2,2,2,0,0,2,0,2,2,0,0,edgeCount
413,25,47,0.15,2,8,random,-1,6,6,4,2,2,-1,-5,-1,-1,-5,2,edgeCount
412,25,50,0.15,3,16,random,-1,9,3,3,6,2,3,0,3,3,0,2,edgeCount
411,25,52,0.15,5,32,random,-1,-1,-1,-1,0,0,-1,0,-1,-1,0,0,edgeCount
410,25,40,0.15,4,24,random,-1,-1,-1,-1,0,0,-1,0,-1,-1,0,0,edgeCount
409,25,57,0.15,3,16,random,-1,6,20,3,3,10,-1,-4,12,14,9,4,edgeCount
408,25,50,0.15,3,16,random,-1,2,2,2,0,4,2,0,2,2,0,2,edgeCount
407,25,40,0.15,4,24,random,-1,-1,-1,4,-5,0,-1,-5,-1,-1,-5,0,edgeCount
406,25,43,0.15,3,16,random,-1,-1,-1,-1,0,2,-1,0,-1,-1,0,2,edgeCount
405,25,48,0.15,2,8,random,-1,3,3,3,0,6,6,3,6,6,3,4,edgeCount
404,25,56,0.15,4,24,random,-1,-1,-1,5,-6,0,-1,-6,-1,-1,-6,0,edgeCount
403,25,49,0.15,4,24,random,-1,8,2,2,6,0,-1,-3,4,4,2,0,edgeCount
402,25,56,0.15,4,24,random,-1,-1,-1,4,-5,8,-1,-5,-1,-1,-5,4,edgeCount
401,25,47,0.15,3,16,random,-1,9,3,3,6,8,3,0,3,3,0,4,edgeCount
400,25,43,0.15,3,16,random,-1,4,4,3,1,0,4,1,4,4,1,0,edgeCount
399,25,46,0.15,4,24,random,-1,-1,-1,-1,0,0,-1,0,-1,-1,0,0,edgeCount
398,25,54,0.15,2,8,random,-1,3,3,3,0,14,3,0,3,6,0,8,edgeCount
397,25,38,0.15,1,0,random,-1,4,6,4,0,4,4,0,4,6,0,4,edgeCount
396,25,45,0.15,3,16,random,-1,-1,-1,4,-5,0,-1,-5,-1,-1,-5,0,edgeCount
395,25,33,0.15,2,8,random,-1,12,8,4,8,0,-1,-5,-1,-1,-5,0,edgeCount
394,25,40,0.15,2,8,random,-1,8,8,4,4,8,-1,-5,9,15,5,6,edgeCount
393,25,46,0.15,1,0,random,-1,3,3,3,0,0,3,0,3,3,0,0,edgeCount
392,25,52,0.15,4,24,random,-1,3,3,3,0,4,3,0,3,3,0,2,edgeCount
391,25,50,0.15,2,8,random,-1,6,10,4,2,10,4,0,4,4,0,8,edgeCount
390,25,40,0.15,2,8,random,-1,3,3,3,0,0,3,0,3,3,0,0,edgeCount
389,25,51,0.15,5,32,random,-1,2,2,2,0,2,4,2,4,4,2,2,edgeCount
388,25,32,0.15,2,8,random,-1,7,3,3,4,2,3,0,3,3,0,2,edgeCount
387,25,43,0.15,3,16,random,-1,-1,-1,-1,0,2,-1,0,-1,-1,0,2,edgeCount
386,25,43,0.15,3,16,random,-1,-1,-1,6,-7,0,-1,-7,-1,-1,-7,0,edgeCount
385,25,41,0.15,1,0,random,-1,4,4,4,0,0,4,0,4,4,0,0,edgeCount
384,25,51,0.15,2,8,random,-1,3,3,2,1,0,2,0,3,2,1,0,edgeCount
383,25,51,0.15,1,0,random,-1,2,2,2,0,0,2,0,2,2,0,0,edgeCount
382,25,51,0.15,2,8,random,-1,2,2,2,0,12,2,0,2,2,0,8,edgeCount
381,25,47,0.15,3,16,random,-1,4,4,3,1,0,4,1,4,4,1,0,edgeCount
380,25,60,0.15,2,8,random,-1,3,3,3,0,8,3,0,3,3,0,4,edgeCount
379,25,49,0.15,2,8,random,-1,4,6,4,0,8,4,0,4,4,0,4,edgeCount
378,25,44,0.15,1,0,random,-1,3,3,3,0,4,3,0,3,3,0,4,edgeCount
377,25,52,0.15,4,24,random,-1,11,9,3,8,2,-1,-4,-1,-1,-4,2,edgeCount
376,25,50,0.15,4,24,random,-1,-1,-1,3,-4,0,-1,-4,-1,-1,-4,0,edgeCount
375,25,50,0.15,6,40,random,-1,-1,-1,-1,0,4,-1,0,-1,-1,0,4,edgeCount
374,25,42,0.15,3,16,random,-1,-1,-1,5,-6,0,-1,-6,-1,-1,-6,0,edgeCount
373,25,52,0.15,2,8,random,-1,6,6,4,2,6,8,4,8,14,4,4,edgeCount
372,25,45,0.15,3,16,random,-1,-1,-1,3,-4,6,-1,-4,-1,-1,-4,6,edgeCount
371,25,48,0.15,3,16,random,-1,-1,-1,3,-4,0,-1,-4,-1,-1,-4,0,edgeCount
370,25,27,0.15,1,0,random,-1,5,5,5,0,4,5,0,5,5,0,4,edgeCount
369,25,48,0.15,4,24,random,-1,6,4,2,4,0,2,0,4,2,2,0,edgeCount
368,25,38,0.15,2,8,random,-1,7,5,5,2,0,-1,-6,-1,-1,-6,0,edgeCount
367,25,46,0.15,2,8,random,-1,5,4,3,2,14,-1,-4,7,7,4,8,edgeCount
366,25,26,0.15,1,0,random,-1,5,7,5,0,2,5,0,5,7,0,2,edgeCount
365,25,49,0.15,3,16,random,-1,3,2,2,1,4,3,1,2,2,0,4,edgeCount
364,25,52,0.15,4,24,random,-1,-1,-1,-1,0,4,-1,0,-1,-1,0,2,edgeCount
363,25,48,0.15,4,24,random,-1,-1,-1,5,-6,4,-1,-6,-1,-1,-6,2,edgeCount
362,25,46,0.15,1,0,random,-1,5,5,5,0,0,5,0,5,5,0,0,edgeCount
361,25,45,0.15,2,8,random,-1,5,5,5,0,0,5,0,5,5,0,0,edgeCount
360,25,42,0.15,2,8,random,-1,3,3,3,0,0,3,0,3,3,0,0,edgeCount
359,25,50,0.15,4,24,random,-1,-1,-1,5,-6,4,-1,-6,-1,-1,-6,2,edgeCount
358,25,45,0.15,5,32,random,-1,-1,-1,-1,0,0,-1,0,-1,-1,0,0,edgeCount
357,25,47,0.15,4,24,random,-1,-1,-1,3,-4,0,-1,-4,-1,-1,-4,0,edgeCount
356,25,46,0.15,1,0,random,-1,2,2,2,0,0,2,0,2,2,0,0,edgeCount
355,25,51,0.15,2,8,random,-1,3,3,3,0,12,-1,-4,3,3,0,6,edgeCount
354,25,49,0.15,2,8,random,-1,3,3,3,0,0,3,0,3,3,0,0,edgeCount
353,25,41,0.15,1,0,random,-1,4,6,4,0,8,4,0,4,6,0,8,edgeCount
352,25,55,0.15,1,0,random,-1,3,6,3,0,8,3,0,3,6,0,8,edgeCount
351,25,45,0.15,1,0,random,-1,4,4,4,0,6,4,0,4,4,0,6,edgeCount
350,25,37,0.15,2,8,random,-1,3,3,3,0,4,3,0,3,3,0,4,edgeCount
349,25,43,0.15,2,8,random,-1,-1,-1,-1,0,4,-1,0,-1,-1,0,4,edgeCount
348,25,51,0.15,4,24,random,-1,3,5,3,0,0,3,0,3,3,0,0,edgeCount
347,25,32,0.15,1,0,random,-1,3,3,3,0,6,3,0,3,3,0,6,edgeCount
346,25,41,0.15,1,0,random,-1,2,2,2,0,0,2,0,2,2,0,0,edgeCount
345,25,42,0.15,5,32,random,-1,-1,-1,-1,0,0,-1,0,-1,-1,0,0,edgeCount
344,25,60,0.15,5,32,random,-1,-1,-1,-1,0,0,-1,0,-1,-1,0,0,edgeCount
343,25,44,0.15,4,24,random,-1,10,10,2,8,0,2,0,2,2,0,0,edgeCount
342,25,43,0.15,2,8,random,-1,3,2,2,1,24,2,0,2,2,0,12,edgeCount
341,25,46,0.15,3,16,random,-1,3,2,2,1,0,2,0,2,2,0,0,edgeCount
340,25,59,0.15,4,24,random,-1,7,3,2,5,0,2,0,3,2,1,0,edgeCount
339,25,49,0.15,5,32,random,-1,-1,-1,-1,0,0,-1,0,-1,-1,0,0,edgeCount
338,25,36,0.15,1,0,random,-1,2,2,2,0,12,2,0,2,2,0,12,edgeCount
337,25,47,0.15,2,8,random,-1,3,3,3,0,0,3,0,3,3,0,0,edgeCount
336,25,47,0.15,5,32,random,-1,-1,-1,-1,0,12,-1,0,-1,-1,0,6,edgeCount
335,25,44,0.15,1,0,random,-1,2,2,2,0,4,2,0,2,2,0,4,edgeCount
334,25,43,0.15,3,16,random,-1,2,2,2,0,0,2,0,3,2,1,0,edgeCount
333,25,45,0.15,3,16,random,-1,4,12,4,0,0,6,2,6,6,2,0,edgeCount
332,25,54,0.15,3,16,random,-1,9,5,3,6,12,-1,-4,-1,-1,-4,6,edgeCount
331,25,48,0.15,1,0,random,-1,4,4,4,0,0,4,0,4,4,0,0,edgeCount
330,25,42,0.15,2,8,random,-1,3,5,3,0,0,3,0,3,3,0,0,edgeCount
329,25,54,0.15,2,8,random,-1,4,4,4,0,0,6,2,6,6,2,0,edgeCount
328,25,52,0.15,3,16,random,-1,-1,-1,3,-4,8,-1,-4,-1,-1,-4,6,edgeCount
327,25,51,0.15,2,8,random,-1,9,5,3,6,4,7,4,7,11,4,2,edgeCount
326,25,45,0.15,3,16,random,-1,2,2,2,0,8,2,0,2,2,0,4,edgeCount
325,25,54,0.15,5,32,random,-1,4,2,2,2,4,2,0,2,2,0,2,edgeCount
324,25,47,0.15,3,16,random,-1,3,7,3,0,0,3,0,3,3,0,0,edgeCount
323,25,47,0.15,2,8,random,-1,3,3,2,1,14,2,0,2,2,0,8,edgeCount
322,25,46,0.15,3,16,random,-1,8,6,4,4,0,-1,-5,-1,-1,-5,0,edgeCount
321,25,56,0.15,3,16,random,-1,5,3,3,2,0,3,0,3,3,0,0,edgeCount
320,25,42,0.15,3,16,random,-1,-1,-1,-1,0,0,-1,0,-1,-1,0,0,edgeCount
319,25,48,0.15,5,32,random,-1,3,3,3,0,4,5,2,3,5,0,2,edgeCount
318,25,38,0.15,2,8,random,-1,5,5,3,2,4,3,0,3,3,0,4,edgeCount
317,25,42,0.15,5,32,random,-1,-1,-1,-1,0,0,-1,0,-1,-1,0,0,edgeCount
316,25,43,0.15,2,8,random,-1,7,3,3,4,6,3,0,3,3,0,6,edgeCount
315,25,48,0.15,2,8,random,-1,5,4,4,1,0,4,0,4,4,0,0,edgeCount
314,25,47,0.15,1,0,random,-1,4,4,4,0,0,4,0,4,4,0,0,edgeCount
313,25,38,0.15,1,0,random,-1,4,4,4,0,6,4,0,4,4,0,6,edgeCount
312,25,42,0.15,3,16,random,-1,4,4,2,2,0,2,0,2,2,0,0,edgeCount
311,25,31,0.15,2,8,random,-1,4,4,4,0,0,4,0,4,4,0,0,edgeCount
310,25,38,0.15,1,0,random,-1,3,3,3,0,4,3,0,3,3,0,4,edgeCount
309,25,40,0.15,1,0,random,-1,3,5,3,0,4,3,0,3,5,0,4,edgeCount
308,25,47,0.15,3,16,random,-1,3,3,3,0,10,5,2,5,5,2,8,edgeCount
307,25,52,0.15,2,8,random,-1,3,14,3,0,10,7,4,7,7,4,10,edgeCount
306,25,40,0.15,2,8,random,-1,6,6,4,2,0,-1,-5,-1,-1,-5,0,edgeCount
305,25,53,0.15,3,16,random,-1,3,9,3,0,14,5,2,5,5,2,8,edgeCount
304,25,41,0.15,2,8,random,-1,3,3,3,0,0,3,0,3,3,0,0,edgeCount
303,25,40,0.15,2,8,random,-1,3,3,3,0,0,3,0,3,3,0,0,edgeCount
302,25,42,0.15,3,16,random,-1,2,2,2,0,4,2,0,2,2,0,4,edgeCount
301,25,43,0.15,3,16,random,-1,3,3,3,0,0,3,0,3,3,0,0,edgeCount
300,25,56,0.15,3,16,random,-1,3,3,3,0,0,3,0,3,3,0,0,edgeCount
299,25,47,0.15,2,8,random,-1,10,6,5,5,0,-1,-6,-1,-1,-6,0,edgeCount
298,25,46,0.15,2,8,random,-1,-1,-1,-1,0,0,-1,0,-1,-1,0,0,edgeCount
297,25,46,0.15,3,16,random,-1,4,4,4,0,0,4,0,4,4,0,0,edgeCount
296,25,47,0.15,1,0,random,-1,3,3,3,0,0,3,0,3,3,0,0,edgeCount
295,25,42,0.15,1,0,random,-1,2,2,2,0,0,2,0,2,2,0,0,edgeCount
294,25,42,0.15,3,16,random,-1,-1,-1,6,-7,0,-1,-7,-1,-1,-7,0,edgeCount
293,25,45,0.15,4,24,random,-1,-1,-1,9,-10,0,-1,-10,-1,-1,-10,0,edgeCount
292,25,48,0.15,2,8,random,-1,3,3,3,0,0,3,0,3,3,0,0,edgeCount
291,25,45,0.15,2,8,random,-1,3,3,3,0,0,3,0,3,3,0,0,edgeCount
290,25,58,0.15,4,24,random,-1,3,3,3,0,0,3,0,3,3,0,0,edgeCount
289,25,37,0.15,2,8,random,-1,3,14,3,0,6,5,2,5,6,2,6,edgeCount
288,25,50,0.15,3,16,random,-1,3,3,3,0,0,3,0,3,3,0,0,edgeCount
287,25,33,0.15,2,8,random,-1,-1,-1,-1,0,0,-1,0,-1,-1,0,0,edgeCount
286,25,40,0.15,4,24,random,-1,-1,-1,-1,0,2,-1,0,-1,-1,0,2,edgeCount
285,25,50,0.15,5,32,random,-1,-1,-1,5,-6,0,-1,-6,-1,-1,-6,0,edgeCount
284,25,47,0.15,2,8,random,-1,3,9,3,0,0,3,0,3,3,0,0,edgeCount
283,25,41,0.15,1,0,random,-1,3,3,3,0,0,3,0,3,3,0,0,edgeCount
282,25,58,0.15,2,8,random,-1,2,2,2,0,0,2,0,2,2,0,0,edgeCount
281,25,42,0.15,4,24,random,-1,-1,-1,-1,0,0,-1,0,-1,-1,0,0,edgeCount
280,25,61,0.15,7,48,random,-1,-1,-1,5,-6,0,-1,-6,-1,-1,-6,0,edgeCount
279,25,50,0.15,5,32,random,-1,-1,-1,4,-5,0,-1,-5,-1,-1,-5,0,edgeCount
278,25,42,0.15,2,8,random,-1,7,5,3,4,4,5,2,5,9,2,2,edgeCount
277,25,48,0.15,2,8,random,-1,4,4,4,0,0,4,0,4,4,0,0,edgeCount
276,25,47,0.15,3,16,random,-1,4,10,4,0,0,-1,-5,12,10,8,0,edgeCount
275,25,51,0.15,2,8,random,-1,2,2,2,0,0,2,0,2,2,0,0,edgeCount
274,25,41,0.15,3,16,random,-1,3,5,3,0,2,-1,-4,-1,-1,-4,2,edgeCount
273,25,45,0.15,2,8,random,-1,-1,-1,5,-6,0,-1,-6,-1,-1,-6,0,edgeCount
272,25,51,0.15,3,16,random,-1,3,3,2,1,4,2,0,2,2,0,2,edgeCount
271,25,53,0.15,1,0,random,-1,2,2,2,0,4,2,0,2,2,0,4,edgeCount
270,25,44,0.15,3,16,random,-1,2,2,2,0,0,2,0,2,2,0,0,edgeCount
269,25,48,0.15,3,16,random,-1,3,3,3,0,0,5,2,3,5,0,0,edgeCount
268,25,48,0.15,6,40,random,-1,-1,-1,-1,0,0,-1,0,-1,-1,0,0,edgeCount
267,25,46,0.15,3,16,random,-1,4,2,2,2,4,2,0,4,2,2,4,edgeCount
266,25,38,0.15,2,8,random,-1,4,2,2,2,4,2,0,2,2,0,4,edgeCount
265,25,47,0.15,3,16,random,-1,4,8,4,0,0,12,8,8,8,4,0,edgeCount
264,25,49,0.15,4,24,random,-1,-1,-1,4,-5,0,-1,-5,-1,-1,-5,0,edgeCount
263,25,46,0.15,4,24,random,-1,2,2,2,0,4,2,0,2,2,0,2,edgeCount
262,25,45,0.15,1,0,random,-1,3,3,3,0,0,3,0,3,3,0,0,edgeCount
261,25,54,0.15,2,8,random,-1,8,5,4,4,4,10,6,10,4,6,2,edgeCount
260,25,37,0.15,4,24,random,-1,-1,-1,4,-5,0,-1,-5,-1,-1,-5,0,edgeCount
259,25,53,0.15,3,16,random,-1,-1,-1,4,-5,10,-1,-5,16,16,12,6,edgeCount
258,25,39,0.15,4,24,random,-1,-1,-1,-1,0,0,-1,0,-1,-1,0,0,edgeCount
257,25,40,0.15,1,0,random,-1,3,3,3,0,8,3,0,3,3,0,8,edgeCount
256,25,45,0.15,3,16,random,-1,-1,-1,4,-5,4,-1,-5,-1,-1,-5,2,edgeCount
255,25,46,0.15,5,32,random,-1,-1,-1,-1,0,0,-1,0,-1,-1,0,0,edgeCount
254,25,43,0.15,3,16,random,-1,9,4,4,5,0,4,0,4,4,0,0,edgeCount
253,25,47,0.15,2,8,random,-1,-1,-1,4,-5,10,-1,-5,-1,-1,-5,8,edgeCount
252,25,54,0.15,3,16,random,-1,7,4,3,4,12,-1,-4,10,10,7,6,edgeCount
251,25,47,0.15,1,0,random,-1,2,2,2,0,0,2,0,2,2,0,0,edgeCount
250,25,38,0.15,3,16,random,-1,-1,-1,4,-5,0,-1,-5,-1,-1,-5,0,edgeCount
249,25,53,0.15,3,16,random,-1,-1,-1,-1,0,0,-1,0,-1,-1,0,0,edgeCount
248,25,40,0.15,2,8,random,-1,4,7,3,1,4,4,1,4,4,1,4,edgeCount
247,25,38,0.15,2,8,random,-1,4,6,4,0,2,8,4,8,8,4,2,edgeCount
246,25,56,0.15,3,16,random,-1,-1,-1,5,-6,0,-1,-6,-1,-1,-6,0,edgeCount
245,25,48,0.15,2,8,random,-1,5,9,3,2,0,3,0,3,3,0,0,edgeCount
244,25,41,0.15,2,8,random,-1,3,3,3,0,0,3,0,3,3,0,0,edgeCount
243,25,39,0.15,3,16,random,-1,5,3,3,2,2,3,0,3,3,0,2,edgeCount
242,25,40,0.15,1,0,random,-1,4,6,4,0,6,4,0,4,6,0,6,edgeCount
241,25,44,0.15,5,32,random,-1,-1,-1,-1,0,0,-1,0,-1,-1,0,0,edgeCount
240,25,49,0.15,3,16,random,-1,4,2,2,2,0,2,0,2,2,0,0,edgeCount
239,25,45,0.15,2,8,random,-1,2,2,2,0,12,2,0,2,2,0,12,edgeCount
238,25,37,0.15,3,16,random,-1,10,6,4,6,2,-1,-5,12,12,8,2,edgeCount
237,25,41,0.15,4,24,random,-1,4,2,2,2,0,2,0,2,2,0,0,edgeCount
236,25,49,0.15,2,8,random,-1,4,5,3,1,0,3,0,3,3,0,0,edgeCount
235,25,50,0.15,4,24,random,-1,12,4,4,8,0,-1,-5,-1,-1,-5,0,edgeCount
234,25,47,0.15,2,8,random,-1,-1,-1,5,-6,0,-1,-6,-1,-1,-6,0,edgeCount
233,25,51,0.15,5,32,random,-1,-1,-1,4,-5,4,-1,-5,-1,-1,-5,2,edgeCount
232,25,37,0.15,1,0,random,-1,4,4,4,0,6,4,0,4,4,0,6,edgeCount
231,25,45,0.15,2,8,random,-1,8,8,4,4,0,-1,-5,-1,-1,-5,0,edgeCount
230,25,50,0.15,5,32,random,-1,-1,-1,6,-7,6,-1,-7,-1,-1,-7,6,edgeCount
229,25,38,0.15,1,0,random,-1,4,4,4,0,2,4,0,4,4,0,2,edgeCount
228,25,35,0.15,2,8,random,-1,2,2,2,0,4,2,0,2,2,0,4,edgeCount
227,25,41,0.15,3,16,random,-1,5,5,3,2,4,3,0,7,7,4,2,edgeCount
226,25,40,0.15,2,8,random,-1,3,3,2,1,4,2,0,2,2,0,2,edgeCount
225,25,36,0.15,3,16,random,-1,-1,-1,5,-6,4,-1,-6,-1,-1,-6,4,edgeCount
224,25,43,0.15,3,16,random,-1,3,3,3,0,0,3,0,3,3,0,0,edgeCount
223,25,46,0.15,5,32,random,-1,-1,-1,-1,0,2,-1,0,-1,-1,0,2,edgeCount
222,25,47,0.15,4,24,random,-1,-1,-1,4,-5,6,-1,-5,-1,-1,-5,4,edgeCount
221,25,41,0.15,3,16,random,-1,4,12,4,0,6,6,2,6,6,2,4,edgeCount
220,25,42,0.15,2,8,random,-1,4,6,4,0,0,6,2,6,6,2,0,edgeCount
219,25,42,0.15,5,32,random,-1,-1,-1,-1,0,4,-1,0,-1,-1,0,4,edgeCount
218,25,52,0.15,4,24,random,-1,4,4,4,0,0,4,0,4,4,0,0,edgeCount
217,25,47,0.15,2,8,random,-1,3,7,3,0,8,-1,-4,10,10,7,4,edgeCount
216,25,34,0.15,3,16,random,-1,-1,-1,5,-6,0,-1,-6,-1,-1,-6,0,edgeCount
215,25,45,0.15,3,16,random,-1,5,7,4,1,0,-1,-5,-1,-1,-5,0,edgeCount
214,25,47,0.15,3,16,random,-1,-1,-1,4,-5,0,-1,-5,-1,-1,-5,0,edgeCount
213,25,43,0.15,2,8,random,-1,4,4,4,0,8,6,2,6,6,2,4,edgeCount
212,25,36,0.15,4,24,random,-1,-1,-1,-1,0,0,-1,0,-1,-1,0,0,edgeCount
211,25,44,0.15,4,24,random,-1,3,3,3,0,6,5,2,5,5,2,4,edgeCount
210,25,40,0.15,1,0,random,-1,3,3,3,0,0,3,0,3,3,0,0,edgeCount
209,25,44,0.15,3,16,random,-1,2,2,2,0,8,2,0,2,2,0,6,edgeCount
208,25,50,0.15,1,0,random,-1,2,2,2,0,10,2,0,2,2,0,10,edgeCount
207,25,37,0.15,1,0,random,-1,6,6,6,0,0,6,0,6,6,0,0,edgeCount
206,25,46,0.15,2,8,random,-1,5,7,4,1,4,7,3,7,7,3,2,edgeCount
205,25,55,0.15,2,8,random,-1,8,8,4,4,0,10,6,10,10,6,0,edgeCount
204,25,46,0.15,4,24,random,-1,-1,-1,-1,0,0,-1,0,-1,-1,0,0,edgeCount
203,25,53,0.15,6,40,random,-1,-1,-1,-1,0,0,-1,0,-1,-1,0,0,edgeCount
202,25,47,0.15,4,24,random,-1,-1,-1,5,-6,0,-1,-6,-1,-1,-6,0,edgeCount
201,25,49,0.15,1,0,random,-1,3,3,3,0,0,3,0,3,3,0,0,edgeCount
200,25,35,0.15,3,16,random,-1,9,5,3,6,4,6,3,5,5,2,2,edgeCount
199,25,44,0.15,1,0,random,-1,4,4,4,0,0,4,0,4,4,0,0,edgeCount
198,25,49,0.15,2,8,random,-1,4,6,4,0,0,4,0,4,4,0,0,edgeCount
197,25,43,0.15,1,0,random,-1,5,5,5,0,2,5,0,5,5,0,2,edgeCount
196,25,43,0.15,3,16,random,-1,4,8,2,2,0,2,0,4,2,2,0,edgeCount
195,25,44,0.15,1,0,random,-1,4,4,4,0,0,4,0,4,4,0,0,edgeCount
194,25,50,0.15,3,16,random,-1,5,3,3,2,0,3,0,3,3,0,0,edgeCount
193,25,41,0.15,3,16,random,-1,2,2,2,0,0,2,0,2,2,0,0,edgeCount
192,25,45,0.15,3,16,random,-1,-1,-1,5,-6,4,-1,-6,8,8,3,2,edgeCount
191,25,48,0.15,2,8,random,-1,5,5,2,3,4,2,0,2,2,0,2,edgeCount
190,25,51,0.15,5,32,random,-1,5,3,3,2,0,3,0,3,3,0,0,edgeCount
189,25,39,0.15,4,24,random,-1,-1,-1,-1,0,0,-1,0,-1,-1,0,0,edgeCount
188,25,50,0.15,3,16,random,-1,-1,-1,4,-5,0,-1,-5,-1,-1,-5,0,edgeCount
187,25,42,0.15,2,8,random,-1,10,8,4,6,4,-1,-5,6,6,2,4,edgeCount
186,25,50,0.15,4,24,random,-1,3,3,3,0,0,3,0,3,3,0,0,edgeCount
185,25,39,0.15,1,0,random,-1,5,5,5,0,0,5,0,5,5,0,0,edgeCount
184,25,45,0.15,2,8,random,-1,-1,-1,4,-5,0,-1,-5,-1,-1,-5,0,edgeCount
183,25,45,0.15,4,24,random,-1,-1,-1,7,-8,0,-1,-8,-1,-1,-8,0,edgeCount
182,25,41,0.15,3,16,random,-1,-1,-1,-1,0,0,-1,0,-1,-1,0,0,edgeCount
181,25,41,0.15,2,8,random,-1,-1,-1,-1,0,2,-1,0,-1,-1,0,2,edgeCount
180,25,46,0.15,1,0,random,-1,3,4,3,0,6,3,0,3,4,0,6,edgeCount
179,25,45,0.15,1,0,random,-1,3,5,3,0,10,3,0,3,5,0,10,edgeCount
178,25,40,0.15,1,0,random,-1,5,7,5,0,2,5,0,5,7,0,2,edgeCount
177,25,41,0.15,4,24,random,-1,-1,-1,7,-8,0,-1,-8,-1,-1,-8,0,edgeCount
176,25,54,0.15,2,8,random,-1,3,4,3,0,0,3,0,3,3,0,0,edgeCount
175,25,50,0.15,2,8,random,-1,3,5,3,0,0,3,0,3,3,0,0,edgeCount
174,25,45,0.15,2,8,random,-1,4,4,4,0,4,4,0,4,4,0,4,edgeCount
173,25,45,0.15,2,8,random,-1,3,3,3,0,0,5,2,5,5,2,0,edgeCount
172,25,49,0.15,4,24,random,-1,2,3,2,0,6,2,0,3,2,1,4,edgeCount
171,25,47,0.15,2,8,random,-1,2,2,2,0,8,2,0,2,2,0,6,edgeCount
170,25,43,0.15,1,0,random,-1,4,4,4,0,6,4,0,4,4,0,6,edgeCount
169,25,38,0.15,2,8,random,-1,-1,-1,5,-6,0,-1,-6,-1,-1,-6,0,edgeCount
168,25,39,0.15,2,8,random,-1,-1,-1,5,-6,2,-1,-6,-1,-1,-6,2,edgeCount
167,25,42,0.15,3,16,random,-1,-1,-1,5,-6,0,-1,-6,-1,-1,-6,0,edgeCount
166,25,37,0.15,2,8,random,-1,-1,-1,4,-5,0,-1,-5,-1,-1,-5,0,edgeCount
165,25,44,0.15,2,8,random,-1,4,4,4,0,0,4,0,4,4,0,0,edgeCount
164,25,56,0.15,3,16,random,-1,6,6,2,4,8,2,0,2,2,0,4,edgeCount
163,25,35,0.15,1,0,random,-1,4,4,4,0,0,4,0,4,4,0,0,edgeCount
162,25,42,0.15,3,16,random,-1,-1,-1,6,-7,0,-1,-7,-1,-1,-7,0,edgeCount
161,25,50,0.15,4,24,random,-1,10,2,2,8,0,2,0,2,2,0,0,edgeCount
160,25,45,0.15,3,16,random,-1,2,2,2,0,4,2,0,2,2,0,2,edgeCount
159,25,54,0.15,2,8,random,-1,3,3,3,0,8,3,0,3,3,0,4,edgeCount
158,25,48,0.15,4,24,random,-1,-1,-1,7,-8,0,-1,-8,-1,-1,-8,0,edgeCount
157,25,47,0.15,1,0,random,-1,3,3,3,0,0,3,0,3,3,0,0,edgeCount
156,25,39,0.15,2,8,random,-1,4,6,3,1,0,6,3,6,6,3,0,edgeCount
155,25,40,0.15,2,8,random,-1,4,4,4,0,0,4,0,4,4,0,0,edgeCount
154,25,45,0.15,2,8,random,-1,-1,-1,-1,0,0,-1,0,-1,-1,0,0,edgeCount
153,25,43,0.15,3,16,random,-1,-1,-1,-1,0,0,-1,0,-1,-1,0,0,edgeCount
152,25,41,0.15,3,16,random,-1,11,3,3,8,0,3,0,3,3,0,0,edgeCount
151,25,46,0.15,1,0,random,-1,4,4,4,0,0,4,0,4,4,0,0,edgeCount
150,25,46,0.15,1,0,random,-1,4,4,4,0,0,4,0,4,4,0,0,edgeCount
149,25,49,0.15,4,24,random,-1,4,4,2,2,4,2,0,4,2,2,2,edgeCount
148,25,50,0.15,5,32,random,-1,-1,-1,3,-4,0,-1,-4,-1,-1,-4,0,edgeCount
147,25,41,0.15,3,16,random,-1,-1,-1,3,-4,0,-1,-4,-1,-1,-4,0,edgeCount
146,25,51,0.15,2,8,random,-1,4,6,4,0,0,4,0,4,4,0,0,edgeCount
145,25,63,0.15,6,40,random,-1,4,7,2,2,0,4,2,4,4,2,0,edgeCount
144,25,38,0.15,1,0,random,-1,2,2,2,0,4,2,0,2,2,0,4,edgeCount
143,25,45,0.15,4,24,random,-1,-1,-1,-1,0,2,-1,0,-1,-1,0,2,edgeCount
142,25,38,0.15,2,8,random,-1,-1,-1,-1,0,0,-1,0,-1,-1,0,0,edgeCount
141,25,46,0.15,2,8,random,-1,2,2,2,0,14,2,0,2,2,0,8,edgeCount
140,25,53,0.15,3,16,random,-1,-1,-1,-1,0,6,-1,0,-1,-1,0,4,edgeCount
139,25,39,0.15,4,24,random,-1,-1,-1,-1,0,0,-1,0,-1,-1,0,0,edgeCount
138,25,46,0.15,4,24,random,-1,-1,-1,-1,0,0,-1,0,-1,-1,0,0,edgeCount
137,25,54,0.15,4,24,random,-1,-1,-1,3,-4,0,-1,-4,-1,-1,-4,0,edgeCount
136,25,37,0.15,2,8,random,-1,7,4,3,4,0,3,0,3,3,0,0,edgeCount
135,25,45,0.15,4,24,random,-1,-1,-1,4,-5,0,-1,-5,-1,-1,-5,0,edgeCount
134,25,53,0.15,4,24,random,-1,3,11,3,0,4,7,4,7,7,4,2,edgeCount
133,25,36,0.15,1,0,random,-1,5,5,5,0,0,5,0,5,5,0,0,edgeCount
132,25,44,0.15,1,0,random,-1,3,4,3,0,6,3,0,3,4,0,6,edgeCount
131,25,52,0.15,2,8,random,-1,8,10,4,4,6,-1,-5,10,8,6,4,edgeCount
130,25,46,0.15,2,8,random,-1,4,9,4,0,4,4,0,4,6,0,2,edgeCount
129,25,54,0.15,1,0,random,-1,3,3,3,0,0,3,0,3,3,0,0,edgeCount
128,25,46,0.15,4,24,random,-1,4,2,2,2,2,2,0,2,2,0,2,edgeCount
127,25,51,0.15,2,8,random,-1,3,3,2,1,6,2,0,2,2,0,4,edgeCount
126,25,50,0.15,1,0,random,-1,3,5,3,0,4,3,0,3,5,0,4,edgeCount
125,25,46,0.15,3,16,random,-1,-1,-1,4,-5,0,-1,-5,-1,-1,-5,0,edgeCount
124,25,46,0.15,4,24,random,-1,-1,-1,4,-5,2,-1,-5,-1,-1,-5,2,edgeCount
123,25,40,0.15,2,8,random,-1,2,2,2,0,0,2,0,2,2,0,0,edgeCount
122,25,52,0.15,5,32,random,-1,2,2,2,0,6,2,0,2,2,0,2,edgeCount
121,25,40,0.15,4,24,random,-1,-1,-1,-1,0,2,-1,0,-1,-1,0,2,edgeCount
120,25,42,0.15,2,8,random,-1,4,4,4,0,0,4,0,4,4,0,0,edgeCount
119,25,52,0.15,5,32,random,-1,-1,-1,-1,0,0,-1,0,-1,-1,0,0,edgeCount
118,25,51,0.15,1,0,random,-1,4,4,4,0,0,4,0,4,4,0,0,edgeCount
117,25,49,0.15,2,8,random,-1,13,13,4,9,0,-1,-5,-1,-1,-5,0,edgeCount
116,25,54,0.15,3,16,random,-1,-1,-1,4,-5,8,-1,-5,10,10,6,4,edgeCount
115,25,59,0.15,1,0,random,-1,4,5,4,0,4,4,0,4,5,0,4,edgeCount
114,25,45,0.15,5,32,random,-1,-1,-1,-1,0,0,-1,0,-1,-1,0,0,edgeCount
113,25,43,0.15,3,16,random,-1,4,8,2,2,4,2,0,4,2,2,2,edgeCount
112,25,50,0.15,4,24,random,-1,5,5,3,2,6,5,2,5,5,2,6,edgeCount
111,25,53,0.15,3,16,random,-1,3,5,3,0,0,-1,-4,-1,-1,-4,0,edgeCount
110,25,43,0.15,1,0,random,-1,5,5,5,0,2,5,0,5,5,0,2,edgeCount
109,25,35,0.15,1,0,random,-1,4,5,4,0,10,4,0,4,5,0,10,edgeCount
108,25,41,0.15,4,24,random,-1,-1,-1,-1,0,0,-1,0,-1,-1,0,0,edgeCount
107,25,39,0.15,3,16,random,-1,-1,-1,-1,0,0,-1,0,-1,-1,0,0,edgeCount
106,25,46,0.15,5,32,random,-1,-1,-1,-1,0,4,-1,0,-1,-1,0,2,edgeCount
105,25,58,0.15,6,40,random,-1,-1,-1,-1,0,0,-1,0,-1,-1,0,0,edgeCount
104,25,38,0.15,1,0,random,-1,2,2,2,0,6,2,0,2,2,0,6,edgeCount
103,25,43,0.15,3,16,random,-1,4,4,4,0,4,4,0,4,4,0,2,edgeCount
102,25,50,0.15,3,16,random,-1,-1,-1,4,-5,4,-1,-5,-1,-1,-5,2,edgeCount
101,25,34,0.15,3,16,random,-1,2,2,2,0,0,2,0,2,2,0,0,edgeCount
100,25,41,0.15,3,16,random,-1,-1,-1,6,-7,2,-1,-7,-1,-1,-7,2,edgeCount
99,25,49,0.15,5,32,random,-1,-1,-1,8,-9,0,-1,-9,-1,-1,-9,0,edgeCount
98,25,37,0.15,3,16,random,-1,5,5,2,3,0,2,0,2,2,0,0,edgeCount
97,25,59,0.15,4,24,random,-1,-1,-1,4,-5,0,-1,-5,-1,-1,-5,0,edgeCount
96,25,52,0.15,2,8,random,-1,2,2,2,0,0,2,0,2,2,0,0,edgeCount
95,25,46,0.15,1,0,random,-1,2,2,2,0,0,2,0,2,2,0,0,edgeCount
94,25,47,0.15,2,8,random,-1,4,4,4,0,0,4,0,4,4,0,0,edgeCount
93,25,46,0.15,3,16,random,-1,4,4,2,2,8,2,0,2,2,0,6,edgeCount
92,25,48,0.15,4,24,random,-1,5,3,3,2,4,-1,-4,-1,-1,-4,2,edgeCount
91,25,46,0.15,2,8,random,-1,2,2,2,0,0,2,0,2,2,0,0,edgeCount
90,25,45,0.15,3,16,random,-1,4,8,4,0,0,8,4,8,8,4,0,edgeCount
89,25,42,0.15,2,8,random,-1,4,6,4,0,8,-1,-5,-1,-1,-5,6,edgeCount
88,25,32,0.15,2,8,random,-1,6,6,2,4,0,2,0,2,2,0,0,edgeCount
87,25,47,0.15,2,8,random,-1,3,4,3,0,0,3,0,3,3,0,0,edgeCount
86,25,38,0.15,3,16,random,-1,-1,-1,4,-5,0,-1,-5,-1,-1,-5,0,edgeCount
85,25,46,0.15,4,24,random,-1,2,2,2,0,8,2,0,2,2,0,6,edgeCount
84,25,39,0.15,2,8,random,-1,3,3,2,1,0,2,0,3,2,1,0,edgeCount
83,25,50,0.15,3,16,random,-1,6,4,4,2,0,4,0,4,4,0,0,edgeCount
82,25,46,0.15,3,16,random,-1,6,8,4,2,0,8,4,8,8,4,0,edgeCount
81,25,37,0.15,1,0,random,-1,5,5,5,0,4,5,0,5,5,0,4,edgeCount
80,25,40,0.15,5,32,random,-1,-1,-1,-1,0,0,-1,0,-1,-1,0,0,edgeCount
79,25,51,0.15,3,16,random,-1,4,6,4,0,0,-1,-5,-1,-1,-5,0,edgeCount
78,25,50,0.15,2,8,random,-1,4,4,4,0,2,4,0,4,4,0,2,edgeCount
77,25,38,0.15,1,0,random,-1,4,4,4,0,0,4,0,4,4,0,0,edgeCount
76,25,43,0.15,2,8,random,-1,2,2,2,0,0,2,0,2,2,0,0,edgeCount
75,25,43,0.15,5,32,random,-1,-1,-1,-1,0,2,-1,0,-1,-1,0,2,edgeCount
74,25,44,0.15,4,24,random,-1,-1,-1,-1,0,0,-1,0,-1,-1,0,0,edgeCount
73,25,44,0.15,3,16,random,-1,3,3,3,0,8,3,0,3,3,0,4,edgeCount
72,25,41,0.15,2,8,random,-1,12,4,3,9,14,-1,-4,9,5,6,10,edgeCount
71,25,36,0.15,2,8,random,-1,3,3,3,0,0,3,0,3,3,0,0,edgeCount
70,25,41,0.15,2,8,random,-1,4,2,2,2,8,2,0,2,2,0,6,edgeCount
69,25,48,0.15,4,24,random,-1,8,2,2,6,0,2,0,2,2,0,0,edgeCount
68,25,52,0.15,3,16,random,-1,-1,-1,4,-5,4,-1,-5,-1,-1,-5,2,edgeCount
67,25,54,0.15,5,32,random,-1,-1,-1,-1,0,8,-1,0,-1,-1,0,4,edgeCount
66,25,34,0.15,2,8,random,-1,3,3,3,0,0,3,0,3,3,0,0,edgeCount
65,25,49,0.15,5,32,random,-1,-1,-1,4,-5,0,-1,-5,-1,-1,-5,0,edgeCount
64,25,45,0.15,4,24,random,-1,-1,-1,5,-6,4,-1,-6,-1,-1,-6,4,edgeCount
63,25,44,0.15,2,8,random,-1,3,5,3,0,0,5,2,5,5,2,0,edgeCount
62,25,45,0.15,1,0,random,-1,3,3,3,0,0,3,0,3,3,0,0,edgeCount
61,25,54,0.15,4,24,random,-1,3,3,3,0,0,5,2,3,3,0,0,edgeCount
60,25,41,0.15,1,0,random,-1,3,3,3,0,0,3,0,3,3,0,0,edgeCount
59,25,51,0.15,2,8,random,-1,3,3,3,0,8,3,0,3,3,0,4,edgeCount
58,25,37,0.15,3,16,random,-1,-1,-1,3,-4,0,-1,-4,-1,-1,-4,0,edgeCount
57,25,37,0.15,3,16,random,-1,4,4,2,2,0,2,0,4,2,2,0,edgeCount
56,25,44,0.15,3,16,random,-1,2,2,2,0,4,2,0,2,2,0,2,edgeCount
55,25,48,0.15,4,24,random,-1,-1,-1,-1,0,0,-1,0,-1,-1,0,0,edgeCount
54,25,37,0.15,4,24,random,-1,-1,-1,4,-5,0,-1,-5,-1,-1,-5,0,edgeCount
53,25,42,0.15,5,32,random,-1,8,6,2,6,0,2,0,4,2,2,0,edgeCount
52,25,41,0.15,4,24,random,-1,-1,-1,-1,0,0,-1,0,-1,-1,0,0,edgeCount
51,25,34,0.15,1,0,random,-1,5,5,5,0,4,5,0,5,5,0,4,edgeCount
50,25,42,0.15,2,8,random,-1,6,3,3,3,0,3,0,3,3,0,0,edgeCount
49,25,56,0.15,4,24,random,-1,6,2,2,4,10,2,0,2,2,0,6,edgeCount
48,25,46,0.15,2,8,random,-1,-1,-1,4,-5,0,-1,-5,-1,-1,-5,0,edgeCount
47,25,41,0.15,2,8,random,-1,-1,-1,6,-7,0,-1,-7,-1,-1,-7,0,edgeCount
46,25,55,0.15,3,16,random,-1,-1,-1,6,-7,0,-1,-7,-1,-1,-7,0,edgeCount
45,25,53,0.15,2,8,random,-1,3,4,3,0,10,3,0,3,3,0,6,edgeCount
44,25,53,0.15,4,24,random,-1,7,9,3,4,0,7,4,7,7,4,0,edgeCount
43,25,39,0.15,4,24,random,-1,2,2,2,0,4,2,0,2,2,0,2,edgeCount
42,25,48,0.15,4,24,random,-1,-1,-1,6,-7,0,-1,-7,-1,-1,-7,0,edgeCount
41,25,41,0.15,2,8,random,-1,5,5,3,2,8,3,0,3,3,0,4,edgeCount
40,25,48,0.15,3,16,random,-1,4,4,2,2,4,2,0,2,2,0,4,edgeCount
39,25,44,0.15,4,24,random,-1,-1,-1,-1,0,0,-1,0,-1,-1,0,0,edgeCount
38,25,40,0.15,2,8,random,-1,10,11,4,6,10,-1,-5,9,7,5,6,edgeCount
37,25,41,0.15,2,8,random,-1,4,4,2,2,2,2,0,2,2,0,2,edgeCount
36,25,41,0.15,1,0,random,-1,3,3,3,0,6,3,0,3,3,0,6,edgeCount
35,25,55,0.15,3,16,random,-1,12,8,4,8,16,-1,-5,13,13,9,8,edgeCount
34,25,53,0.15,4,24,random,-1,-1,-1,4,-5,2,-1,-5,-1,-1,-5,2,edgeCount
33,25,51,0.15,3,16,random,-1,5,3,3,2,0,3,0,3,3,0,0,edgeCount
32,25,38,0.15,2,8,random,-1,-1,-1,4,-5,0,-1,-5,-1,-1,-5,0,edgeCount
31,25,44,0.15,3,16,random,-1,-1,-1,5,-6,0,-1,-6,-1,-1,-6,0,edgeCount
30,25,52,0.15,2,8,random,-1,3,3,3,0,0,3,0,3,3,0,0,edgeCount
29,25,45,0.15,2,8,random,-1,3,7,3,0,0,3,0,3,3,0,0,edgeCount
28,25,62,0.15,5,32,random,-1,2,4,2,0,0,4,2,4,4,2,0,edgeCount
27,25,51,0.15,3,16,random,-1,5,13,5,0,0,9,4,9,9,4,0,edgeCount
26,25,46,0.15,2,8,random,-1,2,5,2,0,0,3,1,3,3,1,0,edgeCount
25,25,36,0.15,1,0,random,-1,5,5,5,0,0,5,0,5,5,0,0,edgeCount
24,25,50,0.15,4,24,random,-1,-1,-1,5,-6,0,-1,-6,-1,-1,-6,0,edgeCount
23,25,47,0.15,3,16,random,-1,-1,-1,4,-5,0,-1,-5,-1,-1,-5,0,edgeCount
22,25,45,0.15,3,16,random,-1,7,5,3,4,14,5,2,5,5,2,8,edgeCount
21,25,55,0.15,4,24,random,-1,3,3,2,1,2,4,2,3,4,1,2,edgeCount
20,25,36,0.15,5,32,random,-1,-1,-1,-1,0,0,-1,0,-1,-1,0,0,edgeCount
19,25,46,0.15,1,0,random,-1,4,4,4,0,0,4,0,4,4,0,0,edgeCount
18,25,44,0.15,2,8,random,-1,4,4,4,0,0,4,0,4,4,0,0,edgeCount
17,25,46,0.15,2,8,random,-1,3,5,3,0,4,3,0,3,3,0,2,edgeCount
16,25,49,0.15,1,0,random,-1,4,4,4,0,0,4,0,4,4,0,0,edgeCount
15,25,41,0.15,4,24,random,-1,4,2,2,2,0,2,0,2,2,0,0,edgeCount
14,25,48,0.15,4,24,random,-1,-1,-1,3,-4,0,-1,-4,-1,-1,-4,0,edgeCount
13,25,41,0.15,2,8,random,-1,-1,-1,6,-7,0,-1,-7,-1,-1,-7,0,edgeCount
12,25,33,0.15,2,8,random,-1,-1,-1,7,-8,2,-1,-8,-1,-1,-8,2,edgeCount
11,25,45,0.15,2,8,random,-1,3,7,3,0,0,3,0,3,3,0,0,edgeCount
10,25,49,0.15,6,40,random,-1,-1,-1,-1,0,0,-1,0,-1,-1,0,0,edgeCount
9,25,43,0.15,2,8,random,-1,3,6,3,0,4,3,0,3,3,0,4,edgeCount
8,25,46,0.15,2,8,random,-1,-1,-1,5,-6,0,-1,-6,-1,-1,-6,0,edgeCount
7,25,41,0.15,3,16,random,-1,-1,-1,-1,0,0,-1,0,-1,-1,0,0,edgeCount
6,25,43,0.15,1,0,random,-1,4,5,4,0,6,4,0,4,5,0,6,edgeCount
5,25,40,0.15,3,16,random,-1,3,3,3,0,0,3,0,3,3,0,0,edgeCount
4,25,45,0.15,4,24,random,-1,7,9,5,2,2,9,4,9,9,4,2,edgeCount
3,25,50,0.15,2,8,random,-1,5,5,3,2,0,3,0,3,3,0,0,edgeCount
2,25,41,0.15,2,8,random,-1,3,9,3,0,0,3,0,3,3,0,0,edgeCount
1,25,46,0.15,3,16,random,-1,-1,-1,7,-8,0,-1,-8,-1,-1,-8,0,edgeCount
