rep,nrNodes,nrEdges,edgeProb,nrPaths,nrFails,failureModel,failurePercent,hopsRanked,hopsUnranked,spLength,stretch_mult,nodeAdditions,hopsPath,stretch_path,hopsRankedOne,hopsUnrankedOne,stretch_one,overallNodeAdditionsOne,treeChoice
1000,25,50,0.15,4,26,random,-1,-1,-1,4,-5,0,-1,-5,-1,-1,-5,0,edgeCount
999,25,39,0.15,1,0,random,-1,4,4,4,0,2,4,0,4,4,0,2,edgeCount
998,25,49,0.15,3,18,random,-1,4,4,4,0,0,6,2,4,4,0,0,edgeCount
997,25,48,0.15,3,18,random,-1,4,4,4,0,0,-1,-5,-1,-1,-5,0,edgeCount
996,25,47,0.15,2,9,random,-1,4,4,4,0,0,4,0,4,4,0,0,edgeCount
995,25,48,0.15,4,26,random,-1,-1,-1,-1,0,0,-1,0,-1,-1,0,0,edgeCount
994,25,41,0.15,2,9,random,-1,6,6,4,2,0,6,2,6,6,2,0,edgeCount
993,25,44,0.15,3,18,random,-1,5,5,2,3,0,2,0,2,2,0,0,edgeCount
992,25,54,0.15,5,35,random,-1,-1,-1,-1,0,0,-1,0,-1,-1,0,0,edgeCount
991,25,49,0.15,4,26,random,-1,11,7,3,8,0,-1,-4,-1,-1,-4,0,edgeCount
990,25,57,0.15,1,0,random,-1,2,2,2,0,8,2,0,2,2,0,8,edgeCount
989,25,44,0.15,2,9,random,-1,4,2,2,2,2,2,0,2,2,0,2,edgeCount
988,25,45,0.15,1,0,random,-1,4,4,4,0,0,4,0,4,4,0,0,edgeCount
987,25,53,0.15,3,18,random,-1,-1,-1,-1,0,0,-1,0,-1,-1,0,0,edgeCount
986,25,35,0.15,3,18,random,-1,-1,-1,4,-5,0,-1,-5,-1,-1,-5,0,edgeCount
985,25,53,0.15,3,18,random,-1,3,3,2,1,0,2,0,3,2,1,0,edgeCount
984,25,42,0.15,1,0,random,-1,4,6,4,0,10,4,0,4,6,0,10,edgeCount
983,25,51,0.15,2,9,random,-1,7,7,5,2,0,-1,-6,-1,-1,-6,0,edgeCount
982,25,45,0.15,4,26,random,-1,3,5,3,0,6,5,2,5,5,2,6,edgeCount
981,25,33,0.15,1,0,random,-1,2,2,2,0,0,2,0,2,2,0,0,edgeCount
980,25,44,0.15,2,9,random,-1,4,4,3,1,0,-1,-4,-1,-1,-4,0,edgeCount
979,25,53,0.15,4,26,random,-1,-1,-1,6,-7,0,-1,-7,-1,-1,-7,0,edgeCount
978,25,47,0.15,3,18,random,-1,3,3,3,0,14,3,0,3,5,0,10,edgeCount
977,25,50,0.15,1,0,random,-1,3,3,3,0,2,3,0,3,3,0,2,edgeCount
976,25,44,0.15,3,18,random,-1,-1,-1,5,-6,10,-1,-6,-1,-1,-6,6,edgeCount
975,25,50,0.15,3,18,random,-1,5,5,4,1,4,-1,-5,-1,-1,-5,2,edgeCount
974,25,52,0.15,3,18,random,-1,4,4,2,2,0,2,0,2,2,0,0,edgeCount
973,25,45,0.15,4,26,random,-1,-1,-1,-1,0,0,-1,0,-1,-1,0,0,edgeCount
972,25,54,0.15,3,18,random,-1,9,5,4,5,0,-1,-5,-1,-1,-5,0,edgeCount
971,25,43,0.15,5,35,random,-1,-1,-1,-1,0,0,-1,0,-1,-1,0,0,edgeCount
970,25,46,0.15,2,9,random,-1,3,3,3,0,0,3,0,3,3,0,0,edgeCount
969,25,48,0.15,3,18,random,-1,4,8,4,0,0,6,2,6,6,2,0,edgeCount
968,25,44,0.15,1,0,random,-1,2,2,2,0,4,2,0,2,2,0,4,edgeCount
967,25,44,0.15,5,35,random,-1,-1,-1,-1,0,0,-1,0,-1,-1,0,0,edgeCount
966,25,39,0.15,2,9,random,-1,4,4,4,0,2,4,0,4,4,0,2,edgeCount
965,25,54,0.15,2,9,random,-1,-1,-1,4,-5,0,-1,-5,-1,-1,-5,0,edgeCount
964,25,60,0.15,4,26,random,-1,2,2,2,0,12,2,0,2,2,0,6,edgeCount
963,25,40,0.15,3,18,random,-1,-1,-1,-1,0,0,-1,0,-1,-1,0,0,edgeCount
962,25,37,0.15,2,9,random,-1,-1,-1,-1,0,2,-1,0,-1,-1,0,2,edgeCount
961,25,49,0.15,3,18,random,-1,3,2,2,1,10,2,0,2,2,0,6,edgeCount
960,25,38,0.15,2,9,random,-1,-1,-1,5,-6,6,-1,-6,5,5,0,6,edgeCount
959,25,50,0.15,3,18,random,-1,5,3,3,2,4,-1,-4,-1,-1,-4,2,edgeCount
958,25,43,0.15,2,9,random,-1,2,2,2,0,0,2,0,2,2,0,0,edgeCount
957,25,44,0.15,1,0,random,-1,4,4,4,0,10,4,0,4,4,0,10,edgeCount
956,25,42,0.15,3,18,random,-1,5,3,3,2,4,-1,-4,-1,-1,-4,2,edgeCount
955,25,48,0.15,3,18,random,-1,4,6,2,2,0,2,0,4,2,2,0,edgeCount
954,25,56,0.15,3,18,random,-1,6,3,3,3,0,7,4,7,7,4,0,edgeCount
953,25,36,0.15,4,26,random,-1,-1,-1,-1,0,6,-1,0,-1,-1,0,4,edgeCount
952,25,38,0.15,1,0,random,-1,4,4,4,0,0,4,0,4,4,0,0,edgeCount
951,25,45,0.15,4,26,random,-1,-1,-1,-1,0,0,-1,0,-1,-1,0,0,edgeCount
950,25,57,0.15,3,18,random,-1,16,4,4,12,0,4,0,4,4,0,0,edgeCount
949,25,51,0.15,5,35,random,-1,4,4,2,2,0,2,0,4,2,2,0,edgeCount
948,25,40,0.15,1,0,random,-1,3,4,3,0,8,3,0,3,4,0,8,edgeCount
947,25,43,0.15,4,26,random,-1,-1,-1,5,-6,0,-1,-6,-1,-1,-6,0,edgeCount
946,25,57,0.15,3,18,random,-1,3,5,3,0,0,3,0,3,3,0,0,edgeCount
945,25,52,0.15,4,26,random,-1,5,11,3,2,4,3,0,3,3,0,2,edgeCount
944,25,48,0.15,1,0,random,-1,2,2,2,0,0,2,0,2,2,0,0,edgeCount
943,25,49,0.15,3,18,random,-1,2,16,2,0,4,4,2,4,4,2,4,edgeCount
942,25,31,0.15,2,9,random,-1,-1,-1,-1,0,4,-1,0,-1,-1,0,4,edgeCount
941,25,40,0.15,3,18,random,-1,-1,-1,5,-6,4,-1,-6,-1,-1,-6,2,edgeCount
940,25,41,0.15,3,18,random,-1,4,3,3,1,4,3,0,3,3,0,2,edgeCount
939,25,42,0.15,3,18,random,-1,-1,-1,5,-6,0,-1,-6,-1,-1,-6,0,edgeCount
938,25,38,0.15,2,9,random,-1,2,2,2,0,0,2,0,2,2,0,0,edgeCount
937,25,41,0.15,3,18,random,-1,-1,-1,-1,0,0,-1,0,-1,-1,0,0,edgeCount
936,25,51,0.15,2,9,random,-1,9,11,5,4,0,11,6,11,11,6,0,edgeCount
935,25,49,0.15,3,18,random,-1,4,4,4,0,0,-1,-5,8,4,4,0,edgeCount
934,25,40,0.15,3,18,random,-1,8,6,4,4,6,-1,-5,-1,-1,-5,4,edgeCount
933,25,45,0.15,3,18,random,-1,-1,-1,4,-5,12,-1,-5,-1,-1,-5,6,edgeCount
932,25,45,0.15,3,18,random,-1,-1,-1,-1,0,4,-1,0,-1,-1,0,2,edgeCount
931,25,52,0.15,4,26,random,-1,6,10,4,2,0,10,6,10,10,6,0,edgeCount
930,25,48,0.15,3,18,random,-1,5,5,5,0,14,-1,-6,-1,-1,-6,8,edgeCount
929,25,51,0.15,2,9,random,-1,3,3,2,1,0,2,0,3,2,1,0,edgeCount
928,25,44,0.15,2,9,random,-1,-1,-1,-1,0,0,-1,0,-1,-1,0,0,edgeCount
927,25,47,0.15,2,9,random,-1,6,4,4,2,4,-1,-5,11,9,7,2,edgeCount
926,25,47,0.15,1,0,random,-1,2,2,2,0,0,2,0,2,2,0,0,edgeCount
925,25,42,0.15,2,9,random,-1,4,12,4,0,0,6,2,6,6,2,0,edgeCount
924,25,52,0.15,4,26,random,-1,-1,-1,7,-8,0,-1,-8,-1,-1,-8,0,edgeCount
923,25,42,0.15,1,0,random,-1,3,3,3,0,0,3,0,3,3,0,0,edgeCount
922,25,40,0.15,2,9,random,-1,2,2,2,0,14,2,0,2,2,0,12,edgeCount
921,25,49,0.15,3,18,random,-1,6,2,2,4,0,2,0,2,2,0,0,edgeCount
920,25,41,0.15,4,26,random,-1,-1,-1,-1,0,0,-1,0,-1,-1,0,0,edgeCount
919,25,52,0.15,4,26,random,-1,3,3,3,0,8,3,0,3,3,0,4,edgeCount
918,25,50,0.15,4,26,random,-1,5,5,3,2,0,-1,-4,-1,-1,-4,0,edgeCount
917,25,44,0.15,3,18,random,-1,-1,-1,4,-5,2,-1,-5,-1,-1,-5,2,edgeCount
916,25,44,0.15,2,9,random,-1,-1,-1,-1,0,0,-1,0,-1,-1,0,0,edgeCount
915,25,57,0.15,3,18,random,-1,6,2,2,4,0,2,0,2,2,0,0,edgeCount
914,25,59,0.15,4,26,random,-1,2,3,2,0,0,2,0,3,2,1,0,edgeCount
913,25,47,0.15,3,18,random,-1,6,3,3,3,0,8,5,8,8,5,0,edgeCount
912,25,45,0.15,3,18,random,-1,4,10,4,0,0,-1,-5,12,12,8,0,edgeCount
911,25,49,0.15,4,26,random,-1,-1,-1,-1,0,0,-1,0,-1,-1,0,0,edgeCount
910,25,49,0.15,5,35,random,-1,-1,-1,-1,0,0,-1,0,-1,-1,0,0,edgeCount
909,25,51,0.15,1,0,random,-1,5,5,5,0,0,5,0,5,5,0,0,edgeCount
908,25,44,0.15,2,9,random,-1,3,3,3,0,0,3,0,3,3,0,0,edgeCount
907,25,51,0.15,1,0,random,-1,3,3,3,0,0,3,0,3,3,0,0,edgeCount
906,25,45,0.15,1,0,random,-1,5,5,5,0,0,5,0,5,5,0,0,edgeCount
905,25,50,0.15,2,9,random,-1,4,5,4,0,0,4,0,4,4,0,0,edgeCount
904,25,43,0.15,2,9,random,-1,4,4,4,0,0,4,0,4,4,0,0,edgeCount
903,25,37,0.15,2,9,random,-1,2,2,2,0,0,2,0,2,2,0,0,edgeCount
902,25,35,0.15,4,26,random,-1,3,3,3,0,0,3,0,3,3,0,0,edgeCount
901,25,55,0.15,4,26,random,-1,5,3,2,3,12,2,0,2,2,0,6,edgeCount
900,25,45,0.15,4,26,random,-1,-1,-1,-1,0,0,-1,0,-1,-1,0,0,edgeCount
899,25,40,0.15,2,9,random,-1,3,3,3,0,0,3,0,3,3,0,0,edgeCount
898,25,43,0.15,4,26,random,-1,-1,-1,3,-4,2,-1,-4,-1,-1,-4,2,edgeCount
897,25,46,0.15,2,9,random,-1,-1,-1,5,-6,6,-1,-6,5,5,0,4,edgeCount
896,25,37,0.15,2,9,random,-1,4,6,4,0,4,4,0,4,4,0,4,edgeCount
895,25,41,0.15,3,18,random,-1,7,5,3,4,0,-1,-4,-1,-1,-4,0,edgeCount
894,25,49,0.15,4,26,random,-1,-1,-1,-1,0,2,-1,0,-1,-1,0,2,edgeCount
893,25,42,0.15,3,18,random,-1,12,4,4,8,4,-1,-5,-1,-1,-5,2,edgeCount
892,25,52,0.15,2,9,random,-1,4,3,3,1,6,3,0,3,3,0,4,edgeCount
891,25,39,0.15,3,18,random,-1,-1,-1,-1,0,0,-1,0,-1,-1,0,0,edgeCount
890,25,43,0.15,1,0,random,-1,5,6,5,0,4,5,0,5,6,0,4,edgeCount
889,25,45,0.15,6,44,random,-1,-1,-1,-1,0,0,-1,0,-1,-1,0,0,edgeCount
888,25,50,0.15,2,9,random,-1,3,3,2,1,8,2,0,2,2,0,4,edgeCount
887,25,51,0.15,3,18,random,-1,5,4,2,3,0,2,0,2,2,0,0,edgeCount
886,25,58,0.15,5,35,random,-1,3,3,3,0,0,5,2,3,5,0,0,edgeCount
885,25,39,0.15,2,9,random,-1,3,3,3,0,0,3,0,3,3,0,0,edgeCount
884,25,48,0.15,2,9,random,-1,3,3,3,0,0,3,0,3,3,0,0,edgeCount
883,25,38,0.15,1,0,random,-1,5,5,5,0,4,5,0,5,5,0,4,edgeCount
882,25,30,0.15,3,18,random,-1,2,2,2,0,0,4,2,4,4,2,0,edgeCount
881,25,37,0.15,2,9,random,-1,-1,-1,5,-6,0,-1,-6,-1,-1,-6,0,edgeCount
880,25,44,0.15,4,26,random,-1,-1,-1,-1,0,6,-1,0,-1,-1,0,4,edgeCount
879,25,44,0.15,1,0,random,-1,4,4,4,0,4,4,0,4,4,0,4,edgeCount
878,25,59,0.15,4,26,random,-1,8,4,2,6,0,2,0,2,2,0,0,edgeCount
877,25,41,0.15,3,18,random,-1,3,3,3,0,0,3,0,3,3,0,0,edgeCount
876,25,45,0.15,2,9,random,-1,3,3,3,0,4,3,0,3,3,0,2,edgeCount
875,25,54,0.15,3,18,random,-1,-1,-1,-1,0,0,-1,0,-1,-1,0,0,edgeCount
874,25,57,0.15,4,26,random,-1,8,8,2,6,0,2,0,2,2,0,0,edgeCount
873,25,38,0.15,1,0,random,-1,3,3,3,0,2,3,0,3,3,0,2,edgeCount
872,25,57,0.15,2,9,random,-1,3,5,3,0,16,7,4,7,6,4,8,edgeCount
871,25,54,0.15,4,26,random,-1,-1,-1,-1,0,0,-1,0,-1,-1,0,0,edgeCount
870,25,38,0.15,2,9,random,-1,-1,-1,-1,0,4,-1,0,-1,-1,0,4,edgeCount
869,25,47,0.15,2,9,random,-1,3,4,3,0,20,3,0,3,3,0,14,edgeCount
868,25,40,0.15,2,9,random,-1,3,3,2,1,0,2,0,2,2,0,0,edgeCount
867,25,44,0.15,3,18,random,-1,3,4,3,0,0,5,2,5,5,2,0,edgeCount
866,25,37,0.15,1,0,random,-1,5,5,5,0,4,5,0,5,5,0,4,edgeCount
865,25,41,0.15,2,9,random,-1,3,3,3,0,4,3,0,3,3,0,2,edgeCount
864,25,35,0.15,1,0,random,-1,3,3,3,0,4,3,0,3,3,0,4,edgeCount
863,25,41,0.15,3,18,random,-1,-1,-1,-1,0,0,-1,0,-1,-1,0,0,edgeCount
862,25,45,0.15,2,9,random,-1,3,3,3,0,0,3,0,3,3,0,0,edgeCount
861,25,39,0.15,1,0,random,-1,5,5,5,0,0,5,0,5,5,0,0,edgeCount
860,25,58,0.15,2,9,random,-1,-1,-1,4,-5,4,-1,-5,-1,-1,-5,2,edgeCount
859,25,46,0.15,2,9,random,-1,3,3,3,0,4,3,0,3,3,0,2,edgeCount
858,25,39,0.15,2,9,random,-1,-1,-1,5,-6,0,-1,-6,-1,-1,-6,0,edgeCount
857,25,52,0.15,1,0,random,-1,4,6,4,0,4,4,0,4,6,0,4,edgeCount
856,25,54,0.15,3,18,random,-1,4,4,4,0,0,4,0,4,4,0,0,edgeCount
855,25,43,0.15,3,18,random,-1,5,3,3,2,4,6,3,5,3,2,2,edgeCount
854,25,46,0.15,3,18,random,-1,5,13,3,2,0,3,0,3,3,0,0,edgeCount
853,25,39,0.15,1,0,random,-1,4,4,4,0,0,4,0,4,4,0,0,edgeCount
852,25,46,0.15,3,18,random,-1,2,2,2,0,10,2,0,2,2,0,8,edgeCount
851,25,43,0.15,2,9,random,-1,4,4,2,2,0,2,0,4,2,2,0,edgeCount
850,25,40,0.15,1,0,random,-1,4,4,4,0,0,4,0,4,4,0,0,edgeCount
849,25,43,0.15,3,18,random,-1,7,3,3,4,4,3,0,3,3,0,2,edgeCount
848,25,53,0.15,2,9,random,-1,4,4,4,0,8,4,0,4,4,0,4,edgeCount
847,25,45,0.15,3,18,random,-1,3,3,3,0,2,3,0,3,3,0,2,edgeCount
846,25,50,0.15,2,9,random,-1,3,3,3,0,4,3,0,3,3,0,2,edgeCount
845,25,52,0.15,3,18,random,-1,8,4,4,4,0,-1,-5,-1,-1,-5,0,edgeCount
844,25,59,0.15,5,35,random,-1,-1,-1,4,-5,0,-1,-5,-1,-1,-5,0,edgeCount
843,25,42,0.15,2,9,random,-1,3,3,3,0,0,3,0,3,3,0,0,edgeCount
842,25,50,0.15,2,9,random,-1,3,3,3,0,12,5,2,5,5,2,6,edgeCount
841,25,44,0.15,4,26,random,-1,-1,-1,3,-4,0,-1,-4,-1,-1,-4,0,edgeCount
840,25,49,0.15,1,0,random,-1,3,3,3,0,0,3,0,3,3,0,0,edgeCount
839,25,40,0.15,1,0,random,-1,3,6,3,0,8,3,0,3,6,0,8,edgeCount
838,25,37,0.15,1,0,random,-1,3,3,3,0,0,3,0,3,3,0,0,edgeCount
837,25,39,0.15,1,0,random,-1,5,5,5,0,0,5,0,5,5,0,0,edgeCount
836,25,49,0.15,6,44,random,-1,-1,-1,-1,0,0,-1,0,-1,-1,0,0,edgeCount
835,25,46,0.15,2,9,random,-1,-1,-1,4,-5,0,-1,-5,-1,-1,-5,0,edgeCount
834,25,43,0.15,5,35,random,-1,-1,-1,-1,0,0,-1,0,-1,-1,0,0,edgeCount
833,25,61,0.15,5,35,random,-1,-1,-1,3,-4,6,-1,-4,-1,-1,-4,2,edgeCount
832,25,45,0.15,2,9,random,-1,3,3,3,0,0,3,0,3,3,0,0,edgeCount
831,25,43,0.15,2,9,random,-1,-1,-1,-1,0,0,-1,0,-1,-1,0,0,edgeCount
830,25,57,0.15,4,26,random,-1,-1,-1,5,-6,0,-1,-6,-1,-1,-6,0,edgeCount
829,25,43,0.15,3,18,random,-1,-1,-1,6,-7,0,-1,-7,-1,-1,-7,0,edgeCount
828,25,48,0.15,3,18,random,-1,7,3,3,4,8,3,0,3,3,0,4,edgeCount
827,25,52,0.15,3,18,random,-1,2,2,2,0,0,2,0,2,2,0,0,edgeCount
826,25,48,0.15,2,9,random,-1,2,2,2,0,0,2,0,2,2,0,0,edgeCount
825,25,50,0.15,1,0,random,-1,2,2,2,0,0,2,0,2,2,0,0,edgeCount
824,25,49,0.15,4,26,random,-1,-1,-1,-1,0,0,-1,0,-1,-1,0,0,edgeCount
823,25,46,0.15,3,18,random,-1,3,3,2,1,0,2,0,3,2,1,0,edgeCount
822,25,52,0.15,3,18,random,-1,3,3,3,0,10,3,0,3,3,0,6,edgeCount
821,25,47,0.15,5,35,random,-1,-1,-1,-1,0,10,-1,0,-1,-1,0,6,edgeCount
820,25,49,0.15,3,18,random,-1,-1,-1,4,-5,4,-1,-5,5,5,1,4,edgeCount
819,25,42,0.15,2,9,random,-1,3,3,3,0,0,3,0,3,3,0,0,edgeCount
818,25,39,0.15,4,26,random,-1,-1,-1,-1,0,0,-1,0,-1,-1,0,0,edgeCount
817,25,38,0.15,2,9,random,-1,5,5,5,0,0,5,0,5,5,0,0,edgeCount
816,25,35,0.15,1,0,random,-1,5,5,5,0,2,5,0,5,5,0,2,edgeCount
815,25,49,0.15,4,26,random,-1,-1,-1,-1,0,6,-1,0,-1,-1,0,4,edgeCount
814,25,44,0.15,4,26,random,-1,4,10,4,0,4,-1,-5,-1,-1,-5,4,edgeCount
813,25,40,0.15,2,9,random,-1,4,4,4,0,10,4,0,4,4,0,8,edgeCount
812,25,32,0.15,1,0,random,-1,3,3,3,0,0,3,0,3,3,0,0,edgeCount
811,25,53,0.15,4,26,random,-1,3,3,3,0,0,3,0,3,3,0,0,edgeCount
810,25,48,0.15,1,0,random,-1,4,4,4,0,0,4,0,4,4,0,0,edgeCount
809,25,41,0.15,3,18,random,-1,-1,-1,-1,0,0,-1,0,-1,-1,0,0,edgeCount
808,25,61,0.15,3,18,random,-1,3,3,2,1,0,2,0,2,2,0,0,edgeCount
807,25,46,0.15,1,0,random,-1,4,4,4,0,0,4,0,4,4,0,0,edgeCount
806,25,45,0.15,2,9,random,-1,7,5,5,2,0,9,4,9,9,4,0,edgeCount
805,25,48,0.15,1,0,random,-1,4,4,4,0,0,4,0,4,4,0,0,edgeCount
804,25,48,0.15,3,18,random,-1,-1,-1,4,-5,16,-1,-5,11,11,7,8,edgeCount
803,25,45,0.15,3,18,random,-1,-1,-1,4,-5,0,-1,-5,-1,-1,-5,0,edgeCount
802,25,39,0.15,2,9,random,-1,2,2,2,0,4,2,0,2,2,0,4,edgeCount
801,25,32,0.15,2,9,random,-1,8,8,4,4,2,4,0,4,8,0,2,edgeCount
800,25,54,0.15,3,18,random,-1,3,3,3,0,0,3,0,3,3,0,0,edgeCount
799,25,47,0.15,2,9,random,-1,4,4,4,0,2,4,0,4,4,0,2,edgeCount
798,25,60,0.15,4,26,random,-1,3,7,3,0,0,5,2,5,5,2,0,edgeCount
797,25,40,0.15,2,9,random,-1,5,5,5,0,6,5,0,5,5,0,4,edgeCount
796,25,52,0.15,2,9,random,-1,6,6,2,4,0,2,0,2,2,0,0,edgeCount
795,25,52,0.15,2,9,random,-1,3,3,2,1,0,2,0,2,2,0,0,edgeCount
794,25,43,0.15,3,18,random,-1,3,3,3,0,6,3,0,3,3,0,4,edgeCount
793,25,47,0.15,1,0,random,-1,4,4,4,0,0,4,0,4,4,0,0,edgeCount
792,25,40,0.15,3,18,random,-1,-1,-1,-1,0,0,-1,0,-1,-1,0,0,edgeCount
791,25,37,0.15,2,9,random,-1,8,8,6,2,2,-1,-7,-1,-1,-7,2,edgeCount
790,25,41,0.15,2,9,random,-1,3,5,3,0,0,3,0,3,3,0,0,edgeCount
789,25,46,0.15,2,9,random,-1,-1,-1,6,-7,0,-1,-7,-1,-1,-7,0,edgeCount
788,25,43,0.15,3,18,random,-1,5,7,3,2,6,3,0,3,3,0,4,edgeCount
787,25,50,0.15,2,9,random,-1,4,4,4,0,0,4,0,4,4,0,0,edgeCount
786,25,42,0.15,1,0,random,-1,4,4,4,0,0,4,0,4,4,0,0,edgeCount
785,25,59,0.15,2,9,random,-1,3,5,3,0,12,3,0,3,3,0,6,edgeCount
784,25,50,0.15,4,26,random,-1,4,4,4,0,0,4,0,4,4,0,0,edgeCount
783,25,40,0.15,3,18,random,-1,5,3,3,2,0,3,0,3,3,0,0,edgeCount
782,25,38,0.15,2,9,random,-1,4,6,4,0,0,4,0,4,4,0,0,edgeCount
781,25,43,0.15,3,18,random,-1,-1,-1,3,-4,0,-1,-4,-1,-1,-4,0,edgeCount
780,25,47,0.15,2,9,random,-1,3,5,3,0,0,3,0,3,3,0,0,edgeCount
779,25,46,0.15,3,18,random,-1,3,3,3,0,0,3,0,3,3,0,0,edgeCount
778,25,46,0.15,2,9,random,-1,4,4,2,2,0,2,0,2,2,0,0,edgeCount
777,25,46,0.15,2,9,random,-1,7,3,3,4,0,3,0,3,3,0,0,edgeCount
776,25,41,0.15,2,9,random,-1,2,2,2,0,0,2,0,2,2,0,0,edgeCount
775,25,49,0.15,5,35,random,-1,-1,-1,-1,0,0,-1,0,-1,-1,0,0,edgeCount
774,25,55,0.15,2,9,random,-1,3,5,3,0,0,5,2,5,5,2,0,edgeCount
773,25,45,0.15,2,9,random,-1,4,4,4,0,0,4,0,4,4,0,0,edgeCount
772,25,51,0.15,1,0,random,-1,3,3,3,0,0,3,0,3,3,0,0,edgeCount
771,25,52,0.15,5,35,random,-1,-1,-1,-1,0,4,-1,0,-1,-1,0,2,edgeCount
770,25,42,0.15,2,9,random,-1,4,4,2,2,0,2,0,2,2,0,0,edgeCount
769,25,44,0.15,3,18,random,-1,-1,-1,-1,0,0,-1,0,-1,-1,0,0,edgeCount
768,25,54,0.15,5,35,random,-1,9,5,3,6,6,-1,-4,-1,-1,-4,2,edgeCount
767,25,56,0.15,4,26,random,-1,11,5,3,8,0,-1,-4,-1,-1,-4,0,edgeCount
766,25,43,0.15,5,35,random,-1,-1,-1,-1,0,6,-1,0,-1,-1,0,6,edgeCount
765,25,47,0.15,2,9,random,-1,8,6,5,3,0,-1,-6,-1,-1,-6,0,edgeCount
764,25,60,0.15,2,9,random,-1,6,6,2,4,0,2,0,6,2,4,0,edgeCount
763,25,52,0.15,3,18,random,-1,3,6,3,0,8,3,0,3,3,0,4,edgeCount
762,25,42,0.15,3,18,random,-1,2,2,2,0,0,2,0,2,2,0,0,edgeCount
761,25,41,0.15,2,9,random,-1,3,5,3,0,4,3,0,3,5,0,2,edgeCount
760,25,52,0.15,3,18,random,-1,-1,-1,4,-5,0,-1,-5,-1,-1,-5,0,edgeCount
759,25,48,0.15,2,9,random,-1,4,4,4,0,8,4,0,4,4,0,4,edgeCount
758,25,56,0.15,5,35,random,-1,10,6,2,8,0,2,0,2,2,0,0,edgeCount
757,25,55,0.15,3,18,random,-1,-1,-1,4,-5,0,-1,-5,-1,-1,-5,0,edgeCount
756,25,39,0.15,2,9,random,-1,-1,-1,5,-6,0,-1,-6,-1,-1,-6,0,edgeCount
755,25,42,0.15,3,18,random,-1,5,3,3,2,0,3,0,3,3,0,0,edgeCount
754,25,47,0.15,2,9,random,-1,-1,-1,-1,0,12,-1,0,-1,-1,0,6,edgeCount
753,25,49,0.15,4,26,random,-1,8,2,2,6,6,2,0,2,2,0,4,edgeCount
752,25,42,0.15,3,18,random,-1,-1,-1,6,-7,0,-1,-7,-1,-1,-7,0,edgeCount
751,25,41,0.15,1,0,random,-1,4,4,4,0,0,4,0,4,4,0,0,edgeCount
750,25,47,0.15,3,18,random,-1,-1,-1,6,-7,0,-1,-7,-1,-1,-7,0,edgeCount
749,25,51,0.15,3,18,random,-1,-1,-1,3,-4,0,-1,-4,-1,-1,-4,0,edgeCount
748,25,38,0.15,3,18,random,-1,13,5,5,8,2,-1,-6,-1,-1,-6,2,edgeCount
747,25,48,0.15,4,26,random,-1,-1,-1,-1,0,0,-1,0,-1,-1,0,0,edgeCount
746,25,45,0.15,3,18,random,-1,3,5,3,0,2,3,0,3,3,0,2,edgeCount
745,25,59,0.15,4,26,random,-1,-1,-1,4,-5,0,-1,-5,-1,-1,-5,0,edgeCount
744,25,29,0.15,2,9,random,-1,3,3,2,1,0,2,0,3,2,1,0,edgeCount
743,25,50,0.15,2,9,random,-1,-1,-1,6,-7,4,-1,-7,-1,-1,-7,2,edgeCount
742,25,40,0.15,2,9,random,-1,5,3,3,2,6,3,0,3,3,0,4,edgeCount
741,25,49,0.15,3,18,random,-1,3,3,3,0,0,3,0,3,3,0,0,edgeCount
740,25,39,0.15,3,18,random,-1,4,4,2,2,4,2,0,4,2,2,2,edgeCount
739,25,45,0.15,4,26,random,-1,-1,-1,-1,0,0,-1,0,-1,-1,0,0,edgeCount
738,25,47,0.15,2,9,random,-1,3,3,3,0,0,3,0,3,3,0,0,edgeCount
737,25,54,0.15,4,26,random,-1,2,2,2,0,18,2,0,2,2,0,8,edgeCount
736,25,38,0.15,2,9,random,-1,-1,-1,-1,0,0,-1,0,-1,-1,0,0,edgeCount
735,25,49,0.15,2,9,random,-1,3,3,3,0,0,3,0,3,3,0,0,edgeCount
734,25,52,0.15,3,18,random,-1,5,8,4,1,4,4,0,4,4,0,2,edgeCount
733,25,48,0.15,6,44,random,-1,-1,-1,-1,0,4,-1,0,-1,-1,0,2,edgeCount
732,25,38,0.15,1,0,random,-1,2,2,2,0,6,2,0,2,2,0,6,edgeCount
731,25,37,0.15,3,18,random,-1,8,2,2,6,2,2,0,2,2,0,2,edgeCount
730,25,47,0.15,1,0,random,-1,5,5,5,0,0,5,0,5,5,0,0,edgeCount
729,25,37,0.15,1,0,random,-1,3,3,3,0,0,3,0,3,3,0,0,edgeCount
728,25,47,0.15,3,18,random,-1,-1,-1,7,-8,6,-1,-8,-1,-1,-8,4,edgeCount
727,25,38,0.15,2,9,random,-1,5,5,5,0,4,5,0,5,5,0,4,edgeCount
726,25,41,0.15,2,9,random,-1,6,6,2,4,0,2,0,2,2,0,0,edgeCount
725,25,49,0.15,3,18,random,-1,3,3,3,0,8,3,0,3,9,0,6,edgeCount
724,25,44,0.15,2,9,random,-1,4,4,3,1,0,5,2,5,5,2,0,edgeCount
723,25,42,0.15,3,18,random,-1,5,3,3,2,4,3,0,3,3,0,2,edgeCount
722,25,48,0.15,2,9,random,-1,5,5,5,0,0,5,0,5,5,0,0,edgeCount
721,25,46,0.15,1,0,random,-1,5,5,5,0,0,5,0,5,5,0,0,edgeCount
720,25,45,0.15,2,9,random,-1,4,8,4,0,8,6,2,6,6,2,4,edgeCount
719,25,42,0.15,3,18,random,-1,-1,-1,-1,0,4,-1,0,-1,-1,0,2,edgeCount
718,25,49,0.15,1,0,random,-1,2,2,2,0,4,2,0,2,2,0,4,edgeCount
717,25,48,0.15,3,18,random,-1,-1,-1,-1,0,4,-1,0,-1,-1,0,2,edgeCount
716,25,35,0.15,1,0,random,-1,4,4,4,0,0,4,0,4,4,0,0,edgeCount
715,25,55,0.15,2,9,random,-1,3,5,3,0,0,3,0,3,3,0,0,edgeCount
714,25,58,0.15,1,0,random,-1,4,4,4,0,0,4,0,4,4,0,0,edgeCount
713,25,43,0.15,2,9,random,-1,6,6,4,2,4,-1,-5,6,6,2,2,edgeCount
712,25,54,0.15,4,26,random,-1,-1,-1,5,-6,8,-1,-6,-1,-1,-6,4,edgeCount
711,25,53,0.15,5,35,random,-1,-1,-1,-1,0,0,-1,0,-1,-1,0,0,edgeCount
710,25,45,0.15,3,18,random,-1,5,3,3,2,0,3,0,3,3,0,0,edgeCount
709,25,52,0.15,4,26,random,-1,7,3,3,4,8,3,0,3,3,0,4,edgeCount
708,25,37,0.15,1,0,random,-1,4,4,4,0,0,4,0,4,4,0,0,edgeCount
707,25,40,0.15,3,18,random,-1,4,4,4,0,0,4,0,4,4,0,0,edgeCount
706,25,47,0.15,1,0,random,-1,2,2,2,0,4,2,0,2,2,0,4,edgeCount
705,25,39,0.15,3,18,random,-1,-1,-1,5,-6,0,-1,-6,-1,-1,-6,0,edgeCount
704,25,52,0.15,5,35,random,-1,-1,-1,-1,0,0,-1,0,-1,-1,0,0,edgeCount
703,25,44,0.15,1,0,random,-1,4,4,4,0,6,4,0,4,4,0,6,edgeCount
702,25,49,0.15,4,26,random,-1,9,4,3,6,0,-1,-4,-1,-1,-4,0,edgeCount
701,25,36,0.15,2,9,random,-1,-1,-1,-1,0,2,-1,0,-1,-1,0,2,edgeCount
700,25,48,0.15,3,18,random,-1,3,7,3,0,2,7,4,5,3,2,2,edgeCount
699,25,44,0.15,3,18,random,-1,-1,-1,4,-5,0,-1,-5,-1,-1,-5,0,edgeCount
698,25,41,0.15,3,18,random,-1,3,7,3,0,0,3,0,3,3,0,0,edgeCount
697,25,52,0.15,4,26,random,-1,4,8,4,0,0,-1,-5,-1,-1,-5,0,edgeCount
696,25,42,0.15,5,35,random,-1,-1,-1,-1,0,0,-1,0,-1,-1,0,0,edgeCount
695,25,42,0.15,4,26,random,-1,2,2,2,0,2,2,0,6,2,4,2,edgeCount
694,25,39,0.15,3,18,random,-1,4,4,4,0,0,6,2,6,6,2,0,edgeCount
693,25,52,0.15,4,26,random,-1,-1,-1,4,-5,0,-1,-5,-1,-1,-5,0,edgeCount
692,25,45,0.15,1,0,random,-1,4,4,4,0,0,4,0,4,4,0,0,edgeCount
691,25,43,0.15,1,0,random,-1,2,2,2,0,10,2,0,2,2,0,10,edgeCount
690,25,59,0.15,4,26,random,-1,2,7,2,0,0,4,2,4,4,2,0,edgeCount
689,25,42,0.15,1,0,random,-1,3,4,3,0,8,3,0,3,4,0,8,edgeCount
688,25,47,0.15,2,9,random,-1,2,2,2,0,0,2,0,2,2,0,0,edgeCount
687,25,38,0.15,2,9,random,-1,2,2,2,0,0,2,0,2,2,0,0,edgeCount
686,25,44,0.15,5,35,random,-1,-1,-1,-1,0,6,-1,0,-1,-1,0,2,edgeCount
685,25,50,0.15,3,18,random,-1,5,5,5,0,4,-1,-6,-1,-1,-6,2,edgeCount
684,25,53,0.15,4,26,random,-1,-1,-1,6,-7,0,-1,-7,-1,-1,-7,0,edgeCount
683,25,38,0.15,1,0,random,-1,3,3,3,0,0,3,0,3,3,0,0,edgeCount
682,25,49,0.15,3,18,random,-1,4,4,3,1,0,4,1,4,4,1,0,edgeCount
681,25,42,0.15,2,9,random,-1,3,3,3,0,0,3,0,3,3,0,0,edgeCount
680,25,42,0.15,3,18,random,-1,-1,-1,-1,0,2,-1,0,-1,-1,0,2,edgeCount
679,25,43,0.15,2,9,random,-1,4,4,2,2,2,2,0,2,2,0,2,edgeCount
678,25,58,0.15,3,18,random,-1,2,2,2,0,0,2,0,2,2,0,0,edgeCount
677,25,60,0.15,4,26,random,-1,4,2,2,2,0,2,0,3,2,1,0,edgeCount
676,25,43,0.15,4,26,random,-1,5,3,3,2,2,-1,-4,-1,-1,-4,2,edgeCount
675,25,55,0.15,4,26,random,-1,9,3,3,6,2,5,2,5,5,2,2,edgeCount
674,25,39,0.15,1,0,random,-1,4,4,4,0,0,4,0,4,4,0,0,edgeCount
673,25,37,0.15,1,0,random,-1,5,5,5,0,0,5,0,5,5,0,0,edgeCount
672,25,42,0.15,3,18,random,-1,-1,-1,4,-5,0,-1,-5,-1,-1,-5,0,edgeCount
671,25,47,0.15,1,0,random,-1,4,4,4,0,4,4,0,4,4,0,4,edgeCount
670,25,40,0.15,1,0,random,-1,3,5,3,0,2,3,0,3,5,0,2,edgeCount
669,25,44,0.15,2,9,random,-1,5,3,3,2,0,3,0,3,3,0,0,edgeCount
668,25,56,0.15,3,18,random,-1,2,2,2,0,0,2,0,2,2,0,0,edgeCount
667,25,40,0.15,2,9,random,-1,14,10,6,8,6,-1,-7,8,6,2,4,edgeCount
666,25,43,0.15,3,18,random,-1,-1,-1,-1,0,4,-1,0,-1,-1,0,4,edgeCount
665,25,50,0.15,2,9,random,-1,4,4,4,0,0,-1,-5,-1,-1,-5,0,edgeCount
664,25,47,0.15,4,26,random,-1,8,4,2,6,0,2,0,8,2,6,0,edgeCount
663,25,46,0.15,3,18,random,-1,3,3,3,0,4,3,0,3,7,0,2,edgeCount
662,25,30,0.15,2,9,random,-1,-1,-1,7,-8,0,-1,-8,-1,-1,-8,0,edgeCount
661,25,51,0.15,2,9,random,-1,6,6,4,2,0,6,2,6,6,2,0,edgeCount
660,25,43,0.15,1,0,random,-1,3,3,3,0,0,3,0,3,3,0,0,edgeCount
659,25,41,0.15,3,18,random,-1,-1,-1,-1,0,0,-1,0,-1,-1,0,0,edgeCount
658,25,46,0.15,3,18,random,-1,3,3,3,0,10,5,2,5,5,2,8,edgeCount
657,25,46,0.15,5,35,random,-1,-1,-1,5,-6,0,-1,-6,-1,-1,-6,0,edgeCount
656,25,39,0.15,1,0,random,-1,4,4,4,0,2,4,0,4,4,0,2,edgeCount
655,25,41,0.15,2,9,random,-1,-1,-1,3,-4,0,-1,-4,-1,-1,-4,0,edgeCount
654,25,55,0.15,2,9,random,-1,-1,-1,5,-6,0,-1,-6,-1,-1,-6,0,edgeCount
653,25,50,0.15,3,18,random,-1,-1,-1,4,-5,0,-1,-5,-1,-1,-5,0,edgeCount
652,25,42,0.15,3,18,random,-1,-1,-1,7,-8,0,-1,-8,-1,-1,-8,0,edgeCount
651,25,51,0.15,3,18,random,-1,4,5,4,0,0,6,2,6,6,2,0,edgeCount
650,25,37,0.15,3,18,random,-1,-1,-1,-1,0,0,-1,0,-1,-1,0,0,edgeCount
649,25,52,0.15,4,26,random,-1,-1,-1,7,-8,2,-1,-8,-1,-1,-8,2,edgeCount
648,25,36,0.15,1,0,random,-1,3,7,3,0,4,3,0,3,7,0,4,edgeCount
647,25,53,0.15,4,26,random,-1,7,3,3,4,4,3,0,5,5,2,2,edgeCount
646,25,51,0.15,4,26,random,-1,-1,-1,-1,0,0,-1,0,-1,-1,0,0,edgeCount
645,25,43,0.15,3,18,random,-1,4,8,4,0,0,6,2,6,6,2,0,edgeCount
644,25,48,0.15,5,35,random,-1,-1,-1,-1,0,0,-1,0,-1,-1,0,0,edgeCount
643,25,35,0.15,2,9,random,-1,9,3,3,6,2,3,0,3,3,0,2,edgeCount
642,25,47,0.15,1,0,random,-1,5,5,5,0,0,5,0,5,5,0,0,edgeCount
641,25,52,0.15,5,35,random,-1,4,2,2,2,8,2,0,2,2,0,4,edgeCount
640,25,52,0.15,5,35,random,-1,-1,-1,-1,0,8,-1,0,-1,-1,0,4,edgeCount
639,25,46,0.15,2,9,random,-1,6,6,3,3,0,6,3,6,6,3,0,edgeCount
638,25,52,0.15,3,18,random,-1,7,5,5,2,6,-1,-6,-1,-1,-6,4,edgeCount
637,25,46,0.15,4,26,random,-1,4,2,2,2,6,2,0,2,2,0,4,edgeCount
636,25,51,0.15,1,0,random,-1,5,5,5,0,0,5,0,5,5,0,0,edgeCount
635,25,47,0.15,3,18,random,-1,5,2,2,3,4,2,0,2,2,0,2,edgeCount
634,25,38,0.15,2,9,random,-1,4,4,2,2,8,2,0,2,2,0,6,edgeCount
633,25,42,0.15,1,0,random,-1,5,5,5,0,0,5,0,5,5,0,0,edgeCount
632,25,48,0.15,4,26,random,-1,-1,-1,-1,0,0,-1,0,-1,-1,0,0,edgeCount
631,25,46,0.15,5,35,random,-1,-1,-1,-1,0,0,-1,0,-1,-1,0,0,edgeCount
630,25,40,0.15,3,18,random,-1,-1,-1,7,-8,2,-1,-8,-1,-1,-8,2,edgeCount
629,25,37,0.15,2,9,random,-1,6,6,2,4,0,2,0,2,2,0,0,edgeCount
628,25,44,0.15,3,18,random,-1,3,3,3,0,12,3,0,3,3,0,6,edgeCount
627,25,49,0.15,3,18,random,-1,4,6,4,0,0,6,2,6,6,2,0,edgeCount
626,25,59,0.15,5,35,random,-1,-1,-1,-1,0,4,-1,0,-1,-1,0,2,edgeCount
625,25,47,0.15,3,18,random,-1,3,7,3,0,0,7,4,7,7,4,0,edgeCount
624,25,34,0.15,2,9,random,-1,-1,-1,4,-5,0,-1,-5,-1,-1,-5,0,edgeCount
623,25,47,0.15,3,18,random,-1,7,3,2,5,8,2,0,3,2,1,4,edgeCount
622,25,44,0.15,4,26,random,-1,-1,-1,-1,0,2,-1,0,-1,-1,0,2,edgeCount
621,25,47,0.15,3,18,random,-1,5,7,3,2,2,3,0,3,3,0,2,edgeCount
620,25,43,0.15,5,35,random,-1,-1,-1,-1,0,0,-1,0,-1,-1,0,0,edgeCount
619,25,49,0.15,1,0,random,-1,4,4,4,0,0,4,0,4,4,0,0,edgeCount
618,25,55,0.15,6,44,random,-1,-1,-1,-1,0,4,-1,0,-1,-1,0,2,edgeCount
617,25,45,0.15,3,18,random,-1,4,4,2,2,2,2,0,2,2,0,2,edgeCount
616,25,42,0.15,1,0,random,-1,2,2,2,0,10,2,0,2,2,0,10,edgeCount
615,25,40,0.15,3,18,random,-1,-1,-1,5,-6,0,-1,-6,-1,-1,-6,0,edgeCount
614,25,43,0.15,1,0,random,-1,4,4,4,0,8,4,0,4,4,0,8,edgeCount
613,25,50,0.15,2,9,random,-1,2,2,2,0,2,2,0,2,2,0,2,edgeCount
612,25,47,0.15,2,9,random,-1,3,7,3,0,0,3,0,3,3,0,0,edgeCount
611,25,45,0.15,5,35,random,-1,-1,-1,-1,0,0,-1,0,-1,-1,0,0,edgeCount
610,25,40,0.15,2,9,random,-1,-1,-1,-1,0,0,-1,0,-1,-1,0,0,edgeCount
609,25,38,0.15,4,26,random,-1,-1,-1,-1,0,2,-1,0,-1,-1,0,2,edgeCount
608,25,45,0.15,1,0,random,-1,2,2,2,0,0,2,0,2,2,0,0,edgeCount
607,25,46,0.15,3,18,random,-1,10,12,4,6,0,8,4,8,8,4,0,edgeCount
606,25,47,0.15,3,18,random,-1,3,5,3,0,0,3,0,3,3,0,0,edgeCount
605,25,56,0.15,3,18,random,-1,2,2,2,0,20,2,0,2,2,0,10,edgeCount
604,25,46,0.15,3,18,random,-1,3,3,2,1,0,2,0,2,2,0,0,edgeCount
603,25,44,0.15,2,9,random,-1,-1,-1,5,-6,2,-1,-6,6,6,1,2,edgeCount
602,25,57,0.15,5,35,random,-1,-1,-1,-1,0,4,-1,0,-1,-1,0,2,edgeCount
601,25,44,0.15,3,18,random,-1,-1,-1,9,-10,2,-1,-10,-1,-1,-10,2,edgeCount
600,25,51,0.15,2,9,random,-1,3,5,3,0,0,3,0,3,3,0,0,edgeCount
599,25,55,0.15,1,0,random,-1,3,3,3,0,0,3,0,3,3,0,0,edgeCount
598,25,38,0.15,2,9,random,-1,3,3,3,0,10,3,0,3,3,0,6,edgeCount
597,25,38,0.15,2,9,random,-1,5,5,4,1,0,4,0,10,10,6,0,edgeCount
596,25,49,0.15,2,9,random,-1,4,4,4,0,0,6,2,6,6,2,0,edgeCount
595,25,54,0.15,2,9,random,-1,12,12,5,7,8,-1,-6,9,9,4,4,edgeCount
594,25,66,0.15,2,9,random,-1,4,4,3,1,0,4,1,4,4,1,0,edgeCount
593,25,46,0.15,1,0,random,-1,3,5,3,0,8,3,0,3,5,0,8,edgeCount
592,25,40,0.15,2,9,random,-1,6,6,4,2,0,6,2,6,6,2,0,edgeCount
591,25,52,0.15,4,26,random,-1,-1,-1,4,-5,2,-1,-5,-1,-1,-5,2,edgeCount
590,25,48,0.15,2,9,random,-1,3,3,2,1,0,2,0,3,2,1,0,edgeCount
589,25,50,0.15,5,35,random,-1,-1,-1,-1,0,0,-1,0,-1,-1,0,0,edgeCount
588,25,43,0.15,2,9,random,-1,2,3,2,0,12,2,0,2,2,0,6,edgeCount
587,25,40,0.15,1,0,random,-1,5,5,5,0,2,5,0,5,5,0,2,edgeCount
586,25,46,0.15,3,18,random,-1,-1,-1,4,-5,4,-1,-5,8,8,4,4,edgeCount
585,25,47,0.15,2,9,random,-1,-1,-1,3,-4,0,-1,-4,-1,-1,-4,0,edgeCount
584,25,51,0.15,5,35,random,-1,-1,-1,-1,0,0,-1,0,-1,-1,0,0,edgeCount
583,25,53,0.15,4,26,random,-1,-1,-1,4,-5,0,-1,-5,-1,-1,-5,0,edgeCount
582,25,43,0.15,1,0,random,-1,5,5,5,0,0,5,0,5,5,0,0,edgeCount
581,25,42,0.15,4,26,random,-1,-1,-1,3,-4,0,-1,-4,-1,-1,-4,0,edgeCount
580,25,49,0.15,1,0,random,-1,2,2,2,0,0,2,0,2,2,0,0,edgeCount
579,25,46,0.15,2,9,random,-1,2,2,2,0,16,2,0,2,2,0,8,edgeCount
578,25,50,0.15,2,9,random,-1,-1,-1,4,-5,6,-1,-5,-1,-1,-5,4,edgeCount
577,25,52,0.15,3,18,random,-1,9,9,5,4,12,-1,-6,-1,-1,-6,6,edgeCount
576,25,45,0.15,3,18,random,-1,5,5,3,2,2,3,0,5,5,2,2,edgeCount
575,25,45,0.15,1,0,random,-1,4,4,4,0,0,4,0,4,4,0,0,edgeCount
574,25,53,0.15,1,0,random,-1,3,3,3,0,0,3,0,3,3,0,0,edgeCount
573,25,42,0.15,1,0,random,-1,6,6,6,0,6,6,0,6,6,0,6,edgeCount
572,25,42,0.15,3,18,random,-1,7,3,3,4,0,3,0,3,3,0,0,edgeCount
571,25,51,0.15,6,44,random,-1,-1,-1,-1,0,0,-1,0,-1,-1,0,0,edgeCount
570,25,37,0.15,2,9,random,-1,-1,-1,7,-8,0,-1,-8,-1,-1,-8,0,edgeCount
569,25,45,0.15,2,9,random,-1,5,5,5,0,0,7,2,7,7,2,0,edgeCount
568,25,48,0.15,1,0,random,-1,4,4,4,0,2,4,0,4,4,0,2,edgeCount
567,25,46,0.15,2,9,random,-1,2,2,2,0,0,2,0,2,2,0,0,edgeCount
566,25,35,0.15,2,9,random,-1,3,3,3,0,0,3,0,3,3,0,0,edgeCount
565,25,46,0.15,2,9,random,-1,2,2,2,0,0,2,0,2,2,0,0,edgeCount
564,25,50,0.15,5,35,random,-1,-1,-1,-1,0,0,-1,0,-1,-1,0,0,edgeCount
563,25,41,0.15,2,9,random,-1,10,10,5,5,0,-1,-6,-1,-1,-6,0,edgeCount
562,25,46,0.15,1,0,random,-1,2,2,2,0,0,2,0,2,2,0,0,edgeCount
561,25,40,0.15,3,18,random,-1,-1,-1,-1,0,0,-1,0,-1,-1,0,0,edgeCount
560,25,39,0.15,3,18,random,-1,-1,-1,-1,0,2,-1,0,-1,-1,0,2,edgeCount
559,25,37,0.15,2,9,random,-1,-1,-1,-1,0,0,-1,0,-1,-1,0,0,edgeCount
558,25,49,0.15,3,18,random,-1,3,5,3,0,0,5,2,5,5,2,0,edgeCount
557,25,44,0.15,1,0,random,-1,3,3,3,0,0,3,0,3,3,0,0,edgeCount
556,25,54,0.15,3,18,random,-1,4,8,4,0,0,8,4,8,8,4,0,edgeCount
555,25,36,0.15,1,0,random,-1,4,4,4,0,0,4,0,4,4,0,0,edgeCount
554,25,58,0.15,7,53,random,-1,-1,-1,-1,0,0,-1,0,-1,-1,0,0,edgeCount
553,25,38,0.15,1,0,random,-1,4,4,4,0,0,4,0,4,4,0,0,edgeCount
552,25,46,0.15,2,9,random,-1,4,4,4,0,0,4,0,4,4,0,0,edgeCount
551,25,46,0.15,3,18,random,-1,-1,-1,-1,0,6,-1,0,-1,-1,0,4,edgeCount
550,25,42,0.15,3,18,random,-1,4,4,2,2,0,2,0,2,2,0,0,edgeCount
549,25,44,0.15,3,18,random,-1,9,5,5,4,14,-1,-6,-1,-1,-6,8,edgeCount
548,25,39,0.15,4,26,random,-1,-1,-1,-1,0,2,-1,0,-1,-1,0,2,edgeCount
547,25,43,0.15,2,9,random,-1,-1,-1,-1,0,8,-1,0,-1,-1,0,8,edgeCount
546,25,51,0.15,2,9,random,-1,6,6,2,4,0,2,0,2,2,0,0,edgeCount
545,25,58,0.15,5,35,random,-1,16,4,4,12,6,-1,-5,-1,-1,-5,2,edgeCount
