rep,nrNodes,nrEdges,edgeProb,nrPaths,nrFails,failureModel,failurePercent,hopsRanked,hopsUnranked,spLength,stretch_mult,nodeAdditions,hopsPath,stretch_path,hopsRankedOne,hopsUnrankedOne,stretch_one,overallNodeAdditionsOne,treeChoice
200,100,200,4,4,,clustered,0.7;-0.3,-1,-1,7,-8,0,-1,-8,-1,-1,-8,0,edgeCount
199,100,200,4,4,,clustered,0.7;-0.3,5,12,5,0,0,17,12,17,17,12,0,edgeCount
198,100,200,4,4,,clustered,0.7;-0.3,30,12,6,24,0,10,4,10,10,4,0,edgeCount
197,100,200,4,4,,clustered,0.7;-0.3,-1,-1,-1,0,0,-1,0,-1,-1,0,0,edgeCount
196,100,200,4,4,,clustered,0.7;-0.3,-1,-1,-1,0,0,-1,0,-1,-1,0,0,edgeCount
195,100,200,4,4,,clustered,0.7;-0.3,-1,-1,7,-8,0,-1,-8,-1,-1,-8,0,edgeCount
194,100,200,4,4,,clustered,0.7;-0.3,15,57,5,10,0,13,8,13,13,8,0,edgeCount
193,100,200,4,4,,clustered,0.7;-0.3,5,20,5,0,0,11,6,11,11,6,0,edgeCount
192,100,200,4,4,,clustered,0.7;-0.3,-1,-1,6,-7,0,-1,-7,-1,-1,-7,0,edgeCount
191,100,200,4,4,,clustered,0.7;-0.3,30,26,6,24,0,-1,-7,-1,-1,-7,0,edgeCount
190,100,200,4,4,,clustered,0.7;-0.3,-1,-1,-1,0,0,-1,0,-1,-1,0,0,edgeCount
189,100,200,4,4,,clustered,0.7;-0.3,23,5,5,18,0,5,0,5,5,0,0,edgeCount
188,100,200,4,4,,clustered,0.7;-0.3,6,72,6,0,0,18,12,18,18,12,0,edgeCount
187,100,200,4,4,,clustered,0.7;-0.3,-1,-1,-1,0,0,-1,0,-1,-1,0,0,edgeCount
186,100,200,4,4,,clustered,0.7;-0.3,17,11,3,14,0,3,0,3,3,0,0,edgeCount
185,100,200,4,4,,clustered,0.7;-0.3,37,11,5,32,0,-1,-6,-1,-1,-6,0,edgeCount
184,100,200,4,4,,clustered,0.7;-0.3,26,6,6,20,0,-1,-7,-1,-1,-7,0,edgeCount
183,100,200,4,4,,clustered,0.7;-0.3,-1,-1,-1,0,0,-1,0,-1,-1,0,0,edgeCount
182,100,200,4,4,,clustered,0.7;-0.3,42,20,5,37,0,7,2,7,7,2,0,edgeCount
181,100,200,4,4,,clustered,0.7;-0.3,18,43,5,13,0,30,25,30,30,25,0,edgeCount
180,100,200,4,4,,clustered,0.7;-0.3,33,13,6,27,0,-1,-7,-1,-1,-7,0,edgeCount
179,100,200,4,4,,clustered,0.7;-0.3,6,9,6,0,0,24,18,16,16,10,0,edgeCount
178,100,200,4,4,,clustered,0.7;-0.3,17,13,5,12,0,-1,-6,-1,-1,-6,0,edgeCount
177,100,200,4,4,,clustered,0.7;-0.3,43,13,5,38,0,-1,-6,-1,-1,-6,0,edgeCount
176,100,200,4,4,,clustered,0.7;-0.3,-1,-1,-1,0,0,-1,0,-1,-1,0,0,edgeCount
175,100,200,4,4,,clustered,0.7;-0.3,15,11,5,10,0,27,22,27,27,22,0,edgeCount
174,100,200,4,4,,clustered,0.7;-0.3,40,16,6,34,0,-1,-7,-1,-1,-7,0,edgeCount
173,100,200,4,4,,clustered,0.7;-0.3,5,43,5,0,0,15,10,15,15,10,0,edgeCount
172,100,200,4,4,,clustered,0.7;-0.3,90,60,7,83,0,-1,-8,-1,-1,-8,0,edgeCount
171,100,200,4,4,,clustered,0.7;-0.3,17,7,6,11,0,14,8,14,14,8,0,edgeCount
170,100,200,4,4,,clustered,0.7;-0.3,4,19,4,0,0,12,8,4,4,0,0,edgeCount
169,100,200,4,4,,clustered,0.7;-0.3,46,4,4,42,0,4,0,4,4,0,0,edgeCount
168,100,200,4,4,,clustered,0.7;-0.3,-1,-1,-1,0,0,-1,0,-1,-1,0,0,edgeCount
167,100,200,4,4,,clustered,0.7;-0.3,16,50,6,10,0,24,18,24,24,18,0,edgeCount
166,100,200,4,4,,clustered,0.7;-0.3,6,14,5,1,0,9,4,9,9,4,0,edgeCount
165,100,200,4,4,,clustered,0.7;-0.3,15,15,7,8,0,15,8,15,15,8,0,edgeCount
164,100,200,4,4,,clustered,0.7;-0.3,-1,-1,-1,0,0,-1,0,-1,-1,0,0,edgeCount
163,100,200,4,4,,clustered,0.7;-0.3,37,25,5,32,0,5,0,11,11,6,0,edgeCount
162,100,200,4,4,,clustered,0.7;-0.3,14,54,6,8,0,24,18,24,24,18,0,edgeCount
161,100,200,4,4,,clustered,0.7;-0.3,-1,-1,-1,0,0,-1,0,-1,-1,0,0,edgeCount
160,100,200,4,4,,clustered,0.7;-0.3,-1,-1,6,-7,0,-1,-7,-1,-1,-7,0,edgeCount
159,100,200,4,4,,clustered,0.7;-0.3,-1,-1,6,-7,0,-1,-7,-1,-1,-7,0,edgeCount
158,100,200,4,4,,clustered,0.7;-0.3,7,12,7,0,0,25,18,25,25,18,0,edgeCount
157,100,200,4,4,,clustered,0.7;-0.3,53,15,6,47,0,-1,-7,-1,-1,-7,0,edgeCount
156,100,200,4,4,,clustered,0.7;-0.3,27,25,5,22,0,5,0,5,5,0,0,edgeCount
155,100,200,4,4,,clustered,0.7;-0.3,-1,-1,7,-8,0,-1,-8,-1,-1,-8,0,edgeCount
154,100,200,4,4,,clustered,0.7;-0.3,-1,-1,-1,0,0,-1,0,-1,-1,0,0,edgeCount
153,100,200,4,4,,clustered,0.7;-0.3,42,14,7,35,0,-1,-8,-1,-1,-8,0,edgeCount
152,100,200,4,4,,clustered,0.7;-0.3,7,21,5,2,0,19,14,19,19,14,0,edgeCount
151,100,200,4,4,,clustered,0.7;-0.3,40,8,7,33,0,-1,-8,-1,-1,-8,0,edgeCount
150,100,200,4,4,,clustered,0.7;-0.3,31,31,7,24,0,-1,-8,-1,-1,-8,0,edgeCount
149,100,200,4,4,,clustered,0.7;-0.3,55,35,7,48,0,-1,-8,-1,-1,-8,0,edgeCount
148,100,200,4,4,,clustered,0.7;-0.3,14,8,6,8,0,14,8,14,14,8,0,edgeCount
147,100,200,4,4,,clustered,0.7;-0.3,24,20,4,20,0,4,0,4,4,0,0,edgeCount
146,100,200,4,4,,clustered,0.7;-0.3,34,4,4,30,0,4,0,4,4,0,0,edgeCount
145,100,200,4,4,,clustered,0.7;-0.3,6,70,6,0,0,18,12,18,18,12,0,edgeCount
144,100,200,4,4,,clustered,0.7;-0.3,6,10,3,3,0,10,7,10,10,7,0,edgeCount
143,100,200,4,4,,clustered,0.7;-0.3,20,4,4,16,0,4,0,4,4,0,0,edgeCount
142,100,200,4,4,,clustered,0.7;-0.3,36,20,7,29,0,-1,-8,-1,-1,-8,0,edgeCount
141,100,200,4,4,,clustered,0.7;-0.3,15,8,5,10,0,27,22,27,27,22,0,edgeCount
140,100,200,4,4,,clustered,0.7;-0.3,33,25,6,27,0,-1,-7,-1,-1,-7,0,edgeCount
139,100,200,4,4,,clustered,0.7;-0.3,6,28,6,0,0,12,6,12,12,6,0,edgeCount
138,100,200,4,4,,clustered,0.7;-0.3,49,29,6,43,0,-1,-7,-1,-1,-7,0,edgeCount
137,100,200,4,4,,clustered,0.7;-0.3,-1,-1,-1,0,0,-1,0,-1,-1,0,0,edgeCount
136,100,200,4,4,,clustered,0.7;-0.3,-1,-1,5,-6,0,-1,-6,-1,-1,-6,0,edgeCount
135,100,200,4,4,,clustered,0.7;-0.3,6,44,6,0,0,16,10,16,16,10,0,edgeCount
134,100,200,4,4,,clustered,0.7;-0.3,-1,-1,-1,0,0,-1,0,-1,-1,0,0,edgeCount
133,100,200,4,4,,clustered,0.7;-0.3,15,89,7,8,0,27,20,27,27,20,0,edgeCount
132,100,200,4,4,,clustered,0.7;-0.3,6,68,6,0,0,14,8,14,14,8,0,edgeCount
131,100,200,4,4,,clustered,0.7;-0.3,30,20,6,24,0,-1,-7,-1,-1,-7,0,edgeCount
130,100,200,4,4,,clustered,0.7;-0.3,-1,-1,-1,0,0,-1,0,-1,-1,0,0,edgeCount
129,100,200,4,4,,clustered,0.7;-0.3,-1,-1,-1,0,0,-1,0,-1,-1,0,0,edgeCount
128,100,200,4,4,,clustered,0.7;-0.3,8,14,7,1,0,24,17,24,24,17,0,edgeCount
127,100,200,4,4,,clustered,0.7;-0.3,19,33,5,14,0,9,4,15,15,10,0,edgeCount
126,100,200,4,4,,clustered,0.7;-0.3,-1,-1,6,-7,0,-1,-7,-1,-1,-7,0,edgeCount
125,100,200,4,4,,clustered,0.7;-0.3,52,8,7,45,0,-1,-8,-1,-1,-8,0,edgeCount
124,100,200,4,4,,clustered,0.7;-0.3,57,39,6,51,0,-1,-7,-1,-1,-7,0,edgeCount
123,100,200,4,4,,clustered,0.7;-0.3,54,44,6,48,0,-1,-7,-1,-1,-7,0,edgeCount
122,100,200,4,4,,clustered,0.7;-0.3,22,24,4,18,0,4,0,8,8,4,0,edgeCount
121,100,200,4,4,,clustered,0.7;-0.3,-1,-1,-1,0,0,-1,0,-1,-1,0,0,edgeCount
120,100,200,4,4,,clustered,0.7;-0.3,22,20,4,18,0,4,0,4,4,0,0,edgeCount
119,100,200,4,4,,clustered,0.7;-0.3,-1,-1,-1,0,0,-1,0,-1,-1,0,0,edgeCount
118,100,200,4,4,,clustered,0.7;-0.3,14,60,6,8,0,18,12,18,18,12,0,edgeCount
117,100,200,4,4,,clustered,0.7;-0.3,44,32,4,40,0,-1,-5,-1,-1,-5,0,edgeCount
116,100,200,4,4,,clustered,0.7;-0.3,-1,-1,-1,0,0,-1,0,-1,-1,0,0,edgeCount
115,100,200,4,4,,clustered,0.7;-0.3,-1,-1,-1,0,0,-1,0,-1,-1,0,0,edgeCount
114,100,200,4,4,,clustered,0.7;-0.3,-1,-1,-1,0,0,-1,0,-1,-1,0,0,edgeCount
113,100,200,4,4,,clustered,0.7;-0.3,53,42,5,48,0,-1,-6,-1,-1,-6,0,edgeCount
112,100,200,4,4,,clustered,0.7;-0.3,44,4,4,40,0,4,0,4,4,0,0,edgeCount
111,100,200,4,4,,clustered,0.7;-0.3,-1,-1,-1,0,0,-1,0,-1,-1,0,0,edgeCount
110,100,200,4,4,,clustered,0.7;-0.3,5,5,5,0,0,5,0,5,5,0,0,edgeCount
109,100,200,4,4,,clustered,0.7;-0.3,33,19,6,27,0,12,6,12,12,6,0,edgeCount
108,100,200,4,4,,clustered,0.7;-0.3,-1,-1,-1,0,0,-1,0,-1,-1,0,0,edgeCount
107,100,200,4,4,,clustered,0.7;-0.3,6,18,5,1,0,22,17,14,14,9,0,edgeCount
106,100,200,4,4,,clustered,0.7;-0.3,6,50,6,0,0,14,8,14,14,8,0,edgeCount
105,100,200,4,4,,clustered,0.7;-0.3,16,6,6,10,0,26,20,26,26,20,0,edgeCount
104,100,200,4,4,,clustered,0.7;-0.3,-1,-1,-1,0,0,-1,0,-1,-1,0,0,edgeCount
103,100,200,4,4,,clustered,0.7;-0.3,41,49,7,34,0,-1,-8,-1,-1,-8,0,edgeCount
102,100,200,4,4,,clustered,0.7;-0.3,23,47,5,18,0,11,6,11,11,6,0,edgeCount
101,100,200,4,4,,clustered,0.7;-0.3,32,16,5,27,0,13,8,13,13,8,0,edgeCount
100,100,200,4,4,,clustered,0.7;-0.3,5,6,5,0,0,9,4,9,9,4,0,edgeCount
99,100,200,4,4,,clustered,0.7;-0.3,14,28,6,8,0,28,22,28,28,22,0,edgeCount
98,100,200,4,4,,clustered,0.7;-0.3,5,24,5,0,0,13,8,13,13,8,0,edgeCount
97,100,200,4,4,,clustered,0.7;-0.3,5,73,5,0,0,15,10,7,7,2,0,edgeCount
96,100,200,4,4,,clustered,0.7;-0.3,11,7,6,5,0,25,19,25,25,19,0,edgeCount
95,100,200,4,4,,clustered,0.7;-0.3,40,4,4,36,0,10,6,10,10,6,0,edgeCount
94,100,200,4,4,,clustered,0.7;-0.3,-1,-1,5,-6,0,-1,-6,-1,-1,-6,0,edgeCount
93,100,200,4,4,,clustered,0.7;-0.3,31,19,5,26,0,-1,-6,-1,-1,-6,0,edgeCount
92,100,200,4,4,,clustered,0.7;-0.3,21,13,3,18,0,3,0,3,3,0,0,edgeCount
91,100,200,4,4,,clustered,0.7;-0.3,44,6,5,39,0,-1,-6,-1,-1,-6,0,edgeCount
90,100,200,4,4,,clustered,0.7;-0.3,13,37,3,10,0,-1,-4,-1,-1,-4,0,edgeCount
89,100,200,4,4,,clustered,0.7;-0.3,27,3,3,24,0,3,0,3,3,0,0,edgeCount
88,100,200,4,4,,clustered,0.7;-0.3,15,11,5,10,0,27,22,27,27,22,0,edgeCount
87,100,200,4,4,,clustered,0.7;-0.3,30,29,4,26,0,8,4,4,4,0,0,edgeCount
86,100,200,4,4,,clustered,0.7;-0.3,33,21,5,28,0,-1,-6,-1,-1,-6,0,edgeCount
85,100,200,4,4,,clustered,0.7;-0.3,-1,-1,6,-7,0,-1,-7,-1,-1,-7,0,edgeCount
84,100,200,4,4,,clustered,0.7;-0.3,16,10,6,10,0,26,20,26,26,20,0,edgeCount
83,100,200,4,4,,clustered,0.7;-0.3,83,55,6,77,0,-1,-7,-1,-1,-7,0,edgeCount
82,100,200,4,4,,clustered,0.7;-0.3,35,9,5,30,0,9,4,9,9,4,0,edgeCount
81,100,200,4,4,,clustered,0.7;-0.3,-1,-1,-1,0,0,-1,0,-1,-1,0,0,edgeCount
80,100,200,4,4,,clustered,0.7;-0.3,-1,-1,-1,0,0,-1,0,-1,-1,0,0,edgeCount
79,100,200,4,4,,clustered,0.7;-0.3,52,36,6,46,0,12,6,12,12,6,0,edgeCount
78,100,200,4,4,,clustered,0.7;-0.3,-1,-1,6,-7,0,-1,-7,-1,-1,-7,0,edgeCount
77,100,200,4,4,,clustered,0.7;-0.3,23,5,5,18,0,-1,-6,-1,-1,-6,0,edgeCount
76,100,200,4,4,,clustered,0.7;-0.3,16,48,2,14,0,2,0,6,2,4,0,edgeCount
75,100,200,4,4,,clustered,0.7;-0.3,-1,-1,-1,0,0,-1,0,-1,-1,0,0,edgeCount
74,100,200,4,4,,clustered,0.7;-0.3,49,71,5,44,0,11,6,11,11,6,0,edgeCount
73,100,200,4,4,,clustered,0.7;-0.3,6,8,6,0,0,18,12,18,18,12,0,edgeCount
72,100,200,4,4,,clustered,0.7;-0.3,20,29,4,16,0,4,0,8,8,4,0,edgeCount
71,100,200,4,4,,clustered,0.7;-0.3,11,21,7,4,0,23,16,23,23,16,0,edgeCount
70,100,200,4,4,,clustered,0.7;-0.3,6,88,6,0,0,16,10,16,16,10,0,edgeCount
69,100,200,4,4,,clustered,0.7;-0.3,5,28,5,0,0,15,10,15,15,10,0,edgeCount
68,100,200,4,4,,clustered,0.7;-0.3,5,25,3,2,0,3,0,3,3,0,0,edgeCount
67,100,200,4,4,,clustered,0.7;-0.3,-1,-1,-1,0,0,-1,0,-1,-1,0,0,edgeCount
66,100,200,4,4,,clustered,0.7;-0.3,-1,-1,6,-7,0,-1,-7,-1,-1,-7,0,edgeCount
65,100,200,4,4,,clustered,0.7;-0.3,-1,-1,-1,0,0,-1,0,-1,-1,0,0,edgeCount
64,100,200,4,4,,clustered,0.7;-0.3,20,4,4,16,0,4,0,4,4,0,0,edgeCount
63,100,200,4,4,,clustered,0.7;-0.3,23,63,5,18,0,5,0,5,5,0,0,edgeCount
62,100,200,4,4,,clustered,0.7;-0.3,47,27,5,42,0,11,6,11,11,6,0,edgeCount
61,100,200,4,4,,clustered,0.7;-0.3,7,10,7,0,0,19,12,19,19,12,0,edgeCount
60,100,200,4,4,,clustered,0.7;-0.3,13,17,5,8,0,-1,-6,-1,-1,-6,0,edgeCount
59,100,200,4,4,,clustered,0.7;-0.3,-1,-1,-1,0,0,-1,0,-1,-1,0,0,edgeCount
58,100,200,4,4,,clustered,0.7;-0.3,16,14,6,10,0,26,20,26,26,20,0,edgeCount
57,100,200,4,4,,clustered,0.7;-0.3,-1,-1,-1,0,0,-1,0,-1,-1,0,0,edgeCount
56,100,200,4,4,,clustered,0.7;-0.3,-1,-1,7,-8,0,-1,-8,-1,-1,-8,0,edgeCount
55,100,200,4,4,,clustered,0.7;-0.3,5,33,5,0,0,13,8,13,13,8,0,edgeCount
54,100,200,4,4,,clustered,0.7;-0.3,32,10,5,27,0,-1,-6,-1,-1,-6,0,edgeCount
53,100,200,4,4,,clustered,0.7;-0.3,-1,-1,-1,0,0,-1,0,-1,-1,0,0,edgeCount
52,100,200,4,4,,clustered,0.7;-0.3,54,54,6,48,0,12,6,12,12,6,0,edgeCount
51,100,200,4,4,,clustered,0.7;-0.3,46,10,5,41,0,-1,-6,-1,-1,-6,0,edgeCount
50,100,200,4,4,,clustered,0.7;-0.3,31,9,5,26,0,-1,-6,-1,-1,-6,0,edgeCount
49,100,200,4,4,,clustered,0.7;-0.3,33,19,6,27,0,-1,-7,-1,-1,-7,0,edgeCount
48,100,200,4,4,,clustered,0.7;-0.3,22,40,2,20,0,2,0,2,2,0,0,edgeCount
47,100,200,4,4,,clustered,0.7;-0.3,35,19,6,29,0,-1,-7,-1,-1,-7,0,edgeCount
46,100,200,4,4,,clustered,0.7;-0.3,40,30,2,38,0,2,0,2,2,0,0,edgeCount
45,100,200,4,4,,clustered,0.7;-0.3,14,12,6,8,0,26,20,26,26,20,0,edgeCount
44,100,200,4,4,,clustered,0.7;-0.3,5,12,5,0,0,15,10,15,15,10,0,edgeCount
43,100,200,4,4,,clustered,0.7;-0.3,14,30,4,10,0,6,2,10,10,6,0,edgeCount
42,100,200,4,4,,clustered,0.7;-0.3,6,42,6,0,0,18,12,18,18,12,0,edgeCount
41,100,200,4,4,,clustered,0.7;-0.3,-1,-1,-1,0,0,-1,0,-1,-1,0,0,edgeCount
40,100,200,4,4,,clustered,0.7;-0.3,39,21,7,32,0,-1,-8,-1,-1,-8,0,edgeCount
39,100,200,4,4,,clustered,0.7;-0.3,-1,-1,8,-9,0,-1,-9,-1,-1,-9,0,edgeCount
38,100,200,4,4,,clustered,0.7;-0.3,55,49,5,50,0,-1,-6,-1,-1,-6,0,edgeCount
37,100,200,4,4,,clustered,0.7;-0.3,6,62,6,0,0,22,16,22,22,16,0,edgeCount
36,100,200,4,4,,clustered,0.7;-0.3,5,8,4,1,0,8,4,8,8,4,0,edgeCount
35,100,200,4,4,,clustered,0.7;-0.3,20,18,4,16,0,4,0,4,4,0,0,edgeCount
34,100,200,4,4,,clustered,0.7;-0.3,42,26,4,38,0,6,2,6,6,2,0,edgeCount
33,100,200,4,4,,clustered,0.7;-0.3,40,46,5,35,0,-1,-6,-1,-1,-6,0,edgeCount
32,100,200,4,4,,clustered,0.7;-0.3,5,18,5,0,0,11,6,11,11,6,0,edgeCount
31,100,200,4,4,,clustered,0.7;-0.3,55,13,7,48,0,-1,-8,-1,-1,-8,0,edgeCount
30,100,200,4,4,,clustered,0.7;-0.3,-1,-1,-1,0,0,-1,0,-1,-1,0,0,edgeCount
29,100,200,4,4,,clustered,0.7;-0.3,39,7,5,34,0,-1,-6,-1,-1,-6,0,edgeCount
28,100,200,4,4,,clustered,0.7;-0.3,19,5,5,14,0,5,0,5,5,0,0,edgeCount
27,100,200,4,4,,clustered,0.7;-0.3,60,54,6,54,0,-1,-7,-1,-1,-7,0,edgeCount
26,100,200,4,4,,clustered,0.7;-0.3,-1,-1,-1,0,0,-1,0,-1,-1,0,0,edgeCount
25,100,200,4,4,,clustered,0.7;-0.3,38,6,6,32,0,-1,-7,-1,-1,-7,0,edgeCount
24,100,200,4,4,,clustered,0.7;-0.3,19,16,5,14,0,29,24,29,29,24,0,edgeCount
23,100,200,4,4,,clustered,0.7;-0.3,6,16,6,0,0,12,6,12,12,6,0,edgeCount
22,100,200,4,4,,clustered,0.7;-0.3,21,7,5,16,0,10,5,18,18,13,0,edgeCount
21,100,200,4,4,,clustered,0.7;-0.3,51,14,5,46,0,-1,-6,-1,-1,-6,0,edgeCount
20,100,200,4,4,,clustered,0.7;-0.3,20,16,4,16,0,4,0,4,4,0,0,edgeCount
19,100,200,4,4,,clustered,0.7;-0.3,-1,-1,5,-6,0,-1,-6,-1,-1,-6,0,edgeCount
18,100,200,4,4,,clustered,0.7;-0.3,17,7,5,12,0,25,20,25,25,20,0,edgeCount
17,100,200,4,4,,clustered,0.7;-0.3,-1,-1,-1,0,0,-1,0,-1,-1,0,0,edgeCount
16,100,200,4,4,,clustered,0.7;-0.3,-1,-1,-1,0,0,-1,0,-1,-1,0,0,edgeCount
15,100,200,4,4,,clustered,0.7;-0.3,24,12,7,17,0,-1,-8,-1,-1,-8,0,edgeCount
14,100,200,4,4,,clustered,0.7;-0.3,14,84,6,8,0,28,22,28,28,22,0,edgeCount
13,100,200,4,4,,clustered,0.7;-0.3,76,12,5,71,0,-1,-6,-1,-1,-6,0,edgeCount
12,100,200,4,4,,clustered,0.7;-0.3,20,8,4,16,0,4,0,4,4,0,0,edgeCount
11,100,200,4,4,,clustered,0.7;-0.3,21,21,6,15,0,-1,-7,-1,-1,-7,0,edgeCount
10,100,200,4,4,,clustered,0.7;-0.3,-1,-1,6,-7,0,-1,-7,-1,-1,-7,0,edgeCount
9,100,200,4,4,,clustered,0.7;-0.3,37,22,5,32,0,-1,-6,-1,-1,-6,0,edgeCount
8,100,200,4,4,,clustered,0.7;-0.3,-1,-1,6,-7,0,-1,-7,-1,-1,-7,0,edgeCount
7,100,200,4,4,,clustered,0.7;-0.3,19,29,5,14,0,9,4,9,9,4,0,edgeCount
6,100,200,4,4,,clustered,0.7;-0.3,-1,-1,-1,0,0,-1,0,-1,-1,0,0,edgeCount
5,100,200,4,4,,clustered,0.7;-0.3,21,19,3,18,0,3,0,3,3,0,0,edgeCount
4,100,200,4,4,,clustered,0.7;-0.3,58,20,7,51,0,-1,-8,-1,-1,-8,0,edgeCount
3,100,200,4,4,,clustered,0.7;-0.3,14,53,6,8,0,28,22,28,28,22,0,edgeCount
2,100,200,4,4,,clustered,0.7;-0.3,27,27,5,22,0,11,6,11,11,6,0,edgeCount
1,100,200,4,4,,clustered,0.7;-0.3,-1,-1,-1,0,0,-1,0,-1,-1,0,0,edgeCount
