rep,nrNodes,nrEdges,edgeProb,nrPaths,nrFails,failureModel,failurePercent,hopsRanked,hopsUnranked,spLength,stretch_mult,nodeAdditions,hopsPath,stretch_path,hopsRankedOne,hopsUnrankedOne,stretch_one,overallNodeAdditionsOne,treeChoice
1000,25,46,0.15,3,,clustered,0.5;-0.3,5,5,3,2,0,3,0,3,3,0,0,edgeCount
999,25,40,0.15,4,,clustered,0.5;-0.3,16,2,2,14,4,2,0,6,2,4,2,edgeCount
998,25,52,0.15,3,,clustered,0.5;-0.3,4,7,4,0,2,10,6,4,12,0,2,edgeCount
997,25,53,0.15,4,,clustered,0.5;-0.3,11,10,4,7,0,17,13,17,17,13,0,edgeCount
996,25,37,0.15,3,,clustered,0.5;-0.3,28,6,6,22,2,-1,-7,21,21,15,2,edgeCount
995,25,37,0.15,1,,clustered,0.5;-0.3,3,3,3,0,0,3,0,3,3,0,0,edgeCount
994,25,41,0.15,2,,clustered,0.5;-0.3,2,2,2,0,0,2,0,2,2,0,0,edgeCount
993,25,49,0.15,2,,clustered,0.5;-0.3,4,4,4,0,0,4,0,4,4,0,0,edgeCount
992,25,44,0.15,2,,clustered,0.5;-0.3,13,3,3,10,8,3,0,3,3,0,6,edgeCount
991,25,39,0.15,2,,clustered,0.5;-0.3,7,12,5,2,6,11,6,11,11,6,4,edgeCount
990,25,36,0.15,1,,clustered,0.5;-0.3,5,5,5,0,0,5,0,5,5,0,0,edgeCount
989,25,37,0.15,2,,clustered,0.5;-0.3,11,11,5,6,0,11,6,11,11,6,0,edgeCount
988,25,44,0.15,1,,clustered,0.5;-0.3,4,4,4,0,0,4,0,4,4,0,0,edgeCount
987,25,41,0.15,2,,clustered,0.5;-0.3,4,16,4,0,2,8,4,8,10,4,2,edgeCount
986,25,46,0.15,2,,clustered,0.5;-0.3,3,3,3,0,0,5,2,5,5,2,0,edgeCount
985,25,46,0.15,1,,clustered,0.5;-0.3,-1,-1,-1,0,0,-1,0,-1,-1,0,0,edgeCount
984,25,42,0.15,2,,clustered,0.5;-0.3,3,9,3,0,0,3,0,3,3,0,0,edgeCount
983,25,45,0.15,2,,clustered,0.5;-0.3,3,3,3,0,0,3,0,3,3,0,0,edgeCount
982,25,48,0.15,2,,clustered,0.5;-0.3,6,6,5,1,8,7,2,7,7,2,6,edgeCount
981,25,48,0.15,3,,clustered,0.5;-0.3,11,3,3,8,0,3,0,3,3,0,0,edgeCount
980,25,33,0.15,1,,clustered,0.5;-0.3,4,4,4,0,0,4,0,4,4,0,0,edgeCount
979,25,40,0.15,3,,clustered,0.5;-0.3,-1,-1,5,-6,4,-1,-6,19,13,14,4,edgeCount
978,25,46,0.15,3,,clustered,0.5;-0.3,7,15,3,4,8,7,4,7,21,4,6,edgeCount
977,25,39,0.15,1,,clustered,0.5;-0.3,7,7,5,2,6,-1,-6,7,7,2,6,edgeCount
976,25,58,0.15,5,,clustered,0.5;-0.3,7,6,2,5,0,2,0,3,2,1,0,edgeCount
975,25,52,0.15,3,,clustered,0.5;-0.3,3,3,3,0,4,3,0,3,6,0,2,edgeCount
974,25,50,0.15,6,,clustered,0.5;-0.3,15,19,2,13,0,2,0,4,2,2,0,edgeCount
973,25,40,0.15,1,,clustered,0.5;-0.3,3,3,3,0,0,3,0,3,3,0,0,edgeCount
972,25,41,0.15,1,,clustered,0.5;-0.3,4,12,4,0,2,4,0,4,12,0,2,edgeCount
971,25,47,0.15,3,,clustered,0.5;-0.3,4,6,4,0,4,12,8,12,5,8,2,edgeCount
970,25,40,0.15,3,,clustered,0.5;-0.3,3,5,3,0,4,7,4,7,7,4,2,edgeCount
969,25,43,0.15,1,,clustered,0.5;-0.3,2,2,2,0,2,2,0,2,2,0,2,edgeCount
968,25,40,0.15,3,,clustered,0.5;-0.3,4,5,4,0,0,12,8,12,12,8,0,edgeCount
967,25,59,0.15,3,,clustered,0.5;-0.3,3,6,2,1,10,2,0,6,2,4,4,edgeCount
966,25,37,0.15,1,,clustered,0.5;-0.3,6,6,6,0,0,6,0,6,6,0,0,edgeCount
965,25,45,0.15,4,,clustered,0.5;-0.3,-1,-1,5,-6,0,-1,-6,-1,-1,-6,0,edgeCount
964,25,52,0.15,1,,clustered,0.5;-0.3,3,3,3,0,0,3,0,3,3,0,0,edgeCount
963,25,39,0.15,3,,clustered,0.5;-0.3,9,6,3,6,0,5,2,5,5,2,0,edgeCount
962,25,43,0.15,1,,clustered,0.5;-0.3,5,9,3,2,8,-1,-4,5,9,2,8,edgeCount
961,25,45,0.15,2,,clustered,0.5;-0.3,10,10,4,6,0,4,0,10,10,6,0,edgeCount
960,25,53,0.15,3,,clustered,0.5;-0.3,4,4,2,2,6,2,0,2,2,0,4,edgeCount
959,25,42,0.15,4,,clustered,0.5;-0.3,12,4,4,8,4,6,2,6,6,2,2,edgeCount
958,25,50,0.15,4,,clustered,0.5;-0.3,9,15,5,4,0,15,10,15,15,10,0,edgeCount
957,25,54,0.15,3,,clustered,0.5;-0.3,-1,-1,4,-5,2,-1,-5,17,17,13,2,edgeCount
956,25,46,0.15,1,,clustered,0.5;-0.3,4,12,4,0,4,-1,-5,4,12,0,4,edgeCount
955,25,41,0.15,2,,clustered,0.5;-0.3,-1,-1,-1,0,0,-1,0,-1,-1,0,0,edgeCount
954,25,50,0.15,3,,clustered,0.5;-0.3,3,13,3,0,0,7,4,7,7,4,0,edgeCount
953,25,39,0.15,3,,clustered,0.5;-0.3,14,10,2,12,0,2,0,2,2,0,0,edgeCount
952,25,49,0.15,2,,clustered,0.5;-0.3,4,4,2,2,0,2,0,2,2,0,0,edgeCount
951,25,42,0.15,1,,clustered,0.5;-0.3,4,4,4,0,4,-1,-5,4,4,0,4,edgeCount
950,25,57,0.15,3,,clustered,0.5;-0.3,14,4,4,10,6,8,4,8,8,4,2,edgeCount
949,25,46,0.15,2,,clustered,0.5;-0.3,6,11,5,1,8,-1,-6,13,13,8,4,edgeCount
948,25,56,0.15,4,,clustered,0.5;-0.3,3,6,3,0,12,7,4,7,9,4,6,edgeCount
947,25,43,0.15,1,,clustered,0.5;-0.3,3,3,3,0,0,3,0,3,3,0,0,edgeCount
946,25,54,0.15,4,,clustered,0.5;-0.3,17,9,3,14,0,3,0,3,3,0,0,edgeCount
945,25,45,0.15,3,,clustered,0.5;-0.3,10,10,2,8,0,2,0,6,2,4,0,edgeCount
944,25,51,0.15,1,,clustered,0.5;-0.3,7,7,4,3,6,4,0,7,7,3,6,edgeCount
943,25,53,0.15,3,,clustered,0.5;-0.3,10,2,2,8,12,2,0,2,2,0,6,edgeCount
942,25,45,0.15,4,,clustered,0.5;-0.3,5,5,3,2,0,5,2,5,5,2,0,edgeCount
941,25,52,0.15,3,,clustered,0.5;-0.3,8,2,2,6,4,2,0,2,2,0,4,edgeCount
940,25,43,0.15,3,,clustered,0.5;-0.3,6,17,6,0,0,20,14,20,20,14,0,edgeCount
939,25,36,0.15,1,,clustered,0.5;-0.3,-1,-1,7,-8,2,-1,-8,-1,-1,-8,2,edgeCount
938,25,54,0.15,2,,clustered,0.5;-0.3,5,5,3,2,12,8,5,8,8,5,6,edgeCount
937,25,38,0.15,1,,clustered,0.5;-0.3,-1,-1,-1,0,0,-1,0,-1,-1,0,0,edgeCount
936,25,43,0.15,3,,clustered,0.5;-0.3,13,7,3,10,2,15,12,15,15,12,2,edgeCount
935,25,50,0.15,2,,clustered,0.5;-0.3,19,13,5,14,10,-1,-6,-1,-1,-6,10,edgeCount
934,25,52,0.15,5,,clustered,0.5;-0.3,20,2,2,18,0,2,0,2,2,0,0,edgeCount
933,25,43,0.15,2,,clustered,0.5;-0.3,3,3,3,0,0,3,0,3,3,0,0,edgeCount
932,25,35,0.15,2,,clustered,0.5;-0.3,9,9,5,4,0,9,4,9,9,4,0,edgeCount
931,25,51,0.15,2,,clustered,0.5;-0.3,4,4,2,2,0,2,0,2,2,0,0,edgeCount
930,25,39,0.15,3,,clustered,0.5;-0.3,26,16,6,20,6,-1,-7,23,11,17,6,edgeCount
929,25,49,0.15,4,,clustered,0.5;-0.3,3,3,2,1,14,2,0,3,2,1,8,edgeCount
928,25,55,0.15,4,,clustered,0.5;-0.3,8,10,2,6,0,2,0,8,2,6,0,edgeCount
927,25,34,0.15,1,,clustered,0.5;-0.3,12,8,6,6,2,-1,-7,12,8,6,2,edgeCount
926,25,43,0.15,2,,clustered,0.5;-0.3,8,8,2,6,0,2,0,2,2,0,0,edgeCount
925,25,34,0.15,3,,clustered,0.5;-0.3,4,4,4,0,0,8,4,8,8,4,0,edgeCount
924,25,41,0.15,1,,clustered,0.5;-0.3,2,2,2,0,0,2,0,2,2,0,0,edgeCount
923,25,49,0.15,5,,clustered,0.5;-0.3,4,4,3,1,0,7,4,7,7,4,0,edgeCount
922,25,52,0.15,2,,clustered,0.5;-0.3,4,4,4,0,12,4,0,4,4,0,6,edgeCount
921,25,53,0.15,3,,clustered,0.5;-0.3,-1,-1,5,-6,8,-1,-6,22,18,17,6,edgeCount
920,25,42,0.15,2,,clustered,0.5;-0.3,-1,-1,4,-5,6,-1,-5,12,8,8,6,edgeCount
919,25,34,0.15,2,,clustered,0.5;-0.3,7,9,3,4,0,3,0,3,3,0,0,edgeCount
918,25,36,0.15,2,,clustered,0.5;-0.3,15,5,5,10,4,-1,-6,15,7,10,4,edgeCount
917,25,41,0.15,3,,clustered,0.5;-0.3,3,11,2,1,0,3,1,3,3,1,0,edgeCount
916,25,41,0.15,3,,clustered,0.5;-0.3,11,19,3,8,0,3,0,7,7,4,0,edgeCount
915,25,57,0.15,5,,clustered,0.5;-0.3,4,8,4,0,0,8,4,8,8,4,0,edgeCount
914,25,57,0.15,3,,clustered,0.5;-0.3,3,3,2,1,0,2,0,3,2,1,0,edgeCount
913,25,37,0.15,3,,clustered,0.5;-0.3,6,3,3,3,0,8,5,8,8,5,0,edgeCount
912,25,43,0.15,5,,clustered,0.5;-0.3,15,2,2,13,0,3,1,2,4,0,0,edgeCount
911,25,39,0.15,1,,clustered,0.5;-0.3,13,13,5,8,6,-1,-6,13,13,8,6,edgeCount
910,25,46,0.15,3,,clustered,0.5;-0.3,8,10,4,4,4,10,6,10,22,6,2,edgeCount
909,25,30,0.15,1,,clustered,0.5;-0.3,5,5,5,0,0,5,0,5,5,0,0,edgeCount
908,25,44,0.15,1,,clustered,0.5;-0.3,4,4,4,0,0,4,0,4,4,0,0,edgeCount
907,25,36,0.15,4,,clustered,0.5;-0.3,8,8,2,6,0,2,0,2,2,0,0,edgeCount
906,25,48,0.15,1,,clustered,0.5;-0.3,-1,-1,-1,0,0,-1,0,-1,-1,0,0,edgeCount
905,25,32,0.15,3,,clustered,0.5;-0.3,12,11,5,7,0,11,6,11,11,6,0,edgeCount
904,25,52,0.15,3,,clustered,0.5;-0.3,6,2,2,4,0,2,0,6,2,4,0,edgeCount
903,25,39,0.15,3,,clustered,0.5;-0.3,7,23,3,4,2,7,4,7,10,4,2,edgeCount
902,25,39,0.15,3,,clustered,0.5;-0.3,-1,-1,4,-5,0,-1,-5,-1,-1,-5,0,edgeCount
901,25,48,0.15,2,,clustered,0.5;-0.3,2,2,2,0,2,2,0,2,2,0,2,edgeCount
900,25,48,0.15,4,,clustered,0.5;-0.3,7,5,2,5,6,2,0,3,2,1,4,edgeCount
899,25,48,0.15,5,,clustered,0.5;-0.3,12,6,3,9,2,18,15,18,26,15,2,edgeCount
898,25,57,0.15,2,,clustered,0.5;-0.3,4,9,3,1,8,3,0,3,3,0,4,edgeCount
897,25,44,0.15,1,,clustered,0.5;-0.3,17,17,4,13,10,-1,-5,17,17,13,10,edgeCount
896,25,55,0.15,2,,clustered,0.5;-0.3,16,4,4,12,2,4,0,4,4,0,2,edgeCount
895,25,62,0.15,2,,clustered,0.5;-0.3,4,4,4,0,0,4,0,8,8,4,0,edgeCount
894,25,50,0.15,2,,clustered,0.5;-0.3,2,2,2,0,8,2,0,2,2,0,4,edgeCount
893,25,51,0.15,3,,clustered,0.5;-0.3,7,12,4,3,6,8,4,8,8,4,2,edgeCount
892,25,44,0.15,3,,clustered,0.5;-0.3,11,3,3,8,0,3,0,3,3,0,0,edgeCount
891,25,52,0.15,2,,clustered,0.5;-0.3,8,8,4,4,0,-1,-5,-1,-1,-5,0,edgeCount
890,25,46,0.15,3,,clustered,0.5;-0.3,-1,-1,5,-6,0,-1,-6,-1,-1,-6,0,edgeCount
889,25,39,0.15,4,,clustered,0.5;-0.3,9,9,4,5,0,15,11,15,15,11,0,edgeCount
888,25,43,0.15,1,,clustered,0.5;-0.3,5,8,5,0,10,-1,-6,5,8,0,10,edgeCount
887,25,50,0.15,4,,clustered,0.5;-0.3,6,5,3,3,0,8,5,8,7,5,0,edgeCount
886,25,56,0.15,3,,clustered,0.5;-0.3,7,3,3,4,18,-1,-4,18,12,15,10,edgeCount
885,25,55,0.15,3,,clustered,0.5;-0.3,4,4,2,2,0,2,0,2,2,0,0,edgeCount
884,25,46,0.15,6,,clustered,0.5;-0.3,12,12,3,9,0,12,9,12,12,9,0,edgeCount
883,25,54,0.15,4,,clustered,0.5;-0.3,3,2,2,1,0,2,0,2,2,0,0,edgeCount
882,25,46,0.15,2,,clustered,0.5;-0.3,3,7,3,0,0,7,4,7,7,4,0,edgeCount
881,25,45,0.15,1,,clustered,0.5;-0.3,3,5,3,0,8,3,0,3,5,0,8,edgeCount
880,25,48,0.15,2,,clustered,0.5;-0.3,3,3,3,0,4,3,0,3,3,0,2,edgeCount
879,25,56,0.15,4,,clustered,0.5;-0.3,3,5,3,0,0,9,6,9,9,6,0,edgeCount
878,25,37,0.15,3,,clustered,0.5;-0.3,3,11,3,0,0,5,2,5,5,2,0,edgeCount
877,25,47,0.15,3,,clustered,0.5;-0.3,9,3,3,6,8,3,0,3,7,0,4,edgeCount
876,25,45,0.15,4,,clustered,0.5;-0.3,-1,-1,6,-7,0,-1,-7,-1,-1,-7,0,edgeCount
875,25,38,0.15,1,,clustered,0.5;-0.3,4,4,4,0,0,4,0,4,4,0,0,edgeCount
874,25,43,0.15,2,,clustered,0.5;-0.3,8,8,2,6,0,2,0,2,2,0,0,edgeCount
873,25,36,0.15,2,,clustered,0.5;-0.3,-1,-1,-1,0,0,-1,0,-1,-1,0,0,edgeCount
872,25,40,0.15,2,,clustered,0.5;-0.3,6,3,3,3,2,3,0,3,3,0,2,edgeCount
871,25,53,0.15,4,,clustered,0.5;-0.3,17,15,3,14,0,3,0,3,3,0,0,edgeCount
870,25,48,0.15,1,,clustered,0.5;-0.3,3,3,3,0,0,3,0,3,3,0,0,edgeCount
869,25,33,0.15,1,,clustered,0.5;-0.3,-1,-1,-1,0,0,-1,0,-1,-1,0,0,edgeCount
868,25,55,0.15,4,,clustered,0.5;-0.3,11,19,4,7,0,17,13,17,11,13,0,edgeCount
867,25,51,0.15,5,,clustered,0.5;-0.3,3,19,3,0,4,5,2,3,5,0,2,edgeCount
866,25,47,0.15,2,,clustered,0.5;-0.3,5,5,4,1,0,6,2,6,6,2,0,edgeCount
865,25,54,0.15,5,,clustered,0.5;-0.3,14,10,2,12,12,2,0,10,2,8,6,edgeCount
864,25,40,0.15,1,,clustered,0.5;-0.3,4,5,4,0,6,4,0,4,5,0,6,edgeCount
863,25,50,0.15,5,,clustered,0.5;-0.3,3,8,3,0,0,7,4,7,7,4,0,edgeCount
862,25,35,0.15,2,,clustered,0.5;-0.3,3,9,3,0,4,3,0,3,3,0,2,edgeCount
861,25,50,0.15,2,,clustered,0.5;-0.3,3,12,3,0,8,7,4,7,11,4,4,edgeCount
860,25,53,0.15,3,,clustered,0.5;-0.3,-1,-1,5,-6,4,-1,-6,11,7,6,2,edgeCount
859,25,36,0.15,3,,clustered,0.5;-0.3,28,28,4,24,0,-1,-5,-1,-1,-5,0,edgeCount
858,25,43,0.15,3,,clustered,0.5;-0.3,12,20,4,8,16,10,6,10,10,6,8,edgeCount
857,25,57,0.15,5,,clustered,0.5;-0.3,3,5,3,0,0,7,4,5,7,2,0,edgeCount
856,25,44,0.15,3,,clustered,0.5;-0.3,5,5,3,2,0,5,2,5,5,2,0,edgeCount
855,25,41,0.15,4,,clustered,0.5;-0.3,9,6,2,7,2,2,0,2,2,0,2,edgeCount
854,25,56,0.15,3,,clustered,0.5;-0.3,3,3,2,1,4,2,0,2,2,0,2,edgeCount
853,25,43,0.15,2,,clustered,0.5;-0.3,3,5,3,0,0,7,4,7,7,4,0,edgeCount
852,25,43,0.15,1,,clustered,0.5;-0.3,3,3,3,0,0,3,0,3,3,0,0,edgeCount
851,25,45,0.15,4,,clustered,0.5;-0.3,8,9,4,4,4,14,10,14,14,10,2,edgeCount
850,25,40,0.15,3,,clustered,0.5;-0.3,4,2,2,2,0,2,0,2,2,0,0,edgeCount
849,25,43,0.15,3,,clustered,0.5;-0.3,13,3,3,10,0,3,0,3,3,0,0,edgeCount
848,25,48,0.15,3,,clustered,0.5;-0.3,5,19,3,2,0,3,0,3,3,0,0,edgeCount
847,25,37,0.15,2,,clustered,0.5;-0.3,20,10,6,14,6,-1,-7,16,9,10,6,edgeCount
846,25,41,0.15,4,,clustered,0.5;-0.3,10,10,2,8,0,2,0,10,2,8,0,edgeCount
845,25,45,0.15,4,,clustered,0.5;-0.3,15,2,2,13,0,2,0,6,2,4,0,edgeCount
844,25,38,0.15,2,,clustered,0.5;-0.3,8,5,5,3,0,5,0,5,5,0,0,edgeCount
843,25,46,0.15,2,,clustered,0.5;-0.3,5,5,5,0,0,5,0,5,5,0,0,edgeCount
842,25,46,0.15,3,,clustered,0.5;-0.3,4,13,3,1,4,12,9,12,18,9,2,edgeCount
841,25,51,0.15,6,,clustered,0.5;-0.3,14,4,2,12,0,2,0,2,2,0,0,edgeCount
840,25,45,0.15,2,,clustered,0.5;-0.3,4,4,2,2,0,2,0,2,2,0,0,edgeCount
839,25,65,0.15,3,,clustered,0.5;-0.3,3,8,3,0,6,7,4,7,7,4,2,edgeCount
838,25,55,0.15,2,,clustered,0.5;-0.3,4,4,4,0,0,6,2,6,6,2,0,edgeCount
837,25,36,0.15,2,,clustered,0.5;-0.3,12,20,4,8,2,4,0,4,4,0,2,edgeCount
836,25,49,0.15,4,,clustered,0.5;-0.3,4,3,3,1,0,5,2,3,5,0,0,edgeCount
835,25,38,0.15,2,,clustered,0.5;-0.3,3,5,3,0,8,7,4,7,18,4,8,edgeCount
834,25,39,0.15,2,,clustered,0.5;-0.3,4,6,4,0,0,6,2,6,6,2,0,edgeCount
833,25,52,0.15,4,,clustered,0.5;-0.3,11,3,3,8,4,3,0,3,3,0,2,edgeCount
832,25,36,0.15,2,,clustered,0.5;-0.3,6,6,2,4,0,2,0,2,2,0,0,edgeCount
831,25,56,0.15,5,,clustered,0.5;-0.3,9,7,3,6,4,3,0,3,3,0,2,edgeCount
830,25,55,0.15,2,,clustered,0.5;-0.3,10,8,4,6,4,8,4,8,8,4,2,edgeCount
829,25,40,0.15,3,,clustered,0.5;-0.3,10,10,4,6,0,8,4,8,8,4,0,edgeCount
828,25,52,0.15,3,,clustered,0.5;-0.3,9,3,3,6,8,3,0,3,3,0,4,edgeCount
827,25,50,0.15,1,,clustered,0.5;-0.3,3,3,3,0,0,3,0,3,3,0,0,edgeCount
826,25,50,0.15,1,,clustered,0.5;-0.3,4,4,4,0,0,4,0,4,4,0,0,edgeCount
825,25,42,0.15,1,,clustered,0.5;-0.3,4,4,4,0,0,4,0,4,4,0,0,edgeCount
824,25,48,0.15,1,,clustered,0.5;-0.3,14,14,4,10,8,-1,-5,14,14,10,8,edgeCount
823,25,47,0.15,4,,clustered,0.5;-0.3,3,5,3,0,0,5,2,3,7,0,0,edgeCount
822,25,50,0.15,4,,clustered,0.5;-0.3,5,5,3,2,0,3,0,3,3,0,0,edgeCount
821,25,45,0.15,1,,clustered,0.5;-0.3,4,4,4,0,0,4,0,4,4,0,0,edgeCount
820,25,44,0.15,1,,clustered,0.5;-0.3,4,4,4,0,0,4,0,4,4,0,0,edgeCount
819,25,51,0.15,4,,clustered,0.5;-0.3,4,4,4,0,0,6,2,6,6,2,0,edgeCount
818,25,44,0.15,1,,clustered,0.5;-0.3,19,19,7,12,6,-1,-8,19,19,12,6,edgeCount
817,25,52,0.15,2,,clustered,0.5;-0.3,8,20,4,4,0,-1,-5,-1,-1,-5,0,edgeCount
816,25,43,0.15,3,,clustered,0.5;-0.3,3,3,3,0,0,5,2,3,5,0,0,edgeCount
815,25,41,0.15,2,,clustered,0.5;-0.3,4,6,4,0,0,8,4,8,8,4,0,edgeCount
814,25,43,0.15,1,,clustered,0.5;-0.3,-1,-1,-1,0,0,-1,0,-1,-1,0,0,edgeCount
813,25,38,0.15,2,,clustered,0.5;-0.3,10,6,5,5,2,-1,-6,-1,-1,-6,2,edgeCount
812,25,60,0.15,2,,clustered,0.5;-0.3,8,16,4,4,0,8,4,8,8,4,0,edgeCount
811,25,44,0.15,1,,clustered,0.5;-0.3,-1,-1,4,-5,0,-1,-5,-1,-1,-5,0,edgeCount
810,25,47,0.15,3,,clustered,0.5;-0.3,3,3,3,0,0,3,0,3,3,0,0,edgeCount
809,25,48,0.15,2,,clustered,0.5;-0.3,14,14,4,10,0,10,6,10,10,6,0,edgeCount
808,25,52,0.15,2,,clustered,0.5;-0.3,-1,-1,-1,0,0,-1,0,-1,-1,0,0,edgeCount
807,25,53,0.15,2,,clustered,0.5;-0.3,8,6,3,5,10,-1,-4,10,11,7,6,edgeCount
806,25,40,0.15,1,,clustered,0.5;-0.3,5,5,3,2,8,-1,-4,5,5,2,8,edgeCount
805,25,64,0.15,5,,clustered,0.5;-0.3,8,2,2,6,16,4,2,8,4,6,6,edgeCount
804,25,43,0.15,4,,clustered,0.5;-0.3,8,5,3,5,8,12,9,12,12,9,6,edgeCount
803,25,47,0.15,3,,clustered,0.5;-0.3,3,3,2,1,10,2,0,3,2,1,6,edgeCount
802,25,54,0.15,4,,clustered,0.5;-0.3,4,3,3,1,8,3,0,3,3,0,4,edgeCount
801,25,45,0.15,3,,clustered,0.5;-0.3,3,3,3,0,6,5,2,5,5,2,4,edgeCount
800,25,57,0.15,2,,clustered,0.5;-0.3,-1,-1,-1,0,0,-1,0,-1,-1,0,0,edgeCount
799,25,41,0.15,1,,clustered,0.5;-0.3,4,4,4,0,0,4,0,4,4,0,0,edgeCount
798,25,48,0.15,4,,clustered,0.5;-0.3,16,8,2,14,0,2,0,8,2,6,0,edgeCount
797,25,49,0.15,2,,clustered,0.5;-0.3,3,4,3,0,2,-1,-4,6,6,3,2,edgeCount
796,25,42,0.15,2,,clustered,0.5;-0.3,4,4,2,2,0,2,0,2,2,0,0,edgeCount
795,25,46,0.15,4,,clustered,0.5;-0.3,4,4,4,0,2,4,0,4,4,0,2,edgeCount
794,25,51,0.15,2,,clustered,0.5;-0.3,4,4,4,0,12,-1,-5,13,13,9,8,edgeCount
793,25,41,0.15,3,,clustered,0.5;-0.3,4,4,4,0,2,4,0,4,4,0,2,edgeCount
792,25,54,0.15,1,,clustered,0.5;-0.3,7,5,5,2,4,-1,-6,7,5,2,4,edgeCount
791,25,37,0.15,4,,clustered,0.5;-0.3,21,13,4,17,0,9,5,21,21,17,0,edgeCount
790,25,43,0.15,4,,clustered,0.5;-0.3,3,5,3,0,4,5,2,3,3,0,2,edgeCount
789,25,51,0.15,1,,clustered,0.5;-0.3,5,4,3,2,6,-1,-4,5,4,2,6,edgeCount
788,25,31,0.15,1,,clustered,0.5;-0.3,3,3,3,0,0,3,0,3,3,0,0,edgeCount
787,25,51,0.15,3,,clustered,0.5;-0.3,4,4,4,0,0,12,8,6,6,2,0,edgeCount
786,25,27,0.15,2,,clustered,0.5;-0.3,3,3,3,0,2,3,0,3,3,0,2,edgeCount
785,25,41,0.15,4,,clustered,0.5;-0.3,3,5,3,0,0,3,0,3,5,0,0,edgeCount
784,25,42,0.15,1,,clustered,0.5;-0.3,3,3,3,0,6,3,0,3,3,0,6,edgeCount
783,25,50,0.15,3,,clustered,0.5;-0.3,7,5,3,4,4,5,2,5,6,2,2,edgeCount
782,25,39,0.15,2,,clustered,0.5;-0.3,3,5,3,0,4,3,0,3,3,0,2,edgeCount
781,25,41,0.15,3,,clustered,0.5;-0.3,15,3,3,12,0,3,0,3,3,0,0,edgeCount
780,25,48,0.15,1,,clustered,0.5;-0.3,6,14,4,2,6,-1,-5,6,14,2,6,edgeCount
779,25,58,0.15,2,,clustered,0.5;-0.3,2,2,2,0,12,2,0,2,2,0,6,edgeCount
778,25,44,0.15,2,,clustered,0.5;-0.3,-1,-1,-1,0,2,-1,0,-1,-1,0,2,edgeCount
777,25,50,0.15,3,,clustered,0.5;-0.3,2,2,2,0,0,2,0,2,2,0,0,edgeCount
776,25,52,0.15,3,,clustered,0.5;-0.3,11,4,3,8,4,7,4,7,7,4,2,edgeCount
775,25,42,0.15,2,,clustered,0.5;-0.3,13,5,3,10,4,-1,-4,7,7,4,4,edgeCount
774,25,53,0.15,3,,clustered,0.5;-0.3,14,2,2,12,2,2,0,2,2,0,2,edgeCount
773,25,44,0.15,3,,clustered,0.5;-0.3,11,3,3,8,0,3,0,5,5,2,0,edgeCount
772,25,48,0.15,3,,clustered,0.5;-0.3,3,3,3,0,2,7,4,7,7,4,2,edgeCount
771,25,48,0.15,4,,clustered,0.5;-0.3,10,4,3,7,0,12,9,12,6,9,0,edgeCount
770,25,53,0.15,3,,clustered,0.5;-0.3,11,7,5,6,0,-1,-6,-1,-1,-6,0,edgeCount
769,25,46,0.15,1,,clustered,0.5;-0.3,3,8,3,0,8,3,0,3,8,0,8,edgeCount
768,25,42,0.15,2,,clustered,0.5;-0.3,7,8,4,3,0,11,7,11,11,7,0,edgeCount
767,25,42,0.15,2,,clustered,0.5;-0.3,8,6,4,4,0,8,4,8,8,4,0,edgeCount
766,25,42,0.15,1,,clustered,0.5;-0.3,2,2,2,0,0,2,0,2,2,0,0,edgeCount
765,25,47,0.15,4,,clustered,0.5;-0.3,11,7,3,8,6,7,4,9,19,6,4,edgeCount
764,25,51,0.15,1,,clustered,0.5;-0.3,-1,-1,-1,0,10,-1,0,-1,-1,0,10,edgeCount
763,25,40,0.15,1,,clustered,0.5;-0.3,-1,-1,-1,0,0,-1,0,-1,-1,0,0,edgeCount
762,25,46,0.15,3,,clustered,0.5;-0.3,3,5,3,0,0,7,4,7,7,4,0,edgeCount
761,25,47,0.15,4,,clustered,0.5;-0.3,18,16,4,14,6,22,18,22,22,18,2,edgeCount
760,25,49,0.15,1,,clustered,0.5;-0.3,3,3,3,0,8,3,0,3,3,0,8,edgeCount
759,25,53,0.15,3,,clustered,0.5;-0.3,5,10,4,1,0,8,4,8,8,4,0,edgeCount
758,25,41,0.15,3,,clustered,0.5;-0.3,4,9,4,0,0,10,6,10,10,6,0,edgeCount
757,25,44,0.15,1,,clustered,0.5;-0.3,13,13,6,7,2,-1,-7,13,13,7,2,edgeCount
756,25,42,0.15,1,,clustered,0.5;-0.3,8,8,8,0,2,-1,-9,8,8,0,2,edgeCount
755,25,43,0.15,3,,clustered,0.5;-0.3,4,4,3,1,0,4,1,4,4,1,0,edgeCount
754,25,53,0.15,5,,clustered,0.5;-0.3,5,7,3,2,2,5,2,7,7,4,2,edgeCount
753,25,42,0.15,3,,clustered,0.5;-0.3,8,8,2,6,0,2,0,6,2,4,0,edgeCount
752,25,40,0.15,4,,clustered,0.5;-0.3,3,3,3,0,4,5,2,3,5,0,2,edgeCount
751,25,43,0.15,4,,clustered,0.5;-0.3,14,14,5,9,0,14,9,14,14,9,0,edgeCount
750,25,32,0.15,2,,clustered,0.5;-0.3,4,4,4,0,0,4,0,4,4,0,0,edgeCount
749,25,50,0.15,2,,clustered,0.5;-0.3,5,5,4,1,4,8,4,8,8,4,2,edgeCount
748,25,48,0.15,3,,clustered,0.5;-0.3,6,2,2,4,0,2,0,6,2,4,0,edgeCount
747,25,40,0.15,3,,clustered,0.5;-0.3,4,6,4,0,0,8,4,8,8,4,0,edgeCount
746,25,42,0.15,1,,clustered,0.5;-0.3,3,13,3,0,8,3,0,3,13,0,8,edgeCount
745,25,43,0.15,2,,clustered,0.5;-0.3,4,4,4,0,0,4,0,4,4,0,0,edgeCount
744,25,37,0.15,1,,clustered,0.5;-0.3,4,4,4,0,0,4,0,4,4,0,0,edgeCount
743,25,53,0.15,2,,clustered,0.5;-0.3,-1,-1,-1,0,0,-1,0,-1,-1,0,0,edgeCount
742,25,52,0.15,3,,clustered,0.5;-0.3,4,3,3,1,0,7,4,7,7,4,0,edgeCount
741,25,45,0.15,2,,clustered,0.5;-0.3,6,6,4,2,12,-1,-5,6,8,2,8,edgeCount
740,25,46,0.15,2,,clustered,0.5;-0.3,-1,-1,-1,0,0,-1,0,-1,-1,0,0,edgeCount
739,25,41,0.15,2,,clustered,0.5;-0.3,18,18,6,12,0,12,6,12,12,6,0,edgeCount
738,25,48,0.15,4,,clustered,0.5;-0.3,11,6,3,8,2,5,2,13,5,10,2,edgeCount
737,25,50,0.15,5,,clustered,0.5;-0.3,5,5,3,2,4,13,10,13,13,10,2,edgeCount
736,25,57,0.15,2,,clustered,0.5;-0.3,3,3,3,0,0,6,3,6,6,3,0,edgeCount
735,25,55,0.15,2,,clustered,0.5;-0.3,-1,-1,-1,0,0,-1,0,-1,-1,0,0,edgeCount
734,25,51,0.15,3,,clustered,0.5;-0.3,3,3,3,0,0,5,2,3,5,0,0,edgeCount
733,25,42,0.15,4,,clustered,0.5;-0.3,12,8,4,8,0,10,6,16,8,12,0,edgeCount
732,25,42,0.15,1,,clustered,0.5;-0.3,6,6,4,2,4,-1,-5,6,6,2,4,edgeCount
731,25,44,0.15,1,,clustered,0.5;-0.3,2,2,2,0,0,2,0,2,2,0,0,edgeCount
730,25,61,0.15,3,,clustered,0.5;-0.3,22,5,4,18,14,-1,-5,14,8,10,6,edgeCount
729,25,34,0.15,1,,clustered,0.5;-0.3,-1,-1,-1,0,4,-1,0,-1,-1,0,4,edgeCount
728,25,46,0.15,3,,clustered,0.5;-0.3,7,16,3,4,0,3,0,3,3,0,0,edgeCount
727,25,51,0.15,4,,clustered,0.5;-0.3,6,7,3,3,0,3,0,3,3,0,0,edgeCount
726,25,40,0.15,3,,clustered,0.5;-0.3,2,2,2,0,0,4,2,4,4,2,0,edgeCount
725,25,45,0.15,4,,clustered,0.5;-0.3,6,2,2,4,4,4,2,8,4,6,4,edgeCount
724,25,41,0.15,1,,clustered,0.5;-0.3,3,5,3,0,2,3,0,3,5,0,2,edgeCount
723,25,54,0.15,4,,clustered,0.5;-0.3,3,2,2,1,0,4,2,5,4,3,0,edgeCount
722,25,46,0.15,2,,clustered,0.5;-0.3,3,3,3,0,0,3,0,3,3,0,0,edgeCount
721,25,47,0.15,2,,clustered,0.5;-0.3,3,5,3,0,0,3,0,3,3,0,0,edgeCount
720,25,45,0.15,4,,clustered,0.5;-0.3,20,30,4,16,0,12,8,18,18,14,0,edgeCount
719,25,51,0.15,3,,clustered,0.5;-0.3,12,12,2,10,0,2,0,2,2,0,0,edgeCount
718,25,48,0.15,4,,clustered,0.5;-0.3,6,19,3,3,0,3,0,3,3,0,0,edgeCount
717,25,44,0.15,4,,clustered,0.5;-0.3,4,8,4,0,0,8,4,8,8,4,0,edgeCount
716,25,50,0.15,2,,clustered,0.5;-0.3,6,4,4,2,4,8,4,12,12,8,2,edgeCount
715,25,45,0.15,2,,clustered,0.5;-0.3,4,4,4,0,6,6,2,6,6,2,6,edgeCount
714,25,50,0.15,6,,clustered,0.5;-0.3,4,2,2,2,4,2,0,2,2,0,2,edgeCount
713,25,53,0.15,1,,clustered,0.5;-0.3,3,3,3,0,0,3,0,3,3,0,0,edgeCount
712,25,49,0.15,4,,clustered,0.5;-0.3,17,9,4,13,0,-1,-5,-1,-1,-5,0,edgeCount
711,25,51,0.15,1,,clustered,0.5;-0.3,3,3,3,0,8,3,0,3,3,0,8,edgeCount
710,25,66,0.15,7,,clustered,0.5;-0.3,7,2,2,5,0,4,2,8,4,6,0,edgeCount
709,25,55,0.15,5,,clustered,0.5;-0.3,10,6,3,7,0,3,0,3,3,0,0,edgeCount
708,25,37,0.15,2,,clustered,0.5;-0.3,-1,-1,5,-6,6,-1,-6,11,9,6,6,edgeCount
707,25,62,0.15,1,,clustered,0.5;-0.3,4,4,4,0,8,4,0,4,4,0,8,edgeCount
706,25,54,0.15,1,,clustered,0.5;-0.3,5,5,5,0,0,5,0,5,5,0,0,edgeCount
705,25,39,0.15,2,,clustered,0.5;-0.3,-1,-1,-1,0,4,-1,0,-1,-1,0,4,edgeCount
704,25,52,0.15,2,,clustered,0.5;-0.3,-1,-1,-1,0,6,-1,0,-1,-1,0,4,edgeCount
703,25,52,0.15,2,,clustered,0.5;-0.3,3,19,3,0,0,-1,-4,-1,-1,-4,0,edgeCount
702,25,49,0.15,2,,clustered,0.5;-0.3,4,4,4,0,8,-1,-5,-1,-1,-5,4,edgeCount
701,25,45,0.15,1,,clustered,0.5;-0.3,4,4,4,0,0,4,0,4,4,0,0,edgeCount
700,25,44,0.15,3,,clustered,0.5;-0.3,5,19,3,2,6,3,0,7,7,4,4,edgeCount
699,25,49,0.15,4,,clustered,0.5;-0.3,12,23,5,7,0,15,10,15,15,10,0,edgeCount
698,25,33,0.15,3,,clustered,0.5;-0.3,6,6,2,4,0,2,0,2,2,0,0,edgeCount
697,25,45,0.15,3,,clustered,0.5;-0.3,10,9,4,6,0,12,8,12,12,8,0,edgeCount
696,25,37,0.15,1,,clustered,0.5;-0.3,2,2,2,0,0,2,0,2,2,0,0,edgeCount
695,25,39,0.15,4,,clustered,0.5;-0.3,6,2,2,4,0,2,0,2,2,0,0,edgeCount
694,25,41,0.15,2,,clustered,0.5;-0.3,-1,-1,4,-5,4,-1,-5,13,7,9,4,edgeCount
693,25,50,0.15,5,,clustered,0.5;-0.3,3,3,3,0,0,9,6,3,3,0,0,edgeCount
692,25,39,0.15,2,,clustered,0.5;-0.3,6,6,4,2,0,9,5,9,9,5,0,edgeCount
691,25,40,0.15,4,,clustered,0.5;-0.3,3,7,3,0,4,5,2,5,5,2,2,edgeCount
690,25,27,0.15,1,,clustered,0.5;-0.3,7,7,7,0,4,-1,-8,7,7,0,4,edgeCount
689,25,41,0.15,3,,clustered,0.5;-0.3,5,2,2,3,2,2,0,2,2,0,2,edgeCount
688,25,43,0.15,2,,clustered,0.5;-0.3,5,9,4,1,0,11,7,11,11,7,0,edgeCount
687,25,52,0.15,2,,clustered,0.5;-0.3,5,5,5,0,0,7,2,7,7,2,0,edgeCount
686,25,41,0.15,2,,clustered,0.5;-0.3,4,10,4,0,12,-1,-5,-1,-1,-5,8,edgeCount
685,25,49,0.15,2,,clustered,0.5;-0.3,4,6,4,0,0,8,4,8,8,4,0,edgeCount
684,25,51,0.15,1,,clustered,0.5;-0.3,2,2,2,0,0,2,0,2,2,0,0,edgeCount
683,25,39,0.15,3,,clustered,0.5;-0.3,3,3,3,0,0,3,0,3,3,0,0,edgeCount
682,25,45,0.15,4,,clustered,0.5;-0.3,10,10,2,8,4,2,0,4,2,2,2,edgeCount
681,25,40,0.15,1,,clustered,0.5;-0.3,3,3,3,0,0,3,0,3,3,0,0,edgeCount
680,25,44,0.15,1,,clustered,0.5;-0.3,4,4,4,0,0,4,0,4,4,0,0,edgeCount
679,25,46,0.15,2,,clustered,0.5;-0.3,7,5,4,3,0,8,4,8,8,4,0,edgeCount
678,25,50,0.15,4,,clustered,0.5;-0.3,3,3,3,0,2,5,2,3,5,0,2,edgeCount
677,25,45,0.15,2,,clustered,0.5;-0.3,3,3,3,0,12,-1,-4,7,9,4,10,edgeCount
676,25,40,0.15,2,,clustered,0.5;-0.3,4,5,4,0,4,8,4,8,8,4,2,edgeCount
675,25,44,0.15,3,,clustered,0.5;-0.3,9,3,3,6,0,3,0,3,3,0,0,edgeCount
674,25,45,0.15,2,,clustered,0.5;-0.3,7,11,3,4,0,3,0,3,3,0,0,edgeCount
673,25,47,0.15,3,,clustered,0.5;-0.3,8,11,3,5,0,3,0,3,3,0,0,edgeCount
672,25,50,0.15,2,,clustered,0.5;-0.3,4,10,4,0,0,4,0,4,4,0,0,edgeCount
671,25,54,0.15,4,,clustered,0.5;-0.3,11,11,3,8,0,3,0,3,7,0,0,edgeCount
670,25,56,0.15,3,,clustered,0.5;-0.3,4,5,3,1,12,3,0,3,3,0,6,edgeCount
669,25,44,0.15,3,,clustered,0.5;-0.3,2,2,2,0,0,4,2,4,4,2,0,edgeCount
668,25,37,0.15,2,,clustered,0.5;-0.3,8,2,2,6,2,2,0,2,2,0,2,edgeCount
667,25,52,0.15,2,,clustered,0.5;-0.3,2,2,2,0,18,4,2,4,4,2,10,edgeCount
666,25,43,0.15,4,,clustered,0.5;-0.3,6,2,2,4,8,2,0,2,2,0,6,edgeCount
665,25,54,0.15,2,,clustered,0.5;-0.3,7,12,3,4,24,-1,-4,18,15,15,14,edgeCount
664,25,46,0.15,2,,clustered,0.5;-0.3,4,10,4,0,0,4,0,4,4,0,0,edgeCount
663,25,41,0.15,2,,clustered,0.5;-0.3,17,7,5,12,0,-1,-6,-1,-1,-6,0,edgeCount
662,25,53,0.15,4,,clustered,0.5;-0.3,3,12,3,0,8,9,6,9,5,6,4,edgeCount
661,25,53,0.15,3,,clustered,0.5;-0.3,4,9,4,0,4,8,4,8,14,4,2,edgeCount
660,25,54,0.15,3,,clustered,0.5;-0.3,4,2,2,2,16,2,0,2,2,0,10,edgeCount
659,25,42,0.15,2,,clustered,0.5;-0.3,4,4,4,0,0,4,0,4,4,0,0,edgeCount
658,25,39,0.15,1,,clustered,0.5;-0.3,6,6,4,2,4,-1,-5,6,6,2,4,edgeCount
657,25,44,0.15,2,,clustered,0.5;-0.3,8,8,4,4,12,12,8,12,12,8,10,edgeCount
656,25,43,0.15,2,,clustered,0.5;-0.3,5,21,4,1,10,11,7,11,11,7,10,edgeCount
655,25,38,0.15,2,,clustered,0.5;-0.3,21,17,5,16,0,-1,-6,-1,-1,-6,0,edgeCount
654,25,50,0.15,4,,clustered,0.5;-0.3,19,11,2,17,4,2,0,2,2,0,2,edgeCount
653,25,51,0.15,5,,clustered,0.5;-0.3,9,3,3,6,0,3,0,3,3,0,0,edgeCount
652,25,40,0.15,1,,clustered,0.5;-0.3,3,9,3,0,8,3,0,3,9,0,8,edgeCount
651,25,54,0.15,4,,clustered,0.5;-0.3,7,6,2,5,4,5,3,7,7,5,2,edgeCount
650,25,48,0.15,5,,clustered,0.5;-0.3,8,5,2,6,0,2,0,6,2,4,0,edgeCount
649,25,48,0.15,2,,clustered,0.5;-0.3,8,8,2,6,0,2,0,2,2,0,0,edgeCount
648,25,45,0.15,4,,clustered,0.5;-0.3,3,3,3,0,0,5,2,3,5,0,0,edgeCount
647,25,47,0.15,2,,clustered,0.5;-0.3,-1,-1,-1,0,0,-1,0,-1,-1,0,0,edgeCount
646,25,51,0.15,3,,clustered,0.5;-0.3,-1,-1,-1,0,8,-1,0,-1,-1,0,4,edgeCount
645,25,53,0.15,5,,clustered,0.5;-0.3,3,3,2,1,4,2,0,3,2,1,2,edgeCount
644,25,43,0.15,1,,clustered,0.5;-0.3,3,21,3,0,8,3,0,3,21,0,8,edgeCount
643,25,44,0.15,3,,clustered,0.5;-0.3,4,5,3,1,0,3,0,3,5,0,0,edgeCount
642,25,45,0.15,3,,clustered,0.5;-0.3,4,3,3,1,0,3,0,3,3,0,0,edgeCount
641,25,33,0.15,2,,clustered,0.5;-0.3,-1,-1,-1,0,0,-1,0,-1,-1,0,0,edgeCount
640,25,50,0.15,3,,clustered,0.5;-0.3,5,5,3,2,18,5,2,5,5,2,10,edgeCount
639,25,38,0.15,2,,clustered,0.5;-0.3,8,8,2,6,0,2,0,2,2,0,0,edgeCount
638,25,47,0.15,2,,clustered,0.5;-0.3,4,4,2,2,0,2,0,4,2,2,0,edgeCount
637,25,46,0.15,2,,clustered,0.5;-0.3,10,10,6,4,0,10,4,10,10,4,0,edgeCount
636,25,46,0.15,4,,clustered,0.5;-0.3,8,14,4,4,4,10,6,10,7,6,4,edgeCount
635,25,43,0.15,1,,clustered,0.5;-0.3,-1,-1,5,-6,2,-1,-6,-1,-1,-6,2,edgeCount
634,25,49,0.15,4,,clustered,0.5;-0.3,6,7,4,2,0,12,8,12,12,8,0,edgeCount
633,25,34,0.15,2,,clustered,0.5;-0.3,6,15,3,3,0,3,0,3,3,0,0,edgeCount
632,25,52,0.15,2,,clustered,0.5;-0.3,3,7,3,0,0,3,0,3,3,0,0,edgeCount
631,25,40,0.15,3,,clustered,0.5;-0.3,5,17,3,2,0,7,4,7,7,4,0,edgeCount
630,25,46,0.15,3,,clustered,0.5;-0.3,10,9,5,5,0,12,7,12,12,7,0,edgeCount
629,25,42,0.15,4,,clustered,0.5;-0.3,3,2,2,1,0,4,2,3,4,1,0,edgeCount
628,25,45,0.15,3,,clustered,0.5;-0.3,4,3,3,1,0,5,2,3,5,0,0,edgeCount
627,25,56,0.15,2,,clustered,0.5;-0.3,4,8,4,0,8,-1,-5,8,8,4,4,edgeCount
626,25,47,0.15,2,,clustered,0.5;-0.3,3,9,3,0,0,3,0,3,3,0,0,edgeCount
625,25,42,0.15,1,,clustered,0.5;-0.3,6,4,4,2,8,-1,-5,6,4,2,8,edgeCount
624,25,35,0.15,1,,clustered,0.5;-0.3,3,3,3,0,6,3,0,3,3,0,6,edgeCount
623,25,51,0.15,5,,clustered,0.5;-0.3,19,9,4,15,0,21,17,21,11,17,0,edgeCount
622,25,51,0.15,2,,clustered,0.5;-0.3,4,7,4,0,0,4,0,4,4,0,0,edgeCount
621,25,42,0.15,3,,clustered,0.5;-0.3,5,9,5,0,2,13,8,7,13,2,2,edgeCount
620,25,35,0.15,2,,clustered,0.5;-0.3,-1,-1,5,-6,6,-1,-6,14,15,9,6,edgeCount
619,25,46,0.15,2,,clustered,0.5;-0.3,4,4,4,0,0,6,2,6,6,2,0,edgeCount
618,25,41,0.15,1,,clustered,0.5;-0.3,8,12,4,4,4,-1,-5,8,12,4,4,edgeCount
617,25,35,0.15,1,,clustered,0.5;-0.3,2,2,2,0,0,2,0,2,2,0,0,edgeCount
616,25,49,0.15,2,,clustered,0.5;-0.3,6,6,2,4,0,2,0,6,2,4,0,edgeCount
615,25,48,0.15,3,,clustered,0.5;-0.3,4,4,2,2,0,2,0,2,2,0,0,edgeCount
614,25,43,0.15,1,,clustered,0.5;-0.3,10,10,5,5,4,-1,-6,10,10,5,4,edgeCount
613,25,38,0.15,2,,clustered,0.5;-0.3,3,3,3,0,2,3,0,3,3,0,2,edgeCount
612,25,45,0.15,2,,clustered,0.5;-0.3,6,11,4,2,0,10,6,10,10,6,0,edgeCount
611,25,45,0.15,1,,clustered,0.5;-0.3,13,11,5,8,10,-1,-6,13,11,8,10,edgeCount
610,25,44,0.15,5,,clustered,0.5;-0.3,15,15,3,12,0,17,14,17,17,14,0,edgeCount
609,25,41,0.15,2,,clustered,0.5;-0.3,8,6,3,5,0,-1,-4,-1,-1,-4,0,edgeCount
608,25,42,0.15,2,,clustered,0.5;-0.3,14,14,4,10,12,-1,-5,9,9,5,10,edgeCount
607,25,35,0.15,2,,clustered,0.5;-0.3,4,4,2,2,6,2,0,2,2,0,6,edgeCount
606,25,51,0.15,3,,clustered,0.5;-0.3,4,2,2,2,0,4,2,6,4,4,0,edgeCount
605,25,37,0.15,2,,clustered,0.5;-0.3,9,9,5,4,0,9,4,9,9,4,0,edgeCount
604,25,45,0.15,1,,clustered,0.5;-0.3,4,4,4,0,0,4,0,4,4,0,0,edgeCount
603,25,41,0.15,3,,clustered,0.5;-0.3,3,14,3,0,4,5,2,5,5,2,2,edgeCount
602,25,45,0.15,1,,clustered,0.5;-0.3,4,4,4,0,0,4,0,4,4,0,0,edgeCount
601,25,52,0.15,5,,clustered,0.5;-0.3,4,16,2,2,0,2,0,7,2,5,0,edgeCount
600,25,49,0.15,2,,clustered,0.5;-0.3,-1,-1,6,-7,2,-1,-7,-1,-1,-7,2,edgeCount
599,25,39,0.15,1,,clustered,0.5;-0.3,3,7,3,0,2,3,0,3,7,0,2,edgeCount
598,25,46,0.15,3,,clustered,0.5;-0.3,4,5,3,1,8,5,2,3,3,0,4,edgeCount
597,25,37,0.15,2,,clustered,0.5;-0.3,6,6,2,4,0,2,0,6,2,4,0,edgeCount
596,25,45,0.15,6,,clustered,0.5;-0.3,16,4,4,12,0,16,12,22,22,18,0,edgeCount
595,25,53,0.15,1,,clustered,0.5;-0.3,-1,-1,-1,0,0,-1,0,-1,-1,0,0,edgeCount
594,25,42,0.15,2,,clustered,0.5;-0.3,7,7,5,2,0,9,4,9,9,4,0,edgeCount
593,25,48,0.15,3,,clustered,0.5;-0.3,7,5,4,3,0,10,6,10,10,6,0,edgeCount
592,25,45,0.15,3,,clustered,0.5;-0.3,19,7,4,15,10,-1,-5,14,18,10,8,edgeCount
591,25,55,0.15,2,,clustered,0.5;-0.3,3,3,3,0,8,3,0,3,3,0,4,edgeCount
590,25,59,0.15,6,,clustered,0.5;-0.3,8,8,3,5,2,7,4,3,3,0,2,edgeCount
589,25,50,0.15,2,,clustered,0.5;-0.3,2,2,2,0,12,2,0,2,2,0,6,edgeCount
588,25,43,0.15,1,,clustered,0.5;-0.3,3,3,3,0,0,3,0,3,3,0,0,edgeCount
587,25,55,0.15,4,,clustered,0.5;-0.3,4,12,4,0,8,8,4,8,20,4,4,edgeCount
586,25,42,0.15,4,,clustered,0.5;-0.3,10,5,3,7,0,3,0,3,3,0,0,edgeCount
585,25,48,0.15,3,,clustered,0.5;-0.3,3,16,3,0,0,7,4,3,3,0,0,edgeCount
584,25,35,0.15,1,,clustered,0.5;-0.3,2,2,2,0,0,2,0,2,2,0,0,edgeCount
583,25,37,0.15,1,,clustered,0.5;-0.3,5,5,5,0,0,5,0,5,5,0,0,edgeCount
582,25,44,0.15,5,,clustered,0.5;-0.3,8,11,2,6,0,2,0,8,2,6,0,edgeCount
581,25,49,0.15,1,,clustered,0.5;-0.3,-1,-1,-1,0,0,-1,0,-1,-1,0,0,edgeCount
580,25,43,0.15,3,,clustered,0.5;-0.3,8,3,3,5,6,3,0,7,7,4,4,edgeCount
579,25,56,0.15,3,,clustered,0.5;-0.3,3,15,2,1,0,2,0,7,2,5,0,edgeCount
578,25,38,0.15,1,,clustered,0.5;-0.3,12,8,5,7,4,-1,-6,12,8,7,4,edgeCount
577,25,40,0.15,2,,clustered,0.5;-0.3,4,5,4,0,2,6,2,6,9,2,2,edgeCount
576,25,42,0.15,2,,clustered,0.5;-0.3,11,3,3,8,2,3,0,3,3,0,2,edgeCount
575,25,43,0.15,4,,clustered,0.5;-0.3,18,4,2,16,0,2,0,2,2,0,0,edgeCount
574,25,43,0.15,3,,clustered,0.5;-0.3,14,2,2,12,2,2,0,2,2,0,2,edgeCount
573,25,58,0.15,5,,clustered,0.5;-0.3,8,8,2,6,6,2,0,6,2,4,4,edgeCount
572,25,53,0.15,5,,clustered,0.5;-0.3,16,3,3,13,0,24,21,24,24,21,0,edgeCount
571,25,52,0.15,3,,clustered,0.5;-0.3,4,6,4,0,4,12,8,12,12,8,2,edgeCount
570,25,50,0.15,4,,clustered,0.5;-0.3,27,7,3,24,6,-1,-4,13,7,10,4,edgeCount
569,25,46,0.15,2,,clustered,0.5;-0.3,11,11,5,6,0,11,6,11,11,6,0,edgeCount
568,25,53,0.15,3,,clustered,0.5;-0.3,3,12,3,0,8,7,4,7,5,4,4,edgeCount
567,25,53,0.15,3,,clustered,0.5;-0.3,21,3,3,18,14,3,0,3,3,0,8,edgeCount
566,25,44,0.15,3,,clustered,0.5;-0.3,9,3,3,6,2,3,0,3,3,0,2,edgeCount
565,25,53,0.15,3,,clustered,0.5;-0.3,9,9,3,6,0,3,0,3,3,0,0,edgeCount
564,25,41,0.15,1,,clustered,0.5;-0.3,4,4,4,0,0,4,0,4,4,0,0,edgeCount
563,25,48,0.15,4,,clustered,0.5;-0.3,8,8,2,6,0,2,0,8,2,6,0,edgeCount
562,25,49,0.15,3,,clustered,0.5;-0.3,3,7,3,0,0,3,0,3,3,0,0,edgeCount
561,25,53,0.15,2,,clustered,0.5;-0.3,2,2,2,0,0,2,0,2,2,0,0,edgeCount
560,25,48,0.15,3,,clustered,0.5;-0.3,5,15,3,2,4,13,10,13,13,10,2,edgeCount
559,25,52,0.15,1,,clustered,0.5;-0.3,3,3,3,0,0,3,0,3,3,0,0,edgeCount
558,25,48,0.15,3,,clustered,0.5;-0.3,14,15,4,10,12,8,4,8,8,4,6,edgeCount
557,25,39,0.15,2,,clustered,0.5;-0.3,4,3,3,1,0,4,1,4,3,1,0,edgeCount
556,25,45,0.15,2,,clustered,0.5;-0.3,17,11,5,12,12,-1,-6,-1,-1,-6,8,edgeCount
555,25,41,0.15,2,,clustered,0.5;-0.3,3,3,3,0,0,5,2,5,5,2,0,edgeCount
554,25,58,0.15,5,,clustered,0.5;-0.3,4,2,2,2,8,2,0,2,2,0,4,edgeCount
553,25,48,0.15,2,,clustered,0.5;-0.3,5,5,3,2,16,-1,-4,14,18,11,8,edgeCount
552,25,39,0.15,1,,clustered,0.5;-0.3,8,8,6,2,2,-1,-7,8,8,2,2,edgeCount
551,25,50,0.15,3,,clustered,0.5;-0.3,3,3,3,0,6,7,4,7,10,4,4,edgeCount
550,25,57,0.15,2,,clustered,0.5;-0.3,3,3,3,0,0,5,2,3,5,0,0,edgeCount
549,25,54,0.15,4,,clustered,0.5;-0.3,3,3,3,0,0,5,2,3,5,0,0,edgeCount
548,25,48,0.15,2,,clustered,0.5;-0.3,4,4,4,0,4,7,3,7,8,3,2,edgeCount
547,25,40,0.15,2,,clustered,0.5;-0.3,18,22,6,12,4,16,10,16,16,10,2,edgeCount
546,25,45,0.15,2,,clustered,0.5;-0.3,5,7,3,2,8,5,2,5,7,2,8,edgeCount
545,25,29,0.15,1,,clustered,0.5;-0.3,4,10,4,0,2,4,0,4,10,0,2,edgeCount
544,25,36,0.15,3,,clustered,0.5;-0.3,18,14,5,13,0,-1,-6,-1,-1,-6,0,edgeCount
543,25,49,0.15,5,,clustered,0.5;-0.3,8,5,3,5,0,3,0,3,3,0,0,edgeCount
542,25,39,0.15,1,,clustered,0.5;-0.3,12,12,6,6,2,-1,-7,12,12,6,2,edgeCount
541,25,57,0.15,3,,clustered,0.5;-0.3,4,6,2,2,0,2,0,6,2,4,0,edgeCount
540,25,46,0.15,4,,clustered,0.5;-0.3,13,9,2,11,6,2,0,6,2,4,4,edgeCount
539,25,48,0.15,3,,clustered,0.5;-0.3,3,11,3,0,0,-1,-4,5,5,2,0,edgeCount
538,25,37,0.15,1,,clustered,0.5;-0.3,2,2,2,0,0,2,0,2,2,0,0,edgeCount
537,25,58,0.15,2,,clustered,0.5;-0.3,6,5,5,1,12,-1,-6,15,15,10,6,edgeCount
536,25,46,0.15,2,,clustered,0.5;-0.3,9,3,3,6,8,3,0,3,3,0,4,edgeCount
535,25,53,0.15,3,,clustered,0.5;-0.3,4,9,4,0,0,4,0,4,4,0,0,edgeCount
534,25,48,0.15,1,,clustered,0.5;-0.3,-1,-1,-1,0,0,-1,0,-1,-1,0,0,edgeCount
533,25,44,0.15,3,,clustered,0.5;-0.3,7,7,3,4,0,9,6,9,9,6,0,edgeCount
532,25,60,0.15,2,,clustered,0.5;-0.3,2,2,2,0,20,4,2,4,4,2,10,edgeCount
531,25,54,0.15,1,,clustered,0.5;-0.3,3,3,3,0,0,3,0,3,3,0,0,edgeCount
530,25,36,0.15,1,,clustered,0.5;-0.3,-1,-1,-1,0,2,-1,0,-1,-1,0,2,edgeCount
529,25,38,0.15,3,,clustered,0.5;-0.3,6,6,4,2,0,6,2,6,6,2,0,edgeCount
528,25,43,0.15,2,,clustered,0.5;-0.3,16,8,4,12,2,-1,-5,14,14,10,2,edgeCount
527,25,46,0.15,3,,clustered,0.5;-0.3,8,8,2,6,0,2,0,2,2,0,0,edgeCount
526,25,36,0.15,1,,clustered,0.5;-0.3,7,7,7,0,6,-1,-8,7,7,0,6,edgeCount
525,25,39,0.15,2,,clustered,0.5;-0.3,4,5,4,0,4,6,2,6,6,2,4,edgeCount
524,25,48,0.15,3,,clustered,0.5;-0.3,11,6,3,8,2,3,0,3,3,0,2,edgeCount
523,25,38,0.15,1,,clustered,0.5;-0.3,12,6,6,6,4,-1,-7,12,6,6,4,edgeCount
522,25,43,0.15,2,,clustered,0.5;-0.3,3,3,3,0,0,3,0,3,3,0,0,edgeCount
521,25,47,0.15,2,,clustered,0.5;-0.3,-1,-1,-1,0,0,-1,0,-1,-1,0,0,edgeCount
520,25,39,0.15,3,,clustered,0.5;-0.3,10,10,2,8,0,2,0,2,2,0,0,edgeCount
519,25,58,0.15,6,,clustered,0.5;-0.3,3,2,2,1,0,7,5,6,4,4,0,edgeCount
518,25,44,0.15,2,,clustered,0.5;-0.3,8,6,5,3,8,-1,-6,13,13,8,4,edgeCount
517,25,63,0.15,4,,clustered,0.5;-0.3,4,4,3,1,4,5,2,7,9,4,2,edgeCount
516,25,45,0.15,1,,clustered,0.5;-0.3,3,3,3,0,0,3,0,3,3,0,0,edgeCount
515,25,41,0.15,3,,clustered,0.5;-0.3,12,4,2,10,2,2,0,4,2,2,2,edgeCount
514,25,37,0.15,2,,clustered,0.5;-0.3,7,7,4,3,0,7,3,7,7,3,0,edgeCount
513,25,58,0.15,6,,clustered,0.5;-0.3,8,2,2,6,0,4,2,8,4,6,0,edgeCount
512,25,44,0.15,2,,clustered,0.5;-0.3,13,7,3,10,4,-1,-4,5,5,2,4,edgeCount
511,25,44,0.15,1,,clustered,0.5;-0.3,2,2,2,0,0,2,0,2,2,0,0,edgeCount
510,25,37,0.15,2,,clustered,0.5;-0.3,4,6,3,1,0,3,0,3,3,0,0,edgeCount
509,25,41,0.15,2,,clustered,0.5;-0.3,14,8,4,10,0,4,0,4,4,0,0,edgeCount
508,25,40,0.15,1,,clustered,0.5;-0.3,3,11,3,0,4,3,0,3,11,0,4,edgeCount
507,25,44,0.15,4,,clustered,0.5;-0.3,6,2,2,4,0,2,0,2,2,0,0,edgeCount
506,25,45,0.15,3,,clustered,0.5;-0.3,3,3,3,0,0,5,2,3,5,0,0,edgeCount
505,25,42,0.15,3,,clustered,0.5;-0.3,24,12,4,20,2,-1,-5,12,12,8,2,edgeCount
504,25,46,0.15,4,,clustered,0.5;-0.3,3,3,3,0,0,4,1,4,3,1,0,edgeCount
503,25,35,0.15,2,,clustered,0.5;-0.3,-1,-1,-1,0,0,-1,0,-1,-1,0,0,edgeCount
502,25,51,0.15,2,,clustered,0.5;-0.3,3,3,3,0,0,6,3,6,6,3,0,edgeCount
501,25,44,0.15,3,,clustered,0.5;-0.3,6,6,4,2,0,8,4,8,8,4,0,edgeCount
500,25,40,0.15,2,,clustered,0.5;-0.3,4,4,4,0,0,7,3,7,7,3,0,edgeCount
499,25,50,0.15,5,,clustered,0.5;-0.3,3,7,3,0,0,3,0,3,7,0,0,edgeCount
498,25,50,0.15,2,,clustered,0.5;-0.3,6,6,4,2,0,6,2,6,6,2,0,edgeCount
497,25,39,0.15,3,,clustered,0.5;-0.3,4,4,4,0,0,4,0,4,4,0,0,edgeCount
496,25,52,0.15,2,,clustered,0.5;-0.3,9,5,4,5,0,-1,-5,-1,-1,-5,0,edgeCount
495,25,39,0.15,3,,clustered,0.5;-0.3,4,3,3,1,0,5,2,3,5,0,0,edgeCount
494,25,41,0.15,2,,clustered,0.5;-0.3,5,13,3,2,6,-1,-4,13,13,10,6,edgeCount
493,25,52,0.15,3,,clustered,0.5;-0.3,17,9,4,13,2,-1,-5,16,16,12,2,edgeCount
492,25,49,0.15,2,,clustered,0.5;-0.3,5,5,3,2,0,5,2,5,5,2,0,edgeCount
491,25,42,0.15,5,,clustered,0.5;-0.3,24,24,4,20,0,-1,-5,-1,-1,-5,0,edgeCount
490,25,50,0.15,2,,clustered,0.5;-0.3,16,7,4,12,2,-1,-5,10,10,6,2,edgeCount
489,25,41,0.15,4,,clustered,0.5;-0.3,10,2,2,8,0,2,0,10,2,8,0,edgeCount
488,25,45,0.15,2,,clustered,0.5;-0.3,2,2,2,0,0,2,0,2,2,0,0,edgeCount
487,25,49,0.15,3,,clustered,0.5;-0.3,19,9,4,15,0,8,4,8,8,4,0,edgeCount
486,25,55,0.15,3,,clustered,0.5;-0.3,12,8,4,8,4,-1,-5,10,10,6,2,edgeCount
485,25,52,0.15,4,,clustered,0.5;-0.3,10,4,4,6,4,-1,-5,13,13,9,2,edgeCount
484,25,46,0.15,2,,clustered,0.5;-0.3,3,9,3,0,14,7,4,11,11,8,10,edgeCount
483,25,43,0.15,5,,clustered,0.5;-0.3,6,10,4,2,0,8,4,8,12,4,0,edgeCount
482,25,44,0.15,2,,clustered,0.5;-0.3,5,5,3,2,0,-1,-4,-1,-1,-4,0,edgeCount
481,25,45,0.15,1,,clustered,0.5;-0.3,2,2,2,0,0,2,0,2,2,0,0,edgeCount
480,25,59,0.15,3,,clustered,0.5;-0.3,14,14,2,12,0,2,0,10,2,8,0,edgeCount
479,25,36,0.15,3,,clustered,0.5;-0.3,-1,-1,-1,0,4,-1,0,-1,-1,0,4,edgeCount
478,25,36,0.15,1,,clustered,0.5;-0.3,-1,-1,-1,0,2,-1,0,-1,-1,0,2,edgeCount
477,25,37,0.15,2,,clustered,0.5;-0.3,8,8,4,4,0,8,4,8,8,4,0,edgeCount
476,25,40,0.15,3,,clustered,0.5;-0.3,21,5,5,16,0,5,0,5,5,0,0,edgeCount
475,25,46,0.15,2,,clustered,0.5;-0.3,6,6,2,4,0,2,0,2,2,0,0,edgeCount
474,25,49,0.15,2,,clustered,0.5;-0.3,9,5,5,4,0,-1,-6,-1,-1,-6,0,edgeCount
473,25,51,0.15,2,,clustered,0.5;-0.3,10,24,5,5,16,-1,-6,11,15,6,8,edgeCount
472,25,52,0.15,4,,clustered,0.5;-0.3,3,3,3,0,0,7,4,7,7,4,0,edgeCount
471,25,38,0.15,1,,clustered,0.5;-0.3,-1,-1,7,-8,2,-1,-8,-1,-1,-8,2,edgeCount
470,25,49,0.15,1,,clustered,0.5;-0.3,3,3,3,0,0,3,0,3,3,0,0,edgeCount
469,25,42,0.15,1,,clustered,0.5;-0.3,3,3,3,0,0,3,0,3,3,0,0,edgeCount
468,25,43,0.15,2,,clustered,0.5;-0.3,7,3,3,4,0,3,0,3,3,0,0,edgeCount
467,25,40,0.15,3,,clustered,0.5;-0.3,11,3,2,9,0,2,0,3,2,1,0,edgeCount
466,25,43,0.15,2,,clustered,0.5;-0.3,6,2,2,4,8,2,0,2,2,0,8,edgeCount
465,25,52,0.15,5,,clustered,0.5;-0.3,3,3,3,0,2,5,2,3,5,0,2,edgeCount
464,25,48,0.15,2,,clustered,0.5;-0.3,3,3,3,0,4,3,0,3,3,0,2,edgeCount
463,25,47,0.15,2,,clustered,0.5;-0.3,-1,-1,-1,0,0,-1,0,-1,-1,0,0,edgeCount
462,25,51,0.15,3,,clustered,0.5;-0.3,4,10,4,0,0,16,12,10,10,6,0,edgeCount
461,25,48,0.15,2,,clustered,0.5;-0.3,-1,-1,-1,0,0,-1,0,-1,-1,0,0,edgeCount
460,25,48,0.15,3,,clustered,0.5;-0.3,4,18,4,0,2,8,4,8,8,4,2,edgeCount
459,25,59,0.15,4,,clustered,0.5;-0.3,3,5,3,0,0,9,6,7,9,4,0,edgeCount
458,25,44,0.15,1,,clustered,0.5;-0.3,3,6,3,0,6,3,0,3,6,0,6,edgeCount
457,25,45,0.15,3,,clustered,0.5;-0.3,3,12,3,0,0,7,4,3,3,0,0,edgeCount
456,25,48,0.15,2,,clustered,0.5;-0.3,5,5,4,1,0,7,3,7,7,3,0,edgeCount
455,25,51,0.15,2,,clustered,0.5;-0.3,-1,-1,-1,0,0,-1,0,-1,-1,0,0,edgeCount
454,25,51,0.15,1,,clustered,0.5;-0.3,9,5,5,4,8,-1,-6,9,5,4,8,edgeCount
453,25,52,0.15,4,,clustered,0.5;-0.3,19,21,5,14,0,-1,-6,-1,-1,-6,0,edgeCount
452,25,37,0.15,3,,clustered,0.5;-0.3,2,14,2,0,0,3,1,3,3,1,0,edgeCount
451,25,42,0.15,2,,clustered,0.5;-0.3,3,3,3,0,0,5,2,3,5,0,0,edgeCount
450,25,51,0.15,4,,clustered,0.5;-0.3,7,8,3,4,4,11,8,11,11,8,2,edgeCount
449,25,38,0.15,2,,clustered,0.5;-0.3,12,10,5,7,0,10,5,10,10,5,0,edgeCount
448,25,42,0.15,3,,clustered,0.5;-0.3,11,5,3,8,6,3,0,3,3,0,4,edgeCount
447,25,45,0.15,3,,clustered,0.5;-0.3,4,4,4,0,0,10,6,4,4,0,0,edgeCount
446,25,57,0.15,3,,clustered,0.5;-0.3,4,8,3,1,0,3,0,7,5,4,0,edgeCount
445,25,34,0.15,1,,clustered,0.5;-0.3,4,4,4,0,0,4,0,4,4,0,0,edgeCount
444,25,36,0.15,1,,clustered,0.5;-0.3,3,3,3,0,4,3,0,3,3,0,4,edgeCount
443,25,52,0.15,5,,clustered,0.5;-0.3,18,6,2,16,4,2,0,6,2,4,2,edgeCount
442,25,49,0.15,3,,clustered,0.5;-0.3,10,6,3,7,10,-1,-4,14,10,11,6,edgeCount
441,25,50,0.15,1,,clustered,0.5;-0.3,10,6,6,4,8,-1,-7,10,6,4,8,edgeCount
440,25,46,0.15,3,,clustered,0.5;-0.3,13,3,3,10,8,3,0,3,3,0,8,edgeCount
439,25,42,0.15,3,,clustered,0.5;-0.3,9,9,3,6,0,3,0,3,3,0,0,edgeCount
438,25,43,0.15,2,,clustered,0.5;-0.3,3,3,3,0,0,3,0,3,3,0,0,edgeCount
437,25,50,0.15,1,,clustered,0.5;-0.3,-1,-1,-1,0,0,-1,0,-1,-1,0,0,edgeCount
436,25,44,0.15,3,,clustered,0.5;-0.3,3,3,3,0,0,5,2,5,5,2,0,edgeCount
435,25,37,0.15,1,,clustered,0.5;-0.3,15,25,8,7,4,-1,-9,15,25,7,4,edgeCount
434,25,52,0.15,2,,clustered,0.5;-0.3,4,7,4,0,18,-1,-5,10,7,6,10,edgeCount
433,25,45,0.15,2,,clustered,0.5;-0.3,4,7,4,0,0,4,0,10,10,6,0,edgeCount
432,25,49,0.15,3,,clustered,0.5;-0.3,-1,-1,5,-6,2,-1,-6,15,13,10,2,edgeCount
431,25,42,0.15,1,,clustered,0.5;-0.3,2,2,2,0,0,2,0,2,2,0,0,edgeCount
430,25,44,0.15,2,,clustered,0.5;-0.3,-1,-1,-1,0,0,-1,0,-1,-1,0,0,edgeCount
429,25,39,0.15,1,,clustered,0.5;-0.3,3,3,3,0,0,3,0,3,3,0,0,edgeCount
428,25,38,0.15,1,,clustered,0.5;-0.3,-1,-1,5,-6,0,-1,-6,-1,-1,-6,0,edgeCount
427,25,42,0.15,3,,clustered,0.5;-0.3,3,2,2,1,0,2,0,3,2,1,0,edgeCount
426,25,51,0.15,3,,clustered,0.5;-0.3,3,3,2,1,0,2,0,3,2,1,0,edgeCount
425,25,49,0.15,1,,clustered,0.5;-0.3,3,3,3,0,0,3,0,3,3,0,0,edgeCount
424,25,39,0.15,2,,clustered,0.5;-0.3,-1,-1,4,-5,8,-1,-5,12,16,8,6,edgeCount
423,25,51,0.15,6,,clustered,0.5;-0.3,7,7,2,5,0,2,0,2,2,0,0,edgeCount
422,25,43,0.15,2,,clustered,0.5;-0.3,4,8,4,0,10,8,4,8,8,4,6,edgeCount
421,25,44,0.15,5,,clustered,0.5;-0.3,3,4,3,0,2,5,2,3,3,0,2,edgeCount
420,25,43,0.15,4,,clustered,0.5;-0.3,9,3,3,6,0,3,0,3,3,0,0,edgeCount
419,25,47,0.15,1,,clustered,0.5;-0.3,10,4,4,6,12,-1,-5,10,4,6,12,edgeCount
418,25,42,0.15,2,,clustered,0.5;-0.3,14,2,2,12,10,2,0,2,2,0,6,edgeCount
417,25,47,0.15,2,,clustered,0.5;-0.3,6,6,2,4,0,2,0,6,2,4,0,edgeCount
416,25,56,0.15,4,,clustered,0.5;-0.3,3,3,2,1,0,2,0,2,2,0,0,edgeCount
415,25,50,0.15,6,,clustered,0.5;-0.3,29,3,2,27,4,2,0,7,2,5,2,edgeCount
414,25,45,0.15,2,,clustered,0.5;-0.3,18,12,5,13,2,-1,-6,14,14,9,2,edgeCount
413,25,55,0.15,2,,clustered,0.5;-0.3,2,2,2,0,0,2,0,2,2,0,0,edgeCount
412,25,39,0.15,1,,clustered,0.5;-0.3,2,2,2,0,0,2,0,2,2,0,0,edgeCount
411,25,43,0.15,1,,clustered,0.5;-0.3,9,5,5,4,6,-1,-6,9,5,4,6,edgeCount
410,25,40,0.15,2,,clustered,0.5;-0.3,4,4,4,0,0,4,0,4,4,0,0,edgeCount
409,25,60,0.15,3,,clustered,0.5;-0.3,3,3,3,0,32,-1,-4,5,3,2,14,edgeCount
408,25,42,0.15,3,,clustered,0.5;-0.3,13,6,4,9,0,17,13,17,17,13,0,edgeCount
407,25,35,0.15,1,,clustered,0.5;-0.3,8,8,8,0,0,8,0,8,8,0,0,edgeCount
406,25,53,0.15,2,,clustered,0.5;-0.3,13,5,4,9,0,-1,-5,-1,-1,-5,0,edgeCount
405,25,49,0.15,2,,clustered,0.5;-0.3,6,6,4,2,0,10,6,10,10,6,0,edgeCount
404,25,48,0.15,4,,clustered,0.5;-0.3,17,3,3,14,0,3,0,3,3,0,0,edgeCount
403,25,44,0.15,1,,clustered,0.5;-0.3,5,5,5,0,0,5,0,5,5,0,0,edgeCount
402,25,56,0.15,3,,clustered,0.5;-0.3,4,5,4,0,8,12,8,12,6,8,4,edgeCount
401,25,50,0.15,5,,clustered,0.5;-0.3,10,12,3,7,0,5,2,3,5,0,0,edgeCount
400,25,42,0.15,4,,clustered,0.5;-0.3,6,4,2,4,0,2,0,2,2,0,0,edgeCount
399,25,48,0.15,2,,clustered,0.5;-0.3,8,6,4,4,8,-1,-5,8,14,4,4,edgeCount
398,25,49,0.15,2,,clustered,0.5;-0.3,2,2,2,0,0,2,0,2,2,0,0,edgeCount
397,25,33,0.15,4,,clustered,0.5;-0.3,10,2,2,8,6,4,2,6,2,4,6,edgeCount
396,25,48,0.15,3,,clustered,0.5;-0.3,4,4,4,0,4,12,8,12,13,8,4,edgeCount
395,25,53,0.15,2,,clustered,0.5;-0.3,3,9,3,0,0,-1,-4,-1,-1,-4,0,edgeCount
394,25,58,0.15,2,,clustered,0.5;-0.3,4,16,4,0,0,8,4,8,8,4,0,edgeCount
393,25,39,0.15,1,,clustered,0.5;-0.3,5,5,5,0,0,5,0,5,5,0,0,edgeCount
392,25,39,0.15,1,,clustered,0.5;-0.3,-1,-1,-1,0,0,-1,0,-1,-1,0,0,edgeCount
391,25,44,0.15,1,,clustered,0.5;-0.3,2,2,2,0,2,2,0,2,2,0,2,edgeCount
390,25,50,0.15,3,,clustered,0.5;-0.3,4,5,2,2,8,2,0,6,2,4,4,edgeCount
389,25,25,0.15,3,,clustered,0.5;-0.3,-1,-1,-1,0,2,-1,0,-1,-1,0,2,edgeCount
388,25,40,0.15,1,,clustered,0.5;-0.3,3,3,3,0,0,3,0,3,3,0,0,edgeCount
387,25,52,0.15,3,,clustered,0.5;-0.3,10,14,4,6,0,4,0,10,10,6,0,edgeCount
386,25,51,0.15,3,,clustered,0.5;-0.3,4,4,3,1,0,6,3,6,6,3,0,edgeCount
385,25,42,0.15,2,,clustered,0.5;-0.3,-1,-1,-1,0,0,-1,0,-1,-1,0,0,edgeCount
384,25,48,0.15,1,,clustered,0.5;-0.3,7,11,3,4,8,-1,-4,7,11,4,8,edgeCount
383,25,48,0.15,4,,clustered,0.5;-0.3,4,5,3,1,0,12,9,12,12,9,0,edgeCount
382,25,43,0.15,2,,clustered,0.5;-0.3,3,3,3,0,0,-1,-4,-1,-1,-4,0,edgeCount
381,25,46,0.15,3,,clustered,0.5;-0.3,7,3,3,4,0,3,0,3,3,0,0,edgeCount
380,25,50,0.15,3,,clustered,0.5;-0.3,10,7,4,6,2,12,8,12,12,8,2,edgeCount
379,25,44,0.15,4,,clustered,0.5;-0.3,2,2,2,0,2,6,4,6,6,4,2,edgeCount
378,25,42,0.15,3,,clustered,0.5;-0.3,18,18,6,12,2,-1,-7,17,17,11,2,edgeCount
377,25,48,0.15,1,,clustered,0.5;-0.3,5,5,5,0,0,5,0,5,5,0,0,edgeCount
376,25,50,0.15,2,,clustered,0.5;-0.3,12,10,4,8,0,-1,-5,-1,-1,-5,0,edgeCount
375,25,50,0.15,1,,clustered,0.5;-0.3,-1,-1,-1,0,2,-1,0,-1,-1,0,2,edgeCount
374,25,50,0.15,2,,clustered,0.5;-0.3,6,11,3,3,0,3,0,7,7,4,0,edgeCount
373,25,41,0.15,2,,clustered,0.5;-0.3,6,9,5,1,0,12,7,12,12,7,0,edgeCount
372,25,46,0.15,3,,clustered,0.5;-0.3,8,20,2,6,0,2,0,2,2,0,0,edgeCount
371,25,43,0.15,4,,clustered,0.5;-0.3,3,4,2,1,0,2,0,3,2,1,0,edgeCount
370,25,60,0.15,4,,clustered,0.5;-0.3,6,5,3,3,0,5,2,3,5,0,0,edgeCount
369,25,64,0.15,5,,clustered,0.5;-0.3,4,9,3,1,10,10,7,7,7,4,4,edgeCount
368,25,47,0.15,3,,clustered,0.5;-0.3,4,2,2,2,0,2,0,2,2,0,0,edgeCount
367,25,46,0.15,2,,clustered,0.5;-0.3,8,8,2,6,0,2,0,2,2,0,0,edgeCount
366,25,44,0.15,1,,clustered,0.5;-0.3,3,3,3,0,0,3,0,3,3,0,0,edgeCount
365,25,56,0.15,6,,clustered,0.5;-0.3,3,7,2,1,0,2,0,3,2,1,0,edgeCount
364,25,42,0.15,1,,clustered,0.5;-0.3,15,11,5,10,6,-1,-6,15,11,10,6,edgeCount
363,25,50,0.15,3,,clustered,0.5;-0.3,9,3,3,6,4,3,0,3,3,0,2,edgeCount
362,25,45,0.15,2,,clustered,0.5;-0.3,-1,-1,-1,0,0,-1,0,-1,-1,0,0,edgeCount
361,25,39,0.15,1,,clustered,0.5;-0.3,8,8,6,2,2,6,0,8,8,2,2,edgeCount
360,25,35,0.15,3,,clustered,0.5;-0.3,15,3,3,12,2,3,0,3,3,0,2,edgeCount
359,25,57,0.15,6,,clustered,0.5;-0.3,19,15,3,16,0,5,2,5,5,2,0,edgeCount
358,25,46,0.15,4,,clustered,0.5;-0.3,3,2,2,1,0,4,2,5,4,3,0,edgeCount
357,25,39,0.15,1,,clustered,0.5;-0.3,11,11,6,5,2,-1,-7,11,11,5,2,edgeCount
356,25,40,0.15,2,,clustered,0.5;-0.3,6,4,4,2,8,-1,-5,16,10,12,4,edgeCount
355,25,41,0.15,1,,clustered,0.5;-0.3,6,4,4,2,6,-1,-5,6,4,2,6,edgeCount
354,25,45,0.15,3,,clustered,0.5;-0.3,3,3,3,0,4,5,2,3,5,0,2,edgeCount
353,25,45,0.15,1,,clustered,0.5;-0.3,3,3,3,0,0,3,0,3,3,0,0,edgeCount
352,25,50,0.15,2,,clustered,0.5;-0.3,14,14,4,10,12,8,4,8,13,4,6,edgeCount
351,25,44,0.15,1,,clustered,0.5;-0.3,-1,-1,-1,0,0,-1,0,-1,-1,0,0,edgeCount
350,25,43,0.15,5,,clustered,0.5;-0.3,8,8,2,6,0,2,0,4,2,2,0,edgeCount
349,25,43,0.15,1,,clustered,0.5;-0.3,4,16,4,0,4,4,0,4,16,0,4,edgeCount
348,25,49,0.15,4,,clustered,0.5;-0.3,8,16,2,6,0,2,0,10,2,8,0,edgeCount
347,25,43,0.15,2,,clustered,0.5;-0.3,4,9,4,0,0,10,6,4,4,0,0,edgeCount
346,25,48,0.15,1,,clustered,0.5;-0.3,8,8,5,3,4,-1,-6,8,8,3,4,edgeCount
345,25,43,0.15,3,,clustered,0.5;-0.3,3,3,3,0,0,5,2,3,5,0,0,edgeCount
344,25,37,0.15,2,,clustered,0.5;-0.3,4,9,3,1,2,3,0,3,3,0,2,edgeCount
343,25,42,0.15,2,,clustered,0.5;-0.3,11,7,5,6,2,-1,-6,9,9,4,2,edgeCount
342,25,38,0.15,1,,clustered,0.5;-0.3,12,12,6,6,4,-1,-7,12,12,6,4,edgeCount
341,25,42,0.15,2,,clustered,0.5;-0.3,5,5,3,2,6,-1,-4,17,17,14,4,edgeCount
340,25,47,0.15,4,,clustered,0.5;-0.3,3,4,3,0,6,7,4,7,7,4,4,edgeCount
339,25,53,0.15,4,,clustered,0.5;-0.3,4,8,4,0,0,8,4,8,8,4,0,edgeCount
338,25,37,0.15,1,,clustered,0.5;-0.3,2,2,2,0,4,2,0,2,2,0,4,edgeCount
337,25,49,0.15,3,,clustered,0.5;-0.3,6,2,2,4,0,2,0,6,2,4,0,edgeCount
336,25,45,0.15,3,,clustered,0.5;-0.3,15,7,3,12,0,3,0,3,3,0,0,edgeCount
335,25,44,0.15,2,,clustered,0.5;-0.3,-1,-1,-1,0,0,-1,0,-1,-1,0,0,edgeCount
334,25,55,0.15,5,,clustered,0.5;-0.3,5,5,3,2,0,5,2,5,5,2,0,edgeCount
333,25,51,0.15,4,,clustered,0.5;-0.3,8,3,3,5,0,10,7,10,10,7,0,edgeCount
332,25,41,0.15,3,,clustered,0.5;-0.3,6,6,4,2,0,5,1,13,13,9,0,edgeCount
331,25,46,0.15,2,,clustered,0.5;-0.3,-1,-1,4,-5,0,-1,-5,-1,-1,-5,0,edgeCount
330,25,45,0.15,3,,clustered,0.5;-0.3,5,7,3,2,0,3,0,3,3,0,0,edgeCount
329,25,48,0.15,2,,clustered,0.5;-0.3,3,5,3,0,4,3,0,3,3,0,2,edgeCount
328,25,39,0.15,2,,clustered,0.5;-0.3,14,8,6,8,4,-1,-7,16,12,10,4,edgeCount
327,25,39,0.15,3,,clustered,0.5;-0.3,35,11,6,29,2,-1,-7,29,21,23,2,edgeCount
326,25,49,0.15,2,,clustered,0.5;-0.3,16,12,5,11,8,-1,-6,16,12,11,8,edgeCount
325,25,41,0.15,2,,clustered,0.5;-0.3,6,2,2,4,2,2,0,2,2,0,2,edgeCount
324,25,43,0.15,1,,clustered,0.5;-0.3,5,5,5,0,0,5,0,5,5,0,0,edgeCount
323,25,45,0.15,3,,clustered,0.5;-0.3,-1,-1,-1,0,0,-1,0,-1,-1,0,0,edgeCount
322,25,51,0.15,6,,clustered,0.5;-0.3,24,8,3,21,0,30,27,30,30,27,0,edgeCount
321,25,53,0.15,5,,clustered,0.5;-0.3,24,7,4,20,6,-1,-5,20,20,16,4,edgeCount
320,25,51,0.15,2,,clustered,0.5;-0.3,8,7,4,4,14,-1,-5,12,6,8,8,edgeCount
319,25,46,0.15,3,,clustered,0.5;-0.3,4,4,4,0,0,16,12,4,4,0,0,edgeCount
318,25,42,0.15,5,,clustered,0.5;-0.3,4,2,2,2,0,2,0,2,2,0,0,edgeCount
317,25,56,0.15,1,,clustered,0.5;-0.3,2,2,2,0,6,2,0,2,2,0,6,edgeCount
316,25,50,0.15,4,,clustered,0.5;-0.3,3,2,2,1,0,4,2,3,4,1,0,edgeCount
315,25,43,0.15,2,,clustered,0.5;-0.3,2,2,2,0,0,2,0,2,2,0,0,edgeCount
314,25,31,0.15,2,,clustered,0.5;-0.3,2,2,2,0,0,2,0,2,2,0,0,edgeCount
313,25,49,0.15,5,,clustered,0.5;-0.3,3,5,3,0,0,7,4,7,5,4,0,edgeCount
312,25,48,0.15,4,,clustered,0.5;-0.3,10,3,3,7,6,3,0,3,3,0,4,edgeCount
311,25,45,0.15,3,,clustered,0.5;-0.3,8,6,4,4,4,-1,-5,-1,-1,-5,2,edgeCount
310,25,37,0.15,3,,clustered,0.5;-0.3,13,5,4,9,4,-1,-5,12,12,8,4,edgeCount
309,25,46,0.15,2,,clustered,0.5;-0.3,-1,-1,-1,0,6,-1,0,-1,-1,0,4,edgeCount
308,25,50,0.15,5,,clustered,0.5;-0.3,8,10,2,6,0,2,0,2,2,0,0,edgeCount
307,25,42,0.15,4,,clustered,0.5;-0.3,6,6,2,4,2,2,0,2,2,0,2,edgeCount
306,25,41,0.15,3,,clustered,0.5;-0.3,3,3,3,0,0,3,0,3,3,0,0,edgeCount
305,25,47,0.15,3,,clustered,0.5;-0.3,4,14,4,0,0,4,0,4,4,0,0,edgeCount
304,25,39,0.15,2,,clustered,0.5;-0.3,8,5,5,3,2,5,0,5,17,0,2,edgeCount
303,25,38,0.15,3,,clustered,0.5;-0.3,5,8,4,1,0,11,7,11,11,7,0,edgeCount
302,25,38,0.15,2,,clustered,0.5;-0.3,4,10,4,0,0,-1,-5,-1,-1,-5,0,edgeCount
301,25,44,0.15,2,,clustered,0.5;-0.3,3,3,3,0,0,4,1,4,3,1,0,edgeCount
300,25,46,0.15,3,,clustered,0.5;-0.3,4,8,3,1,0,8,5,8,8,5,0,edgeCount
299,25,43,0.15,1,,clustered,0.5;-0.3,4,14,4,0,2,4,0,4,14,0,2,edgeCount
298,25,43,0.15,2,,clustered,0.5;-0.3,3,3,3,0,0,-1,-4,5,3,2,0,edgeCount
297,25,47,0.15,1,,clustered,0.5;-0.3,-1,-1,4,-5,2,-1,-5,-1,-1,-5,2,edgeCount
296,25,47,0.15,1,,clustered,0.5;-0.3,8,8,5,3,6,-1,-6,8,8,3,6,edgeCount
295,25,42,0.15,3,,clustered,0.5;-0.3,4,4,4,0,0,6,2,6,6,2,0,edgeCount
294,25,52,0.15,2,,clustered,0.5;-0.3,6,6,5,1,8,-1,-6,19,17,14,4,edgeCount
293,25,41,0.15,3,,clustered,0.5;-0.3,-1,-1,3,-4,0,-1,-4,-1,-1,-4,0,edgeCount
292,25,36,0.15,1,,clustered,0.5;-0.3,4,4,4,0,0,4,0,4,4,0,0,edgeCount
291,25,38,0.15,3,,clustered,0.5;-0.3,7,2,2,5,4,2,0,2,2,0,4,edgeCount
290,25,52,0.15,3,,clustered,0.5;-0.3,13,10,5,8,0,13,8,13,13,8,0,edgeCount
289,25,45,0.15,4,,clustered,0.5;-0.3,8,4,4,4,2,12,8,12,12,8,2,edgeCount
288,25,40,0.15,1,,clustered,0.5;-0.3,3,9,3,0,2,3,0,3,9,0,2,edgeCount
287,25,44,0.15,2,,clustered,0.5;-0.3,-1,-1,-1,0,0,-1,0,-1,-1,0,0,edgeCount
286,25,43,0.15,3,,clustered,0.5;-0.3,11,15,3,8,6,3,0,3,3,0,6,edgeCount
285,25,43,0.15,3,,clustered,0.5;-0.3,5,4,4,1,0,4,0,4,4,0,0,edgeCount
284,25,41,0.15,2,,clustered,0.5;-0.3,8,4,4,4,0,4,0,4,4,0,0,edgeCount
283,25,52,0.15,5,,clustered,0.5;-0.3,4,28,4,0,4,10,6,10,10,6,4,edgeCount
282,25,44,0.15,1,,clustered,0.5;-0.3,5,5,5,0,2,5,0,5,5,0,2,edgeCount
281,25,47,0.15,2,,clustered,0.5;-0.3,-1,-1,-1,0,0,-1,0,-1,-1,0,0,edgeCount
280,25,56,0.15,3,,clustered,0.5;-0.3,13,19,3,10,16,-1,-4,14,16,11,8,edgeCount
279,25,52,0.15,3,,clustered,0.5;-0.3,5,6,5,0,0,9,4,9,9,4,0,edgeCount
278,25,50,0.15,5,,clustered,0.5;-0.3,4,14,3,1,0,11,8,3,3,0,0,edgeCount
277,25,54,0.15,3,,clustered,0.5;-0.3,2,2,2,0,0,2,0,2,2,0,0,edgeCount
276,25,46,0.15,4,,clustered,0.5;-0.3,23,3,3,20,0,3,0,3,3,0,0,edgeCount
275,25,41,0.15,2,,clustered,0.5;-0.3,2,2,2,0,0,2,0,2,2,0,0,edgeCount
274,25,48,0.15,3,,clustered,0.5;-0.3,8,8,3,5,0,8,5,8,8,5,0,edgeCount
273,25,50,0.15,3,,clustered,0.5;-0.3,4,2,2,2,0,2,0,2,2,0,0,edgeCount
272,25,44,0.15,1,,clustered,0.5;-0.3,2,2,2,0,6,2,0,2,2,0,6,edgeCount
271,25,56,0.15,4,,clustered,0.5;-0.3,7,7,3,4,2,7,4,7,7,4,2,edgeCount
270,25,37,0.15,3,,clustered,0.5;-0.3,5,11,3,2,0,3,0,3,3,0,0,edgeCount
269,25,49,0.15,1,,clustered,0.5;-0.3,3,11,3,0,4,3,0,3,11,0,4,edgeCount
268,25,37,0.15,1,,clustered,0.5;-0.3,-1,-1,5,-6,0,-1,-6,-1,-1,-6,0,edgeCount
267,25,45,0.15,2,,clustered,0.5;-0.3,9,11,5,4,8,-1,-6,15,15,10,4,edgeCount
266,25,40,0.15,1,,clustered,0.5;-0.3,3,4,3,0,4,3,0,3,4,0,4,edgeCount
265,25,40,0.15,3,,clustered,0.5;-0.3,2,2,2,0,0,4,2,4,4,2,0,edgeCount
264,25,42,0.15,1,,clustered,0.5;-0.3,-1,-1,-1,0,6,-1,0,-1,-1,0,6,edgeCount
263,25,52,0.15,5,,clustered,0.5;-0.3,4,6,4,0,0,8,4,8,8,4,0,edgeCount
262,25,59,0.15,3,,clustered,0.5;-0.3,10,10,2,8,0,2,0,2,2,0,0,edgeCount
261,25,45,0.15,3,,clustered,0.5;-0.3,3,8,3,0,0,7,4,7,3,4,0,edgeCount
260,25,41,0.15,1,,clustered,0.5;-0.3,2,2,2,0,10,2,0,2,2,0,10,edgeCount
259,25,41,0.15,4,,clustered,0.5;-0.3,12,12,3,9,0,14,11,14,14,11,0,edgeCount
258,25,31,0.15,4,,clustered,0.5;-0.3,-1,-1,-1,0,0,-1,0,-1,-1,0,0,edgeCount
257,25,43,0.15,1,,clustered,0.5;-0.3,4,10,4,0,6,4,0,4,10,0,6,edgeCount
256,25,41,0.15,3,,clustered,0.5;-0.3,2,2,2,0,0,4,2,4,4,2,0,edgeCount
255,25,47,0.15,4,,clustered,0.5;-0.3,3,11,2,1,0,2,0,7,2,5,0,edgeCount
254,25,39,0.15,2,,clustered,0.5;-0.3,4,4,4,0,0,4,0,4,4,0,0,edgeCount
253,25,35,0.15,2,,clustered,0.5;-0.3,3,7,3,0,0,7,4,7,7,4,0,edgeCount
252,25,47,0.15,3,,clustered,0.5;-0.3,3,6,3,0,0,7,4,7,7,4,0,edgeCount
251,25,38,0.15,4,,clustered,0.5;-0.3,10,16,4,6,0,8,4,8,8,4,0,edgeCount
250,25,44,0.15,3,,clustered,0.5;-0.3,5,8,4,1,0,4,0,4,4,0,0,edgeCount
249,25,48,0.15,4,,clustered,0.5;-0.3,4,7,4,0,0,14,10,14,14,10,0,edgeCount
248,25,37,0.15,3,,clustered,0.5;-0.3,3,3,3,0,0,5,2,5,5,2,0,edgeCount
247,25,51,0.15,2,,clustered,0.5;-0.3,3,7,3,0,14,5,2,5,8,2,10,edgeCount
246,25,46,0.15,1,,clustered,0.5;-0.3,5,9,3,2,10,-1,-4,5,9,2,10,edgeCount
245,25,51,0.15,4,,clustered,0.5;-0.3,7,7,3,4,0,7,4,7,7,4,0,edgeCount
244,25,45,0.15,2,,clustered,0.5;-0.3,4,4,2,2,0,2,0,2,2,0,0,edgeCount
243,25,43,0.15,4,,clustered,0.5;-0.3,9,3,2,7,6,2,0,3,2,1,4,edgeCount
242,25,46,0.15,4,,clustered,0.5;-0.3,3,3,3,0,0,3,0,3,3,0,0,edgeCount
241,25,58,0.15,4,,clustered,0.5;-0.3,4,3,3,1,0,3,0,3,3,0,0,edgeCount
240,25,51,0.15,1,,clustered,0.5;-0.3,3,3,3,0,0,3,0,3,3,0,0,edgeCount
239,25,47,0.15,2,,clustered,0.5;-0.3,12,2,2,10,8,2,0,2,2,0,6,edgeCount
238,25,40,0.15,2,,clustered,0.5;-0.3,6,6,5,1,0,12,7,12,12,7,0,edgeCount
237,25,35,0.15,3,,clustered,0.5;-0.3,-1,-1,7,-8,2,-1,-8,-1,-1,-8,2,edgeCount
236,25,50,0.15,4,,clustered,0.5;-0.3,9,5,3,6,4,3,0,3,3,0,2,edgeCount
235,25,49,0.15,5,,clustered,0.5;-0.3,2,4,2,0,0,4,2,3,4,1,0,edgeCount
234,25,38,0.15,3,,clustered,0.5;-0.3,7,13,4,3,2,11,7,11,11,7,2,edgeCount
233,25,42,0.15,3,,clustered,0.5;-0.3,8,4,3,5,6,-1,-4,10,10,7,4,edgeCount
232,25,50,0.15,3,,clustered,0.5;-0.3,16,10,4,12,4,8,4,8,8,4,2,edgeCount
231,25,43,0.15,2,,clustered,0.5;-0.3,5,5,3,2,6,-1,-4,17,17,14,4,edgeCount
230,25,44,0.15,2,,clustered,0.5;-0.3,4,12,4,0,8,-1,-5,-1,-1,-5,4,edgeCount
229,25,45,0.15,3,,clustered,0.5;-0.3,2,2,2,0,0,2,0,2,2,0,0,edgeCount
228,25,39,0.15,3,,clustered,0.5;-0.3,6,6,4,2,0,8,4,8,8,4,0,edgeCount
227,25,38,0.15,2,,clustered,0.5;-0.3,5,10,3,2,4,-1,-4,9,5,6,2,edgeCount
226,25,48,0.15,4,,clustered,0.5;-0.3,9,9,2,7,0,2,0,6,2,4,0,edgeCount
225,25,45,0.15,3,,clustered,0.5;-0.3,8,2,2,6,0,2,0,2,2,0,0,edgeCount
224,25,47,0.15,2,,clustered,0.5;-0.3,5,10,5,0,4,11,6,11,21,6,4,edgeCount
223,25,46,0.15,4,,clustered,0.5;-0.3,8,11,4,4,0,12,8,16,16,12,0,edgeCount
222,25,49,0.15,3,,clustered,0.5;-0.3,4,8,3,1,14,5,2,5,5,2,6,edgeCount
221,25,46,0.15,1,,clustered,0.5;-0.3,-1,-1,-1,0,0,-1,0,-1,-1,0,0,edgeCount
220,25,58,0.15,1,,clustered,0.5;-0.3,3,4,3,0,8,3,0,3,4,0,8,edgeCount
219,25,48,0.15,1,,clustered,0.5;-0.3,3,3,3,0,0,3,0,3,3,0,0,edgeCount
218,25,47,0.15,1,,clustered,0.5;-0.3,3,3,3,0,0,3,0,3,3,0,0,edgeCount
217,25,46,0.15,3,,clustered,0.5;-0.3,4,4,2,2,0,2,0,2,2,0,0,edgeCount
216,25,41,0.15,3,,clustered,0.5;-0.3,6,6,4,2,0,14,10,14,14,10,0,edgeCount
215,25,48,0.15,3,,clustered,0.5;-0.3,39,7,5,34,4,-1,-6,-1,-1,-6,2,edgeCount
214,25,44,0.15,4,,clustered,0.5;-0.3,2,2,2,0,0,4,2,4,4,2,0,edgeCount
213,25,51,0.15,3,,clustered,0.5;-0.3,5,25,3,2,6,7,4,7,7,4,4,edgeCount
212,25,45,0.15,2,,clustered,0.5;-0.3,8,8,4,4,0,8,4,8,8,4,0,edgeCount
211,25,54,0.15,3,,clustered,0.5;-0.3,3,2,2,1,20,2,0,2,2,0,10,edgeCount
210,25,53,0.15,1,,clustered,0.5;-0.3,5,5,5,0,0,5,0,5,5,0,0,edgeCount
209,25,39,0.15,1,,clustered,0.5;-0.3,10,10,6,4,4,-1,-7,10,10,4,4,edgeCount
208,25,30,0.15,2,,clustered,0.5;-0.3,6,6,6,0,0,-1,-7,-1,-1,-7,0,edgeCount
207,25,36,0.15,2,,clustered,0.5;-0.3,5,5,5,0,4,7,2,7,8,2,2,edgeCount
206,25,40,0.15,1,,clustered,0.5;-0.3,7,7,5,2,6,-1,-6,7,7,2,6,edgeCount
205,25,38,0.15,3,,clustered,0.5;-0.3,11,3,3,8,6,3,0,3,3,0,4,edgeCount
204,25,35,0.15,1,,clustered,0.5;-0.3,4,4,4,0,0,4,0,4,4,0,0,edgeCount
203,25,45,0.15,2,,clustered,0.5;-0.3,4,4,4,0,0,10,6,4,4,0,0,edgeCount
202,25,44,0.15,4,,clustered,0.5;-0.3,7,7,3,4,2,3,0,7,7,4,2,edgeCount
201,25,60,0.15,2,,clustered,0.5;-0.3,13,13,4,9,18,-1,-5,12,12,8,10,edgeCount
200,25,36,0.15,2,,clustered,0.5;-0.3,14,6,5,9,4,-1,-6,-1,-1,-6,4,edgeCount
199,25,37,0.15,2,,clustered,0.5;-0.3,12,12,5,7,0,-1,-6,-1,-1,-6,0,edgeCount
198,25,50,0.15,6,,clustered,0.5;-0.3,2,2,2,0,0,2,0,2,2,0,0,edgeCount
197,25,50,0.15,3,,clustered,0.5;-0.3,16,7,5,11,12,-1,-6,18,18,13,6,edgeCount
196,25,42,0.15,2,,clustered,0.5;-0.3,3,3,3,0,0,3,0,3,3,0,0,edgeCount
195,25,47,0.15,1,,clustered,0.5;-0.3,10,6,6,4,8,-1,-7,10,6,4,8,edgeCount
194,25,36,0.15,1,,clustered,0.5;-0.3,-1,-1,6,-7,2,-1,-7,-1,-1,-7,2,edgeCount
193,25,44,0.15,1,,clustered,0.5;-0.3,4,4,4,0,4,4,0,4,4,0,4,edgeCount
192,25,41,0.15,1,,clustered,0.5;-0.3,7,7,5,2,6,-1,-6,7,7,2,6,edgeCount
191,25,48,0.15,3,,clustered,0.5;-0.3,3,3,3,0,8,5,2,5,7,2,6,edgeCount
190,25,39,0.15,2,,clustered,0.5;-0.3,6,6,4,2,0,6,2,6,6,2,0,edgeCount
189,25,43,0.15,1,,clustered,0.5;-0.3,9,9,5,4,2,-1,-6,9,9,4,2,edgeCount
188,25,34,0.15,2,,clustered,0.5;-0.3,-1,-1,-1,0,0,-1,0,-1,-1,0,0,edgeCount
187,25,38,0.15,2,,clustered,0.5;-0.3,7,3,3,4,4,3,0,3,3,0,2,edgeCount
186,25,46,0.15,2,,clustered,0.5;-0.3,6,6,2,4,0,2,0,6,2,4,0,edgeCount
185,25,44,0.15,3,,clustered,0.5;-0.3,10,3,3,7,6,3,0,3,3,0,4,edgeCount
184,25,37,0.15,3,,clustered,0.5;-0.3,2,2,2,0,0,2,0,2,2,0,0,edgeCount
183,25,50,0.15,2,,clustered,0.5;-0.3,3,3,3,0,0,5,2,3,5,0,0,edgeCount
182,25,52,0.15,5,,clustered,0.5;-0.3,17,3,3,14,10,3,0,3,9,0,6,edgeCount
181,25,45,0.15,3,,clustered,0.5;-0.3,5,5,2,3,0,2,0,2,2,0,0,edgeCount
180,25,59,0.15,3,,clustered,0.5;-0.3,5,2,2,3,10,2,0,2,2,0,4,edgeCount
179,25,38,0.15,2,,clustered,0.5;-0.3,3,3,3,0,0,3,0,3,3,0,0,edgeCount
178,25,39,0.15,3,,clustered,0.5;-0.3,6,12,4,2,0,12,8,12,12,8,0,edgeCount
177,25,46,0.15,1,,clustered,0.5;-0.3,5,5,5,0,4,-1,-6,5,5,0,4,edgeCount
176,25,34,0.15,2,,clustered,0.5;-0.3,5,5,5,0,2,5,0,5,5,0,2,edgeCount
175,25,55,0.15,3,,clustered,0.5;-0.3,3,2,2,1,0,4,2,5,4,3,0,edgeCount
174,25,31,0.15,2,,clustered,0.5;-0.3,8,8,2,6,2,2,0,2,2,0,2,edgeCount
173,25,37,0.15,1,,clustered,0.5;-0.3,3,3,3,0,6,3,0,3,3,0,6,edgeCount
172,25,51,0.15,6,,clustered,0.5;-0.3,6,6,2,4,2,2,0,2,2,0,2,edgeCount
171,25,43,0.15,3,,clustered,0.5;-0.3,5,5,3,2,6,-1,-4,13,11,10,4,edgeCount
170,25,50,0.15,4,,clustered,0.5;-0.3,4,4,2,2,0,4,2,4,4,2,0,edgeCount
169,25,38,0.15,3,,clustered,0.5;-0.3,3,3,3,0,0,3,0,3,3,0,0,edgeCount
168,25,50,0.15,4,,clustered,0.5;-0.3,2,2,2,0,0,2,0,2,2,0,0,edgeCount
167,25,46,0.15,2,,clustered,0.5;-0.3,4,5,3,1,4,8,5,8,8,5,4,edgeCount
166,25,44,0.15,4,,clustered,0.5;-0.3,9,10,3,6,0,5,2,5,5,2,0,edgeCount
165,25,42,0.15,3,,clustered,0.5;-0.3,8,8,2,6,0,2,0,6,2,4,0,edgeCount
164,25,51,0.15,3,,clustered,0.5;-0.3,3,15,3,0,0,7,4,7,7,4,0,edgeCount
163,25,38,0.15,3,,clustered,0.5;-0.3,3,3,2,1,0,2,0,3,2,1,0,edgeCount
162,25,47,0.15,4,,clustered,0.5;-0.3,7,7,3,4,0,7,4,7,7,4,0,edgeCount
161,25,56,0.15,4,,clustered,0.5;-0.3,16,6,3,13,22,-1,-4,15,8,12,12,edgeCount
160,25,44,0.15,1,,clustered,0.5;-0.3,2,2,2,0,8,2,0,2,2,0,8,edgeCount
159,25,44,0.15,2,,clustered,0.5;-0.3,6,4,4,2,0,-1,-5,-1,-1,-5,0,edgeCount
158,25,49,0.15,2,,clustered,0.5;-0.3,3,6,3,0,4,5,2,5,5,2,2,edgeCount
157,25,48,0.15,1,,clustered,0.5;-0.3,3,3,3,0,0,3,0,3,3,0,0,edgeCount
156,25,55,0.15,3,,clustered,0.5;-0.3,4,5,4,0,0,4,0,4,4,0,0,edgeCount
155,25,43,0.15,3,,clustered,0.5;-0.3,3,4,3,0,4,3,0,3,3,0,4,edgeCount
154,25,36,0.15,1,,clustered,0.5;-0.3,5,5,5,0,0,5,0,5,5,0,0,edgeCount
153,25,33,0.15,2,,clustered,0.5;-0.3,2,2,2,0,0,2,0,2,2,0,0,edgeCount
152,25,48,0.15,2,,clustered,0.5;-0.3,2,2,2,0,0,2,0,2,2,0,0,edgeCount
151,25,47,0.15,1,,clustered,0.5;-0.3,3,3,3,0,0,3,0,3,3,0,0,edgeCount
150,25,35,0.15,4,,clustered,0.5;-0.3,3,6,3,0,0,7,4,7,7,4,0,edgeCount
149,25,53,0.15,2,,clustered,0.5;-0.3,3,7,3,0,8,3,0,3,3,0,4,edgeCount
148,25,43,0.15,2,,clustered,0.5;-0.3,3,11,3,0,0,-1,-4,-1,-1,-4,0,edgeCount
147,25,51,0.15,3,,clustered,0.5;-0.3,8,2,2,6,0,2,0,6,2,4,0,edgeCount
146,25,53,0.15,4,,clustered,0.5;-0.3,16,3,2,14,4,2,0,3,2,1,2,edgeCount
145,25,42,0.15,1,,clustered,0.5;-0.3,4,4,4,0,0,4,0,4,4,0,0,edgeCount
144,25,43,0.15,1,,clustered,0.5;-0.3,3,3,3,0,0,3,0,3,3,0,0,edgeCount
143,25,39,0.15,2,,clustered,0.5;-0.3,13,11,3,10,2,-1,-4,14,14,11,2,edgeCount
142,25,52,0.15,3,,clustered,0.5;-0.3,12,5,3,9,0,3,0,3,3,0,0,edgeCount
141,25,42,0.15,2,,clustered,0.5;-0.3,9,3,3,6,4,3,0,3,3,0,4,edgeCount
140,25,52,0.15,3,,clustered,0.5;-0.3,7,7,5,2,8,-1,-6,-1,-1,-6,4,edgeCount
139,25,55,0.15,5,,clustered,0.5;-0.3,3,3,2,1,0,2,0,3,2,1,0,edgeCount
138,25,50,0.15,3,,clustered,0.5;-0.3,3,4,3,0,0,3,0,3,3,0,0,edgeCount
137,25,44,0.15,1,,clustered,0.5;-0.3,3,3,3,0,8,3,0,3,3,0,8,edgeCount
136,25,49,0.15,4,,clustered,0.5;-0.3,4,4,4,0,0,4,0,4,4,0,0,edgeCount
135,25,40,0.15,3,,clustered,0.5;-0.3,10,3,3,7,0,3,0,3,3,0,0,edgeCount
134,25,33,0.15,2,,clustered,0.5;-0.3,-1,-1,6,-7,0,-1,-7,-1,-1,-7,0,edgeCount
133,25,41,0.15,4,,clustered,0.5;-0.3,4,4,2,2,0,2,0,2,2,0,0,edgeCount
132,25,49,0.15,3,,clustered,0.5;-0.3,-1,-1,-1,0,0,-1,0,-1,-1,0,0,edgeCount
131,25,46,0.15,4,,clustered,0.5;-0.3,17,11,3,14,0,3,0,3,3,0,0,edgeCount
130,25,43,0.15,2,,clustered,0.5;-0.3,4,5,3,1,6,8,5,8,8,5,6,edgeCount
129,25,41,0.15,1,,clustered,0.5;-0.3,6,7,4,2,10,-1,-5,6,7,2,10,edgeCount
128,25,30,0.15,2,,clustered,0.5;-0.3,7,3,3,4,0,3,0,7,7,4,0,edgeCount
127,25,42,0.15,2,,clustered,0.5;-0.3,-1,-1,-1,0,0,-1,0,-1,-1,0,0,edgeCount
126,25,38,0.15,2,,clustered,0.5;-0.3,12,6,4,8,8,-1,-5,9,9,5,6,edgeCount
125,25,47,0.15,3,,clustered,0.5;-0.3,3,3,3,0,0,7,4,7,7,4,0,edgeCount
124,25,50,0.15,1,,clustered,0.5;-0.3,5,6,5,0,8,-1,-6,5,6,0,8,edgeCount
123,25,44,0.15,2,,clustered,0.5;-0.3,5,5,3,2,0,-1,-4,5,5,2,0,edgeCount
122,25,44,0.15,1,,clustered,0.5;-0.3,4,4,4,0,8,4,0,4,4,0,8,edgeCount
121,25,46,0.15,3,,clustered,0.5;-0.3,14,8,2,12,0,2,0,2,2,0,0,edgeCount
120,25,44,0.15,3,,clustered,0.5;-0.3,14,14,2,12,0,2,0,2,2,0,0,edgeCount
119,25,39,0.15,3,,clustered,0.5;-0.3,3,3,3,0,0,3,0,3,3,0,0,edgeCount
118,25,36,0.15,1,,clustered,0.5;-0.3,5,5,5,0,4,5,0,5,5,0,4,edgeCount
117,25,41,0.15,4,,clustered,0.5;-0.3,7,6,2,5,0,2,0,6,2,4,0,edgeCount
116,25,50,0.15,4,,clustered,0.5;-0.3,3,3,3,0,0,3,0,3,3,0,0,edgeCount
115,25,45,0.15,2,,clustered,0.5;-0.3,3,3,3,0,0,3,0,3,3,0,0,edgeCount
114,25,65,0.15,4,,clustered,0.5;-0.3,3,2,2,1,16,2,0,2,2,0,8,edgeCount
113,25,49,0.15,4,,clustered,0.5;-0.3,4,7,3,1,4,3,0,3,3,0,2,edgeCount
112,25,33,0.15,1,,clustered,0.5;-0.3,-1,-1,-1,0,2,-1,0,-1,-1,0,2,edgeCount
111,25,41,0.15,2,,clustered,0.5;-0.3,3,3,3,0,10,5,2,5,5,2,6,edgeCount
110,25,38,0.15,1,,clustered,0.5;-0.3,5,5,5,0,0,5,0,5,5,0,0,edgeCount
109,25,50,0.15,1,,clustered,0.5;-0.3,3,15,3,0,12,3,0,3,15,0,12,edgeCount
108,25,45,0.15,2,,clustered,0.5;-0.3,3,7,3,0,4,3,0,3,3,0,2,edgeCount
107,25,46,0.15,3,,clustered,0.5;-0.3,15,10,5,10,4,17,12,17,21,12,2,edgeCount
106,25,42,0.15,1,,clustered,0.5;-0.3,6,6,6,0,4,6,0,6,6,0,4,edgeCount
105,25,46,0.15,4,,clustered,0.5;-0.3,12,2,2,10,0,2,0,6,2,4,0,edgeCount
104,25,42,0.15,2,,clustered,0.5;-0.3,3,11,3,0,0,3,0,3,3,0,0,edgeCount
103,25,57,0.15,1,,clustered,0.5;-0.3,3,3,3,0,0,3,0,3,3,0,0,edgeCount
102,25,47,0.15,3,,clustered,0.5;-0.3,3,6,3,0,0,7,4,7,7,4,0,edgeCount
101,25,42,0.15,2,,clustered,0.5;-0.3,6,6,2,4,0,2,0,6,2,4,0,edgeCount
100,25,47,0.15,1,,clustered,0.5;-0.3,8,8,4,4,12,-1,-5,8,8,4,12,edgeCount
99,25,36,0.15,2,,clustered,0.5;-0.3,4,3,3,1,0,3,0,3,3,0,0,edgeCount
98,25,45,0.15,4,,clustered,0.5;-0.3,21,12,3,18,2,7,4,7,7,4,2,edgeCount
97,25,55,0.15,4,,clustered,0.5;-0.3,3,14,3,0,4,9,6,7,9,4,2,edgeCount
96,25,56,0.15,3,,clustered,0.5;-0.3,7,6,3,4,0,3,0,7,7,4,0,edgeCount
95,25,42,0.15,4,,clustered,0.5;-0.3,3,4,3,0,2,7,4,7,7,4,2,edgeCount
94,25,47,0.15,3,,clustered,0.5;-0.3,4,7,4,0,0,12,8,8,8,4,0,edgeCount
93,25,47,0.15,3,,clustered,0.5;-0.3,4,4,2,2,4,2,0,3,2,1,4,edgeCount
92,25,45,0.15,3,,clustered,0.5;-0.3,9,6,3,6,0,7,4,3,3,0,0,edgeCount
91,25,53,0.15,1,,clustered,0.5;-0.3,-1,-1,5,-6,4,-1,-6,-1,-1,-6,4,edgeCount
90,25,48,0.15,3,,clustered,0.5;-0.3,3,5,3,0,0,9,6,7,9,4,0,edgeCount
89,25,46,0.15,2,,clustered,0.5;-0.3,4,11,4,0,0,4,0,4,4,0,0,edgeCount
88,25,46,0.15,4,,clustered,0.5;-0.3,3,12,3,0,0,11,8,7,7,4,0,edgeCount
87,25,44,0.15,1,,clustered,0.5;-0.3,3,3,3,0,0,3,0,3,3,0,0,edgeCount
86,25,42,0.15,3,,clustered,0.5;-0.3,4,7,4,0,0,10,6,10,10,6,0,edgeCount
85,25,46,0.15,2,,clustered,0.5;-0.3,16,16,4,12,0,-1,-5,-1,-1,-5,0,edgeCount
84,25,41,0.15,3,,clustered,0.5;-0.3,11,6,3,8,2,3,0,3,3,0,2,edgeCount
83,25,44,0.15,2,,clustered,0.5;-0.3,6,6,2,4,0,2,0,2,2,0,0,edgeCount
82,25,53,0.15,3,,clustered,0.5;-0.3,9,3,3,6,10,3,0,3,3,0,6,edgeCount
81,25,40,0.15,4,,clustered,0.5;-0.3,3,3,2,1,0,2,0,3,2,1,0,edgeCount
80,25,46,0.15,2,,clustered,0.5;-0.3,4,4,4,0,0,4,0,4,4,0,0,edgeCount
79,25,44,0.15,3,,clustered,0.5;-0.3,4,3,3,1,0,3,0,3,3,0,0,edgeCount
78,25,48,0.15,1,,clustered,0.5;-0.3,3,3,3,0,0,3,0,3,3,0,0,edgeCount
77,25,43,0.15,2,,clustered,0.5;-0.3,7,11,3,4,0,3,0,7,7,4,0,edgeCount
76,25,50,0.15,3,,clustered,0.5;-0.3,7,7,4,3,0,7,3,7,7,3,0,edgeCount
75,25,46,0.15,3,,clustered,0.5;-0.3,4,4,2,2,0,4,2,4,4,2,0,edgeCount
74,25,43,0.15,1,,clustered,0.5;-0.3,3,3,3,0,0,3,0,3,3,0,0,edgeCount
73,25,49,0.15,4,,clustered,0.5;-0.3,3,8,3,0,0,7,4,7,7,4,0,edgeCount
72,25,49,0.15,4,,clustered,0.5;-0.3,3,4,3,0,0,9,6,9,9,6,0,edgeCount
71,25,44,0.15,3,,clustered,0.5;-0.3,-1,-1,3,-4,4,-1,-4,7,7,4,4,edgeCount
70,25,42,0.15,5,,clustered,0.5;-0.3,3,3,3,0,0,3,0,3,3,0,0,edgeCount
69,25,46,0.15,3,,clustered,0.5;-0.3,4,4,4,0,0,6,2,6,6,2,0,edgeCount
68,25,40,0.15,3,,clustered,0.5;-0.3,2,16,2,0,0,13,11,6,6,4,0,edgeCount
67,25,47,0.15,2,,clustered,0.5;-0.3,3,4,3,0,8,3,0,3,3,0,4,edgeCount
66,25,35,0.15,1,,clustered,0.5;-0.3,5,5,5,0,0,5,0,5,5,0,0,edgeCount
65,25,42,0.15,2,,clustered,0.5;-0.3,5,13,3,2,4,9,6,9,9,6,4,edgeCount
64,25,44,0.15,4,,clustered,0.5;-0.3,9,3,2,7,0,2,0,3,2,1,0,edgeCount
63,25,41,0.15,2,,clustered,0.5;-0.3,7,3,3,4,0,3,0,3,3,0,0,edgeCount
62,25,43,0.15,3,,clustered,0.5;-0.3,-1,-1,4,-5,8,-1,-5,18,16,14,8,edgeCount
61,25,50,0.15,4,,clustered,0.5;-0.3,4,3,3,1,0,10,7,4,3,1,0,edgeCount
60,25,51,0.15,3,,clustered,0.5;-0.3,6,4,4,2,0,8,4,8,8,4,0,edgeCount
59,25,44,0.15,1,,clustered,0.5;-0.3,-1,-1,-1,0,2,-1,0,-1,-1,0,2,edgeCount
58,25,58,0.15,5,,clustered,0.5;-0.3,10,7,4,6,0,14,10,14,14,10,0,edgeCount
57,25,37,0.15,1,,clustered,0.5;-0.3,-1,-1,-1,0,0,-1,0,-1,-1,0,0,edgeCount
56,25,41,0.15,1,,clustered,0.5;-0.3,13,9,5,8,6,-1,-6,13,9,8,6,edgeCount
55,25,49,0.15,4,,clustered,0.5;-0.3,12,11,3,9,0,8,5,14,14,11,0,edgeCount
54,25,48,0.15,3,,clustered,0.5;-0.3,7,8,4,3,12,-1,-5,14,20,10,8,edgeCount
53,25,43,0.15,4,,clustered,0.5;-0.3,13,3,3,10,0,5,2,3,5,0,0,edgeCount
52,25,51,0.15,2,,clustered,0.5;-0.3,3,3,3,0,0,5,2,5,5,2,0,edgeCount
51,25,51,0.15,3,,clustered,0.5;-0.3,11,3,3,8,2,5,2,3,3,0,2,edgeCount
50,25,38,0.15,2,,clustered,0.5;-0.3,4,7,4,0,4,8,4,8,8,4,2,edgeCount
49,25,57,0.15,6,,clustered,0.5;-0.3,9,9,3,6,0,11,8,15,15,12,0,edgeCount
48,25,39,0.15,2,,clustered,0.5;-0.3,3,3,3,0,0,3,0,3,3,0,0,edgeCount
47,25,38,0.15,3,,clustered,0.5;-0.3,6,6,2,4,0,2,0,2,2,0,0,edgeCount
46,25,50,0.15,2,,clustered,0.5;-0.3,9,13,3,6,0,3,0,3,3,0,0,edgeCount
45,25,48,0.15,4,,clustered,0.5;-0.3,11,5,5,6,0,13,8,13,5,8,0,edgeCount
44,25,52,0.15,3,,clustered,0.5;-0.3,4,7,4,0,0,4,0,4,4,0,0,edgeCount
43,25,37,0.15,2,,clustered,0.5;-0.3,3,3,3,0,0,5,2,3,5,0,0,edgeCount
42,25,41,0.15,3,,clustered,0.5;-0.3,3,3,2,1,0,2,0,2,2,0,0,edgeCount
41,25,42,0.15,4,,clustered,0.5;-0.3,6,6,4,2,4,6,2,6,7,2,4,edgeCount
40,25,42,0.15,3,,clustered,0.5;-0.3,4,8,4,0,0,4,0,4,4,0,0,edgeCount
39,25,42,0.15,2,,clustered,0.5;-0.3,13,5,5,8,6,-1,-6,-1,-1,-6,4,edgeCount
38,25,55,0.15,7,,clustered,0.5;-0.3,3,2,2,1,8,4,2,3,4,1,6,edgeCount
37,25,49,0.15,3,,clustered,0.5;-0.3,3,3,2,1,0,2,0,3,2,1,0,edgeCount
36,25,49,0.15,4,,clustered,0.5;-0.3,16,6,3,13,0,-1,-4,-1,-1,-4,0,edgeCount
35,25,45,0.15,4,,clustered,0.5;-0.3,4,28,4,0,0,12,8,12,12,8,0,edgeCount
34,25,36,0.15,2,,clustered,0.5;-0.3,-1,-1,-1,0,0,-1,0,-1,-1,0,0,edgeCount
33,25,49,0.15,4,,clustered,0.5;-0.3,5,12,3,2,0,3,0,3,3,0,0,edgeCount
32,25,32,0.15,2,,clustered,0.5;-0.3,13,3,3,10,0,3,0,3,3,0,0,edgeCount
31,25,53,0.15,5,,clustered,0.5;-0.3,15,13,3,12,2,3,0,3,3,0,2,edgeCount
30,25,38,0.15,1,,clustered,0.5;-0.3,4,4,4,0,0,4,0,4,4,0,0,edgeCount
29,25,55,0.15,3,,clustered,0.5;-0.3,3,3,2,1,0,2,0,2,2,0,0,edgeCount
28,25,55,0.15,1,,clustered,0.5;-0.3,3,3,3,0,0,3,0,3,3,0,0,edgeCount
27,25,38,0.15,1,,clustered,0.5;-0.3,6,6,6,0,0,6,0,6,6,0,0,edgeCount
26,25,37,0.15,4,,clustered,0.5;-0.3,7,4,3,4,2,9,6,9,9,6,2,edgeCount
25,25,50,0.15,3,,clustered,0.5;-0.3,4,6,3,1,0,3,0,3,3,0,0,edgeCount
24,25,48,0.15,2,,clustered,0.5;-0.3,4,4,4,0,0,4,0,4,4,0,0,edgeCount
23,25,40,0.15,3,,clustered,0.5;-0.3,3,3,3,0,4,3,0,3,3,0,4,edgeCount
22,25,47,0.15,1,,clustered,0.5;-0.3,10,8,6,4,6,-1,-7,10,8,4,6,edgeCount
21,25,43,0.15,3,,clustered,0.5;-0.3,8,8,4,4,0,-1,-5,-1,-1,-5,0,edgeCount
20,25,49,0.15,4,,clustered,0.5;-0.3,3,7,3,0,0,3,0,7,7,4,0,edgeCount
19,25,49,0.15,1,,clustered,0.5;-0.3,5,5,3,2,12,-1,-4,5,5,2,12,edgeCount
18,25,47,0.15,3,,clustered,0.5;-0.3,4,4,4,0,4,6,2,6,6,2,2,edgeCount
17,25,41,0.15,2,,clustered,0.5;-0.3,18,4,4,14,0,4,0,4,4,0,0,edgeCount
16,25,46,0.15,2,,clustered,0.5;-0.3,7,7,4,3,0,-1,-5,-1,-1,-5,0,edgeCount
15,25,51,0.15,3,,clustered,0.5;-0.3,4,7,3,1,0,3,0,3,3,0,0,edgeCount
14,25,39,0.15,3,,clustered,0.5;-0.3,2,2,2,0,6,2,0,2,2,0,4,edgeCount
13,25,42,0.15,3,,clustered,0.5;-0.3,3,3,3,0,2,5,2,5,5,2,2,edgeCount
12,25,42,0.15,2,,clustered,0.5;-0.3,6,6,2,4,4,2,0,2,2,0,2,edgeCount
11,25,45,0.15,3,,clustered,0.5;-0.3,15,11,2,13,0,4,2,4,4,2,0,edgeCount
10,25,45,0.15,1,,clustered,0.5;-0.3,4,4,4,0,0,4,0,4,4,0,0,edgeCount
9,25,51,0.15,1,,clustered,0.5;-0.3,-1,-1,-1,0,4,-1,0,-1,-1,0,4,edgeCount
8,25,41,0.15,4,,clustered,0.5;-0.3,3,9,2,1,0,2,0,7,2,5,0,edgeCount
7,25,47,0.15,2,,clustered,0.5;-0.3,6,6,3,3,0,-1,-4,-1,-1,-4,0,edgeCount
6,25,45,0.15,3,,clustered,0.5;-0.3,10,4,4,6,0,4,0,4,4,0,0,edgeCount
5,25,50,0.15,6,,clustered,0.5;-0.3,3,6,2,1,0,2,0,3,2,1,0,edgeCount
4,25,45,0.15,4,,clustered,0.5;-0.3,9,7,3,6,0,3,0,3,3,0,0,edgeCount
3,25,44,0.15,1,,clustered,0.5;-0.3,6,8,4,2,8,-1,-5,6,8,2,8,edgeCount
2,25,49,0.15,4,,clustered,0.5;-0.3,11,13,3,8,0,-1,-4,-1,-1,-4,0,edgeCount
1,25,44,0.15,2,,clustered,0.5;-0.3,6,6,4,2,0,7,3,7,7,3,0,edgeCount
