rep,nrNodes,nrEdges,edgeProb,nrPaths,nrFails,failureModel,failurePercent,hopsRanked,hopsUnranked,spLength,stretch_mult,nodeAdditions,hopsPath,stretch_path,hopsRankedOne,hopsUnrankedOne,stretch_one,overallNodeAdditionsOne,treeChoice
1000,25,50,0.15,3,,clustered,0.7;-0.3,-1,-1,-1,0,0,-1,0,-1,-1,0,0,edgeCount
999,25,43,0.15,2,,clustered,0.7;-0.3,-1,-1,-1,0,4,-1,0,-1,-1,0,2,edgeCount
998,25,38,0.15,1,,clustered,0.7;-0.3,-1,-1,-1,0,6,-1,0,-1,-1,0,6,edgeCount
997,25,43,0.15,3,,clustered,0.7;-0.3,13,5,5,8,0,-1,-6,-1,-1,-6,0,edgeCount
996,25,39,0.15,4,,clustered,0.7;-0.3,2,2,2,0,0,2,0,6,2,4,0,edgeCount
995,25,46,0.15,3,,clustered,0.7;-0.3,-1,-1,6,-7,4,-1,-7,-1,-1,-7,2,edgeCount
994,25,47,0.15,4,,clustered,0.7;-0.3,-1,-1,5,-6,8,-1,-6,-1,-1,-6,4,edgeCount
993,25,39,0.15,1,,clustered,0.7;-0.3,3,3,3,0,0,3,0,3,3,0,0,edgeCount
992,25,38,0.15,1,,clustered,0.7;-0.3,-1,-1,-1,0,0,-1,0,-1,-1,0,0,edgeCount
991,25,55,0.15,3,,clustered,0.7;-0.3,9,4,3,6,4,3,0,3,3,0,2,edgeCount
990,25,60,0.15,2,,clustered,0.7;-0.3,4,4,2,2,0,2,0,2,2,0,0,edgeCount
989,25,52,0.15,1,,clustered,0.7;-0.3,-1,-1,-1,0,2,-1,0,-1,-1,0,2,edgeCount
988,25,54,0.15,4,,clustered,0.7;-0.3,-1,-1,-1,0,0,-1,0,-1,-1,0,0,edgeCount
987,25,54,0.15,4,,clustered,0.7;-0.3,19,15,4,15,0,-1,-5,-1,-1,-5,0,edgeCount
986,25,46,0.15,2,,clustered,0.7;-0.3,-1,-1,5,-6,0,-1,-6,-1,-1,-6,0,edgeCount
985,25,48,0.15,3,,clustered,0.7;-0.3,-1,-1,-1,0,0,-1,0,-1,-1,0,0,edgeCount
984,25,43,0.15,2,,clustered,0.7;-0.3,-1,-1,-1,0,10,-1,0,-1,-1,0,6,edgeCount
983,25,63,0.15,1,,clustered,0.7;-0.3,-1,-1,-1,0,0,-1,0,-1,-1,0,0,edgeCount
982,25,45,0.15,2,,clustered,0.7;-0.3,-1,-1,-1,0,4,-1,0,-1,-1,0,2,edgeCount
981,25,54,0.15,4,,clustered,0.7;-0.3,4,6,4,0,0,6,2,6,6,2,0,edgeCount
980,25,52,0.15,4,,clustered,0.7;-0.3,16,16,4,12,0,-1,-5,-1,-1,-5,0,edgeCount
979,25,57,0.15,3,,clustered,0.7;-0.3,9,13,3,6,12,3,0,7,19,4,6,edgeCount
978,25,50,0.15,2,,clustered,0.7;-0.3,3,5,3,0,0,7,4,7,7,4,0,edgeCount
977,25,51,0.15,2,,clustered,0.7;-0.3,4,18,4,0,4,4,0,4,4,0,2,edgeCount
976,25,44,0.15,4,,clustered,0.7;-0.3,8,2,2,6,8,4,2,4,4,2,4,edgeCount
975,25,54,0.15,1,,clustered,0.7;-0.3,-1,-1,-1,0,8,-1,0,-1,-1,0,8,edgeCount
974,25,51,0.15,2,,clustered,0.7;-0.3,-1,-1,5,-6,0,-1,-6,-1,-1,-6,0,edgeCount
973,25,52,0.15,4,,clustered,0.7;-0.3,3,7,3,0,16,5,2,5,5,2,8,edgeCount
972,25,43,0.15,2,,clustered,0.7;-0.3,-1,-1,-1,0,0,-1,0,-1,-1,0,0,edgeCount
971,25,48,0.15,1,,clustered,0.7;-0.3,3,3,3,0,0,3,0,3,3,0,0,edgeCount
970,25,44,0.15,2,,clustered,0.7;-0.3,7,5,5,2,0,9,4,9,9,4,0,edgeCount
969,25,49,0.15,5,,clustered,0.7;-0.3,13,5,3,10,4,3,0,3,5,0,2,edgeCount
968,25,53,0.15,3,,clustered,0.7;-0.3,3,19,3,0,8,9,6,9,13,6,4,edgeCount
967,25,43,0.15,2,,clustered,0.7;-0.3,-1,-1,8,-9,0,-1,-9,-1,-1,-9,0,edgeCount
966,25,40,0.15,2,,clustered,0.7;-0.3,-1,-1,-1,0,8,-1,0,-1,-1,0,8,edgeCount
965,25,52,0.15,3,,clustered,0.7;-0.3,-1,-1,-1,0,0,-1,0,-1,-1,0,0,edgeCount
964,25,43,0.15,2,,clustered,0.7;-0.3,-1,-1,-1,0,0,-1,0,-1,-1,0,0,edgeCount
963,25,41,0.15,2,,clustered,0.7;-0.3,-1,-1,-1,0,2,-1,0,-1,-1,0,2,edgeCount
962,25,43,0.15,1,,clustered,0.7;-0.3,-1,-1,6,-7,2,-1,-7,-1,-1,-7,2,edgeCount
961,25,42,0.15,4,,clustered,0.7;-0.3,-1,-1,-1,0,2,-1,0,-1,-1,0,2,edgeCount
960,25,46,0.15,5,,clustered,0.7;-0.3,4,2,2,2,6,2,0,8,2,6,4,edgeCount
959,25,60,0.15,2,,clustered,0.7;-0.3,-1,-1,-1,0,0,-1,0,-1,-1,0,0,edgeCount
958,25,46,0.15,1,,clustered,0.7;-0.3,-1,-1,-1,0,0,-1,0,-1,-1,0,0,edgeCount
957,25,44,0.15,3,,clustered,0.7;-0.3,-1,-1,5,-6,4,-1,-6,-1,-1,-6,2,edgeCount
956,25,38,0.15,2,,clustered,0.7;-0.3,-1,-1,-1,0,2,-1,0,-1,-1,0,2,edgeCount
955,25,48,0.15,2,,clustered,0.7;-0.3,8,12,4,4,6,-1,-5,-1,-1,-5,6,edgeCount
954,25,42,0.15,2,,clustered,0.7;-0.3,-1,-1,-1,0,0,-1,0,-1,-1,0,0,edgeCount
953,25,43,0.15,2,,clustered,0.7;-0.3,14,14,6,8,10,-1,-7,17,17,11,8,edgeCount
952,25,47,0.15,5,,clustered,0.7;-0.3,-1,-1,4,-5,0,-1,-5,-1,-1,-5,0,edgeCount
951,25,56,0.15,3,,clustered,0.7;-0.3,-1,-1,-1,0,4,-1,0,-1,-1,0,2,edgeCount
950,25,44,0.15,2,,clustered,0.7;-0.3,-1,-1,-1,0,8,-1,0,-1,-1,0,6,edgeCount
949,25,47,0.15,3,,clustered,0.7;-0.3,4,4,4,0,0,-1,-5,-1,-1,-5,0,edgeCount
948,25,45,0.15,3,,clustered,0.7;-0.3,-1,-1,5,-6,4,-1,-6,-1,-1,-6,4,edgeCount
947,25,34,0.15,1,,clustered,0.7;-0.3,-1,-1,-1,0,0,-1,0,-1,-1,0,0,edgeCount
946,25,43,0.15,2,,clustered,0.7;-0.3,2,2,2,0,0,2,0,2,2,0,0,edgeCount
945,25,52,0.15,3,,clustered,0.7;-0.3,-1,-1,3,-4,0,-1,-4,-1,-1,-4,0,edgeCount
944,25,40,0.15,2,,clustered,0.7;-0.3,2,2,2,0,2,2,0,2,2,0,2,edgeCount
943,25,54,0.15,6,,clustered,0.7;-0.3,-1,-1,-1,0,0,-1,0,-1,-1,0,0,edgeCount
942,25,53,0.15,4,,clustered,0.7;-0.3,-1,-1,-1,0,0,-1,0,-1,-1,0,0,edgeCount
941,25,56,0.15,2,,clustered,0.7;-0.3,-1,-1,-1,0,8,-1,0,-1,-1,0,4,edgeCount
940,25,52,0.15,6,,clustered,0.7;-0.3,-1,-1,-1,0,0,-1,0,-1,-1,0,0,edgeCount
939,25,44,0.15,2,,clustered,0.7;-0.3,-1,-1,-1,0,0,-1,0,-1,-1,0,0,edgeCount
938,25,48,0.15,3,,clustered,0.7;-0.3,14,6,4,10,0,-1,-5,-1,-1,-5,0,edgeCount
937,25,51,0.15,5,,clustered,0.7;-0.3,-1,-1,-1,0,0,-1,0,-1,-1,0,0,edgeCount
936,25,49,0.15,1,,clustered,0.7;-0.3,-1,-1,-1,0,8,-1,0,-1,-1,0,8,edgeCount
935,25,48,0.15,2,,clustered,0.7;-0.3,4,4,4,0,0,4,0,4,4,0,0,edgeCount
934,25,57,0.15,5,,clustered,0.7;-0.3,-1,-1,3,-4,10,-1,-4,-1,-1,-4,6,edgeCount
933,25,41,0.15,2,,clustered,0.7;-0.3,2,2,2,0,0,2,0,2,2,0,0,edgeCount
932,25,40,0.15,2,,clustered,0.7;-0.3,-1,-1,4,-5,4,-1,-5,-1,-1,-5,4,edgeCount
931,25,36,0.15,2,,clustered,0.7;-0.3,18,10,5,13,4,-1,-6,-1,-1,-6,4,edgeCount
930,25,38,0.15,2,,clustered,0.7;-0.3,4,4,4,0,0,-1,-5,-1,-1,-5,0,edgeCount
929,25,51,0.15,2,,clustered,0.7;-0.3,5,13,5,0,0,9,4,9,9,4,0,edgeCount
928,25,41,0.15,3,,clustered,0.7;-0.3,-1,-1,-1,0,0,-1,0,-1,-1,0,0,edgeCount
927,25,41,0.15,1,,clustered,0.7;-0.3,-1,-1,-1,0,0,-1,0,-1,-1,0,0,edgeCount
926,25,54,0.15,4,,clustered,0.7;-0.3,9,3,3,6,0,3,0,3,3,0,0,edgeCount
925,25,44,0.15,2,,clustered,0.7;-0.3,-1,-1,4,-5,0,-1,-5,-1,-1,-5,0,edgeCount
924,25,40,0.15,3,,clustered,0.7;-0.3,26,16,4,22,4,-1,-5,-1,-1,-5,2,edgeCount
923,25,37,0.15,3,,clustered,0.7;-0.3,-1,-1,-1,0,2,-1,0,-1,-1,0,2,edgeCount
922,25,34,0.15,1,,clustered,0.7;-0.3,3,3,3,0,0,3,0,3,3,0,0,edgeCount
921,25,38,0.15,1,,clustered,0.7;-0.3,4,4,4,0,0,4,0,4,4,0,0,edgeCount
920,25,38,0.15,2,,clustered,0.7;-0.3,-1,-1,-1,0,2,-1,0,-1,-1,0,2,edgeCount
919,25,51,0.15,2,,clustered,0.7;-0.3,6,6,4,2,0,6,2,6,6,2,0,edgeCount
918,25,43,0.15,3,,clustered,0.7;-0.3,-1,-1,-1,0,0,-1,0,-1,-1,0,0,edgeCount
917,25,41,0.15,4,,clustered,0.7;-0.3,-1,-1,-1,0,0,-1,0,-1,-1,0,0,edgeCount
916,25,36,0.15,3,,clustered,0.7;-0.3,4,4,2,2,2,2,0,2,2,0,2,edgeCount
915,25,46,0.15,4,,clustered,0.7;-0.3,-1,-1,4,-5,0,-1,-5,-1,-1,-5,0,edgeCount
914,25,56,0.15,2,,clustered,0.7;-0.3,-1,-1,-1,0,2,-1,0,-1,-1,0,2,edgeCount
913,25,46,0.15,3,,clustered,0.7;-0.3,5,5,3,2,12,7,4,7,7,4,6,edgeCount
912,25,48,0.15,2,,clustered,0.7;-0.3,-1,-1,-1,0,14,-1,0,-1,-1,0,14,edgeCount
911,25,39,0.15,1,,clustered,0.7;-0.3,-1,-1,4,-5,6,-1,-5,-1,-1,-5,6,edgeCount
910,25,50,0.15,2,,clustered,0.7;-0.3,-1,-1,-1,0,6,-1,0,-1,-1,0,4,edgeCount
909,25,47,0.15,1,,clustered,0.7;-0.3,-1,-1,5,-6,8,-1,-6,-1,-1,-6,8,edgeCount
908,25,61,0.15,4,,clustered,0.7;-0.3,4,22,3,1,12,-1,-4,-1,-1,-4,4,edgeCount
907,25,47,0.15,2,,clustered,0.7;-0.3,-1,-1,-1,0,12,-1,0,-1,-1,0,6,edgeCount
906,25,42,0.15,3,,clustered,0.7;-0.3,3,5,3,0,4,3,0,3,3,0,2,edgeCount
905,25,41,0.15,3,,clustered,0.7;-0.3,-1,-1,-1,0,2,-1,0,-1,-1,0,2,edgeCount
904,25,41,0.15,1,,clustered,0.7;-0.3,-1,-1,-1,0,8,-1,0,-1,-1,0,8,edgeCount
903,25,45,0.15,4,,clustered,0.7;-0.3,-1,-1,-1,0,4,-1,0,-1,-1,0,4,edgeCount
902,25,45,0.15,3,,clustered,0.7;-0.3,4,4,4,0,0,8,4,8,8,4,0,edgeCount
901,25,43,0.15,2,,clustered,0.7;-0.3,-1,-1,-1,0,0,-1,0,-1,-1,0,0,edgeCount
900,25,38,0.15,1,,clustered,0.7;-0.3,-1,-1,-1,0,0,-1,0,-1,-1,0,0,edgeCount
899,25,49,0.15,2,,clustered,0.7;-0.3,7,3,3,4,0,3,0,3,3,0,0,edgeCount
898,25,42,0.15,3,,clustered,0.7;-0.3,6,6,2,4,0,2,0,2,2,0,0,edgeCount
897,25,47,0.15,2,,clustered,0.7;-0.3,-1,-1,4,-5,4,-1,-5,-1,-1,-5,2,edgeCount
896,25,58,0.15,4,,clustered,0.7;-0.3,9,3,3,6,4,3,0,3,3,0,2,edgeCount
895,25,50,0.15,1,,clustered,0.7;-0.3,3,3,3,0,8,-1,-4,3,3,0,8,edgeCount
894,25,48,0.15,4,,clustered,0.7;-0.3,12,7,4,8,0,8,4,8,8,4,0,edgeCount
893,25,46,0.15,3,,clustered,0.7;-0.3,4,4,4,0,0,-1,-5,-1,-1,-5,0,edgeCount
892,25,49,0.15,2,,clustered,0.7;-0.3,-1,-1,-1,0,0,-1,0,-1,-1,0,0,edgeCount
891,25,34,0.15,2,,clustered,0.7;-0.3,-1,-1,-1,0,0,-1,0,-1,-1,0,0,edgeCount
890,25,37,0.15,2,,clustered,0.7;-0.3,-1,-1,5,-6,2,-1,-6,-1,-1,-6,2,edgeCount
889,25,47,0.15,2,,clustered,0.7;-0.3,13,17,5,8,8,-1,-6,-1,-1,-6,4,edgeCount
888,25,38,0.15,2,,clustered,0.7;-0.3,3,3,3,0,2,3,0,3,3,0,2,edgeCount
887,25,46,0.15,2,,clustered,0.7;-0.3,-1,-1,-1,0,0,-1,0,-1,-1,0,0,edgeCount
886,25,45,0.15,1,,clustered,0.7;-0.3,4,4,4,0,2,-1,-5,4,4,0,2,edgeCount
885,25,42,0.15,2,,clustered,0.7;-0.3,-1,-1,7,-8,0,-1,-8,-1,-1,-8,0,edgeCount
884,25,48,0.15,5,,clustered,0.7;-0.3,-1,-1,-1,0,0,-1,0,-1,-1,0,0,edgeCount
883,25,39,0.15,2,,clustered,0.7;-0.3,4,8,4,0,0,8,4,8,8,4,0,edgeCount
882,25,48,0.15,3,,clustered,0.7;-0.3,8,10,4,4,0,10,6,10,10,6,0,edgeCount
881,25,30,0.15,1,,clustered,0.7;-0.3,-1,-1,-1,0,2,-1,0,-1,-1,0,2,edgeCount
880,25,47,0.15,3,,clustered,0.7;-0.3,-1,-1,-1,0,0,-1,0,-1,-1,0,0,edgeCount
879,25,47,0.15,2,,clustered,0.7;-0.3,24,24,5,19,16,-1,-6,-1,-1,-6,10,edgeCount
878,25,43,0.15,2,,clustered,0.7;-0.3,-1,-1,6,-7,0,-1,-7,-1,-1,-7,0,edgeCount
877,25,46,0.15,2,,clustered,0.7;-0.3,-1,-1,-1,0,0,-1,0,-1,-1,0,0,edgeCount
876,25,41,0.15,3,,clustered,0.7;-0.3,-1,-1,-1,0,0,-1,0,-1,-1,0,0,edgeCount
875,25,45,0.15,2,,clustered,0.7;-0.3,-1,-1,-1,0,0,-1,0,-1,-1,0,0,edgeCount
874,25,60,0.15,6,,clustered,0.7;-0.3,10,10,2,8,0,2,0,8,2,6,0,edgeCount
873,25,48,0.15,2,,clustered,0.7;-0.3,2,2,2,0,10,2,0,2,2,0,6,edgeCount
872,25,44,0.15,2,,clustered,0.7;-0.3,-1,-1,5,-6,6,-1,-6,7,15,2,4,edgeCount
871,25,51,0.15,1,,clustered,0.7;-0.3,4,4,4,0,0,4,0,4,4,0,0,edgeCount
870,25,32,0.15,1,,clustered,0.7;-0.3,-1,-1,-1,0,0,-1,0,-1,-1,0,0,edgeCount
869,25,48,0.15,3,,clustered,0.7;-0.3,8,8,4,4,6,-1,-5,-1,-1,-5,4,edgeCount
868,25,57,0.15,5,,clustered,0.7;-0.3,-1,-1,-1,0,0,-1,0,-1,-1,0,0,edgeCount
867,25,37,0.15,2,,clustered,0.7;-0.3,-1,-1,-1,0,2,-1,0,-1,-1,0,2,edgeCount
866,25,42,0.15,4,,clustered,0.7;-0.3,4,4,4,0,0,4,0,4,4,0,0,edgeCount
865,25,44,0.15,3,,clustered,0.7;-0.3,-1,-1,-1,0,0,-1,0,-1,-1,0,0,edgeCount
864,25,39,0.15,2,,clustered,0.7;-0.3,3,15,3,0,0,7,4,3,3,0,0,edgeCount
863,25,38,0.15,3,,clustered,0.7;-0.3,-1,-1,3,-4,0,-1,-4,-1,-1,-4,0,edgeCount
862,25,55,0.15,4,,clustered,0.7;-0.3,-1,-1,-1,0,0,-1,0,-1,-1,0,0,edgeCount
861,25,49,0.15,2,,clustered,0.7;-0.3,-1,-1,7,-8,10,-1,-8,-1,-1,-8,8,edgeCount
860,25,45,0.15,2,,clustered,0.7;-0.3,-1,-1,6,-7,4,-1,-7,-1,-1,-7,2,edgeCount
859,25,47,0.15,3,,clustered,0.7;-0.3,15,11,3,12,6,3,0,3,3,0,4,edgeCount
858,25,44,0.15,3,,clustered,0.7;-0.3,-1,-1,-1,0,0,-1,0,-1,-1,0,0,edgeCount
857,25,50,0.15,4,,clustered,0.7;-0.3,14,6,2,12,16,-1,-3,4,4,2,8,edgeCount
856,25,55,0.15,2,,clustered,0.7;-0.3,7,5,5,2,0,-1,-6,-1,-1,-6,0,edgeCount
855,25,36,0.15,4,,clustered,0.7;-0.3,15,6,3,12,0,21,18,21,21,18,0,edgeCount
854,25,52,0.15,3,,clustered,0.7;-0.3,15,15,4,11,0,13,9,13,13,9,0,edgeCount
853,25,54,0.15,4,,clustered,0.7;-0.3,6,8,4,2,0,6,2,8,8,4,0,edgeCount
852,25,48,0.15,4,,clustered,0.7;-0.3,3,3,3,0,0,3,0,3,3,0,0,edgeCount
851,25,47,0.15,2,,clustered,0.7;-0.3,-1,-1,-1,0,0,-1,0,-1,-1,0,0,edgeCount
850,25,37,0.15,2,,clustered,0.7;-0.3,2,2,2,0,0,2,0,2,2,0,0,edgeCount
849,25,47,0.15,3,,clustered,0.7;-0.3,12,18,5,7,2,16,11,16,24,11,2,edgeCount
848,25,48,0.15,3,,clustered,0.7;-0.3,-1,-1,-1,0,0,-1,0,-1,-1,0,0,edgeCount
847,25,43,0.15,3,,clustered,0.7;-0.3,-1,-1,-1,0,0,-1,0,-1,-1,0,0,edgeCount
846,25,41,0.15,3,,clustered,0.7;-0.3,-1,-1,-1,0,2,-1,0,-1,-1,0,2,edgeCount
845,25,50,0.15,4,,clustered,0.7;-0.3,8,5,3,5,0,10,7,10,10,7,0,edgeCount
844,25,48,0.15,2,,clustered,0.7;-0.3,3,3,3,0,0,3,0,3,3,0,0,edgeCount
843,25,50,0.15,2,,clustered,0.7;-0.3,-1,-1,-1,0,4,-1,0,-1,-1,0,2,edgeCount
842,25,53,0.15,2,,clustered,0.7;-0.3,-1,-1,-1,0,0,-1,0,-1,-1,0,0,edgeCount
841,25,45,0.15,1,,clustered,0.7;-0.3,-1,-1,-1,0,0,-1,0,-1,-1,0,0,edgeCount
840,25,44,0.15,2,,clustered,0.7;-0.3,-1,-1,5,-6,12,-1,-6,19,5,14,8,edgeCount
839,25,38,0.15,2,,clustered,0.7;-0.3,-1,-1,9,-10,2,-1,-10,9,9,0,2,edgeCount
838,25,43,0.15,3,,clustered,0.7;-0.3,-1,-1,-1,0,0,-1,0,-1,-1,0,0,edgeCount
837,25,42,0.15,4,,clustered,0.7;-0.3,-1,-1,3,-4,0,-1,-4,-1,-1,-4,0,edgeCount
836,25,49,0.15,2,,clustered,0.7;-0.3,8,4,4,4,0,4,0,4,4,0,0,edgeCount
835,25,43,0.15,1,,clustered,0.7;-0.3,3,3,3,0,0,3,0,3,3,0,0,edgeCount
834,25,51,0.15,5,,clustered,0.7;-0.3,-1,-1,6,-7,2,-1,-7,-1,-1,-7,2,edgeCount
833,25,40,0.15,1,,clustered,0.7;-0.3,-1,-1,-1,0,8,-1,0,-1,-1,0,8,edgeCount
832,25,49,0.15,2,,clustered,0.7;-0.3,6,6,4,2,0,6,2,6,6,2,0,edgeCount
831,25,60,0.15,3,,clustered,0.7;-0.3,14,14,2,12,0,2,0,6,2,4,0,edgeCount
830,25,44,0.15,1,,clustered,0.7;-0.3,-1,-1,-1,0,4,-1,0,-1,-1,0,4,edgeCount
829,25,43,0.15,3,,clustered,0.7;-0.3,4,4,4,0,0,4,0,4,4,0,0,edgeCount
828,25,46,0.15,2,,clustered,0.7;-0.3,4,2,2,2,2,2,0,2,2,0,2,edgeCount
827,25,40,0.15,4,,clustered,0.7;-0.3,9,13,5,4,0,11,6,11,11,6,0,edgeCount
826,25,47,0.15,1,,clustered,0.7;-0.3,-1,-1,5,-6,0,-1,-6,-1,-1,-6,0,edgeCount
825,25,41,0.15,3,,clustered,0.7;-0.3,13,11,3,10,0,5,2,5,5,2,0,edgeCount
824,25,35,0.15,1,,clustered,0.7;-0.3,7,7,5,2,10,-1,-6,7,7,2,10,edgeCount
823,25,49,0.15,3,,clustered,0.7;-0.3,13,25,4,9,0,15,11,15,15,11,0,edgeCount
822,25,48,0.15,2,,clustered,0.7;-0.3,3,3,3,0,0,3,0,3,3,0,0,edgeCount
821,25,33,0.15,3,,clustered,0.7;-0.3,-1,-1,-1,0,0,-1,0,-1,-1,0,0,edgeCount
820,25,54,0.15,2,,clustered,0.7;-0.3,-1,-1,-1,0,10,-1,0,-1,-1,0,10,edgeCount
819,25,35,0.15,3,,clustered,0.7;-0.3,12,30,6,6,2,16,10,16,26,10,2,edgeCount
818,25,43,0.15,1,,clustered,0.7;-0.3,-1,-1,5,-6,8,-1,-6,-1,-1,-6,8,edgeCount
817,25,50,0.15,2,,clustered,0.7;-0.3,6,6,4,2,0,-1,-5,-1,-1,-5,0,edgeCount
816,25,38,0.15,2,,clustered,0.7;-0.3,-1,-1,-1,0,2,-1,0,-1,-1,0,2,edgeCount
815,25,38,0.15,2,,clustered,0.7;-0.3,-1,-1,9,-10,8,-1,-10,13,11,4,6,edgeCount
814,25,46,0.15,2,,clustered,0.7;-0.3,-1,-1,-1,0,0,-1,0,-1,-1,0,0,edgeCount
813,25,49,0.15,3,,clustered,0.7;-0.3,-1,-1,4,-5,8,-1,-5,-1,-1,-5,4,edgeCount
812,25,48,0.15,2,,clustered,0.7;-0.3,-1,-1,-1,0,10,-1,0,-1,-1,0,8,edgeCount
811,25,43,0.15,5,,clustered,0.7;-0.3,-1,-1,-1,0,6,-1,0,-1,-1,0,6,edgeCount
810,25,50,0.15,2,,clustered,0.7;-0.3,-1,-1,-1,0,0,-1,0,-1,-1,0,0,edgeCount
809,25,53,0.15,1,,clustered,0.7;-0.3,-1,-1,6,-7,4,-1,-7,-1,-1,-7,4,edgeCount
808,25,41,0.15,4,,clustered,0.7;-0.3,9,7,3,6,0,3,0,5,7,2,0,edgeCount
807,25,47,0.15,2,,clustered,0.7;-0.3,13,13,4,9,8,-1,-5,11,11,7,4,edgeCount
806,25,47,0.15,2,,clustered,0.7;-0.3,-1,-1,4,-5,12,-1,-5,-1,-1,-5,6,edgeCount
805,25,46,0.15,5,,clustered,0.7;-0.3,-1,-1,-1,0,0,-1,0,-1,-1,0,0,edgeCount
804,25,45,0.15,1,,clustered,0.7;-0.3,-1,-1,-1,0,6,-1,0,-1,-1,0,6,edgeCount
803,25,50,0.15,3,,clustered,0.7;-0.3,-1,-1,-1,0,0,-1,0,-1,-1,0,0,edgeCount
802,25,50,0.15,4,,clustered,0.7;-0.3,-1,-1,4,-5,8,-1,-5,-1,-1,-5,4,edgeCount
801,25,59,0.15,2,,clustered,0.7;-0.3,2,2,2,0,14,2,0,2,2,0,8,edgeCount
800,25,45,0.15,1,,clustered,0.7;-0.3,-1,-1,-1,0,0,-1,0,-1,-1,0,0,edgeCount
799,25,44,0.15,3,,clustered,0.7;-0.3,-1,-1,7,-8,0,-1,-8,-1,-1,-8,0,edgeCount
798,25,50,0.15,3,,clustered,0.7;-0.3,-1,-1,-1,0,4,-1,0,-1,-1,0,2,edgeCount
797,25,44,0.15,1,,clustered,0.7;-0.3,-1,-1,8,-9,8,-1,-9,-1,-1,-9,8,edgeCount
796,25,44,0.15,2,,clustered,0.7;-0.3,9,7,5,4,0,9,4,9,9,4,0,edgeCount
795,25,42,0.15,4,,clustered,0.7;-0.3,-1,-1,-1,0,2,-1,0,-1,-1,0,2,edgeCount
794,25,41,0.15,1,,clustered,0.7;-0.3,-1,-1,-1,0,4,-1,0,-1,-1,0,4,edgeCount
793,25,40,0.15,3,,clustered,0.7;-0.3,9,7,3,6,4,-1,-4,3,3,0,4,edgeCount
792,25,47,0.15,3,,clustered,0.7;-0.3,-1,-1,-1,0,14,-1,0,-1,-1,0,10,edgeCount
791,25,46,0.15,2,,clustered,0.7;-0.3,5,5,5,0,2,5,0,5,11,0,2,edgeCount
790,25,49,0.15,2,,clustered,0.7;-0.3,-1,-1,4,-5,6,-1,-5,14,10,10,4,edgeCount
789,25,49,0.15,2,,clustered,0.7;-0.3,11,9,4,7,8,-1,-5,-1,-1,-5,4,edgeCount
788,25,47,0.15,2,,clustered,0.7;-0.3,-1,-1,-1,0,0,-1,0,-1,-1,0,0,edgeCount
787,25,49,0.15,1,,clustered,0.7;-0.3,-1,-1,-1,0,6,-1,0,-1,-1,0,6,edgeCount
786,25,51,0.15,3,,clustered,0.7;-0.3,6,4,3,3,10,7,4,3,3,0,6,edgeCount
785,25,44,0.15,2,,clustered,0.7;-0.3,5,5,3,2,0,5,2,5,5,2,0,edgeCount
784,25,48,0.15,1,,clustered,0.7;-0.3,-1,-1,7,-8,4,-1,-8,-1,-1,-8,4,edgeCount
783,25,47,0.15,5,,clustered,0.7;-0.3,-1,-1,-1,0,6,-1,0,-1,-1,0,4,edgeCount
782,25,58,0.15,3,,clustered,0.7;-0.3,-1,-1,4,-5,10,-1,-5,16,16,12,4,edgeCount
781,25,47,0.15,4,,clustered,0.7;-0.3,12,8,4,8,0,14,10,14,16,10,0,edgeCount
780,25,44,0.15,2,,clustered,0.7;-0.3,-1,-1,-1,0,2,-1,0,-1,-1,0,2,edgeCount
779,25,48,0.15,5,,clustered,0.7;-0.3,-1,-1,-1,0,0,-1,0,-1,-1,0,0,edgeCount
778,25,54,0.15,2,,clustered,0.7;-0.3,-1,-1,-1,0,8,-1,0,-1,-1,0,4,edgeCount
777,25,30,0.15,1,,clustered,0.7;-0.3,-1,-1,-1,0,0,-1,0,-1,-1,0,0,edgeCount
776,25,50,0.15,2,,clustered,0.7;-0.3,4,4,4,0,0,6,2,6,6,2,0,edgeCount
775,25,42,0.15,4,,clustered,0.7;-0.3,-1,-1,-1,0,0,-1,0,-1,-1,0,0,edgeCount
774,25,44,0.15,3,,clustered,0.7;-0.3,-1,-1,6,-7,4,-1,-7,-1,-1,-7,2,edgeCount
773,25,54,0.15,3,,clustered,0.7;-0.3,19,5,5,14,16,-1,-6,-1,-1,-6,8,edgeCount
772,25,40,0.15,3,,clustered,0.7;-0.3,-1,-1,-1,0,0,-1,0,-1,-1,0,0,edgeCount
771,25,59,0.15,3,,clustered,0.7;-0.3,3,3,3,0,0,3,0,3,3,0,0,edgeCount
770,25,42,0.15,4,,clustered,0.7;-0.3,4,4,4,0,4,10,6,6,6,2,4,edgeCount
769,25,39,0.15,2,,clustered,0.7;-0.3,-1,-1,-1,0,0,-1,0,-1,-1,0,0,edgeCount
768,25,37,0.15,1,,clustered,0.7;-0.3,-1,-1,-1,0,0,-1,0,-1,-1,0,0,edgeCount
767,25,52,0.15,3,,clustered,0.7;-0.3,-1,-1,4,-5,8,-1,-5,-1,-1,-5,4,edgeCount
766,25,44,0.15,2,,clustered,0.7;-0.3,9,13,3,6,6,3,0,3,9,0,4,edgeCount
765,25,38,0.15,3,,clustered,0.7;-0.3,10,4,4,6,2,-1,-5,-1,-1,-5,2,edgeCount
764,25,46,0.15,1,,clustered,0.7;-0.3,3,3,3,0,0,3,0,3,3,0,0,edgeCount
763,25,40,0.15,2,,clustered,0.7;-0.3,-1,-1,4,-5,0,-1,-5,-1,-1,-5,0,edgeCount
762,25,48,0.15,3,,clustered,0.7;-0.3,-1,-1,-1,0,0,-1,0,-1,-1,0,0,edgeCount
761,25,49,0.15,3,,clustered,0.7;-0.3,3,3,3,0,0,3,0,3,3,0,0,edgeCount
760,25,41,0.15,3,,clustered,0.7;-0.3,-1,-1,-1,0,4,-1,0,-1,-1,0,4,edgeCount
759,25,46,0.15,4,,clustered,0.7;-0.3,-1,-1,-1,0,0,-1,0,-1,-1,0,0,edgeCount
758,25,50,0.15,2,,clustered,0.7;-0.3,-1,-1,5,-6,0,-1,-6,-1,-1,-6,0,edgeCount
757,25,48,0.15,4,,clustered,0.7;-0.3,25,7,4,21,0,-1,-5,-1,-1,-5,0,edgeCount
756,25,50,0.15,4,,clustered,0.7;-0.3,8,8,3,5,6,8,5,8,14,5,4,edgeCount
755,25,46,0.15,3,,clustered,0.7;-0.3,-1,-1,-1,0,0,-1,0,-1,-1,0,0,edgeCount
754,25,56,0.15,2,,clustered,0.7;-0.3,-1,-1,-1,0,0,-1,0,-1,-1,0,0,edgeCount
753,25,36,0.15,2,,clustered,0.7;-0.3,6,7,4,2,0,8,4,8,8,4,0,edgeCount
752,25,41,0.15,1,,clustered,0.7;-0.3,-1,-1,3,-4,0,-1,-4,-1,-1,-4,0,edgeCount
751,25,48,0.15,2,,clustered,0.7;-0.3,-1,-1,-1,0,0,-1,0,-1,-1,0,0,edgeCount
750,25,51,0.15,4,,clustered,0.7;-0.3,16,10,4,12,6,10,6,10,18,6,2,edgeCount
749,25,44,0.15,2,,clustered,0.7;-0.3,6,4,4,2,4,6,2,6,12,2,2,edgeCount
748,25,44,0.15,3,,clustered,0.7;-0.3,-1,-1,4,-5,0,-1,-5,-1,-1,-5,0,edgeCount
747,25,32,0.15,1,,clustered,0.7;-0.3,-1,-1,-1,0,0,-1,0,-1,-1,0,0,edgeCount
746,25,50,0.15,5,,clustered,0.7;-0.3,3,3,3,0,6,-1,-4,9,5,6,4,edgeCount
745,25,46,0.15,4,,clustered,0.7;-0.3,2,2,2,0,0,4,2,4,4,2,0,edgeCount
744,25,53,0.15,2,,clustered,0.7;-0.3,-1,-1,-1,0,0,-1,0,-1,-1,0,0,edgeCount
743,25,42,0.15,1,,clustered,0.7;-0.3,-1,-1,4,-5,0,-1,-5,-1,-1,-5,0,edgeCount
742,25,38,0.15,4,,clustered,0.7;-0.3,-1,-1,-1,0,0,-1,0,-1,-1,0,0,edgeCount
741,25,41,0.15,3,,clustered,0.7;-0.3,3,3,3,0,4,5,2,3,5,0,2,edgeCount
740,25,50,0.15,5,,clustered,0.7;-0.3,-1,-1,4,-5,0,-1,-5,-1,-1,-5,0,edgeCount
739,25,43,0.15,1,,clustered,0.7;-0.3,-1,-1,5,-6,0,-1,-6,-1,-1,-6,0,edgeCount
738,25,55,0.15,3,,clustered,0.7;-0.3,-1,-1,-1,0,0,-1,0,-1,-1,0,0,edgeCount
737,25,39,0.15,3,,clustered,0.7;-0.3,-1,-1,9,-10,4,-1,-10,12,10,3,4,edgeCount
736,25,51,0.15,2,,clustered,0.7;-0.3,12,4,4,8,2,-1,-5,-1,-1,-5,2,edgeCount
735,25,46,0.15,2,,clustered,0.7;-0.3,10,6,5,5,0,12,7,12,12,7,0,edgeCount
734,25,54,0.15,3,,clustered,0.7;-0.3,-1,-1,-1,0,0,-1,0,-1,-1,0,0,edgeCount
733,25,59,0.15,4,,clustered,0.7;-0.3,4,11,4,0,0,8,4,8,8,4,0,edgeCount
732,25,34,0.15,1,,clustered,0.7;-0.3,8,6,5,3,2,-1,-6,8,6,3,2,edgeCount
731,25,56,0.15,3,,clustered,0.7;-0.3,-1,-1,4,-5,0,-1,-5,-1,-1,-5,0,edgeCount
730,25,49,0.15,2,,clustered,0.7;-0.3,-1,-1,-1,0,8,-1,0,-1,-1,0,6,edgeCount
729,25,47,0.15,3,,clustered,0.7;-0.3,-1,-1,-1,0,0,-1,0,-1,-1,0,0,edgeCount
728,25,51,0.15,2,,clustered,0.7;-0.3,5,5,3,2,12,-1,-4,8,12,5,8,edgeCount
727,25,53,0.15,2,,clustered,0.7;-0.3,13,13,3,10,8,7,4,7,3,4,4,edgeCount
726,25,52,0.15,6,,clustered,0.7;-0.3,-1,-1,4,-5,4,-1,-5,-1,-1,-5,2,edgeCount
725,25,48,0.15,3,,clustered,0.7;-0.3,19,13,3,16,0,7,4,7,7,4,0,edgeCount
724,25,43,0.15,3,,clustered,0.7;-0.3,4,8,4,0,0,8,4,8,8,4,0,edgeCount
723,25,37,0.15,2,,clustered,0.7;-0.3,-1,-1,-1,0,0,-1,0,-1,-1,0,0,edgeCount
722,25,41,0.15,1,,clustered,0.7;-0.3,-1,-1,7,-8,10,-1,-8,-1,-1,-8,10,edgeCount
721,25,51,0.15,2,,clustered,0.7;-0.3,4,4,4,0,0,6,2,6,6,2,0,edgeCount
720,25,39,0.15,2,,clustered,0.7;-0.3,2,2,2,0,0,2,0,2,2,0,0,edgeCount
719,25,55,0.15,2,,clustered,0.7;-0.3,2,2,2,0,0,2,0,6,2,4,0,edgeCount
718,25,46,0.15,2,,clustered,0.7;-0.3,8,8,4,4,0,-1,-5,-1,-1,-5,0,edgeCount
717,25,37,0.15,2,,clustered,0.7;-0.3,-1,-1,-1,0,4,-1,0,-1,-1,0,4,edgeCount
716,25,44,0.15,2,,clustered,0.7;-0.3,10,6,4,6,8,-1,-5,-1,-1,-5,8,edgeCount
715,25,63,0.15,4,,clustered,0.7;-0.3,-1,-1,6,-7,16,-1,-7,-1,-1,-7,8,edgeCount
714,25,40,0.15,5,,clustered,0.7;-0.3,6,20,4,2,0,10,6,10,10,6,0,edgeCount
713,25,49,0.15,2,,clustered,0.7;-0.3,-1,-1,-1,0,4,-1,0,-1,-1,0,2,edgeCount
712,25,42,0.15,2,,clustered,0.7;-0.3,-1,-1,-1,0,0,-1,0,-1,-1,0,0,edgeCount
711,25,44,0.15,1,,clustered,0.7;-0.3,-1,-1,7,-8,6,-1,-8,-1,-1,-8,6,edgeCount
710,25,42,0.15,2,,clustered,0.7;-0.3,-1,-1,-1,0,2,-1,0,-1,-1,0,2,edgeCount
709,25,49,0.15,3,,clustered,0.7;-0.3,2,2,2,0,0,2,0,2,2,0,0,edgeCount
708,25,40,0.15,3,,clustered,0.7;-0.3,-1,-1,-1,0,0,-1,0,-1,-1,0,0,edgeCount
707,25,49,0.15,4,,clustered,0.7;-0.3,16,2,2,14,0,2,0,4,2,2,0,edgeCount
706,25,56,0.15,3,,clustered,0.7;-0.3,10,18,4,6,0,-1,-5,-1,-1,-5,0,edgeCount
705,25,47,0.15,3,,clustered,0.7;-0.3,-1,-1,5,-6,0,-1,-6,-1,-1,-6,0,edgeCount
704,25,44,0.15,3,,clustered,0.7;-0.3,-1,-1,-1,0,10,-1,0,-1,-1,0,6,edgeCount
703,25,36,0.15,2,,clustered,0.7;-0.3,-1,-1,6,-7,0,-1,-7,-1,-1,-7,0,edgeCount
702,25,42,0.15,4,,clustered,0.7;-0.3,11,11,5,6,0,-1,-6,11,11,6,0,edgeCount
701,25,53,0.15,4,,clustered,0.7;-0.3,10,16,4,6,10,-1,-5,-1,-1,-5,6,edgeCount
700,25,50,0.15,2,,clustered,0.7;-0.3,-1,-1,4,-5,10,-1,-5,-1,-1,-5,6,edgeCount
699,25,51,0.15,3,,clustered,0.7;-0.3,3,19,3,0,0,-1,-4,-1,-1,-4,0,edgeCount
698,25,37,0.15,2,,clustered,0.7;-0.3,-1,-1,-1,0,0,-1,0,-1,-1,0,0,edgeCount
697,25,47,0.15,3,,clustered,0.7;-0.3,6,6,2,4,2,2,0,6,2,4,2,edgeCount
696,25,45,0.15,4,,clustered,0.7;-0.3,3,3,3,0,14,3,0,3,3,0,8,edgeCount
695,25,40,0.15,2,,clustered,0.7;-0.3,-1,-1,-1,0,0,-1,0,-1,-1,0,0,edgeCount
694,25,43,0.15,1,,clustered,0.7;-0.3,-1,-1,6,-7,12,-1,-7,-1,-1,-7,12,edgeCount
693,25,51,0.15,4,,clustered,0.7;-0.3,-1,-1,4,-5,0,-1,-5,-1,-1,-5,0,edgeCount
692,25,48,0.15,3,,clustered,0.7;-0.3,2,2,2,0,4,2,0,2,2,0,2,edgeCount
691,25,58,0.15,3,,clustered,0.7;-0.3,-1,-1,-1,0,0,-1,0,-1,-1,0,0,edgeCount
690,25,59,0.15,7,,clustered,0.7;-0.3,5,15,3,2,0,9,6,9,13,6,0,edgeCount
689,25,37,0.15,2,,clustered,0.7;-0.3,-1,-1,-1,0,0,-1,0,-1,-1,0,0,edgeCount
688,25,50,0.15,2,,clustered,0.7;-0.3,-1,-1,6,-7,0,-1,-7,-1,-1,-7,0,edgeCount
687,25,36,0.15,3,,clustered,0.7;-0.3,-1,-1,-1,0,0,-1,0,-1,-1,0,0,edgeCount
686,25,52,0.15,4,,clustered,0.7;-0.3,-1,-1,5,-6,0,-1,-6,-1,-1,-6,0,edgeCount
685,25,43,0.15,4,,clustered,0.7;-0.3,-1,-1,4,-5,0,-1,-5,-1,-1,-5,0,edgeCount
684,25,42,0.15,2,,clustered,0.7;-0.3,-1,-1,5,-6,0,-1,-6,-1,-1,-6,0,edgeCount
683,25,44,0.15,2,,clustered,0.7;-0.3,4,4,2,2,2,2,0,2,2,0,2,edgeCount
682,25,39,0.15,2,,clustered,0.7;-0.3,-1,-1,5,-6,2,-1,-6,-1,-1,-6,2,edgeCount
681,25,53,0.15,3,,clustered,0.7;-0.3,4,10,4,0,0,8,4,8,8,4,0,edgeCount
680,25,61,0.15,7,,clustered,0.7;-0.3,-1,-1,-1,0,0,-1,0,-1,-1,0,0,edgeCount
679,25,49,0.15,4,,clustered,0.7;-0.3,-1,-1,4,-5,0,-1,-5,-1,-1,-5,0,edgeCount
678,25,51,0.15,4,,clustered,0.7;-0.3,19,15,3,16,0,3,0,7,7,4,0,edgeCount
677,25,36,0.15,3,,clustered,0.7;-0.3,-1,-1,-1,0,0,-1,0,-1,-1,0,0,edgeCount
676,25,43,0.15,1,,clustered,0.7;-0.3,-1,-1,7,-8,6,-1,-8,-1,-1,-8,6,edgeCount
675,25,43,0.15,2,,clustered,0.7;-0.3,3,9,3,0,0,3,0,3,3,0,0,edgeCount
674,25,38,0.15,2,,clustered,0.7;-0.3,-1,-1,-1,0,8,-1,0,-1,-1,0,6,edgeCount
673,25,52,0.15,2,,clustered,0.7;-0.3,-1,-1,7,-8,10,-1,-8,-1,-1,-8,6,edgeCount
672,25,50,0.15,3,,clustered,0.7;-0.3,2,2,2,0,0,2,0,2,2,0,0,edgeCount
671,25,49,0.15,2,,clustered,0.7;-0.3,-1,-1,-1,0,8,-1,0,-1,-1,0,4,edgeCount
670,25,53,0.15,2,,clustered,0.7;-0.3,-1,-1,-1,0,6,-1,0,-1,-1,0,4,edgeCount
669,25,46,0.15,4,,clustered,0.7;-0.3,-1,-1,-1,0,0,-1,0,-1,-1,0,0,edgeCount
668,25,37,0.15,3,,clustered,0.7;-0.3,9,9,5,4,0,9,4,9,9,4,0,edgeCount
667,25,44,0.15,4,,clustered,0.7;-0.3,-1,-1,-1,0,0,-1,0,-1,-1,0,0,edgeCount
666,25,31,0.15,1,,clustered,0.7;-0.3,-1,-1,-1,0,0,-1,0,-1,-1,0,0,edgeCount
665,25,43,0.15,2,,clustered,0.7;-0.3,17,11,4,13,6,-1,-5,8,6,4,6,edgeCount
664,25,41,0.15,3,,clustered,0.7;-0.3,11,5,5,6,2,-1,-6,-1,-1,-6,2,edgeCount
663,25,40,0.15,3,,clustered,0.7;-0.3,-1,-1,4,-5,0,-1,-5,-1,-1,-5,0,edgeCount
662,25,44,0.15,3,,clustered,0.7;-0.3,-1,-1,-1,0,4,-1,0,-1,-1,0,2,edgeCount
661,25,44,0.15,1,,clustered,0.7;-0.3,-1,-1,-1,0,4,-1,0,-1,-1,0,4,edgeCount
660,25,49,0.15,2,,clustered,0.7;-0.3,4,4,4,0,0,8,4,8,8,4,0,edgeCount
659,25,42,0.15,2,,clustered,0.7;-0.3,4,4,4,0,0,4,0,4,4,0,0,edgeCount
658,25,39,0.15,3,,clustered,0.7;-0.3,-1,-1,7,-8,0,-1,-8,-1,-1,-8,0,edgeCount
657,25,34,0.15,2,,clustered,0.7;-0.3,7,3,3,4,0,3,0,3,3,0,0,edgeCount
656,25,41,0.15,3,,clustered,0.7;-0.3,-1,-1,4,-5,2,-1,-5,-1,-1,-5,2,edgeCount
655,25,48,0.15,3,,clustered,0.7;-0.3,5,7,3,2,2,13,10,13,25,10,2,edgeCount
654,25,48,0.15,2,,clustered,0.7;-0.3,7,5,5,2,0,-1,-6,-1,-1,-6,0,edgeCount
653,25,54,0.15,3,,clustered,0.7;-0.3,-1,-1,-1,0,0,-1,0,-1,-1,0,0,edgeCount
652,25,41,0.15,3,,clustered,0.7;-0.3,18,4,4,14,2,-1,-5,-1,-1,-5,2,edgeCount
651,25,44,0.15,4,,clustered,0.7;-0.3,-1,-1,-1,0,0,-1,0,-1,-1,0,0,edgeCount
650,25,50,0.15,2,,clustered,0.7;-0.3,-1,-1,-1,0,0,-1,0,-1,-1,0,0,edgeCount
649,25,34,0.15,3,,clustered,0.7;-0.3,-1,-1,-1,0,2,-1,0,-1,-1,0,2,edgeCount
648,25,46,0.15,2,,clustered,0.7;-0.3,-1,-1,4,-5,20,-1,-5,10,10,6,12,edgeCount
647,25,48,0.15,2,,clustered,0.7;-0.3,7,7,3,4,0,7,4,7,7,4,0,edgeCount
646,25,46,0.15,1,,clustered,0.7;-0.3,-1,-1,-1,0,6,-1,0,-1,-1,0,6,edgeCount
645,25,46,0.15,4,,clustered,0.7;-0.3,10,9,3,7,0,8,5,8,8,5,0,edgeCount
644,25,36,0.15,2,,clustered,0.7;-0.3,-1,-1,-1,0,0,-1,0,-1,-1,0,0,edgeCount
643,25,45,0.15,2,,clustered,0.7;-0.3,3,3,3,0,0,3,0,3,3,0,0,edgeCount
642,25,52,0.15,3,,clustered,0.7;-0.3,-1,-1,-1,0,0,-1,0,-1,-1,0,0,edgeCount
641,25,54,0.15,2,,clustered,0.7;-0.3,-1,-1,-1,0,16,-1,0,-1,-1,0,8,edgeCount
640,25,37,0.15,2,,clustered,0.7;-0.3,4,6,4,0,0,8,4,8,8,4,0,edgeCount
639,25,53,0.15,5,,clustered,0.7;-0.3,7,3,3,4,6,-1,-4,-1,-1,-4,2,edgeCount
638,25,43,0.15,3,,clustered,0.7;-0.3,18,10,4,14,0,-1,-5,-1,-1,-5,0,edgeCount
637,25,40,0.15,3,,clustered,0.7;-0.3,3,15,3,0,0,7,4,3,3,0,0,edgeCount
636,25,42,0.15,1,,clustered,0.7;-0.3,-1,-1,5,-6,0,-1,-6,-1,-1,-6,0,edgeCount
635,25,51,0.15,4,,clustered,0.7;-0.3,14,8,4,10,8,-1,-5,-1,-1,-5,4,edgeCount
634,25,37,0.15,3,,clustered,0.7;-0.3,-1,-1,-1,0,2,-1,0,-1,-1,0,2,edgeCount
633,25,41,0.15,2,,clustered,0.7;-0.3,-1,-1,5,-6,0,-1,-6,-1,-1,-6,0,edgeCount
632,25,50,0.15,3,,clustered,0.7;-0.3,-1,-1,-1,0,0,-1,0,-1,-1,0,0,edgeCount
631,25,34,0.15,1,,clustered,0.7;-0.3,-1,-1,-1,0,2,-1,0,-1,-1,0,2,edgeCount
630,25,53,0.15,3,,clustered,0.7;-0.3,-1,-1,-1,0,4,-1,0,-1,-1,0,2,edgeCount
629,25,26,0.15,3,,clustered,0.7;-0.3,-1,-1,-1,0,0,-1,0,-1,-1,0,0,edgeCount
628,25,50,0.15,2,,clustered,0.7;-0.3,4,4,2,2,0,2,0,2,2,0,0,edgeCount
627,25,41,0.15,2,,clustered,0.7;-0.3,4,4,4,0,0,-1,-5,-1,-1,-5,0,edgeCount
626,25,50,0.15,5,,clustered,0.7;-0.3,-1,-1,-1,0,0,-1,0,-1,-1,0,0,edgeCount
625,25,43,0.15,1,,clustered,0.7;-0.3,-1,-1,-1,0,16,-1,0,-1,-1,0,16,edgeCount
624,25,47,0.15,4,,clustered,0.7;-0.3,-1,-1,-1,0,0,-1,0,-1,-1,0,0,edgeCount
623,25,43,0.15,3,,clustered,0.7;-0.3,2,2,2,0,8,4,2,4,4,2,4,edgeCount
622,25,47,0.15,4,,clustered,0.7;-0.3,3,3,3,0,0,3,0,3,3,0,0,edgeCount
621,25,43,0.15,2,,clustered,0.7;-0.3,-1,-1,-1,0,2,-1,0,-1,-1,0,2,edgeCount
620,25,48,0.15,3,,clustered,0.7;-0.3,12,4,2,10,8,2,0,4,2,2,4,edgeCount
619,25,44,0.15,1,,clustered,0.7;-0.3,6,10,4,2,8,-1,-5,6,10,2,8,edgeCount
618,25,57,0.15,2,,clustered,0.7;-0.3,6,6,2,4,0,2,0,6,2,4,0,edgeCount
617,25,51,0.15,3,,clustered,0.7;-0.3,-1,-1,4,-5,4,-1,-5,-1,-1,-5,2,edgeCount
616,25,41,0.15,2,,clustered,0.7;-0.3,-1,-1,-1,0,0,-1,0,-1,-1,0,0,edgeCount
615,25,57,0.15,5,,clustered,0.7;-0.3,14,8,2,12,2,2,0,6,2,4,2,edgeCount
614,25,38,0.15,3,,clustered,0.7;-0.3,-1,-1,-1,0,2,-1,0,-1,-1,0,2,edgeCount
613,25,45,0.15,1,,clustered,0.7;-0.3,3,3,3,0,0,3,0,3,3,0,0,edgeCount
612,25,39,0.15,1,,clustered,0.7;-0.3,-1,-1,-1,0,6,-1,0,-1,-1,0,6,edgeCount
611,25,47,0.15,3,,clustered,0.7;-0.3,-1,-1,-1,0,0,-1,0,-1,-1,0,0,edgeCount
610,25,39,0.15,3,,clustered,0.7;-0.3,6,10,4,2,4,8,4,8,16,4,4,edgeCount
609,25,46,0.15,2,,clustered,0.7;-0.3,-1,-1,-1,0,2,-1,0,-1,-1,0,2,edgeCount
608,25,50,0.15,3,,clustered,0.7;-0.3,-1,-1,-1,0,0,-1,0,-1,-1,0,0,edgeCount
607,25,54,0.15,3,,clustered,0.7;-0.3,12,4,4,8,0,-1,-5,-1,-1,-5,0,edgeCount
606,25,38,0.15,1,,clustered,0.7;-0.3,4,4,4,0,0,4,0,4,4,0,0,edgeCount
605,25,43,0.15,1,,clustered,0.7;-0.3,-1,-1,-1,0,2,-1,0,-1,-1,0,2,edgeCount
604,25,46,0.15,3,,clustered,0.7;-0.3,-1,-1,4,-5,0,-1,-5,-1,-1,-5,0,edgeCount
603,25,45,0.15,3,,clustered,0.7;-0.3,-1,-1,5,-6,4,-1,-6,19,19,14,2,edgeCount
602,25,44,0.15,3,,clustered,0.7;-0.3,4,20,4,0,0,12,8,12,12,8,0,edgeCount
601,25,50,0.15,1,,clustered,0.7;-0.3,-1,-1,-1,0,2,-1,0,-1,-1,0,2,edgeCount
600,25,53,0.15,4,,clustered,0.7;-0.3,5,5,3,2,4,7,4,5,7,2,2,edgeCount
599,25,43,0.15,2,,clustered,0.7;-0.3,2,2,2,0,16,3,1,3,2,1,10,edgeCount
598,25,41,0.15,1,,clustered,0.7;-0.3,3,7,3,0,8,3,0,3,7,0,8,edgeCount
597,25,42,0.15,2,,clustered,0.7;-0.3,3,5,3,0,0,5,2,3,5,0,0,edgeCount
596,25,52,0.15,6,,clustered,0.7;-0.3,10,26,4,6,0,14,10,14,20,10,0,edgeCount
595,25,44,0.15,3,,clustered,0.7;-0.3,-1,-1,5,-6,8,-1,-6,-1,-1,-6,6,edgeCount
594,25,59,0.15,3,,clustered,0.7;-0.3,7,7,4,3,2,-1,-5,-1,-1,-5,2,edgeCount
593,25,31,0.15,1,,clustered,0.7;-0.3,-1,-1,5,-6,2,-1,-6,-1,-1,-6,2,edgeCount
592,25,56,0.15,3,,clustered,0.7;-0.3,-1,-1,5,-6,4,-1,-6,-1,-1,-6,2,edgeCount
591,25,52,0.15,3,,clustered,0.7;-0.3,3,3,2,1,0,2,0,2,2,0,0,edgeCount
590,25,41,0.15,3,,clustered,0.7;-0.3,-1,-1,4,-5,6,-1,-5,-1,-1,-5,6,edgeCount
589,25,38,0.15,2,,clustered,0.7;-0.3,-1,-1,6,-7,0,-1,-7,-1,-1,-7,0,edgeCount
588,25,47,0.15,3,,clustered,0.7;-0.3,-1,-1,-1,0,4,-1,0,-1,-1,0,2,edgeCount
587,25,44,0.15,4,,clustered,0.7;-0.3,-1,-1,5,-6,0,-1,-6,-1,-1,-6,0,edgeCount
586,25,45,0.15,2,,clustered,0.7;-0.3,-1,-1,-1,0,2,-1,0,-1,-1,0,2,edgeCount
585,25,42,0.15,3,,clustered,0.7;-0.3,-1,-1,-1,0,0,-1,0,-1,-1,0,0,edgeCount
584,25,44,0.15,3,,clustered,0.7;-0.3,4,6,4,0,2,8,4,8,8,4,2,edgeCount
583,25,45,0.15,4,,clustered,0.7;-0.3,3,3,3,0,0,5,2,3,5,0,0,edgeCount
582,25,51,0.15,6,,clustered,0.7;-0.3,11,5,2,9,0,2,0,12,2,10,0,edgeCount
581,25,47,0.15,1,,clustered,0.7;-0.3,2,2,2,0,0,2,0,2,2,0,0,edgeCount
580,25,63,0.15,3,,clustered,0.7;-0.3,-1,-1,-1,0,10,-1,0,-1,-1,0,4,edgeCount
579,25,49,0.15,3,,clustered,0.7;-0.3,-1,-1,6,-7,0,-1,-7,-1,-1,-7,0,edgeCount
578,25,50,0.15,2,,clustered,0.7;-0.3,-1,-1,-1,0,0,-1,0,-1,-1,0,0,edgeCount
577,25,41,0.15,2,,clustered,0.7;-0.3,-1,-1,-1,0,4,-1,0,-1,-1,0,2,edgeCount
576,25,49,0.15,6,,clustered,0.7;-0.3,5,5,3,2,4,7,4,3,7,0,2,edgeCount
575,25,51,0.15,2,,clustered,0.7;-0.3,-1,-1,6,-7,8,-1,-7,12,12,6,6,edgeCount
574,25,45,0.15,3,,clustered,0.7;-0.3,-1,-1,-1,0,0,-1,0,-1,-1,0,0,edgeCount
573,25,39,0.15,2,,clustered,0.7;-0.3,4,4,4,0,2,4,0,4,4,0,2,edgeCount
572,25,41,0.15,3,,clustered,0.7;-0.3,-1,-1,-1,0,8,-1,0,-1,-1,0,6,edgeCount
571,25,50,0.15,3,,clustered,0.7;-0.3,-1,-1,-1,0,0,-1,0,-1,-1,0,0,edgeCount
570,25,39,0.15,1,,clustered,0.7;-0.3,-1,-1,-1,0,6,-1,0,-1,-1,0,6,edgeCount
569,25,37,0.15,3,,clustered,0.7;-0.3,15,9,3,12,0,3,0,3,3,0,0,edgeCount
568,25,37,0.15,3,,clustered,0.7;-0.3,-1,-1,5,-6,2,-1,-6,21,21,16,2,edgeCount
567,25,40,0.15,2,,clustered,0.7;-0.3,5,7,3,2,4,3,0,3,3,0,4,edgeCount
566,25,40,0.15,2,,clustered,0.7;-0.3,13,13,3,10,0,-1,-4,-1,-1,-4,0,edgeCount
565,25,54,0.15,3,,clustered,0.7;-0.3,-1,-1,-1,0,0,-1,0,-1,-1,0,0,edgeCount
564,25,47,0.15,3,,clustered,0.7;-0.3,6,8,4,2,0,8,4,8,8,4,0,edgeCount
563,25,42,0.15,3,,clustered,0.7;-0.3,4,6,2,2,4,4,2,4,4,2,2,edgeCount
562,25,47,0.15,1,,clustered,0.7;-0.3,-1,-1,5,-6,10,-1,-6,-1,-1,-6,10,edgeCount
561,25,46,0.15,3,,clustered,0.7;-0.3,6,4,4,2,2,-1,-5,-1,-1,-5,2,edgeCount
560,25,50,0.15,1,,clustered,0.7;-0.3,2,2,2,0,0,2,0,2,2,0,0,edgeCount
559,25,45,0.15,3,,clustered,0.7;-0.3,-1,-1,-1,0,0,-1,0,-1,-1,0,0,edgeCount
558,25,37,0.15,2,,clustered,0.7;-0.3,-1,-1,-1,0,0,-1,0,-1,-1,0,0,edgeCount
557,25,48,0.15,2,,clustered,0.7;-0.3,-1,-1,5,-6,0,-1,-6,-1,-1,-6,0,edgeCount
556,25,45,0.15,3,,clustered,0.7;-0.3,8,2,2,6,0,2,0,2,2,0,0,edgeCount
555,25,50,0.15,4,,clustered,0.7;-0.3,-1,-1,-1,0,0,-1,0,-1,-1,0,0,edgeCount
554,25,51,0.15,2,,clustered,0.7;-0.3,-1,-1,3,-4,0,-1,-4,-1,-1,-4,0,edgeCount
553,25,45,0.15,3,,clustered,0.7;-0.3,19,11,3,16,2,-1,-4,-1,-1,-4,2,edgeCount
552,25,39,0.15,2,,clustered,0.7;-0.3,-1,-1,6,-7,8,-1,-7,14,10,8,6,edgeCount
551,25,59,0.15,2,,clustered,0.7;-0.3,-1,-1,-1,0,0,-1,0,-1,-1,0,0,edgeCount
550,25,44,0.15,2,,clustered,0.7;-0.3,6,4,4,2,0,-1,-5,-1,-1,-5,0,edgeCount
549,25,50,0.15,2,,clustered,0.7;-0.3,-1,-1,4,-5,0,-1,-5,-1,-1,-5,0,edgeCount
548,25,43,0.15,3,,clustered,0.7;-0.3,-1,-1,-1,0,0,-1,0,-1,-1,0,0,edgeCount
547,25,57,0.15,3,,clustered,0.7;-0.3,-1,-1,-1,0,0,-1,0,-1,-1,0,0,edgeCount
546,25,59,0.15,3,,clustered,0.7;-0.3,-1,-1,6,-7,18,-1,-7,15,11,9,8,edgeCount
545,25,45,0.15,4,,clustered,0.7;-0.3,-1,-1,-1,0,2,-1,0,-1,-1,0,2,edgeCount
544,25,30,0.15,1,,clustered,0.7;-0.3,-1,-1,5,-6,0,-1,-6,-1,-1,-6,0,edgeCount
543,25,44,0.15,4,,clustered,0.7;-0.3,-1,-1,4,-5,0,-1,-5,-1,-1,-5,0,edgeCount
542,25,45,0.15,4,,clustered,0.7;-0.3,-1,-1,5,-6,0,-1,-6,-1,-1,-6,0,edgeCount
541,25,38,0.15,1,,clustered,0.7;-0.3,3,3,3,0,0,3,0,3,3,0,0,edgeCount
540,25,45,0.15,4,,clustered,0.7;-0.3,19,3,3,16,0,3,0,3,3,0,0,edgeCount
539,25,48,0.15,4,,clustered,0.7;-0.3,3,5,3,0,0,7,4,3,7,0,0,edgeCount
538,25,42,0.15,1,,clustered,0.7;-0.3,-1,-1,-1,0,0,-1,0,-1,-1,0,0,edgeCount
537,25,42,0.15,1,,clustered,0.7;-0.3,-1,-1,-1,0,0,-1,0,-1,-1,0,0,edgeCount
536,25,45,0.15,4,,clustered,0.7;-0.3,3,11,3,0,0,11,8,11,11,8,0,edgeCount
535,25,43,0.15,4,,clustered,0.7;-0.3,2,2,2,0,0,2,0,2,2,0,0,edgeCount
534,25,47,0.15,3,,clustered,0.7;-0.3,12,6,4,8,0,-1,-5,-1,-1,-5,0,edgeCount
533,25,52,0.15,3,,clustered,0.7;-0.3,-1,-1,-1,0,0,-1,0,-1,-1,0,0,edgeCount
532,25,33,0.15,1,,clustered,0.7;-0.3,2,2,2,0,0,2,0,2,2,0,0,edgeCount
531,25,32,0.15,2,,clustered,0.7;-0.3,-1,-1,-1,0,2,-1,0,-1,-1,0,2,edgeCount
530,25,56,0.15,5,,clustered,0.7;-0.3,-1,-1,-1,0,0,-1,0,-1,-1,0,0,edgeCount
529,25,60,0.15,3,,clustered,0.7;-0.3,-1,-1,4,-5,0,-1,-5,-1,-1,-5,0,edgeCount
528,25,51,0.15,4,,clustered,0.7;-0.3,-1,-1,-1,0,0,-1,0,-1,-1,0,0,edgeCount
527,25,51,0.15,5,,clustered,0.7;-0.3,-1,-1,-1,0,0,-1,0,-1,-1,0,0,edgeCount
526,25,53,0.15,4,,clustered,0.7;-0.3,-1,-1,4,-5,0,-1,-5,-1,-1,-5,0,edgeCount
525,25,43,0.15,1,,clustered,0.7;-0.3,-1,-1,-1,0,4,-1,0,-1,-1,0,4,edgeCount
524,25,47,0.15,2,,clustered,0.7;-0.3,13,13,5,8,0,9,4,9,9,4,0,edgeCount
523,25,50,0.15,3,,clustered,0.7;-0.3,-1,-1,-1,0,8,-1,0,-1,-1,0,4,edgeCount
522,25,41,0.15,1,,clustered,0.7;-0.3,-1,-1,-1,0,0,-1,0,-1,-1,0,0,edgeCount
521,25,48,0.15,2,,clustered,0.7;-0.3,3,7,3,0,0,5,2,5,5,2,0,edgeCount
520,25,48,0.15,1,,clustered,0.7;-0.3,4,4,4,0,0,4,0,4,4,0,0,edgeCount
519,25,38,0.15,1,,clustered,0.7;-0.3,-1,-1,4,-5,0,-1,-5,-1,-1,-5,0,edgeCount
518,25,45,0.15,3,,clustered,0.7;-0.3,11,3,3,8,0,3,0,3,3,0,0,edgeCount
517,25,44,0.15,4,,clustered,0.7;-0.3,-1,-1,6,-7,8,-1,-7,-1,-1,-7,4,edgeCount
516,25,41,0.15,4,,clustered,0.7;-0.3,10,10,2,8,0,2,0,6,2,4,0,edgeCount
515,25,33,0.15,3,,clustered,0.7;-0.3,-1,-1,-1,0,0,-1,0,-1,-1,0,0,edgeCount
514,25,51,0.15,6,,clustered,0.7;-0.3,-1,-1,-1,0,0,-1,0,-1,-1,0,0,edgeCount
513,25,49,0.15,1,,clustered,0.7;-0.3,-1,-1,8,-9,4,-1,-9,-1,-1,-9,4,edgeCount
512,25,54,0.15,4,,clustered,0.7;-0.3,2,3,2,0,0,5,3,3,3,1,0,edgeCount
511,25,47,0.15,3,,clustered,0.7;-0.3,4,8,4,0,2,12,8,12,6,8,2,edgeCount
510,25,38,0.15,2,,clustered,0.7;-0.3,-1,-1,-1,0,8,-1,0,-1,-1,0,4,edgeCount
509,25,54,0.15,4,,clustered,0.7;-0.3,3,31,3,0,6,11,8,11,19,8,4,edgeCount
508,25,45,0.15,2,,clustered,0.7;-0.3,-1,-1,-1,0,0,-1,0,-1,-1,0,0,edgeCount
507,25,47,0.15,2,,clustered,0.7;-0.3,4,4,2,2,0,2,0,2,2,0,0,edgeCount
506,25,44,0.15,3,,clustered,0.7;-0.3,-1,-1,-1,0,0,-1,0,-1,-1,0,0,edgeCount
505,25,55,0.15,3,,clustered,0.7;-0.3,-1,-1,-1,0,0,-1,0,-1,-1,0,0,edgeCount
504,25,41,0.15,1,,clustered,0.7;-0.3,5,5,5,0,0,5,0,5,5,0,0,edgeCount
503,25,43,0.15,4,,clustered,0.7;-0.3,-1,-1,4,-5,0,-1,-5,-1,-1,-5,0,edgeCount
502,25,48,0.15,3,,clustered,0.7;-0.3,-1,-1,-1,0,0,-1,0,-1,-1,0,0,edgeCount
501,25,45,0.15,3,,clustered,0.7;-0.3,-1,-1,5,-6,8,-1,-6,-1,-1,-6,4,edgeCount
500,25,52,0.15,1,,clustered,0.7;-0.3,-1,-1,-1,0,0,-1,0,-1,-1,0,0,edgeCount
499,25,35,0.15,1,,clustered,0.7;-0.3,-1,-1,-1,0,6,-1,0,-1,-1,0,6,edgeCount
498,25,47,0.15,1,,clustered,0.7;-0.3,-1,-1,-1,0,0,-1,0,-1,-1,0,0,edgeCount
497,25,42,0.15,2,,clustered,0.7;-0.3,14,6,6,8,0,-1,-7,-1,-1,-7,0,edgeCount
496,25,42,0.15,2,,clustered,0.7;-0.3,4,4,2,2,10,2,0,2,2,0,6,edgeCount
495,25,49,0.15,3,,clustered,0.7;-0.3,-1,-1,-1,0,0,-1,0,-1,-1,0,0,edgeCount
494,25,46,0.15,2,,clustered,0.7;-0.3,-1,-1,-1,0,0,-1,0,-1,-1,0,0,edgeCount
493,25,46,0.15,4,,clustered,0.7;-0.3,14,12,3,11,8,-1,-4,9,9,6,4,edgeCount
492,25,44,0.15,2,,clustered,0.7;-0.3,-1,-1,-1,0,0,-1,0,-1,-1,0,0,edgeCount
491,25,46,0.15,2,,clustered,0.7;-0.3,-1,-1,-1,0,4,-1,0,-1,-1,0,4,edgeCount
490,25,31,0.15,1,,clustered,0.7;-0.3,2,2,2,0,0,2,0,2,2,0,0,edgeCount
489,25,47,0.15,2,,clustered,0.7;-0.3,-1,-1,8,-9,10,-1,-9,-1,-1,-9,6,edgeCount
488,25,38,0.15,2,,clustered,0.7;-0.3,-1,-1,5,-6,0,-1,-6,-1,-1,-6,0,edgeCount
487,25,53,0.15,2,,clustered,0.7;-0.3,-1,-1,-1,0,0,-1,0,-1,-1,0,0,edgeCount
486,25,39,0.15,4,,clustered,0.7;-0.3,3,3,2,1,2,2,0,2,2,0,2,edgeCount
485,25,44,0.15,2,,clustered,0.7;-0.3,-1,-1,5,-6,4,-1,-6,-1,-1,-6,4,edgeCount
484,25,47,0.15,4,,clustered,0.7;-0.3,11,13,3,8,0,3,0,3,3,0,0,edgeCount
483,25,43,0.15,3,,clustered,0.7;-0.3,-1,-1,-1,0,0,-1,0,-1,-1,0,0,edgeCount
482,25,43,0.15,2,,clustered,0.7;-0.3,-1,-1,5,-6,0,-1,-6,-1,-1,-6,0,edgeCount
481,25,57,0.15,2,,clustered,0.7;-0.3,2,2,2,0,14,2,0,2,2,0,8,edgeCount
480,25,43,0.15,1,,clustered,0.7;-0.3,-1,-1,4,-5,0,-1,-5,-1,-1,-5,0,edgeCount
479,25,43,0.15,1,,clustered,0.7;-0.3,5,5,5,0,0,5,0,5,5,0,0,edgeCount
478,25,43,0.15,3,,clustered,0.7;-0.3,-1,-1,-1,0,0,-1,0,-1,-1,0,0,edgeCount
477,25,48,0.15,2,,clustered,0.7;-0.3,9,3,3,6,12,-1,-4,-1,-1,-4,10,edgeCount
476,25,53,0.15,4,,clustered,0.7;-0.3,9,3,3,6,12,5,2,3,5,0,8,edgeCount
475,25,46,0.15,2,,clustered,0.7;-0.3,4,4,4,0,14,-1,-5,-1,-1,-5,8,edgeCount
474,25,39,0.15,3,,clustered,0.7;-0.3,7,3,3,4,0,9,6,3,3,0,0,edgeCount
473,25,55,0.15,4,,clustered,0.7;-0.3,-1,-1,5,-6,0,-1,-6,-1,-1,-6,0,edgeCount
472,25,50,0.15,3,,clustered,0.7;-0.3,-1,-1,-1,0,12,-1,0,-1,-1,0,6,edgeCount
471,25,38,0.15,3,,clustered,0.7;-0.3,-1,-1,-1,0,0,-1,0,-1,-1,0,0,edgeCount
470,25,49,0.15,4,,clustered,0.7;-0.3,-1,-1,4,-5,0,-1,-5,-1,-1,-5,0,edgeCount
469,25,39,0.15,2,,clustered,0.7;-0.3,-1,-1,-1,0,0,-1,0,-1,-1,0,0,edgeCount
468,25,46,0.15,2,,clustered,0.7;-0.3,-1,-1,7,-8,2,-1,-8,-1,-1,-8,2,edgeCount
467,25,56,0.15,2,,clustered,0.7;-0.3,4,5,4,0,0,4,0,6,6,2,0,edgeCount
466,25,41,0.15,1,,clustered,0.7;-0.3,-1,-1,-1,0,0,-1,0,-1,-1,0,0,edgeCount
465,25,45,0.15,3,,clustered,0.7;-0.3,-1,-1,5,-6,10,-1,-6,-1,-1,-6,6,edgeCount
464,25,39,0.15,2,,clustered,0.7;-0.3,-1,-1,-1,0,0,-1,0,-1,-1,0,0,edgeCount
463,25,45,0.15,1,,clustered,0.7;-0.3,8,8,4,4,8,-1,-5,8,8,4,8,edgeCount
462,25,47,0.15,4,,clustered,0.7;-0.3,4,16,3,1,0,-1,-4,14,6,11,0,edgeCount
461,25,51,0.15,3,,clustered,0.7;-0.3,3,3,3,0,6,5,2,3,5,0,2,edgeCount
460,25,39,0.15,3,,clustered,0.7;-0.3,3,3,3,0,0,3,0,3,3,0,0,edgeCount
459,25,36,0.15,1,,clustered,0.7;-0.3,-1,-1,-1,0,8,-1,0,-1,-1,0,8,edgeCount
458,25,46,0.15,2,,clustered,0.7;-0.3,-1,-1,-1,0,0,-1,0,-1,-1,0,0,edgeCount
457,25,41,0.15,2,,clustered,0.7;-0.3,-1,-1,-1,0,0,-1,0,-1,-1,0,0,edgeCount
456,25,55,0.15,2,,clustered,0.7;-0.3,-1,-1,-1,0,0,-1,0,-1,-1,0,0,edgeCount
455,25,39,0.15,1,,clustered,0.7;-0.3,-1,-1,-1,0,0,-1,0,-1,-1,0,0,edgeCount
454,25,34,0.15,1,,clustered,0.7;-0.3,-1,-1,-1,0,0,-1,0,-1,-1,0,0,edgeCount
453,25,52,0.15,3,,clustered,0.7;-0.3,-1,-1,-1,0,0,-1,0,-1,-1,0,0,edgeCount
452,25,33,0.15,1,,clustered,0.7;-0.3,5,5,5,0,0,5,0,5,5,0,0,edgeCount
451,25,42,0.15,2,,clustered,0.7;-0.3,6,6,4,2,0,6,2,6,6,2,0,edgeCount
450,25,46,0.15,4,,clustered,0.7;-0.3,14,14,2,12,4,2,0,2,2,0,2,edgeCount
449,25,55,0.15,3,,clustered,0.7;-0.3,-1,-1,5,-6,0,-1,-6,-1,-1,-6,0,edgeCount
448,25,44,0.15,1,,clustered,0.7;-0.3,14,10,6,8,6,-1,-7,14,10,8,6,edgeCount
447,25,56,0.15,2,,clustered,0.7;-0.3,-1,-1,-1,0,14,-1,0,-1,-1,0,8,edgeCount
446,25,39,0.15,2,,clustered,0.7;-0.3,-1,-1,-1,0,0,-1,0,-1,-1,0,0,edgeCount
445,25,43,0.15,1,,clustered,0.7;-0.3,-1,-1,9,-10,16,-1,-10,-1,-1,-10,16,edgeCount
444,25,54,0.15,4,,clustered,0.7;-0.3,-1,-1,-1,0,0,-1,0,-1,-1,0,0,edgeCount
443,25,46,0.15,3,,clustered,0.7;-0.3,4,20,4,0,0,10,6,10,10,6,0,edgeCount
442,25,45,0.15,5,,clustered,0.7;-0.3,-1,-1,4,-5,0,-1,-5,-1,-1,-5,0,edgeCount
441,25,47,0.15,2,,clustered,0.7;-0.3,3,3,3,0,0,3,0,3,3,0,0,edgeCount
440,25,59,0.15,3,,clustered,0.7;-0.3,2,6,2,0,0,2,0,6,2,4,0,edgeCount
439,25,50,0.15,2,,clustered,0.7;-0.3,3,3,3,0,12,-1,-4,-1,-1,-4,8,edgeCount
438,25,42,0.15,5,,clustered,0.7;-0.3,2,2,2,0,4,4,2,4,4,2,4,edgeCount
437,25,43,0.15,5,,clustered,0.7;-0.3,-1,-1,-1,0,2,-1,0,-1,-1,0,2,edgeCount
436,25,66,0.15,7,,clustered,0.7;-0.3,-1,-1,4,-5,6,-1,-5,-1,-1,-5,2,edgeCount
435,25,51,0.15,2,,clustered,0.7;-0.3,3,3,3,0,0,3,0,3,3,0,0,edgeCount
434,25,35,0.15,1,,clustered,0.7;-0.3,-1,-1,-1,0,0,-1,0,-1,-1,0,0,edgeCount
433,25,47,0.15,2,,clustered,0.7;-0.3,-1,-1,5,-6,8,-1,-6,-1,-1,-6,4,edgeCount
432,25,43,0.15,3,,clustered,0.7;-0.3,-1,-1,-1,0,10,-1,0,-1,-1,0,6,edgeCount
431,25,46,0.15,2,,clustered,0.7;-0.3,-1,-1,-1,0,0,-1,0,-1,-1,0,0,edgeCount
430,25,54,0.15,4,,clustered,0.7;-0.3,11,3,3,8,8,3,0,3,3,0,4,edgeCount
429,25,44,0.15,4,,clustered,0.7;-0.3,16,10,2,14,0,2,0,2,2,0,0,edgeCount
428,25,44,0.15,4,,clustered,0.7;-0.3,-1,-1,-1,0,0,-1,0,-1,-1,0,0,edgeCount
427,25,38,0.15,1,,clustered,0.7;-0.3,-1,-1,-1,0,0,-1,0,-1,-1,0,0,edgeCount
426,25,53,0.15,1,,clustered,0.7;-0.3,-1,-1,3,-4,0,-1,-4,-1,-1,-4,0,edgeCount
425,25,43,0.15,1,,clustered,0.7;-0.3,5,5,5,0,8,-1,-6,5,5,0,8,edgeCount
424,25,40,0.15,2,,clustered,0.7;-0.3,-1,-1,-1,0,0,-1,0,-1,-1,0,0,edgeCount
423,25,44,0.15,3,,clustered,0.7;-0.3,-1,-1,-1,0,0,-1,0,-1,-1,0,0,edgeCount
422,25,41,0.15,3,,clustered,0.7;-0.3,4,4,4,0,0,4,0,4,4,0,0,edgeCount
421,25,33,0.15,2,,clustered,0.7;-0.3,-1,-1,-1,0,0,-1,0,-1,-1,0,0,edgeCount
420,25,45,0.15,4,,clustered,0.7;-0.3,-1,-1,5,-6,4,-1,-6,-1,-1,-6,2,edgeCount
419,25,46,0.15,4,,clustered,0.7;-0.3,20,2,2,18,2,2,0,2,2,0,2,edgeCount
418,25,46,0.15,2,,clustered,0.7;-0.3,3,3,3,0,0,5,2,5,5,2,0,edgeCount
417,25,37,0.15,1,,clustered,0.7;-0.3,-1,-1,-1,0,0,-1,0,-1,-1,0,0,edgeCount
416,25,52,0.15,3,,clustered,0.7;-0.3,-1,-1,-1,0,0,-1,0,-1,-1,0,0,edgeCount
415,25,49,0.15,2,,clustered,0.7;-0.3,-1,-1,-1,0,0,-1,0,-1,-1,0,0,edgeCount
414,25,53,0.15,5,,clustered,0.7;-0.3,2,2,2,0,0,2,0,2,2,0,0,edgeCount
413,25,44,0.15,1,,clustered,0.7;-0.3,4,4,4,0,0,4,0,4,4,0,0,edgeCount
412,25,40,0.15,2,,clustered,0.7;-0.3,8,8,4,4,4,6,2,6,6,2,4,edgeCount
411,25,44,0.15,2,,clustered,0.7;-0.3,-1,-1,-1,0,8,-1,0,-1,-1,0,4,edgeCount
410,25,46,0.15,2,,clustered,0.7;-0.3,3,21,3,0,8,7,4,7,3,4,4,edgeCount
409,25,44,0.15,2,,clustered,0.7;-0.3,18,10,4,14,10,-1,-5,-1,-1,-5,6,edgeCount
408,25,41,0.15,1,,clustered,0.7;-0.3,-1,-1,7,-8,2,-1,-8,-1,-1,-8,2,edgeCount
407,25,33,0.15,3,,clustered,0.7;-0.3,-1,-1,-1,0,6,-1,0,-1,-1,0,4,edgeCount
406,25,54,0.15,1,,clustered,0.7;-0.3,2,2,2,0,12,2,0,2,2,0,12,edgeCount
405,25,51,0.15,4,,clustered,0.7;-0.3,-1,-1,-1,0,6,-1,0,-1,-1,0,4,edgeCount
404,25,45,0.15,1,,clustered,0.7;-0.3,2,2,2,0,0,2,0,2,2,0,0,edgeCount
403,25,41,0.15,3,,clustered,0.7;-0.3,-1,-1,-1,0,6,-1,0,-1,-1,0,6,edgeCount
402,25,50,0.15,1,,clustered,0.7;-0.3,-1,-1,-1,0,0,-1,0,-1,-1,0,0,edgeCount
401,25,48,0.15,1,,clustered,0.7;-0.3,-1,-1,5,-6,2,-1,-6,-1,-1,-6,2,edgeCount
400,25,40,0.15,3,,clustered,0.7;-0.3,-1,-1,-1,0,0,-1,0,-1,-1,0,0,edgeCount
399,25,42,0.15,2,,clustered,0.7;-0.3,-1,-1,6,-7,0,-1,-7,-1,-1,-7,0,edgeCount
398,25,44,0.15,3,,clustered,0.7;-0.3,13,5,5,8,4,-1,-6,-1,-1,-6,4,edgeCount
397,25,46,0.15,2,,clustered,0.7;-0.3,-1,-1,-1,0,0,-1,0,-1,-1,0,0,edgeCount
396,25,42,0.15,1,,clustered,0.7;-0.3,-1,-1,-1,0,6,-1,0,-1,-1,0,6,edgeCount
395,25,42,0.15,2,,clustered,0.7;-0.3,8,2,2,6,2,2,0,2,2,0,2,edgeCount
394,25,53,0.15,3,,clustered,0.7;-0.3,-1,-1,-1,0,6,-1,0,-1,-1,0,2,edgeCount
393,25,58,0.15,3,,clustered,0.7;-0.3,-1,-1,-1,0,14,-1,0,-1,-1,0,6,edgeCount
392,25,38,0.15,2,,clustered,0.7;-0.3,4,4,2,2,6,2,0,2,2,0,6,edgeCount
391,25,38,0.15,5,,clustered,0.7;-0.3,3,3,2,1,0,2,0,2,2,0,0,edgeCount
390,25,40,0.15,2,,clustered,0.7;-0.3,-1,-1,6,-7,8,-1,-7,-1,-1,-7,6,edgeCount
389,25,41,0.15,3,,clustered,0.7;-0.3,-1,-1,-1,0,4,-1,0,-1,-1,0,4,edgeCount
388,25,33,0.15,4,,clustered,0.7;-0.3,-1,-1,-1,0,2,-1,0,-1,-1,0,2,edgeCount
387,25,39,0.15,1,,clustered,0.7;-0.3,-1,-1,-1,0,2,-1,0,-1,-1,0,2,edgeCount
386,25,45,0.15,2,,clustered,0.7;-0.3,-1,-1,5,-6,4,-1,-6,9,9,4,2,edgeCount
385,25,50,0.15,4,,clustered,0.7;-0.3,-1,-1,4,-5,10,-1,-5,7,7,3,6,edgeCount
384,25,52,0.15,3,,clustered,0.7;-0.3,8,8,3,5,6,-1,-4,10,10,7,4,edgeCount
383,25,53,0.15,4,,clustered,0.7;-0.3,3,9,3,0,14,7,4,7,7,4,8,edgeCount
382,25,45,0.15,2,,clustered,0.7;-0.3,-1,-1,-1,0,0,-1,0,-1,-1,0,0,edgeCount
381,25,49,0.15,2,,clustered,0.7;-0.3,3,3,3,0,0,3,0,3,3,0,0,edgeCount
380,25,45,0.15,5,,clustered,0.7;-0.3,13,5,3,10,0,5,2,9,9,6,0,edgeCount
379,25,52,0.15,4,,clustered,0.7;-0.3,-1,-1,-1,0,4,-1,0,-1,-1,0,2,edgeCount
378,25,55,0.15,5,,clustered,0.7;-0.3,-1,-1,-1,0,0,-1,0,-1,-1,0,0,edgeCount
377,25,50,0.15,1,,clustered,0.7;-0.3,-1,-1,-1,0,10,-1,0,-1,-1,0,10,edgeCount
376,25,55,0.15,4,,clustered,0.7;-0.3,10,6,4,6,0,-1,-5,-1,-1,-5,0,edgeCount
375,25,45,0.15,1,,clustered,0.7;-0.3,-1,-1,5,-6,0,-1,-6,-1,-1,-6,0,edgeCount
374,25,43,0.15,5,,clustered,0.7;-0.3,4,8,3,1,0,6,3,6,6,3,0,edgeCount
373,25,37,0.15,1,,clustered,0.7;-0.3,-1,-1,6,-7,4,-1,-7,-1,-1,-7,4,edgeCount
372,25,41,0.15,3,,clustered,0.7;-0.3,13,3,3,10,2,3,0,3,3,0,2,edgeCount
371,25,40,0.15,3,,clustered,0.7;-0.3,3,8,3,0,0,7,4,3,3,0,0,edgeCount
370,25,38,0.15,4,,clustered,0.7;-0.3,-1,-1,-1,0,0,-1,0,-1,-1,0,0,edgeCount
369,25,39,0.15,2,,clustered,0.7;-0.3,-1,-1,-1,0,0,-1,0,-1,-1,0,0,edgeCount
368,25,57,0.15,3,,clustered,0.7;-0.3,10,8,4,6,0,10,6,10,10,6,0,edgeCount
367,25,55,0.15,3,,clustered,0.7;-0.3,8,4,4,4,0,-1,-5,-1,-1,-5,0,edgeCount
366,25,49,0.15,2,,clustered,0.7;-0.3,3,3,3,0,0,3,0,3,3,0,0,edgeCount
365,25,54,0.15,4,,clustered,0.7;-0.3,-1,-1,-1,0,0,-1,0,-1,-1,0,0,edgeCount
364,25,41,0.15,1,,clustered,0.7;-0.3,-1,-1,-1,0,8,-1,0,-1,-1,0,8,edgeCount
363,25,47,0.15,4,,clustered,0.7;-0.3,20,4,3,17,0,5,2,5,5,2,0,edgeCount
362,25,36,0.15,2,,clustered,0.7;-0.3,9,9,5,4,0,7,2,7,7,2,0,edgeCount
361,25,45,0.15,1,,clustered,0.7;-0.3,3,3,3,0,0,3,0,3,3,0,0,edgeCount
360,25,45,0.15,2,,clustered,0.7;-0.3,11,11,5,6,0,-1,-6,-1,-1,-6,0,edgeCount
359,25,35,0.15,1,,clustered,0.7;-0.3,2,2,2,0,0,2,0,2,2,0,0,edgeCount
358,25,38,0.15,1,,clustered,0.7;-0.3,3,3,3,0,2,3,0,3,3,0,2,edgeCount
357,25,41,0.15,3,,clustered,0.7;-0.3,-1,-1,-1,0,10,-1,0,-1,-1,0,6,edgeCount
356,25,44,0.15,2,,clustered,0.7;-0.3,-1,-1,-1,0,0,-1,0,-1,-1,0,0,edgeCount
355,25,45,0.15,5,,clustered,0.7;-0.3,17,17,3,14,0,9,6,9,9,6,0,edgeCount
354,25,41,0.15,1,,clustered,0.7;-0.3,5,5,5,0,0,5,0,5,5,0,0,edgeCount
353,25,36,0.15,1,,clustered,0.7;-0.3,-1,-1,-1,0,10,-1,0,-1,-1,0,10,edgeCount
352,25,39,0.15,2,,clustered,0.7;-0.3,-1,-1,-1,0,0,-1,0,-1,-1,0,0,edgeCount
351,25,51,0.15,4,,clustered,0.7;-0.3,11,11,4,7,10,-1,-5,-1,-1,-5,6,edgeCount
350,25,47,0.15,2,,clustered,0.7;-0.3,-1,-1,-1,0,0,-1,0,-1,-1,0,0,edgeCount
349,25,33,0.15,2,,clustered,0.7;-0.3,-1,-1,-1,0,0,-1,0,-1,-1,0,0,edgeCount
348,25,39,0.15,1,,clustered,0.7;-0.3,-1,-1,5,-6,6,-1,-6,-1,-1,-6,6,edgeCount
347,25,39,0.15,4,,clustered,0.7;-0.3,-1,-1,-1,0,0,-1,0,-1,-1,0,0,edgeCount
346,25,52,0.15,2,,clustered,0.7;-0.3,5,5,5,0,0,13,8,5,5,0,0,edgeCount
345,25,49,0.15,2,,clustered,0.7;-0.3,-1,-1,5,-6,0,-1,-6,-1,-1,-6,0,edgeCount
344,25,37,0.15,2,,clustered,0.7;-0.3,4,8,3,1,0,8,5,8,8,5,0,edgeCount
343,25,42,0.15,1,,clustered,0.7;-0.3,4,4,4,0,8,-1,-5,4,4,0,8,edgeCount
342,25,44,0.15,2,,clustered,0.7;-0.3,-1,-1,-1,0,0,-1,0,-1,-1,0,0,edgeCount
341,25,54,0.15,4,,clustered,0.7;-0.3,-1,-1,-1,0,4,-1,0,-1,-1,0,2,edgeCount
340,25,40,0.15,2,,clustered,0.7;-0.3,8,2,2,6,2,2,0,2,2,0,2,edgeCount
339,25,48,0.15,3,,clustered,0.7;-0.3,4,6,4,0,0,8,4,8,8,4,0,edgeCount
338,25,53,0.15,5,,clustered,0.7;-0.3,-1,-1,3,-4,0,-1,-4,-1,-1,-4,0,edgeCount
337,25,46,0.15,3,,clustered,0.7;-0.3,-1,-1,4,-5,8,-1,-5,14,14,10,4,edgeCount
336,25,43,0.15,2,,clustered,0.7;-0.3,-1,-1,-1,0,0,-1,0,-1,-1,0,0,edgeCount
335,25,37,0.15,2,,clustered,0.7;-0.3,3,3,3,0,0,3,0,3,3,0,0,edgeCount
334,25,44,0.15,2,,clustered,0.7;-0.3,-1,-1,5,-6,10,-1,-6,-1,-1,-6,10,edgeCount
333,25,52,0.15,1,,clustered,0.7;-0.3,-1,-1,-1,0,2,-1,0,-1,-1,0,2,edgeCount
332,25,48,0.15,2,,clustered,0.7;-0.3,-1,-1,-1,0,0,-1,0,-1,-1,0,0,edgeCount
331,25,47,0.15,4,,clustered,0.7;-0.3,-1,-1,4,-5,0,-1,-5,-1,-1,-5,0,edgeCount
330,25,43,0.15,1,,clustered,0.7;-0.3,11,11,5,6,4,-1,-6,11,11,6,4,edgeCount
329,25,39,0.15,3,,clustered,0.7;-0.3,-1,-1,-1,0,0,-1,0,-1,-1,0,0,edgeCount
328,25,44,0.15,3,,clustered,0.7;-0.3,3,3,3,0,8,3,0,3,3,0,4,edgeCount
327,25,38,0.15,1,,clustered,0.7;-0.3,-1,-1,-1,0,0,-1,0,-1,-1,0,0,edgeCount
326,25,42,0.15,1,,clustered,0.7;-0.3,5,5,5,0,0,5,0,5,5,0,0,edgeCount
325,25,58,0.15,2,,clustered,0.7;-0.3,8,8,4,4,4,-1,-5,-1,-1,-5,2,edgeCount
324,25,41,0.15,1,,clustered,0.7;-0.3,4,8,4,0,2,4,0,4,8,0,2,edgeCount
323,25,46,0.15,2,,clustered,0.7;-0.3,-1,-1,-1,0,0,-1,0,-1,-1,0,0,edgeCount
322,25,39,0.15,2,,clustered,0.7;-0.3,-1,-1,4,-5,0,-1,-5,-1,-1,-5,0,edgeCount
321,25,41,0.15,1,,clustered,0.7;-0.3,3,3,3,0,0,3,0,3,3,0,0,edgeCount
320,25,43,0.15,2,,clustered,0.7;-0.3,-1,-1,-1,0,0,-1,0,-1,-1,0,0,edgeCount
319,25,37,0.15,1,,clustered,0.7;-0.3,-1,-1,7,-8,0,-1,-8,-1,-1,-8,0,edgeCount
318,25,49,0.15,2,,clustered,0.7;-0.3,3,3,3,0,0,3,0,3,3,0,0,edgeCount
317,25,42,0.15,3,,clustered,0.7;-0.3,-1,-1,-1,0,10,-1,0,-1,-1,0,6,edgeCount
316,25,42,0.15,3,,clustered,0.7;-0.3,9,17,4,5,0,15,11,15,15,11,0,edgeCount
315,25,49,0.15,5,,clustered,0.7;-0.3,11,17,4,7,2,15,11,15,23,11,2,edgeCount
314,25,54,0.15,4,,clustered,0.7;-0.3,11,5,3,8,0,-1,-4,-1,-1,-4,0,edgeCount
313,25,42,0.15,1,,clustered,0.7;-0.3,-1,-1,-1,0,0,-1,0,-1,-1,0,0,edgeCount
312,25,43,0.15,1,,clustered,0.7;-0.3,-1,-1,-1,0,4,-1,0,-1,-1,0,4,edgeCount
311,25,55,0.15,1,,clustered,0.7;-0.3,-1,-1,5,-6,0,-1,-6,-1,-1,-6,0,edgeCount
310,25,57,0.15,1,,clustered,0.7;-0.3,-1,-1,-1,0,0,-1,0,-1,-1,0,0,edgeCount
309,25,48,0.15,5,,clustered,0.7;-0.3,3,3,3,0,0,5,2,3,5,0,0,edgeCount
308,25,49,0.15,2,,clustered,0.7;-0.3,-1,-1,-1,0,0,-1,0,-1,-1,0,0,edgeCount
307,25,40,0.15,2,,clustered,0.7;-0.3,-1,-1,-1,0,2,-1,0,-1,-1,0,2,edgeCount
306,25,37,0.15,1,,clustered,0.7;-0.3,4,4,4,0,0,4,0,4,4,0,0,edgeCount
305,25,43,0.15,4,,clustered,0.7;-0.3,-1,-1,-1,0,0,-1,0,-1,-1,0,0,edgeCount
304,25,33,0.15,2,,clustered,0.7;-0.3,5,13,5,0,0,11,6,11,11,6,0,edgeCount
303,25,49,0.15,2,,clustered,0.7;-0.3,-1,-1,-1,0,6,-1,0,-1,-1,0,4,edgeCount
302,25,52,0.15,3,,clustered,0.7;-0.3,-1,-1,5,-6,0,-1,-6,-1,-1,-6,0,edgeCount
301,25,36,0.15,1,,clustered,0.7;-0.3,-1,-1,-1,0,4,-1,0,-1,-1,0,4,edgeCount
300,25,50,0.15,4,,clustered,0.7;-0.3,14,9,3,11,0,3,0,3,3,0,0,edgeCount
299,25,47,0.15,1,,clustered,0.7;-0.3,4,4,4,0,0,4,0,4,4,0,0,edgeCount
298,25,33,0.15,2,,clustered,0.7;-0.3,-1,-1,4,-5,0,-1,-5,-1,-1,-5,0,edgeCount
297,25,47,0.15,4,,clustered,0.7;-0.3,4,20,3,1,0,14,11,8,8,5,0,edgeCount
296,25,50,0.15,2,,clustered,0.7;-0.3,-1,-1,-1,0,0,-1,0,-1,-1,0,0,edgeCount
295,25,52,0.15,2,,clustered,0.7;-0.3,-1,-1,-1,0,0,-1,0,-1,-1,0,0,edgeCount
294,25,39,0.15,3,,clustered,0.7;-0.3,10,5,3,7,0,12,9,12,12,9,0,edgeCount
293,25,49,0.15,2,,clustered,0.7;-0.3,-1,-1,-1,0,0,-1,0,-1,-1,0,0,edgeCount
292,25,43,0.15,3,,clustered,0.7;-0.3,2,2,2,0,4,2,0,2,2,0,2,edgeCount
291,25,38,0.15,2,,clustered,0.7;-0.3,-1,-1,-1,0,0,-1,0,-1,-1,0,0,edgeCount
290,25,45,0.15,2,,clustered,0.7;-0.3,3,3,3,0,0,7,4,7,7,4,0,edgeCount
289,25,45,0.15,1,,clustered,0.7;-0.3,4,4,4,0,4,4,0,4,4,0,4,edgeCount
288,25,39,0.15,2,,clustered,0.7;-0.3,-1,-1,-1,0,4,-1,0,-1,-1,0,2,edgeCount
287,25,46,0.15,2,,clustered,0.7;-0.3,-1,-1,4,-5,0,-1,-5,-1,-1,-5,0,edgeCount
286,25,50,0.15,1,,clustered,0.7;-0.3,-1,-1,-1,0,4,-1,0,-1,-1,0,4,edgeCount
285,25,45,0.15,2,,clustered,0.7;-0.3,-1,-1,-1,0,2,-1,0,-1,-1,0,2,edgeCount
284,25,51,0.15,3,,clustered,0.7;-0.3,-1,-1,-1,0,0,-1,0,-1,-1,0,0,edgeCount
283,25,36,0.15,2,,clustered,0.7;-0.3,8,4,4,4,6,-1,-5,13,13,9,6,edgeCount
282,25,54,0.15,4,,clustered,0.7;-0.3,24,2,2,22,2,2,0,6,2,4,2,edgeCount
281,25,53,0.15,3,,clustered,0.7;-0.3,-1,-1,5,-6,8,-1,-6,-1,-1,-6,4,edgeCount
280,25,45,0.15,3,,clustered,0.7;-0.3,-1,-1,-1,0,0,-1,0,-1,-1,0,0,edgeCount
279,25,44,0.15,1,,clustered,0.7;-0.3,-1,-1,6,-7,6,-1,-7,-1,-1,-7,6,edgeCount
278,25,58,0.15,3,,clustered,0.7;-0.3,-1,-1,-1,0,0,-1,0,-1,-1,0,0,edgeCount
277,25,55,0.15,3,,clustered,0.7;-0.3,4,18,4,0,0,12,8,12,12,8,0,edgeCount
276,25,57,0.15,3,,clustered,0.7;-0.3,10,4,4,6,0,-1,-5,-1,-1,-5,0,edgeCount
275,25,60,0.15,4,,clustered,0.7;-0.3,7,6,4,3,0,9,5,9,9,5,0,edgeCount
274,25,38,0.15,2,,clustered,0.7;-0.3,-1,-1,4,-5,0,-1,-5,-1,-1,-5,0,edgeCount
273,25,38,0.15,2,,clustered,0.7;-0.3,4,4,4,0,0,4,0,4,4,0,0,edgeCount
272,25,51,0.15,4,,clustered,0.7;-0.3,-1,-1,7,-8,0,-1,-8,-1,-1,-8,0,edgeCount
271,25,40,0.15,3,,clustered,0.7;-0.3,-1,-1,-1,0,2,-1,0,-1,-1,0,2,edgeCount
270,25,37,0.15,1,,clustered,0.7;-0.3,-1,-1,-1,0,4,-1,0,-1,-1,0,4,edgeCount
269,25,49,0.15,5,,clustered,0.7;-0.3,-1,-1,5,-6,0,-1,-6,-1,-1,-6,0,edgeCount
268,25,35,0.15,2,,clustered,0.7;-0.3,-1,-1,-1,0,4,-1,0,-1,-1,0,2,edgeCount
267,25,38,0.15,2,,clustered,0.7;-0.3,-1,-1,5,-6,6,-1,-6,19,17,14,6,edgeCount
266,25,48,0.15,2,,clustered,0.7;-0.3,-1,-1,-1,0,0,-1,0,-1,-1,0,0,edgeCount
265,25,56,0.15,5,,clustered,0.7;-0.3,9,3,3,6,0,3,0,3,3,0,0,edgeCount
264,25,46,0.15,4,,clustered,0.7;-0.3,-1,-1,3,-4,0,-1,-4,-1,-1,-4,0,edgeCount
263,25,45,0.15,2,,clustered,0.7;-0.3,9,9,5,4,4,-1,-6,9,7,4,2,edgeCount
262,25,40,0.15,3,,clustered,0.7;-0.3,-1,-1,-1,0,6,-1,0,-1,-1,0,4,edgeCount
261,25,39,0.15,3,,clustered,0.7;-0.3,6,8,6,0,6,-1,-7,-1,-1,-7,6,edgeCount
260,25,45,0.15,6,,clustered,0.7;-0.3,-1,-1,-1,0,4,-1,0,-1,-1,0,2,edgeCount
259,25,36,0.15,1,,clustered,0.7;-0.3,-1,-1,-1,0,4,-1,0,-1,-1,0,4,edgeCount
258,25,45,0.15,2,,clustered,0.7;-0.3,-1,-1,3,-4,0,-1,-4,-1,-1,-4,0,edgeCount
257,25,50,0.15,4,,clustered,0.7;-0.3,-1,-1,-1,0,0,-1,0,-1,-1,0,0,edgeCount
256,25,42,0.15,3,,clustered,0.7;-0.3,-1,-1,-1,0,0,-1,0,-1,-1,0,0,edgeCount
255,25,42,0.15,5,,clustered,0.7;-0.3,17,3,3,14,0,3,0,3,3,0,0,edgeCount
254,25,37,0.15,1,,clustered,0.7;-0.3,5,5,5,0,0,5,0,5,5,0,0,edgeCount
253,25,48,0.15,4,,clustered,0.7;-0.3,-1,-1,-1,0,0,-1,0,-1,-1,0,0,edgeCount
252,25,40,0.15,1,,clustered,0.7;-0.3,2,2,2,0,0,2,0,2,2,0,0,edgeCount
251,25,41,0.15,1,,clustered,0.7;-0.3,-1,-1,-1,0,4,-1,0,-1,-1,0,4,edgeCount
250,25,41,0.15,5,,clustered,0.7;-0.3,-1,-1,3,-4,4,-1,-4,-1,-1,-4,4,edgeCount
249,25,50,0.15,3,,clustered,0.7;-0.3,-1,-1,-1,0,0,-1,0,-1,-1,0,0,edgeCount
248,25,50,0.15,3,,clustered,0.7;-0.3,-1,-1,-1,0,0,-1,0,-1,-1,0,0,edgeCount
247,25,41,0.15,2,,clustered,0.7;-0.3,20,12,6,14,6,-1,-7,-1,-1,-7,4,edgeCount
246,25,43,0.15,3,,clustered,0.7;-0.3,11,3,3,8,0,5,2,5,5,2,0,edgeCount
245,25,39,0.15,2,,clustered,0.7;-0.3,4,7,4,0,0,8,4,8,8,4,0,edgeCount
244,25,44,0.15,3,,clustered,0.7;-0.3,-1,-1,-1,0,0,-1,0,-1,-1,0,0,edgeCount
243,25,44,0.15,1,,clustered,0.7;-0.3,-1,-1,-1,0,0,-1,0,-1,-1,0,0,edgeCount
242,25,52,0.15,2,,clustered,0.7;-0.3,6,6,3,3,12,-1,-4,9,5,6,6,edgeCount
241,25,50,0.15,2,,clustered,0.7;-0.3,6,6,2,4,0,2,0,6,2,4,0,edgeCount
240,25,35,0.15,1,,clustered,0.7;-0.3,-1,-1,-1,0,0,-1,0,-1,-1,0,0,edgeCount
239,25,48,0.15,1,,clustered,0.7;-0.3,4,4,4,0,0,4,0,4,4,0,0,edgeCount
238,25,44,0.15,1,,clustered,0.7;-0.3,-1,-1,-1,0,4,-1,0,-1,-1,0,4,edgeCount
237,25,42,0.15,1,,clustered,0.7;-0.3,-1,-1,6,-7,6,-1,-7,-1,-1,-7,6,edgeCount
236,25,41,0.15,2,,clustered,0.7;-0.3,-1,-1,-1,0,0,-1,0,-1,-1,0,0,edgeCount
235,25,46,0.15,4,,clustered,0.7;-0.3,-1,-1,-1,0,0,-1,0,-1,-1,0,0,edgeCount
234,25,44,0.15,2,,clustered,0.7;-0.3,-1,-1,-1,0,0,-1,0,-1,-1,0,0,edgeCount
233,25,38,0.15,2,,clustered,0.7;-0.3,3,3,3,0,6,5,2,5,5,2,4,edgeCount
232,25,48,0.15,4,,clustered,0.7;-0.3,3,9,3,0,0,7,4,7,7,4,0,edgeCount
231,25,39,0.15,3,,clustered,0.7;-0.3,-1,-1,5,-6,0,-1,-6,-1,-1,-6,0,edgeCount
230,25,44,0.15,2,,clustered,0.7;-0.3,-1,-1,4,-5,18,-1,-5,-1,-1,-5,10,edgeCount
229,25,52,0.15,4,,clustered,0.7;-0.3,13,7,3,10,8,-1,-4,-1,-1,-4,4,edgeCount
228,25,37,0.15,2,,clustered,0.7;-0.3,-1,-1,-1,0,0,-1,0,-1,-1,0,0,edgeCount
227,25,49,0.15,2,,clustered,0.7;-0.3,-1,-1,-1,0,0,-1,0,-1,-1,0,0,edgeCount
226,25,46,0.15,4,,clustered,0.7;-0.3,-1,-1,-1,0,6,-1,0,-1,-1,0,4,edgeCount
225,25,45,0.15,2,,clustered,0.7;-0.3,11,7,5,6,16,-1,-6,-1,-1,-6,14,edgeCount
224,25,54,0.15,2,,clustered,0.7;-0.3,-1,-1,-1,0,4,-1,0,-1,-1,0,2,edgeCount
223,25,50,0.15,3,,clustered,0.7;-0.3,-1,-1,-1,0,0,-1,0,-1,-1,0,0,edgeCount
222,25,51,0.15,3,,clustered,0.7;-0.3,-1,-1,-1,0,0,-1,0,-1,-1,0,0,edgeCount
221,25,50,0.15,2,,clustered,0.7;-0.3,5,9,5,0,8,5,0,5,5,0,4,edgeCount
220,25,43,0.15,3,,clustered,0.7;-0.3,18,6,6,12,0,-1,-7,-1,-1,-7,0,edgeCount
219,25,55,0.15,4,,clustered,0.7;-0.3,13,23,3,10,8,5,2,5,5,2,4,edgeCount
218,25,41,0.15,1,,clustered,0.7;-0.3,-1,-1,-1,0,0,-1,0,-1,-1,0,0,edgeCount
217,25,39,0.15,2,,clustered,0.7;-0.3,-1,-1,5,-6,6,-1,-6,-1,-1,-6,4,edgeCount
216,25,46,0.15,2,,clustered,0.7;-0.3,-1,-1,-1,0,6,-1,0,-1,-1,0,4,edgeCount
215,25,47,0.15,5,,clustered,0.7;-0.3,18,2,2,16,2,2,0,2,2,0,2,edgeCount
214,25,40,0.15,3,,clustered,0.7;-0.3,-1,-1,8,-9,8,-1,-9,-1,-1,-9,8,edgeCount
213,25,52,0.15,3,,clustered,0.7;-0.3,-1,-1,-1,0,0,-1,0,-1,-1,0,0,edgeCount
212,25,49,0.15,2,,clustered,0.7;-0.3,4,4,4,0,0,4,0,4,4,0,0,edgeCount
211,25,39,0.15,2,,clustered,0.7;-0.3,4,4,4,0,0,9,5,9,9,5,0,edgeCount
210,25,37,0.15,4,,clustered,0.7;-0.3,3,3,3,0,6,3,0,3,3,0,6,edgeCount
209,25,49,0.15,1,,clustered,0.7;-0.3,4,4,4,0,0,4,0,4,4,0,0,edgeCount
208,25,38,0.15,1,,clustered,0.7;-0.3,-1,-1,6,-7,0,-1,-7,-1,-1,-7,0,edgeCount
207,25,53,0.15,3,,clustered,0.7;-0.3,8,8,4,4,0,10,6,10,10,6,0,edgeCount
206,25,38,0.15,2,,clustered,0.7;-0.3,4,12,4,0,2,6,2,6,6,2,2,edgeCount
205,25,54,0.15,6,,clustered,0.7;-0.3,-1,-1,6,-7,0,-1,-7,-1,-1,-7,0,edgeCount
204,25,32,0.15,2,,clustered,0.7;-0.3,-1,-1,-1,0,0,-1,0,-1,-1,0,0,edgeCount
203,25,53,0.15,2,,clustered,0.7;-0.3,-1,-1,5,-6,12,-1,-6,-1,-1,-6,6,edgeCount
202,25,47,0.15,2,,clustered,0.7;-0.3,-1,-1,-1,0,2,-1,0,-1,-1,0,2,edgeCount
201,25,44,0.15,2,,clustered,0.7;-0.3,3,3,3,0,8,3,0,3,11,0,8,edgeCount
200,25,29,0.15,3,,clustered,0.7;-0.3,6,6,4,2,0,8,4,8,8,4,0,edgeCount
199,25,40,0.15,1,,clustered,0.7;-0.3,-1,-1,-1,0,0,-1,0,-1,-1,0,0,edgeCount
198,25,44,0.15,2,,clustered,0.7;-0.3,-1,-1,-1,0,0,-1,0,-1,-1,0,0,edgeCount
197,25,38,0.15,2,,clustered,0.7;-0.3,7,7,5,2,6,-1,-6,9,9,4,4,edgeCount
196,25,38,0.15,1,,clustered,0.7;-0.3,3,3,3,0,0,3,0,3,3,0,0,edgeCount
195,25,40,0.15,3,,clustered,0.7;-0.3,4,4,4,0,0,6,2,6,6,2,0,edgeCount
194,25,47,0.15,1,,clustered,0.7;-0.3,-1,-1,-1,0,6,-1,0,-1,-1,0,6,edgeCount
193,25,51,0.15,3,,clustered,0.7;-0.3,11,5,4,7,12,-1,-5,-1,-1,-5,6,edgeCount
192,25,34,0.15,1,,clustered,0.7;-0.3,-1,-1,-1,0,0,-1,0,-1,-1,0,0,edgeCount
191,25,41,0.15,3,,clustered,0.7;-0.3,19,5,5,14,2,-1,-6,-1,-1,-6,2,edgeCount
190,25,43,0.15,1,,clustered,0.7;-0.3,-1,-1,-1,0,0,-1,0,-1,-1,0,0,edgeCount
189,25,46,0.15,4,,clustered,0.7;-0.3,8,13,3,5,4,3,0,3,3,0,2,edgeCount
188,25,45,0.15,4,,clustered,0.7;-0.3,9,9,4,5,0,9,5,9,9,5,0,edgeCount
187,25,45,0.15,1,,clustered,0.7;-0.3,3,3,3,0,0,3,0,3,3,0,0,edgeCount
186,25,36,0.15,2,,clustered,0.7;-0.3,14,12,4,10,0,4,0,4,4,0,0,edgeCount
185,25,48,0.15,3,,clustered,0.7;-0.3,-1,-1,-1,0,10,-1,0,-1,-1,0,6,edgeCount
184,25,42,0.15,1,,clustered,0.7;-0.3,-1,-1,5,-6,0,-1,-6,-1,-1,-6,0,edgeCount
183,25,48,0.15,5,,clustered,0.7;-0.3,-1,-1,-1,0,0,-1,0,-1,-1,0,0,edgeCount
182,25,44,0.15,3,,clustered,0.7;-0.3,-1,-1,-1,0,0,-1,0,-1,-1,0,0,edgeCount
181,25,46,0.15,4,,clustered,0.7;-0.3,-1,-1,-1,0,0,-1,0,-1,-1,0,0,edgeCount
180,25,47,0.15,3,,clustered,0.7;-0.3,18,20,4,14,4,4,0,4,4,0,2,edgeCount
179,25,47,0.15,2,,clustered,0.7;-0.3,-1,-1,-1,0,10,-1,0,-1,-1,0,6,edgeCount
178,25,41,0.15,2,,clustered,0.7;-0.3,-1,-1,-1,0,0,-1,0,-1,-1,0,0,edgeCount
177,25,45,0.15,3,,clustered,0.7;-0.3,8,2,2,6,0,-1,-3,2,2,0,0,edgeCount
176,25,55,0.15,2,,clustered,0.7;-0.3,-1,-1,-1,0,10,-1,0,-1,-1,0,6,edgeCount
175,25,46,0.15,4,,clustered,0.7;-0.3,17,17,3,14,0,3,0,7,7,4,0,edgeCount
174,25,43,0.15,4,,clustered,0.7;-0.3,-1,-1,-1,0,0,-1,0,-1,-1,0,0,edgeCount
173,25,39,0.15,2,,clustered,0.7;-0.3,-1,-1,5,-6,2,-1,-6,9,9,4,2,edgeCount
172,25,53,0.15,3,,clustered,0.7;-0.3,8,18,4,4,8,6,2,6,20,2,4,edgeCount
171,25,47,0.15,2,,clustered,0.7;-0.3,-1,-1,-1,0,2,-1,0,-1,-1,0,2,edgeCount
170,25,50,0.15,3,,clustered,0.7;-0.3,-1,-1,-1,0,8,-1,0,-1,-1,0,4,edgeCount
169,25,60,0.15,1,,clustered,0.7;-0.3,-1,-1,-1,0,0,-1,0,-1,-1,0,0,edgeCount
168,25,54,0.15,4,,clustered,0.7;-0.3,6,2,2,4,0,2,0,2,2,0,0,edgeCount
167,25,42,0.15,1,,clustered,0.7;-0.3,-1,-1,-1,0,2,-1,0,-1,-1,0,2,edgeCount
166,25,39,0.15,2,,clustered,0.7;-0.3,-1,-1,7,-8,4,-1,-8,15,7,8,4,edgeCount
165,25,45,0.15,4,,clustered,0.7;-0.3,-1,-1,-1,0,0,-1,0,-1,-1,0,0,edgeCount
164,25,46,0.15,3,,clustered,0.7;-0.3,10,6,4,6,2,6,2,6,16,2,2,edgeCount
163,25,45,0.15,2,,clustered,0.7;-0.3,-1,-1,7,-8,4,-1,-8,-1,-1,-8,2,edgeCount
162,25,50,0.15,2,,clustered,0.7;-0.3,-1,-1,-1,0,4,-1,0,-1,-1,0,2,edgeCount
161,25,37,0.15,3,,clustered,0.7;-0.3,-1,-1,3,-4,0,-1,-4,-1,-1,-4,0,edgeCount
160,25,48,0.15,2,,clustered,0.7;-0.3,18,18,5,13,4,-1,-6,-1,-1,-6,2,edgeCount
159,25,42,0.15,2,,clustered,0.7;-0.3,3,3,3,0,0,3,0,3,3,0,0,edgeCount
158,25,45,0.15,2,,clustered,0.7;-0.3,5,5,5,0,0,7,2,7,7,2,0,edgeCount
157,25,43,0.15,2,,clustered,0.7;-0.3,3,3,3,0,0,3,0,3,3,0,0,edgeCount
156,25,34,0.15,2,,clustered,0.7;-0.3,5,9,5,0,4,9,4,9,17,4,4,edgeCount
155,25,48,0.15,1,,clustered,0.7;-0.3,-1,-1,-1,0,2,-1,0,-1,-1,0,2,edgeCount
154,25,46,0.15,1,,clustered,0.7;-0.3,-1,-1,-1,0,2,-1,0,-1,-1,0,2,edgeCount
153,25,41,0.15,4,,clustered,0.7;-0.3,-1,-1,-1,0,0,-1,0,-1,-1,0,0,edgeCount
152,25,57,0.15,4,,clustered,0.7;-0.3,14,3,3,11,2,3,0,3,3,0,2,edgeCount
151,25,39,0.15,2,,clustered,0.7;-0.3,6,6,2,4,4,2,0,2,2,0,4,edgeCount
150,25,49,0.15,2,,clustered,0.7;-0.3,-1,-1,-1,0,0,-1,0,-1,-1,0,0,edgeCount
149,25,42,0.15,1,,clustered,0.7;-0.3,-1,-1,-1,0,4,-1,0,-1,-1,0,4,edgeCount
148,25,40,0.15,3,,clustered,0.7;-0.3,-1,-1,-1,0,0,-1,0,-1,-1,0,0,edgeCount
147,25,45,0.15,3,,clustered,0.7;-0.3,-1,-1,-1,0,8,-1,0,-1,-1,0,4,edgeCount
146,25,42,0.15,1,,clustered,0.7;-0.3,-1,-1,-1,0,2,-1,0,-1,-1,0,2,edgeCount
145,25,39,0.15,1,,clustered,0.7;-0.3,4,4,4,0,0,4,0,4,4,0,0,edgeCount
144,25,53,0.15,3,,clustered,0.7;-0.3,22,8,5,17,8,-1,-6,-1,-1,-6,4,edgeCount
143,25,45,0.15,3,,clustered,0.7;-0.3,6,14,4,2,0,-1,-5,-1,-1,-5,0,edgeCount
142,25,57,0.15,3,,clustered,0.7;-0.3,4,12,4,0,0,8,4,8,8,4,0,edgeCount
141,25,43,0.15,5,,clustered,0.7;-0.3,-1,-1,6,-7,0,-1,-7,-1,-1,-7,0,edgeCount
140,25,53,0.15,2,,clustered,0.7;-0.3,3,5,3,0,0,5,2,3,3,0,0,edgeCount
139,25,49,0.15,3,,clustered,0.7;-0.3,-1,-1,4,-5,0,-1,-5,-1,-1,-5,0,edgeCount
138,25,40,0.15,4,,clustered,0.7;-0.3,3,3,3,0,0,-1,-4,7,3,4,0,edgeCount
137,25,41,0.15,3,,clustered,0.7;-0.3,-1,-1,-1,0,0,-1,0,-1,-1,0,0,edgeCount
136,25,40,0.15,4,,clustered,0.7;-0.3,2,2,2,0,2,4,2,4,4,2,2,edgeCount
135,25,44,0.15,3,,clustered,0.7;-0.3,4,10,4,0,8,-1,-5,12,12,8,6,edgeCount
134,25,42,0.15,2,,clustered,0.7;-0.3,-1,-1,-1,0,0,-1,0,-1,-1,0,0,edgeCount
133,25,41,0.15,1,,clustered,0.7;-0.3,-1,-1,-1,0,4,-1,0,-1,-1,0,4,edgeCount
132,25,44,0.15,3,,clustered,0.7;-0.3,18,28,5,13,4,-1,-6,-1,-1,-6,2,edgeCount
131,25,46,0.15,3,,clustered,0.7;-0.3,-1,-1,-1,0,0,-1,0,-1,-1,0,0,edgeCount
130,25,50,0.15,3,,clustered,0.7;-0.3,-1,-1,5,-6,12,-1,-6,-1,-1,-6,6,edgeCount
129,25,41,0.15,2,,clustered,0.7;-0.3,7,7,5,2,8,-1,-6,11,11,6,4,edgeCount
128,25,45,0.15,2,,clustered,0.7;-0.3,-1,-1,-1,0,0,-1,0,-1,-1,0,0,edgeCount
127,25,53,0.15,4,,clustered,0.7;-0.3,19,15,3,16,0,3,0,3,3,0,0,edgeCount
126,25,51,0.15,3,,clustered,0.7;-0.3,-1,-1,-1,0,0,-1,0,-1,-1,0,0,edgeCount
125,25,58,0.15,3,,clustered,0.7;-0.3,-1,-1,-1,0,0,-1,0,-1,-1,0,0,edgeCount
124,25,47,0.15,2,,clustered,0.7;-0.3,11,11,5,6,10,-1,-6,-1,-1,-6,6,edgeCount
123,25,42,0.15,1,,clustered,0.7;-0.3,-1,-1,7,-8,2,-1,-8,-1,-1,-8,2,edgeCount
122,25,49,0.15,3,,clustered,0.7;-0.3,-1,-1,-1,0,0,-1,0,-1,-1,0,0,edgeCount
121,25,46,0.15,3,,clustered,0.7;-0.3,14,10,4,10,0,10,6,10,10,6,0,edgeCount
120,25,47,0.15,4,,clustered,0.7;-0.3,-1,-1,-1,0,0,-1,0,-1,-1,0,0,edgeCount
119,25,54,0.15,2,,clustered,0.7;-0.3,-1,-1,-1,0,8,-1,0,-1,-1,0,4,edgeCount
118,25,38,0.15,2,,clustered,0.7;-0.3,4,4,4,0,0,10,6,4,4,0,0,edgeCount
117,25,41,0.15,3,,clustered,0.7;-0.3,7,3,3,4,0,3,0,3,3,0,0,edgeCount
116,25,49,0.15,3,,clustered,0.7;-0.3,8,2,2,6,4,4,2,4,4,2,2,edgeCount
115,25,46,0.15,4,,clustered,0.7;-0.3,4,8,3,1,0,8,5,8,8,5,0,edgeCount
114,25,44,0.15,2,,clustered,0.7;-0.3,9,5,3,6,0,3,0,3,3,0,0,edgeCount
113,25,39,0.15,1,,clustered,0.7;-0.3,-1,-1,6,-7,0,-1,-7,-1,-1,-7,0,edgeCount
112,25,46,0.15,4,,clustered,0.7;-0.3,-1,-1,3,-4,0,-1,-4,-1,-1,-4,0,edgeCount
111,25,41,0.15,2,,clustered,0.7;-0.3,-1,-1,6,-7,10,-1,-7,-1,-1,-7,8,edgeCount
110,25,57,0.15,2,,clustered,0.7;-0.3,3,7,3,0,0,3,0,3,3,0,0,edgeCount
109,25,47,0.15,4,,clustered,0.7;-0.3,-1,-1,5,-6,0,-1,-6,-1,-1,-6,0,edgeCount
108,25,44,0.15,2,,clustered,0.7;-0.3,10,10,4,6,4,8,4,8,8,4,2,edgeCount
107,25,38,0.15,1,,clustered,0.7;-0.3,-1,-1,-1,0,0,-1,0,-1,-1,0,0,edgeCount
106,25,48,0.15,2,,clustered,0.7;-0.3,5,5,3,2,10,8,5,8,14,5,6,edgeCount
105,25,36,0.15,4,,clustered,0.7;-0.3,12,22,4,8,4,14,10,16,16,12,4,edgeCount
104,25,44,0.15,2,,clustered,0.7;-0.3,9,3,3,6,0,3,0,3,3,0,0,edgeCount
103,25,47,0.15,5,,clustered,0.7;-0.3,3,7,3,0,2,5,2,7,3,4,2,edgeCount
102,25,51,0.15,5,,clustered,0.7;-0.3,-1,-1,4,-5,0,-1,-5,-1,-1,-5,0,edgeCount
101,25,49,0.15,3,,clustered,0.7;-0.3,-1,-1,-1,0,8,-1,0,-1,-1,0,4,edgeCount
100,25,46,0.15,5,,clustered,0.7;-0.3,8,14,4,4,8,12,8,12,12,8,4,edgeCount
99,25,34,0.15,3,,clustered,0.7;-0.3,-1,-1,-1,0,0,-1,0,-1,-1,0,0,edgeCount
98,25,49,0.15,2,,clustered,0.7;-0.3,19,9,5,14,0,-1,-6,-1,-1,-6,0,edgeCount
97,25,40,0.15,2,,clustered,0.7;-0.3,-1,-1,-1,0,0,-1,0,-1,-1,0,0,edgeCount
96,25,40,0.15,3,,clustered,0.7;-0.3,-1,-1,-1,0,4,-1,0,-1,-1,0,2,edgeCount
95,25,40,0.15,1,,clustered,0.7;-0.3,4,4,4,0,0,4,0,4,4,0,0,edgeCount
94,25,40,0.15,3,,clustered,0.7;-0.3,12,12,2,10,0,2,0,2,2,0,0,edgeCount
93,25,37,0.15,3,,clustered,0.7;-0.3,-1,-1,5,-6,2,-1,-6,-1,-1,-6,2,edgeCount
92,25,56,0.15,4,,clustered,0.7;-0.3,-1,-1,-1,0,8,-1,0,-1,-1,0,4,edgeCount
91,25,49,0.15,3,,clustered,0.7;-0.3,11,7,3,8,0,3,0,3,3,0,0,edgeCount
90,25,58,0.15,6,,clustered,0.7;-0.3,16,6,2,14,0,2,0,8,2,6,0,edgeCount
89,25,49,0.15,3,,clustered,0.7;-0.3,-1,-1,6,-7,2,-1,-7,-1,-1,-7,2,edgeCount
88,25,43,0.15,3,,clustered,0.7;-0.3,2,2,2,0,10,2,0,2,2,0,8,edgeCount
87,25,48,0.15,5,,clustered,0.7;-0.3,8,12,3,5,0,12,9,12,12,9,0,edgeCount
86,25,46,0.15,3,,clustered,0.7;-0.3,-1,-1,5,-6,2,-1,-6,-1,-1,-6,2,edgeCount
85,25,40,0.15,3,,clustered,0.7;-0.3,-1,-1,4,-5,4,-1,-5,-1,-1,-5,4,edgeCount
84,25,60,0.15,2,,clustered,0.7;-0.3,6,6,4,2,0,8,4,8,8,4,0,edgeCount
83,25,54,0.15,2,,clustered,0.7;-0.3,14,12,5,9,0,-1,-6,-1,-1,-6,0,edgeCount
82,25,44,0.15,3,,clustered,0.7;-0.3,11,5,5,6,0,-1,-6,-1,-1,-6,0,edgeCount
81,25,48,0.15,4,,clustered,0.7;-0.3,15,3,3,12,0,5,2,3,5,0,0,edgeCount
80,25,38,0.15,1,,clustered,0.7;-0.3,-1,-1,-1,0,0,-1,0,-1,-1,0,0,edgeCount
79,25,38,0.15,1,,clustered,0.7;-0.3,2,2,2,0,0,2,0,2,2,0,0,edgeCount
78,25,37,0.15,2,,clustered,0.7;-0.3,-1,-1,-1,0,0,-1,0,-1,-1,0,0,edgeCount
77,25,36,0.15,1,,clustered,0.7;-0.3,-1,-1,-1,0,2,-1,0,-1,-1,0,2,edgeCount
76,25,47,0.15,2,,clustered,0.7;-0.3,8,2,2,6,14,2,0,2,2,0,10,edgeCount
75,25,51,0.15,4,,clustered,0.7;-0.3,-1,-1,5,-6,16,-1,-6,-1,-1,-6,10,edgeCount
74,25,53,0.15,3,,clustered,0.7;-0.3,-1,-1,-1,0,4,-1,0,-1,-1,0,2,edgeCount
73,25,43,0.15,1,,clustered,0.7;-0.3,-1,-1,-1,0,8,-1,0,-1,-1,0,8,edgeCount
72,25,53,0.15,3,,clustered,0.7;-0.3,2,2,2,0,0,4,2,4,4,2,0,edgeCount
71,25,36,0.15,2,,clustered,0.7;-0.3,-1,-1,-1,0,4,-1,0,-1,-1,0,4,edgeCount
70,25,39,0.15,2,,clustered,0.7;-0.3,3,4,3,0,0,5,2,5,5,2,0,edgeCount
69,25,48,0.15,4,,clustered,0.7;-0.3,-1,-1,-1,0,0,-1,0,-1,-1,0,0,edgeCount
68,25,43,0.15,1,,clustered,0.7;-0.3,-1,-1,6,-7,2,-1,-7,-1,-1,-7,2,edgeCount
67,25,52,0.15,4,,clustered,0.7;-0.3,24,24,2,22,0,2,0,6,2,4,0,edgeCount
66,25,51,0.15,4,,clustered,0.7;-0.3,3,3,3,0,10,5,2,3,5,0,6,edgeCount
65,25,49,0.15,4,,clustered,0.7;-0.3,-1,-1,-1,0,2,-1,0,-1,-1,0,2,edgeCount
64,25,47,0.15,3,,clustered,0.7;-0.3,-1,-1,-1,0,4,-1,0,-1,-1,0,2,edgeCount
63,25,42,0.15,3,,clustered,0.7;-0.3,12,6,4,8,2,-1,-5,-1,-1,-5,2,edgeCount
62,25,41,0.15,3,,clustered,0.7;-0.3,-1,-1,-1,0,4,-1,0,-1,-1,0,4,edgeCount
61,25,45,0.15,2,,clustered,0.7;-0.3,6,6,2,4,0,2,0,2,2,0,0,edgeCount
60,25,51,0.15,5,,clustered,0.7;-0.3,12,4,2,10,0,2,0,2,2,0,0,edgeCount
59,25,42,0.15,4,,clustered,0.7;-0.3,3,3,3,0,8,3,0,3,3,0,6,edgeCount
58,25,51,0.15,4,,clustered,0.7;-0.3,3,21,3,0,4,11,8,11,11,8,2,edgeCount
57,25,39,0.15,2,,clustered,0.7;-0.3,-1,-1,-1,0,0,-1,0,-1,-1,0,0,edgeCount
56,25,39,0.15,3,,clustered,0.7;-0.3,-1,-1,7,-8,2,-1,-8,22,14,15,2,edgeCount
55,25,43,0.15,4,,clustered,0.7;-0.3,3,3,3,0,0,3,0,3,3,0,0,edgeCount
54,25,50,0.15,2,,clustered,0.7;-0.3,-1,-1,4,-5,0,-1,-5,-1,-1,-5,0,edgeCount
53,25,49,0.15,2,,clustered,0.7;-0.3,3,9,3,0,0,3,0,3,3,0,0,edgeCount
52,25,49,0.15,1,,clustered,0.7;-0.3,-1,-1,-1,0,0,-1,0,-1,-1,0,0,edgeCount
51,25,61,0.15,6,,clustered,0.7;-0.3,-1,-1,3,-4,0,-1,-4,-1,-1,-4,0,edgeCount
50,25,57,0.15,3,,clustered,0.7;-0.3,16,10,4,12,8,-1,-5,12,8,8,4,edgeCount
49,25,41,0.15,2,,clustered,0.7;-0.3,-1,-1,5,-6,6,-1,-6,-1,-1,-6,4,edgeCount
48,25,31,0.15,1,,clustered,0.7;-0.3,5,5,5,0,0,5,0,5,5,0,0,edgeCount
47,25,51,0.15,4,,clustered,0.7;-0.3,-1,-1,-1,0,0,-1,0,-1,-1,0,0,edgeCount
46,25,38,0.15,4,,clustered,0.7;-0.3,-1,-1,-1,0,2,-1,0,-1,-1,0,2,edgeCount
45,25,48,0.15,3,,clustered,0.7;-0.3,-1,-1,3,-4,8,-1,-4,-1,-1,-4,4,edgeCount
44,25,50,0.15,4,,clustered,0.7;-0.3,3,13,3,0,0,9,6,5,5,2,0,edgeCount
43,25,44,0.15,1,,clustered,0.7;-0.3,-1,-1,-1,0,4,-1,0,-1,-1,0,4,edgeCount
42,25,41,0.15,2,,clustered,0.7;-0.3,-1,-1,-1,0,0,-1,0,-1,-1,0,0,edgeCount
41,25,40,0.15,4,,clustered,0.7;-0.3,-1,-1,5,-6,0,-1,-6,-1,-1,-6,0,edgeCount
40,25,43,0.15,1,,clustered,0.7;-0.3,9,15,5,4,4,-1,-6,9,15,4,4,edgeCount
39,25,38,0.15,1,,clustered,0.7;-0.3,5,5,5,0,4,-1,-6,5,5,0,4,edgeCount
38,25,56,0.15,1,,clustered,0.7;-0.3,-1,-1,-1,0,10,-1,0,-1,-1,0,10,edgeCount
37,25,43,0.15,3,,clustered,0.7;-0.3,-1,-1,-1,0,14,-1,0,-1,-1,0,8,edgeCount
36,25,39,0.15,3,,clustered,0.7;-0.3,-1,-1,-1,0,2,-1,0,-1,-1,0,2,edgeCount
35,25,42,0.15,3,,clustered,0.7;-0.3,-1,-1,-1,0,6,-1,0,-1,-1,0,4,edgeCount
34,25,65,0.15,3,,clustered,0.7;-0.3,7,7,3,4,0,3,0,3,3,0,0,edgeCount
33,25,43,0.15,4,,clustered,0.7;-0.3,8,24,4,4,0,10,6,10,10,6,0,edgeCount
32,25,47,0.15,2,,clustered,0.7;-0.3,10,26,6,4,16,-1,-7,-1,-1,-7,8,edgeCount
31,25,45,0.15,4,,clustered,0.7;-0.3,8,4,3,5,0,3,0,3,3,0,0,edgeCount
30,25,32,0.15,2,,clustered,0.7;-0.3,-1,-1,-1,0,0,-1,0,-1,-1,0,0,edgeCount
29,25,41,0.15,4,,clustered,0.7;-0.3,3,3,3,0,6,3,0,3,3,0,4,edgeCount
28,25,47,0.15,2,,clustered,0.7;-0.3,-1,-1,-1,0,2,-1,0,-1,-1,0,2,edgeCount
27,25,39,0.15,2,,clustered,0.7;-0.3,10,4,4,6,0,4,0,4,4,0,0,edgeCount
26,25,41,0.15,3,,clustered,0.7;-0.3,7,7,3,4,0,3,0,3,3,0,0,edgeCount
25,25,51,0.15,3,,clustered,0.7;-0.3,-1,-1,6,-7,2,-1,-7,-1,-1,-7,2,edgeCount
24,25,42,0.15,4,,clustered,0.7;-0.3,4,4,2,2,6,2,0,4,2,2,4,edgeCount
23,25,39,0.15,4,,clustered,0.7;-0.3,4,5,4,0,0,-1,-5,6,6,2,0,edgeCount
22,25,46,0.15,5,,clustered,0.7;-0.3,-1,-1,5,-6,2,-1,-6,-1,-1,-6,2,edgeCount
21,25,50,0.15,2,,clustered,0.7;-0.3,4,4,4,0,0,6,2,6,6,2,0,edgeCount
20,25,61,0.15,5,,clustered,0.7;-0.3,-1,-1,-1,0,4,-1,0,-1,-1,0,2,edgeCount
19,25,55,0.15,1,,clustered,0.7;-0.3,-1,-1,4,-5,0,-1,-5,-1,-1,-5,0,edgeCount
18,25,48,0.15,2,,clustered,0.7;-0.3,12,12,4,8,4,-1,-5,-1,-1,-5,2,edgeCount
17,25,52,0.15,2,,clustered,0.7;-0.3,-1,-1,6,-7,14,-1,-7,-1,-1,-7,8,edgeCount
16,25,41,0.15,2,,clustered,0.7;-0.3,-1,-1,-1,0,0,-1,0,-1,-1,0,0,edgeCount
15,25,48,0.15,2,,clustered,0.7;-0.3,-1,-1,-1,0,0,-1,0,-1,-1,0,0,edgeCount
14,25,53,0.15,2,,clustered,0.7;-0.3,-1,-1,-1,0,0,-1,0,-1,-1,0,0,edgeCount
13,25,48,0.15,5,,clustered,0.7;-0.3,14,2,2,12,0,2,0,6,2,4,0,edgeCount
12,25,52,0.15,4,,clustered,0.7;-0.3,-1,-1,6,-7,0,-1,-7,-1,-1,-7,0,edgeCount
11,25,51,0.15,5,,clustered,0.7;-0.3,-1,-1,-1,0,6,-1,0,-1,-1,0,4,edgeCount
10,25,35,0.15,3,,clustered,0.7;-0.3,13,25,6,7,4,15,9,17,17,11,4,edgeCount
9,25,27,0.15,1,,clustered,0.7;-0.3,-1,-1,5,-6,0,-1,-6,-1,-1,-6,0,edgeCount
8,25,45,0.15,3,,clustered,0.7;-0.3,8,8,2,6,0,2,0,4,2,2,0,edgeCount
7,25,52,0.15,2,,clustered,0.7;-0.3,-1,-1,-1,0,0,-1,0,-1,-1,0,0,edgeCount
6,25,50,0.15,5,,clustered,0.7;-0.3,14,14,2,12,0,2,0,8,2,6,0,edgeCount
5,25,46,0.15,2,,clustered,0.7;-0.3,-1,-1,6,-7,2,-1,-7,-1,-1,-7,2,edgeCount
4,25,31,0.15,1,,clustered,0.7;-0.3,11,7,7,4,2,-1,-8,11,7,4,2,edgeCount
3,25,45,0.15,1,,clustered,0.7;-0.3,-1,-1,-1,0,0,-1,0,-1,-1,0,0,edgeCount
2,25,43,0.15,2,,clustered,0.7;-0.3,-1,-1,-1,0,0,-1,0,-1,-1,0,0,edgeCount
1,25,51,0.15,3,,clustered,0.7;-0.3,12,6,4,8,0,-1,-5,-1,-1,-5,0,edgeCount
