rep,nrNodes,nrEdges,edgeProb,nrPaths,nrFails,failureModel,failurePercent,hopsRanked,hopsUnranked,spLength,stretch_mult,nodeAdditions,hopsPath,stretch_path,hopsRankedOne,hopsUnrankedOne,stretch_one,overallNodeAdditionsOne,treeChoice
500,197,243,graphml/Cogentco.graphml,2,11,random,-1,9,9,9,0,0,9,0,9,9,0,0,edgeCount
499,197,243,graphml/Cogentco.graphml,2,11,random,-1,36,36,15,21,0,36,21,36,36,21,0,edgeCount
498,197,243,graphml/Cogentco.graphml,2,11,random,-1,17,12,10,7,2,12,2,12,12,2,2,edgeCount
497,197,243,graphml/Cogentco.graphml,1,0,random,-1,13,13,13,0,0,13,0,13,13,0,0,edgeCount
496,197,243,graphml/Cogentco.graphml,2,11,random,-1,18,18,18,0,0,18,0,18,18,0,0,edgeCount
495,197,243,graphml/Cogentco.graphml,1,0,random,-1,16,16,16,0,2,16,0,16,16,0,2,edgeCount
494,197,243,graphml/Cogentco.graphml,2,11,random,-1,15,15,15,0,2,17,2,15,15,0,2,edgeCount
493,197,243,graphml/Cogentco.graphml,2,11,random,-1,22,22,9,13,2,22,13,22,22,13,2,edgeCount
492,197,243,graphml/Cogentco.graphml,2,11,random,-1,-1,-1,21,-22,2,-1,-22,-1,-1,-22,2,edgeCount
491,197,243,graphml/Cogentco.graphml,2,11,random,-1,-1,-1,22,-23,0,-1,-23,-1,-1,-23,0,edgeCount
490,197,243,graphml/Cogentco.graphml,2,11,random,-1,26,30,10,16,2,10,0,10,10,0,2,edgeCount
489,197,243,graphml/Cogentco.graphml,1,0,random,-1,8,11,8,0,2,8,0,8,11,0,2,edgeCount
488,197,243,graphml/Cogentco.graphml,2,11,random,-1,42,22,13,29,0,16,3,16,16,3,0,edgeCount
487,197,243,graphml/Cogentco.graphml,1,0,random,-1,9,9,9,0,0,9,0,9,9,0,0,edgeCount
486,197,243,graphml/Cogentco.graphml,2,11,random,-1,17,10,10,7,4,10,0,10,10,0,2,edgeCount
485,197,243,graphml/Cogentco.graphml,1,0,random,-1,11,21,11,0,4,11,0,11,21,0,4,edgeCount
484,197,243,graphml/Cogentco.graphml,2,11,random,-1,17,17,17,0,0,17,0,17,17,0,0,edgeCount
483,197,243,graphml/Cogentco.graphml,2,11,random,-1,37,37,16,21,0,37,21,37,37,21,0,edgeCount
482,197,243,graphml/Cogentco.graphml,1,0,random,-1,11,13,11,0,16,11,0,11,13,0,16,edgeCount
481,197,243,graphml/Cogentco.graphml,1,0,random,-1,12,12,12,0,0,12,0,12,12,0,0,edgeCount
480,197,243,graphml/Cogentco.graphml,1,0,random,-1,15,15,15,0,0,15,0,15,15,0,0,edgeCount
479,197,243,graphml/Cogentco.graphml,1,0,random,-1,11,11,11,0,0,11,0,11,11,0,0,edgeCount
478,197,243,graphml/Cogentco.graphml,1,0,random,-1,15,15,15,0,0,15,0,15,15,0,0,edgeCount
477,197,243,graphml/Cogentco.graphml,1,0,random,-1,11,11,11,0,2,11,0,11,11,0,2,edgeCount
476,197,243,graphml/Cogentco.graphml,2,11,random,-1,11,6,6,5,0,6,0,6,6,0,0,edgeCount
475,197,243,graphml/Cogentco.graphml,2,11,random,-1,-1,-1,15,-16,0,-1,-16,-1,-1,-16,0,edgeCount
474,197,243,graphml/Cogentco.graphml,1,0,random,-1,8,8,8,0,0,8,0,8,8,0,0,edgeCount
473,197,243,graphml/Cogentco.graphml,1,0,random,-1,6,14,6,0,4,6,0,6,14,0,4,edgeCount
472,197,243,graphml/Cogentco.graphml,2,11,random,-1,16,10,10,6,2,10,0,16,10,6,2,edgeCount
471,197,243,graphml/Cogentco.graphml,2,11,random,-1,-1,-1,19,-20,0,-1,-20,-1,-1,-20,0,edgeCount
470,197,243,graphml/Cogentco.graphml,2,11,random,-1,-1,-1,16,-17,0,-1,-17,-1,-1,-17,0,edgeCount
469,197,243,graphml/Cogentco.graphml,1,0,random,-1,6,10,6,0,4,6,0,6,10,0,4,edgeCount
468,197,243,graphml/Cogentco.graphml,1,0,random,-1,15,26,15,0,4,15,0,15,26,0,4,edgeCount
467,197,243,graphml/Cogentco.graphml,1,0,random,-1,15,15,15,0,2,15,0,15,15,0,2,edgeCount
466,197,243,graphml/Cogentco.graphml,2,11,random,-1,-1,-1,23,-24,0,-1,-24,-1,-1,-24,0,edgeCount
465,197,243,graphml/Cogentco.graphml,1,0,random,-1,17,17,17,0,0,17,0,17,17,0,0,edgeCount
464,197,243,graphml/Cogentco.graphml,1,0,random,-1,22,22,22,0,0,22,0,22,22,0,0,edgeCount
463,197,243,graphml/Cogentco.graphml,3,22,random,-1,17,22,4,13,0,10,6,10,10,6,0,edgeCount
462,197,243,graphml/Cogentco.graphml,2,11,random,-1,6,14,5,1,4,12,7,12,15,7,4,edgeCount
461,197,243,graphml/Cogentco.graphml,2,11,random,-1,18,20,8,10,2,8,0,8,8,0,2,edgeCount
460,197,243,graphml/Cogentco.graphml,2,11,random,-1,14,21,8,6,0,8,0,8,8,0,0,edgeCount
459,197,243,graphml/Cogentco.graphml,2,11,random,-1,22,44,19,3,2,44,25,44,44,25,2,edgeCount
458,197,243,graphml/Cogentco.graphml,2,11,random,-1,5,5,5,0,0,5,0,5,5,0,0,edgeCount
457,197,243,graphml/Cogentco.graphml,2,11,random,-1,-1,-1,16,-17,0,-1,-17,-1,-1,-17,0,edgeCount
456,197,243,graphml/Cogentco.graphml,2,11,random,-1,14,14,3,11,0,14,11,14,14,11,0,edgeCount
455,197,243,graphml/Cogentco.graphml,2,11,random,-1,2,2,2,0,0,2,0,2,2,0,0,edgeCount
454,197,243,graphml/Cogentco.graphml,2,11,random,-1,-1,-1,-1,0,0,-1,0,-1,-1,0,0,edgeCount
453,197,243,graphml/Cogentco.graphml,2,11,random,-1,20,15,12,8,2,14,2,14,14,2,2,edgeCount
452,197,243,graphml/Cogentco.graphml,2,11,random,-1,-1,-1,19,-20,0,-1,-20,-1,-1,-20,0,edgeCount
451,197,243,graphml/Cogentco.graphml,2,11,random,-1,20,20,18,2,0,20,2,20,20,2,0,edgeCount
450,197,243,graphml/Cogentco.graphml,2,11,random,-1,18,10,10,8,0,10,0,10,10,0,0,edgeCount
449,197,243,graphml/Cogentco.graphml,2,11,random,-1,3,3,3,0,0,3,0,3,3,0,0,edgeCount
448,197,243,graphml/Cogentco.graphml,1,0,random,-1,14,14,14,0,2,14,0,14,14,0,2,edgeCount
447,197,243,graphml/Cogentco.graphml,2,11,random,-1,-1,-1,20,-21,6,-1,-21,-1,-1,-21,6,edgeCount
446,197,243,graphml/Cogentco.graphml,1,0,random,-1,5,19,5,0,2,5,0,5,19,0,2,edgeCount
445,197,243,graphml/Cogentco.graphml,2,11,random,-1,3,3,3,0,2,3,0,3,3,0,2,edgeCount
444,197,243,graphml/Cogentco.graphml,1,0,random,-1,3,3,3,0,0,3,0,3,3,0,0,edgeCount
443,197,243,graphml/Cogentco.graphml,2,11,random,-1,6,6,6,0,0,6,0,6,6,0,0,edgeCount
442,197,243,graphml/Cogentco.graphml,2,11,random,-1,14,14,12,2,0,14,2,14,14,2,0,edgeCount
441,197,243,graphml/Cogentco.graphml,2,11,random,-1,4,4,4,0,0,4,0,4,4,0,0,edgeCount
440,197,243,graphml/Cogentco.graphml,1,0,random,-1,10,10,10,0,0,10,0,10,10,0,0,edgeCount
439,197,243,graphml/Cogentco.graphml,2,11,random,-1,5,5,5,0,0,5,0,5,5,0,0,edgeCount
438,197,243,graphml/Cogentco.graphml,2,11,random,-1,-1,-1,23,-24,0,-1,-24,-1,-1,-24,0,edgeCount
437,197,243,graphml/Cogentco.graphml,2,11,random,-1,2,2,2,0,0,2,0,2,2,0,0,edgeCount
436,197,243,graphml/Cogentco.graphml,1,0,random,-1,20,20,20,0,0,20,0,20,20,0,0,edgeCount
435,197,243,graphml/Cogentco.graphml,2,11,random,-1,26,26,12,14,0,26,14,26,26,14,0,edgeCount
434,197,243,graphml/Cogentco.graphml,2,11,random,-1,26,26,10,16,0,26,16,26,26,16,0,edgeCount
433,197,243,graphml/Cogentco.graphml,2,11,random,-1,11,11,11,0,0,11,0,11,11,0,0,edgeCount
432,197,243,graphml/Cogentco.graphml,2,11,random,-1,17,14,12,5,0,21,9,21,21,9,0,edgeCount
431,197,243,graphml/Cogentco.graphml,2,11,random,-1,-1,-1,20,-21,2,-1,-21,-1,-1,-21,2,edgeCount
430,197,243,graphml/Cogentco.graphml,2,11,random,-1,37,37,14,23,0,37,23,37,37,23,0,edgeCount
429,197,243,graphml/Cogentco.graphml,2,11,random,-1,20,20,14,6,0,20,6,20,20,6,0,edgeCount
428,197,243,graphml/Cogentco.graphml,1,0,random,-1,2,2,2,0,0,2,0,2,2,0,0,edgeCount
427,197,243,graphml/Cogentco.graphml,2,11,random,-1,13,13,13,0,0,13,0,13,13,0,0,edgeCount
426,197,243,graphml/Cogentco.graphml,2,11,random,-1,-1,-1,9,-10,2,-1,-10,-1,-1,-10,2,edgeCount
425,197,243,graphml/Cogentco.graphml,2,11,random,-1,10,9,7,3,2,14,7,14,14,7,2,edgeCount
424,197,243,graphml/Cogentco.graphml,2,11,random,-1,12,12,12,0,6,12,0,12,12,0,6,edgeCount
423,197,243,graphml/Cogentco.graphml,2,11,random,-1,22,22,11,11,0,22,11,22,22,11,0,edgeCount
422,197,243,graphml/Cogentco.graphml,2,11,random,-1,20,20,20,0,0,20,0,20,20,0,0,edgeCount
421,197,243,graphml/Cogentco.graphml,2,11,random,-1,17,33,12,5,0,33,21,33,33,21,0,edgeCount
420,197,243,graphml/Cogentco.graphml,1,0,random,-1,16,22,16,0,4,16,0,16,22,0,4,edgeCount
419,197,243,graphml/Cogentco.graphml,2,11,random,-1,11,11,9,2,0,11,2,11,11,2,0,edgeCount
418,197,243,graphml/Cogentco.graphml,2,11,random,-1,-1,-1,18,-19,0,-1,-19,-1,-1,-19,0,edgeCount
417,197,243,graphml/Cogentco.graphml,2,11,random,-1,12,12,12,0,0,12,0,12,12,0,0,edgeCount
416,197,243,graphml/Cogentco.graphml,2,11,random,-1,5,5,5,0,0,5,0,5,5,0,0,edgeCount
415,197,243,graphml/Cogentco.graphml,2,11,random,-1,-1,-1,19,-20,0,-1,-20,-1,-1,-20,0,edgeCount
414,197,243,graphml/Cogentco.graphml,2,11,random,-1,40,40,18,22,0,40,22,40,40,22,0,edgeCount
413,197,243,graphml/Cogentco.graphml,1,0,random,-1,11,11,11,0,4,11,0,11,11,0,4,edgeCount
412,197,243,graphml/Cogentco.graphml,2,11,random,-1,16,16,14,2,2,16,2,16,16,2,2,edgeCount
411,197,243,graphml/Cogentco.graphml,3,22,random,-1,4,4,4,0,0,4,0,4,4,0,0,edgeCount
410,197,243,graphml/Cogentco.graphml,2,11,random,-1,46,46,18,28,0,48,30,46,46,28,0,edgeCount
409,197,243,graphml/Cogentco.graphml,2,11,random,-1,8,8,8,0,0,8,0,8,8,0,0,edgeCount
408,197,243,graphml/Cogentco.graphml,2,11,random,-1,9,9,9,0,0,9,0,9,9,0,0,edgeCount
407,197,243,graphml/Cogentco.graphml,1,0,random,-1,9,9,9,0,2,9,0,9,9,0,2,edgeCount
406,197,243,graphml/Cogentco.graphml,1,0,random,-1,6,13,6,0,6,6,0,6,13,0,6,edgeCount
405,197,243,graphml/Cogentco.graphml,2,11,random,-1,25,41,18,7,4,41,23,41,41,23,4,edgeCount
404,197,243,graphml/Cogentco.graphml,3,22,random,-1,28,22,8,20,0,8,0,8,8,0,0,edgeCount
403,197,243,graphml/Cogentco.graphml,1,0,random,-1,7,7,7,0,0,7,0,7,7,0,0,edgeCount
402,197,243,graphml/Cogentco.graphml,2,11,random,-1,17,17,9,8,2,9,0,9,9,0,2,edgeCount
401,197,243,graphml/Cogentco.graphml,2,11,random,-1,-1,-1,20,-21,2,-1,-21,-1,-1,-21,2,edgeCount
400,197,243,graphml/Cogentco.graphml,3,22,random,-1,-1,-1,17,-18,0,-1,-18,-1,-1,-18,0,edgeCount
399,197,243,graphml/Cogentco.graphml,3,22,random,-1,17,5,5,12,0,5,0,5,5,0,0,edgeCount
398,197,243,graphml/Cogentco.graphml,2,11,random,-1,-1,-1,17,-18,0,-1,-18,-1,-1,-18,0,edgeCount
397,197,243,graphml/Cogentco.graphml,2,11,random,-1,-1,-1,10,-11,0,-1,-11,-1,-1,-11,0,edgeCount
396,197,243,graphml/Cogentco.graphml,2,11,random,-1,10,10,10,0,0,10,0,10,10,0,0,edgeCount
395,197,243,graphml/Cogentco.graphml,2,11,random,-1,-1,-1,-1,0,0,-1,0,-1,-1,0,0,edgeCount
394,197,243,graphml/Cogentco.graphml,2,11,random,-1,7,7,7,0,0,7,0,7,7,0,0,edgeCount
393,197,243,graphml/Cogentco.graphml,2,11,random,-1,5,5,5,0,0,5,0,5,5,0,0,edgeCount
392,197,243,graphml/Cogentco.graphml,2,11,random,-1,56,22,16,40,0,16,0,16,16,0,0,edgeCount
391,197,243,graphml/Cogentco.graphml,2,11,random,-1,6,6,6,0,0,6,0,6,6,0,0,edgeCount
390,197,243,graphml/Cogentco.graphml,2,11,random,-1,16,29,14,2,0,15,1,15,15,1,0,edgeCount
389,197,243,graphml/Cogentco.graphml,2,11,random,-1,14,14,8,6,0,14,6,14,14,6,0,edgeCount
388,197,243,graphml/Cogentco.graphml,2,11,random,-1,17,25,10,7,0,11,1,17,17,7,0,edgeCount
387,197,243,graphml/Cogentco.graphml,2,11,random,-1,-1,-1,18,-19,0,-1,-19,-1,-1,-19,0,edgeCount
386,197,243,graphml/Cogentco.graphml,2,11,random,-1,8,8,8,0,0,8,0,8,8,0,0,edgeCount
385,197,243,graphml/Cogentco.graphml,2,11,random,-1,12,12,12,0,0,12,0,12,12,0,0,edgeCount
384,197,243,graphml/Cogentco.graphml,2,11,random,-1,27,27,8,19,0,27,19,27,27,19,0,edgeCount
383,197,243,graphml/Cogentco.graphml,2,11,random,-1,46,10,10,36,0,10,0,10,10,0,0,edgeCount
382,197,243,graphml/Cogentco.graphml,3,22,random,-1,7,6,6,1,0,6,0,6,6,0,0,edgeCount
381,197,243,graphml/Cogentco.graphml,1,0,random,-1,7,7,7,0,0,7,0,7,7,0,0,edgeCount
380,197,243,graphml/Cogentco.graphml,2,11,random,-1,-1,-1,12,-13,0,-1,-13,-1,-1,-13,0,edgeCount
379,197,243,graphml/Cogentco.graphml,1,0,random,-1,12,12,12,0,0,12,0,12,12,0,0,edgeCount
378,197,243,graphml/Cogentco.graphml,2,11,random,-1,10,10,10,0,0,10,0,10,10,0,0,edgeCount
377,197,243,graphml/Cogentco.graphml,1,0,random,-1,11,28,11,0,6,11,0,11,28,0,6,edgeCount
376,197,243,graphml/Cogentco.graphml,3,22,random,-1,9,3,3,6,0,3,0,3,3,0,0,edgeCount
375,197,243,graphml/Cogentco.graphml,2,11,random,-1,31,31,20,11,0,31,11,31,31,11,0,edgeCount
374,197,243,graphml/Cogentco.graphml,2,11,random,-1,17,17,17,0,0,17,0,17,17,0,0,edgeCount
373,197,243,graphml/Cogentco.graphml,1,0,random,-1,4,4,4,0,0,4,0,4,4,0,0,edgeCount
372,197,243,graphml/Cogentco.graphml,2,11,random,-1,21,23,13,8,4,23,10,23,30,10,4,edgeCount
371,197,243,graphml/Cogentco.graphml,2,11,random,-1,20,20,10,10,0,20,10,20,20,10,0,edgeCount
370,197,243,graphml/Cogentco.graphml,1,0,random,-1,18,18,18,0,0,18,0,18,18,0,0,edgeCount
369,197,243,graphml/Cogentco.graphml,1,0,random,-1,25,25,25,0,2,25,0,25,25,0,2,edgeCount
368,197,243,graphml/Cogentco.graphml,2,11,random,-1,5,9,5,0,2,5,0,5,9,0,2,edgeCount
367,197,243,graphml/Cogentco.graphml,2,11,random,-1,-1,-1,10,-11,0,-1,-11,-1,-1,-11,0,edgeCount
366,197,243,graphml/Cogentco.graphml,2,11,random,-1,15,15,10,5,0,27,17,27,27,17,0,edgeCount
365,197,243,graphml/Cogentco.graphml,2,11,random,-1,9,9,8,1,0,9,1,9,9,1,0,edgeCount
364,197,243,graphml/Cogentco.graphml,2,11,random,-1,20,9,9,11,0,9,0,9,9,0,0,edgeCount
363,197,243,graphml/Cogentco.graphml,1,0,random,-1,5,16,5,0,2,5,0,5,16,0,2,edgeCount
362,197,243,graphml/Cogentco.graphml,2,11,random,-1,18,16,16,2,0,16,0,16,16,0,0,edgeCount
361,197,243,graphml/Cogentco.graphml,1,0,random,-1,7,7,7,0,0,7,0,7,7,0,0,edgeCount
360,197,243,graphml/Cogentco.graphml,1,0,random,-1,10,10,10,0,0,10,0,10,10,0,0,edgeCount
359,197,243,graphml/Cogentco.graphml,2,11,random,-1,6,6,2,4,0,6,4,6,6,4,0,edgeCount
358,197,243,graphml/Cogentco.graphml,2,11,random,-1,12,12,11,1,2,12,1,12,12,1,2,edgeCount
357,197,243,graphml/Cogentco.graphml,2,11,random,-1,9,17,5,4,0,5,0,5,5,0,0,edgeCount
356,197,243,graphml/Cogentco.graphml,1,0,random,-1,11,11,11,0,16,11,0,11,11,0,16,edgeCount
355,197,243,graphml/Cogentco.graphml,1,0,random,-1,18,18,18,0,0,18,0,18,18,0,0,edgeCount
354,197,243,graphml/Cogentco.graphml,2,11,random,-1,17,17,17,0,2,19,2,17,17,0,2,edgeCount
353,197,243,graphml/Cogentco.graphml,2,11,random,-1,8,16,5,3,2,16,11,8,16,3,2,edgeCount
352,197,243,graphml/Cogentco.graphml,2,11,random,-1,20,20,17,3,0,20,3,20,20,3,0,edgeCount
351,197,243,graphml/Cogentco.graphml,2,11,random,-1,12,15,11,1,0,20,9,20,20,9,0,edgeCount
350,197,243,graphml/Cogentco.graphml,1,0,random,-1,13,13,13,0,0,13,0,13,13,0,0,edgeCount
349,197,243,graphml/Cogentco.graphml,1,0,random,-1,3,3,3,0,0,3,0,3,3,0,0,edgeCount
348,197,243,graphml/Cogentco.graphml,1,0,random,-1,8,8,8,0,0,8,0,8,8,0,0,edgeCount
347,197,243,graphml/Cogentco.graphml,2,11,random,-1,6,6,6,0,0,6,0,6,6,0,0,edgeCount
346,197,243,graphml/Cogentco.graphml,1,0,random,-1,18,18,18,0,0,18,0,18,18,0,0,edgeCount
345,197,243,graphml/Cogentco.graphml,1,0,random,-1,8,8,8,0,0,8,0,8,8,0,0,edgeCount
344,197,243,graphml/Cogentco.graphml,2,11,random,-1,5,5,5,0,0,5,0,5,5,0,0,edgeCount
343,197,243,graphml/Cogentco.graphml,1,0,random,-1,21,21,21,0,0,21,0,21,21,0,0,edgeCount
342,197,243,graphml/Cogentco.graphml,2,11,random,-1,13,10,8,5,0,13,5,13,10,5,0,edgeCount
341,197,243,graphml/Cogentco.graphml,1,0,random,-1,4,9,4,0,6,4,0,4,9,0,6,edgeCount
340,197,243,graphml/Cogentco.graphml,1,0,random,-1,13,13,13,0,6,13,0,13,13,0,6,edgeCount
339,197,243,graphml/Cogentco.graphml,1,0,random,-1,15,15,15,0,2,15,0,15,15,0,2,edgeCount
338,197,243,graphml/Cogentco.graphml,3,22,random,-1,-1,-1,10,-11,0,-1,-11,-1,-1,-11,0,edgeCount
337,197,243,graphml/Cogentco.graphml,2,11,random,-1,10,8,8,2,0,8,0,8,8,0,0,edgeCount
336,197,243,graphml/Cogentco.graphml,2,11,random,-1,24,26,14,10,2,15,1,15,15,1,2,edgeCount
335,197,243,graphml/Cogentco.graphml,1,0,random,-1,6,6,6,0,0,6,0,6,6,0,0,edgeCount
334,197,243,graphml/Cogentco.graphml,1,0,random,-1,9,9,9,0,2,9,0,9,9,0,2,edgeCount
333,197,243,graphml/Cogentco.graphml,1,0,random,-1,16,16,16,0,0,16,0,16,16,0,0,edgeCount
332,197,243,graphml/Cogentco.graphml,1,0,random,-1,12,14,12,0,6,12,0,12,14,0,6,edgeCount
331,197,243,graphml/Cogentco.graphml,2,11,random,-1,30,6,6,24,2,6,0,6,6,0,2,edgeCount
330,197,243,graphml/Cogentco.graphml,2,11,random,-1,-1,-1,16,-17,2,-1,-17,-1,-1,-17,2,edgeCount
329,197,243,graphml/Cogentco.graphml,2,11,random,-1,5,5,5,0,0,6,1,6,5,1,0,edgeCount
328,197,243,graphml/Cogentco.graphml,2,11,random,-1,10,10,10,0,0,10,0,10,10,0,0,edgeCount
327,197,243,graphml/Cogentco.graphml,2,11,random,-1,-1,-1,11,-12,0,-1,-12,-1,-1,-12,0,edgeCount
326,197,243,graphml/Cogentco.graphml,2,11,random,-1,14,24,10,4,2,10,0,10,10,0,2,edgeCount
325,197,243,graphml/Cogentco.graphml,2,11,random,-1,-1,-1,19,-20,0,-1,-20,-1,-1,-20,0,edgeCount
324,197,243,graphml/Cogentco.graphml,2,11,random,-1,11,11,11,0,0,11,0,11,11,0,0,edgeCount
323,197,243,graphml/Cogentco.graphml,2,11,random,-1,5,5,5,0,0,5,0,5,5,0,0,edgeCount
322,197,243,graphml/Cogentco.graphml,3,22,random,-1,-1,-1,17,-18,2,-1,-18,-1,-1,-18,2,edgeCount
321,197,243,graphml/Cogentco.graphml,1,0,random,-1,15,15,15,0,0,15,0,15,15,0,0,edgeCount
320,197,243,graphml/Cogentco.graphml,2,11,random,-1,22,22,19,3,0,22,3,22,22,3,0,edgeCount
319,197,243,graphml/Cogentco.graphml,2,11,random,-1,3,3,3,0,0,3,0,3,3,0,0,edgeCount
318,197,243,graphml/Cogentco.graphml,2,11,random,-1,32,32,15,17,0,32,17,32,32,17,0,edgeCount
317,197,243,graphml/Cogentco.graphml,2,11,random,-1,40,14,11,29,0,14,3,14,14,3,0,edgeCount
316,197,243,graphml/Cogentco.graphml,1,0,random,-1,5,6,5,0,2,5,0,5,6,0,2,edgeCount
315,197,243,graphml/Cogentco.graphml,2,11,random,-1,6,6,6,0,0,6,0,6,6,0,0,edgeCount
314,197,243,graphml/Cogentco.graphml,1,0,random,-1,23,23,23,0,2,23,0,23,23,0,2,edgeCount
313,197,243,graphml/Cogentco.graphml,1,0,random,-1,8,8,8,0,0,8,0,8,8,0,0,edgeCount
312,197,243,graphml/Cogentco.graphml,2,11,random,-1,-1,-1,24,-25,0,-1,-25,-1,-1,-25,0,edgeCount
311,197,243,graphml/Cogentco.graphml,1,0,random,-1,23,23,23,0,0,23,0,23,23,0,0,edgeCount
310,197,243,graphml/Cogentco.graphml,2,11,random,-1,39,39,18,21,0,39,21,39,39,21,0,edgeCount
309,197,243,graphml/Cogentco.graphml,2,11,random,-1,18,18,18,0,0,18,0,18,18,0,0,edgeCount
308,197,243,graphml/Cogentco.graphml,1,0,random,-1,7,7,7,0,4,7,0,7,7,0,4,edgeCount
307,197,243,graphml/Cogentco.graphml,2,11,random,-1,16,16,15,1,0,16,1,16,16,1,0,edgeCount
306,197,243,graphml/Cogentco.graphml,1,0,random,-1,22,22,22,0,2,22,0,22,22,0,2,edgeCount
305,197,243,graphml/Cogentco.graphml,1,0,random,-1,14,14,14,0,2,14,0,14,14,0,2,edgeCount
304,197,243,graphml/Cogentco.graphml,3,22,random,-1,-1,-1,11,-12,2,-1,-12,26,18,15,2,edgeCount
303,197,243,graphml/Cogentco.graphml,2,11,random,-1,8,8,8,0,2,8,0,8,8,0,2,edgeCount
302,197,243,graphml/Cogentco.graphml,2,11,random,-1,14,14,8,6,0,14,6,14,14,6,0,edgeCount
301,197,243,graphml/Cogentco.graphml,1,0,random,-1,15,15,15,0,4,15,0,15,15,0,4,edgeCount
300,197,243,graphml/Cogentco.graphml,2,11,random,-1,13,15,13,0,10,-1,-14,-1,-1,-14,10,edgeCount
299,197,243,graphml/Cogentco.graphml,2,11,random,-1,-1,-1,21,-22,0,-1,-22,-1,-1,-22,0,edgeCount
298,197,243,graphml/Cogentco.graphml,2,11,random,-1,16,35,11,5,0,40,29,40,40,29,0,edgeCount
297,197,243,graphml/Cogentco.graphml,2,11,random,-1,10,8,7,3,2,8,1,8,8,1,2,edgeCount
296,197,243,graphml/Cogentco.graphml,1,0,random,-1,15,15,15,0,0,15,0,15,15,0,0,edgeCount
295,197,243,graphml/Cogentco.graphml,2,11,random,-1,12,12,11,1,2,12,1,12,12,1,2,edgeCount
294,197,243,graphml/Cogentco.graphml,1,0,random,-1,18,18,18,0,0,18,0,18,18,0,0,edgeCount
293,197,243,graphml/Cogentco.graphml,2,11,random,-1,38,14,11,27,2,14,3,38,20,27,2,edgeCount
292,197,243,graphml/Cogentco.graphml,2,11,random,-1,12,16,8,4,2,8,0,8,8,0,2,edgeCount
291,197,243,graphml/Cogentco.graphml,1,0,random,-1,8,8,8,0,0,8,0,8,8,0,0,edgeCount
290,197,243,graphml/Cogentco.graphml,2,11,random,-1,20,52,13,7,0,36,23,36,36,23,0,edgeCount
289,197,243,graphml/Cogentco.graphml,1,0,random,-1,22,22,22,0,0,22,0,22,22,0,0,edgeCount
288,197,243,graphml/Cogentco.graphml,2,11,random,-1,44,44,19,25,0,44,25,44,44,25,0,edgeCount
287,197,243,graphml/Cogentco.graphml,2,11,random,-1,4,4,4,0,0,4,0,4,4,0,0,edgeCount
286,197,243,graphml/Cogentco.graphml,1,0,random,-1,10,10,10,0,0,10,0,10,10,0,0,edgeCount
285,197,243,graphml/Cogentco.graphml,2,11,random,-1,23,23,23,0,0,23,0,23,23,0,0,edgeCount
284,197,243,graphml/Cogentco.graphml,2,11,random,-1,17,17,12,5,0,17,5,17,17,5,0,edgeCount
283,197,243,graphml/Cogentco.graphml,2,11,random,-1,17,21,16,1,4,21,5,21,26,5,4,edgeCount
282,197,243,graphml/Cogentco.graphml,2,11,random,-1,12,12,10,2,0,12,2,12,12,2,0,edgeCount
281,197,243,graphml/Cogentco.graphml,2,11,random,-1,10,10,10,0,0,13,3,10,10,0,0,edgeCount
280,197,243,graphml/Cogentco.graphml,2,11,random,-1,5,5,5,0,0,5,0,5,5,0,0,edgeCount
279,197,243,graphml/Cogentco.graphml,2,11,random,-1,9,17,7,2,0,15,8,15,15,8,0,edgeCount
278,197,243,graphml/Cogentco.graphml,1,0,random,-1,19,19,19,0,4,19,0,19,19,0,4,edgeCount
277,197,243,graphml/Cogentco.graphml,1,0,random,-1,18,18,18,0,2,18,0,18,18,0,2,edgeCount
276,197,243,graphml/Cogentco.graphml,1,0,random,-1,10,10,10,0,4,10,0,10,10,0,4,edgeCount
275,197,243,graphml/Cogentco.graphml,2,11,random,-1,5,5,5,0,2,5,0,5,5,0,2,edgeCount
274,197,243,graphml/Cogentco.graphml,2,11,random,-1,-1,-1,24,-25,0,-1,-25,-1,-1,-25,0,edgeCount
273,197,243,graphml/Cogentco.graphml,1,0,random,-1,7,7,7,0,0,7,0,7,7,0,0,edgeCount
272,197,243,graphml/Cogentco.graphml,2,11,random,-1,19,7,5,14,2,5,0,5,5,0,2,edgeCount
271,197,243,graphml/Cogentco.graphml,3,22,random,-1,-1,-1,7,-8,2,-1,-8,-1,-1,-8,2,edgeCount
270,197,243,graphml/Cogentco.graphml,1,0,random,-1,8,8,8,0,0,8,0,8,8,0,0,edgeCount
269,197,243,graphml/Cogentco.graphml,2,11,random,-1,20,20,11,9,0,20,9,20,20,9,0,edgeCount
268,197,243,graphml/Cogentco.graphml,1,0,random,-1,19,19,19,0,0,19,0,19,19,0,0,edgeCount
267,197,243,graphml/Cogentco.graphml,2,11,random,-1,13,23,13,0,6,23,10,23,23,10,6,edgeCount
266,197,243,graphml/Cogentco.graphml,2,11,random,-1,-1,-1,10,-11,2,-1,-11,-1,-1,-11,2,edgeCount
265,197,243,graphml/Cogentco.graphml,2,11,random,-1,3,3,3,0,0,3,0,3,3,0,0,edgeCount
264,197,243,graphml/Cogentco.graphml,3,22,random,-1,18,22,7,11,0,22,15,22,22,15,0,edgeCount
263,197,243,graphml/Cogentco.graphml,2,11,random,-1,26,56,19,7,0,56,37,56,56,37,0,edgeCount
262,197,243,graphml/Cogentco.graphml,1,0,random,-1,13,13,13,0,2,13,0,13,13,0,2,edgeCount
261,197,243,graphml/Cogentco.graphml,2,11,random,-1,27,41,20,7,2,41,21,27,41,7,2,edgeCount
260,197,243,graphml/Cogentco.graphml,2,11,random,-1,5,5,5,0,0,5,0,5,5,0,0,edgeCount
259,197,243,graphml/Cogentco.graphml,2,11,random,-1,18,30,13,5,2,30,17,30,30,17,2,edgeCount
258,197,243,graphml/Cogentco.graphml,2,11,random,-1,-1,-1,13,-14,0,-1,-14,-1,-1,-14,0,edgeCount
257,197,243,graphml/Cogentco.graphml,1,0,random,-1,17,22,17,0,4,17,0,17,22,0,4,edgeCount
256,197,243,graphml/Cogentco.graphml,2,11,random,-1,6,6,6,0,2,6,0,6,6,0,2,edgeCount
255,197,243,graphml/Cogentco.graphml,1,0,random,-1,13,13,13,0,0,13,0,13,13,0,0,edgeCount
254,197,243,graphml/Cogentco.graphml,2,11,random,-1,18,18,17,1,0,18,1,18,18,1,0,edgeCount
253,197,243,graphml/Cogentco.graphml,1,0,random,-1,14,15,14,0,2,14,0,14,15,0,2,edgeCount
252,197,243,graphml/Cogentco.graphml,2,11,random,-1,20,20,15,5,0,20,5,20,20,5,0,edgeCount
251,197,243,graphml/Cogentco.graphml,1,0,random,-1,12,12,12,0,0,12,0,12,12,0,0,edgeCount
250,197,243,graphml/Cogentco.graphml,2,11,random,-1,27,19,13,14,0,-1,-14,-1,-1,-14,0,edgeCount
249,197,243,graphml/Cogentco.graphml,2,11,random,-1,3,3,3,0,0,3,0,3,3,0,0,edgeCount
248,197,243,graphml/Cogentco.graphml,2,11,random,-1,6,6,6,0,2,6,0,6,6,0,2,edgeCount
247,197,243,graphml/Cogentco.graphml,3,22,random,-1,-1,-1,11,-12,2,-1,-12,-1,-1,-12,2,edgeCount
246,197,243,graphml/Cogentco.graphml,1,0,random,-1,17,17,17,0,6,17,0,17,17,0,6,edgeCount
245,197,243,graphml/Cogentco.graphml,2,11,random,-1,4,4,4,0,0,4,0,4,4,0,0,edgeCount
244,197,243,graphml/Cogentco.graphml,1,0,random,-1,17,17,17,0,2,17,0,17,17,0,2,edgeCount
243,197,243,graphml/Cogentco.graphml,1,0,random,-1,6,15,6,0,2,6,0,6,15,0,2,edgeCount
242,197,243,graphml/Cogentco.graphml,1,0,random,-1,14,14,14,0,0,14,0,14,14,0,0,edgeCount
241,197,243,graphml/Cogentco.graphml,2,11,random,-1,32,23,14,18,14,14,0,14,14,0,14,edgeCount
240,197,243,graphml/Cogentco.graphml,2,11,random,-1,29,9,9,20,2,9,0,9,9,0,2,edgeCount
239,197,243,graphml/Cogentco.graphml,2,11,random,-1,9,9,9,0,0,9,0,9,9,0,0,edgeCount
238,197,243,graphml/Cogentco.graphml,2,11,random,-1,6,16,6,0,0,14,8,6,6,0,0,edgeCount
237,197,243,graphml/Cogentco.graphml,1,0,random,-1,19,19,19,0,0,19,0,19,19,0,0,edgeCount
236,197,243,graphml/Cogentco.graphml,1,0,random,-1,10,10,10,0,0,10,0,10,10,0,0,edgeCount
235,197,243,graphml/Cogentco.graphml,2,11,random,-1,-1,-1,6,-7,2,-1,-7,-1,-1,-7,2,edgeCount
234,197,243,graphml/Cogentco.graphml,1,0,random,-1,15,15,15,0,6,15,0,15,15,0,6,edgeCount
233,197,243,graphml/Cogentco.graphml,2,11,random,-1,-1,-1,16,-17,2,-1,-17,-1,-1,-17,2,edgeCount
232,197,243,graphml/Cogentco.graphml,2,11,random,-1,5,5,5,0,0,5,0,5,5,0,0,edgeCount
231,197,243,graphml/Cogentco.graphml,2,11,random,-1,18,18,12,6,0,-1,-13,-1,-1,-13,0,edgeCount
230,197,243,graphml/Cogentco.graphml,3,22,random,-1,7,7,7,0,0,7,0,7,7,0,0,edgeCount
229,197,243,graphml/Cogentco.graphml,2,11,random,-1,5,5,5,0,0,5,0,5,5,0,0,edgeCount
228,197,243,graphml/Cogentco.graphml,2,11,random,-1,7,13,6,1,2,13,7,13,13,7,2,edgeCount
227,197,243,graphml/Cogentco.graphml,2,11,random,-1,11,11,11,0,2,11,0,11,11,0,2,edgeCount
226,197,243,graphml/Cogentco.graphml,1,0,random,-1,9,10,9,0,2,9,0,9,10,0,2,edgeCount
225,197,243,graphml/Cogentco.graphml,2,11,random,-1,24,30,10,14,2,10,0,10,10,0,2,edgeCount
224,197,243,graphml/Cogentco.graphml,2,11,random,-1,-1,-1,22,-23,0,-1,-23,-1,-1,-23,0,edgeCount
223,197,243,graphml/Cogentco.graphml,1,0,random,-1,12,12,12,0,12,12,0,12,12,0,12,edgeCount
222,197,243,graphml/Cogentco.graphml,2,11,random,-1,15,15,14,1,0,15,1,15,15,1,0,edgeCount
221,197,243,graphml/Cogentco.graphml,1,0,random,-1,7,7,7,0,0,7,0,7,7,0,0,edgeCount
220,197,243,graphml/Cogentco.graphml,2,11,random,-1,-1,-1,23,-24,0,-1,-24,-1,-1,-24,0,edgeCount
219,197,243,graphml/Cogentco.graphml,2,11,random,-1,-1,-1,16,-17,0,-1,-17,-1,-1,-17,0,edgeCount
218,197,243,graphml/Cogentco.graphml,2,11,random,-1,15,15,15,0,0,15,0,15,15,0,0,edgeCount
217,197,243,graphml/Cogentco.graphml,2,11,random,-1,22,10,10,12,4,10,0,10,10,0,4,edgeCount
216,197,243,graphml/Cogentco.graphml,2,11,random,-1,15,15,10,5,2,15,5,15,15,5,2,edgeCount
215,197,243,graphml/Cogentco.graphml,2,11,random,-1,-1,-1,10,-11,0,-1,-11,-1,-1,-11,0,edgeCount
214,197,243,graphml/Cogentco.graphml,2,11,random,-1,-1,-1,16,-17,0,-1,-17,-1,-1,-17,0,edgeCount
213,197,243,graphml/Cogentco.graphml,2,11,random,-1,41,41,16,25,0,41,25,41,41,25,0,edgeCount
212,197,243,graphml/Cogentco.graphml,1,0,random,-1,18,26,18,0,4,18,0,18,26,0,4,edgeCount
211,197,243,graphml/Cogentco.graphml,1,0,random,-1,16,16,16,0,4,16,0,16,16,0,4,edgeCount
210,197,243,graphml/Cogentco.graphml,2,11,random,-1,6,4,4,2,0,11,7,6,4,2,0,edgeCount
209,197,243,graphml/Cogentco.graphml,2,11,random,-1,11,11,11,0,0,11,0,11,11,0,0,edgeCount
208,197,243,graphml/Cogentco.graphml,2,11,random,-1,-1,-1,10,-11,2,-1,-11,-1,-1,-11,2,edgeCount
207,197,243,graphml/Cogentco.graphml,2,11,random,-1,10,4,4,6,0,19,15,10,4,6,0,edgeCount
206,197,243,graphml/Cogentco.graphml,2,11,random,-1,17,17,17,0,0,17,0,17,17,0,0,edgeCount
205,197,243,graphml/Cogentco.graphml,1,0,random,-1,11,11,11,0,6,11,0,11,11,0,6,edgeCount
204,197,243,graphml/Cogentco.graphml,1,0,random,-1,4,9,4,0,4,4,0,4,9,0,4,edgeCount
203,197,243,graphml/Cogentco.graphml,2,11,random,-1,-1,-1,17,-18,0,-1,-18,-1,-1,-18,0,edgeCount
202,197,243,graphml/Cogentco.graphml,2,11,random,-1,5,5,5,0,2,5,0,5,5,0,2,edgeCount
201,197,243,graphml/Cogentco.graphml,2,11,random,-1,21,17,11,10,0,-1,-12,-1,-1,-12,0,edgeCount
200,197,243,graphml/Cogentco.graphml,2,11,random,-1,21,21,10,11,0,21,11,21,21,11,0,edgeCount
199,197,243,graphml/Cogentco.graphml,2,11,random,-1,14,26,11,3,2,24,13,24,24,13,2,edgeCount
198,197,243,graphml/Cogentco.graphml,2,11,random,-1,-1,-1,11,-12,0,-1,-12,-1,-1,-12,0,edgeCount
197,197,243,graphml/Cogentco.graphml,1,0,random,-1,11,25,11,0,4,11,0,11,25,0,4,edgeCount
196,197,243,graphml/Cogentco.graphml,2,11,random,-1,10,10,10,0,0,10,0,10,10,0,0,edgeCount
195,197,243,graphml/Cogentco.graphml,2,11,random,-1,4,4,4,0,0,4,0,4,4,0,0,edgeCount
194,197,243,graphml/Cogentco.graphml,2,11,random,-1,20,20,14,6,0,18,4,18,18,4,0,edgeCount
193,197,243,graphml/Cogentco.graphml,1,0,random,-1,7,7,7,0,0,7,0,7,7,0,0,edgeCount
192,197,243,graphml/Cogentco.graphml,2,11,random,-1,-1,-1,20,-21,0,-1,-21,-1,-1,-21,0,edgeCount
191,197,243,graphml/Cogentco.graphml,2,11,random,-1,19,19,14,5,0,19,5,19,19,5,0,edgeCount
190,197,243,graphml/Cogentco.graphml,2,11,random,-1,-1,-1,21,-22,0,-1,-22,-1,-1,-22,0,edgeCount
189,197,243,graphml/Cogentco.graphml,2,11,random,-1,35,35,21,14,0,35,14,35,35,14,0,edgeCount
188,197,243,graphml/Cogentco.graphml,3,22,random,-1,5,5,5,0,4,5,0,5,5,0,4,edgeCount
187,197,243,graphml/Cogentco.graphml,2,11,random,-1,-1,-1,21,-22,0,-1,-22,-1,-1,-22,0,edgeCount
186,197,243,graphml/Cogentco.graphml,3,22,random,-1,59,15,11,48,2,-1,-12,49,49,38,2,edgeCount
185,197,243,graphml/Cogentco.graphml,2,11,random,-1,9,9,9,0,0,9,0,9,9,0,0,edgeCount
184,197,243,graphml/Cogentco.graphml,1,0,random,-1,13,13,13,0,2,13,0,13,13,0,2,edgeCount
183,197,243,graphml/Cogentco.graphml,2,11,random,-1,27,27,18,9,0,27,9,27,27,9,0,edgeCount
182,197,243,graphml/Cogentco.graphml,1,0,random,-1,4,7,4,0,2,4,0,4,7,0,2,edgeCount
181,197,243,graphml/Cogentco.graphml,2,11,random,-1,11,13,8,3,2,9,1,9,9,1,2,edgeCount
180,197,243,graphml/Cogentco.graphml,2,11,random,-1,12,19,11,1,4,18,7,18,22,7,4,edgeCount
179,197,243,graphml/Cogentco.graphml,2,11,random,-1,11,11,11,0,0,11,0,11,11,0,0,edgeCount
178,197,243,graphml/Cogentco.graphml,2,11,random,-1,-1,-1,4,-5,0,-1,-5,-1,-1,-5,0,edgeCount
177,197,243,graphml/Cogentco.graphml,2,11,random,-1,6,6,6,0,0,8,2,6,6,0,0,edgeCount
176,197,243,graphml/Cogentco.graphml,2,11,random,-1,32,32,19,13,0,32,13,32,32,13,0,edgeCount
175,197,243,graphml/Cogentco.graphml,2,11,random,-1,16,29,9,7,0,12,3,12,12,3,0,edgeCount
174,197,243,graphml/Cogentco.graphml,2,11,random,-1,4,4,4,0,0,4,0,4,4,0,0,edgeCount
173,197,243,graphml/Cogentco.graphml,1,0,random,-1,19,19,19,0,0,19,0,19,19,0,0,edgeCount
172,197,243,graphml/Cogentco.graphml,2,11,random,-1,3,3,3,0,0,5,2,3,3,0,0,edgeCount
171,197,243,graphml/Cogentco.graphml,2,11,random,-1,17,9,9,8,0,9,0,9,9,0,0,edgeCount
170,197,243,graphml/Cogentco.graphml,2,11,random,-1,12,12,12,0,0,12,0,12,12,0,0,edgeCount
169,197,243,graphml/Cogentco.graphml,3,22,random,-1,7,4,4,3,0,4,0,4,4,0,0,edgeCount
168,197,243,graphml/Cogentco.graphml,2,11,random,-1,-1,-1,18,-19,2,-1,-19,-1,-1,-19,2,edgeCount
167,197,243,graphml/Cogentco.graphml,2,11,random,-1,-1,-1,15,-16,0,-1,-16,-1,-1,-16,0,edgeCount
166,197,243,graphml/Cogentco.graphml,2,11,random,-1,45,17,14,31,2,17,3,45,17,31,2,edgeCount
165,197,243,graphml/Cogentco.graphml,2,11,random,-1,3,3,3,0,0,3,0,3,3,0,0,edgeCount
164,197,243,graphml/Cogentco.graphml,1,0,random,-1,15,15,15,0,0,15,0,15,15,0,0,edgeCount
163,197,243,graphml/Cogentco.graphml,2,11,random,-1,14,38,12,2,2,12,0,12,12,0,2,edgeCount
162,197,243,graphml/Cogentco.graphml,2,11,random,-1,-1,-1,31,-32,0,-1,-32,-1,-1,-32,0,edgeCount
161,197,243,graphml/Cogentco.graphml,1,0,random,-1,10,10,10,0,2,10,0,10,10,0,2,edgeCount
160,197,243,graphml/Cogentco.graphml,2,11,random,-1,8,25,7,1,6,14,7,14,14,7,6,edgeCount
159,197,243,graphml/Cogentco.graphml,1,0,random,-1,12,20,12,0,2,12,0,12,20,0,2,edgeCount
158,197,243,graphml/Cogentco.graphml,1,0,random,-1,9,9,9,0,0,9,0,9,9,0,0,edgeCount
157,197,243,graphml/Cogentco.graphml,1,0,random,-1,9,9,9,0,2,9,0,9,9,0,2,edgeCount
156,197,243,graphml/Cogentco.graphml,1,0,random,-1,9,9,9,0,0,9,0,9,9,0,0,edgeCount
155,197,243,graphml/Cogentco.graphml,2,11,random,-1,14,14,14,0,0,14,0,14,14,0,0,edgeCount
154,197,243,graphml/Cogentco.graphml,1,0,random,-1,12,12,12,0,0,12,0,12,12,0,0,edgeCount
153,197,243,graphml/Cogentco.graphml,2,11,random,-1,-1,-1,13,-14,2,-1,-14,27,27,14,2,edgeCount
152,197,243,graphml/Cogentco.graphml,2,11,random,-1,30,30,12,18,0,30,18,30,30,18,0,edgeCount
151,197,243,graphml/Cogentco.graphml,1,0,random,-1,13,13,13,0,2,13,0,13,13,0,2,edgeCount
150,197,243,graphml/Cogentco.graphml,2,11,random,-1,6,6,5,1,0,6,1,6,6,1,0,edgeCount
149,197,243,graphml/Cogentco.graphml,2,11,random,-1,33,15,15,18,2,-1,-16,33,15,18,2,edgeCount
148,197,243,graphml/Cogentco.graphml,1,0,random,-1,17,18,17,0,6,17,0,17,18,0,6,edgeCount
147,197,243,graphml/Cogentco.graphml,2,11,random,-1,16,23,15,1,0,16,1,16,16,1,0,edgeCount
146,197,243,graphml/Cogentco.graphml,1,0,random,-1,9,9,9,0,0,9,0,9,9,0,0,edgeCount
145,197,243,graphml/Cogentco.graphml,1,0,random,-1,10,19,10,0,4,10,0,10,19,0,4,edgeCount
144,197,243,graphml/Cogentco.graphml,1,0,random,-1,24,24,24,0,0,24,0,24,24,0,0,edgeCount
143,197,243,graphml/Cogentco.graphml,2,11,random,-1,41,48,15,26,2,41,26,41,48,26,2,edgeCount
142,197,243,graphml/Cogentco.graphml,1,0,random,-1,13,13,13,0,2,13,0,13,13,0,2,edgeCount
141,197,243,graphml/Cogentco.graphml,2,11,random,-1,10,7,7,3,0,7,0,7,7,0,0,edgeCount
140,197,243,graphml/Cogentco.graphml,2,11,random,-1,6,6,6,0,14,6,0,6,6,0,14,edgeCount
139,197,243,graphml/Cogentco.graphml,1,0,random,-1,16,16,16,0,0,16,0,16,16,0,0,edgeCount
138,197,243,graphml/Cogentco.graphml,1,0,random,-1,10,10,10,0,4,10,0,10,10,0,4,edgeCount
137,197,243,graphml/Cogentco.graphml,2,11,random,-1,11,11,11,0,0,11,0,11,11,0,0,edgeCount
136,197,243,graphml/Cogentco.graphml,3,22,random,-1,-1,-1,23,-24,0,-1,-24,-1,-1,-24,0,edgeCount
135,197,243,graphml/Cogentco.graphml,2,11,random,-1,16,16,10,6,0,16,6,16,16,6,0,edgeCount
134,197,243,graphml/Cogentco.graphml,2,11,random,-1,12,12,12,0,0,12,0,12,12,0,0,edgeCount
133,197,243,graphml/Cogentco.graphml,2,11,random,-1,6,6,6,0,0,9,3,6,6,0,0,edgeCount
132,197,243,graphml/Cogentco.graphml,2,11,random,-1,13,16,10,3,2,17,7,17,17,7,2,edgeCount
131,197,243,graphml/Cogentco.graphml,2,11,random,-1,-1,-1,16,-17,2,-1,-17,-1,-1,-17,2,edgeCount
130,197,243,graphml/Cogentco.graphml,2,11,random,-1,-1,-1,17,-18,0,-1,-18,-1,-1,-18,0,edgeCount
129,197,243,graphml/Cogentco.graphml,1,0,random,-1,6,6,6,0,0,6,0,6,6,0,0,edgeCount
128,197,243,graphml/Cogentco.graphml,2,11,random,-1,16,16,8,8,0,8,0,8,8,0,0,edgeCount
127,197,243,graphml/Cogentco.graphml,2,11,random,-1,17,67,8,9,0,31,23,31,31,23,0,edgeCount
126,197,243,graphml/Cogentco.graphml,2,11,random,-1,13,13,12,1,0,13,1,13,13,1,0,edgeCount
125,197,243,graphml/Cogentco.graphml,1,0,random,-1,22,31,22,0,2,22,0,22,31,0,2,edgeCount
124,197,243,graphml/Cogentco.graphml,1,0,random,-1,13,13,13,0,0,13,0,13,13,0,0,edgeCount
123,197,243,graphml/Cogentco.graphml,2,11,random,-1,15,19,8,7,2,19,11,19,23,11,2,edgeCount
122,197,243,graphml/Cogentco.graphml,2,11,random,-1,10,14,8,2,2,8,0,10,14,2,2,edgeCount
121,197,243,graphml/Cogentco.graphml,2,11,random,-1,17,12,9,8,2,9,0,9,9,0,2,edgeCount
120,197,243,graphml/Cogentco.graphml,1,0,random,-1,8,8,8,0,0,8,0,8,8,0,0,edgeCount
119,197,243,graphml/Cogentco.graphml,2,11,random,-1,8,9,5,3,4,5,0,5,6,0,4,edgeCount
118,197,243,graphml/Cogentco.graphml,1,0,random,-1,19,19,19,0,4,19,0,19,19,0,4,edgeCount
117,197,243,graphml/Cogentco.graphml,1,0,random,-1,8,8,8,0,0,8,0,8,8,0,0,edgeCount
116,197,243,graphml/Cogentco.graphml,2,11,random,-1,13,13,12,1,0,13,1,13,13,1,0,edgeCount
115,197,243,graphml/Cogentco.graphml,1,0,random,-1,18,18,18,0,2,18,0,18,18,0,2,edgeCount
114,197,243,graphml/Cogentco.graphml,2,11,random,-1,19,11,11,8,2,11,0,11,11,0,2,edgeCount
113,197,243,graphml/Cogentco.graphml,1,0,random,-1,7,8,7,0,2,7,0,7,8,0,2,edgeCount
112,197,243,graphml/Cogentco.graphml,2,11,random,-1,13,13,8,5,0,13,5,13,13,5,0,edgeCount
111,197,243,graphml/Cogentco.graphml,2,11,random,-1,17,17,17,0,0,17,0,17,17,0,0,edgeCount
110,197,243,graphml/Cogentco.graphml,2,11,random,-1,14,14,13,1,0,14,1,14,14,1,0,edgeCount
109,197,243,graphml/Cogentco.graphml,1,0,random,-1,15,15,15,0,0,15,0,15,15,0,0,edgeCount
108,197,243,graphml/Cogentco.graphml,2,11,random,-1,7,21,7,0,0,7,0,7,7,0,0,edgeCount
107,197,243,graphml/Cogentco.graphml,1,0,random,-1,9,9,9,0,2,9,0,9,9,0,2,edgeCount
106,197,243,graphml/Cogentco.graphml,2,11,random,-1,18,18,14,4,0,18,4,18,18,4,0,edgeCount
105,197,243,graphml/Cogentco.graphml,1,0,random,-1,2,2,2,0,0,2,0,2,2,0,0,edgeCount
104,197,243,graphml/Cogentco.graphml,2,11,random,-1,11,11,9,2,0,11,2,11,11,2,0,edgeCount
103,197,243,graphml/Cogentco.graphml,2,11,random,-1,14,13,12,2,0,13,1,13,13,1,0,edgeCount
102,197,243,graphml/Cogentco.graphml,1,0,random,-1,9,9,9,0,0,9,0,9,9,0,0,edgeCount
101,197,243,graphml/Cogentco.graphml,2,11,random,-1,18,18,16,2,0,18,2,18,18,2,0,edgeCount
100,197,243,graphml/Cogentco.graphml,1,0,random,-1,15,15,15,0,0,15,0,15,15,0,0,edgeCount
99,197,243,graphml/Cogentco.graphml,2,11,random,-1,7,3,3,4,0,12,9,7,3,4,0,edgeCount
98,197,243,graphml/Cogentco.graphml,2,11,random,-1,21,11,11,10,0,11,0,11,11,0,0,edgeCount
97,197,243,graphml/Cogentco.graphml,1,0,random,-1,23,23,23,0,2,23,0,23,23,0,2,edgeCount
96,197,243,graphml/Cogentco.graphml,2,11,random,-1,-1,-1,15,-16,0,-1,-16,-1,-1,-16,0,edgeCount
95,197,243,graphml/Cogentco.graphml,2,11,random,-1,3,3,3,0,0,3,0,3,3,0,0,edgeCount
94,197,243,graphml/Cogentco.graphml,1,0,random,-1,11,11,11,0,0,11,0,11,11,0,0,edgeCount
93,197,243,graphml/Cogentco.graphml,2,11,random,-1,30,30,25,5,0,30,5,30,30,5,0,edgeCount
92,197,243,graphml/Cogentco.graphml,2,11,random,-1,-1,-1,21,-22,0,-1,-22,-1,-1,-22,0,edgeCount
91,197,243,graphml/Cogentco.graphml,3,22,random,-1,-1,-1,8,-9,0,-1,-9,-1,-1,-9,0,edgeCount
90,197,243,graphml/Cogentco.graphml,2,11,random,-1,-1,-1,11,-12,0,-1,-12,-1,-1,-12,0,edgeCount
89,197,243,graphml/Cogentco.graphml,1,0,random,-1,18,18,18,0,0,18,0,18,18,0,0,edgeCount
88,197,243,graphml/Cogentco.graphml,2,11,random,-1,20,28,11,9,0,11,0,11,11,0,0,edgeCount
87,197,243,graphml/Cogentco.graphml,2,11,random,-1,14,14,2,12,0,2,0,2,2,0,0,edgeCount
86,197,243,graphml/Cogentco.graphml,2,11,random,-1,17,23,13,4,0,17,4,17,17,4,0,edgeCount
85,197,243,graphml/Cogentco.graphml,2,11,random,-1,12,12,12,0,0,12,0,12,12,0,0,edgeCount
84,197,243,graphml/Cogentco.graphml,2,11,random,-1,8,8,8,0,0,8,0,8,8,0,0,edgeCount
83,197,243,graphml/Cogentco.graphml,1,0,random,-1,8,8,8,0,4,8,0,8,8,0,4,edgeCount
82,197,243,graphml/Cogentco.graphml,2,11,random,-1,9,9,9,0,2,9,0,9,9,0,2,edgeCount
81,197,243,graphml/Cogentco.graphml,2,11,random,-1,41,31,17,24,0,-1,-18,-1,-1,-18,0,edgeCount
80,197,243,graphml/Cogentco.graphml,2,11,random,-1,13,15,12,1,0,15,3,15,15,3,0,edgeCount
79,197,243,graphml/Cogentco.graphml,2,11,random,-1,23,13,13,10,2,-1,-14,-1,-1,-14,2,edgeCount
78,197,243,graphml/Cogentco.graphml,2,11,random,-1,22,22,20,2,0,22,2,22,22,2,0,edgeCount
77,197,243,graphml/Cogentco.graphml,1,0,random,-1,15,15,15,0,0,15,0,15,15,0,0,edgeCount
76,197,243,graphml/Cogentco.graphml,2,11,random,-1,24,24,8,16,6,27,19,24,24,16,6,edgeCount
75,197,243,graphml/Cogentco.graphml,2,11,random,-1,3,3,3,0,0,3,0,3,3,0,0,edgeCount
74,197,243,graphml/Cogentco.graphml,2,11,random,-1,54,41,19,35,0,20,1,20,20,1,0,edgeCount
73,197,243,graphml/Cogentco.graphml,1,0,random,-1,10,10,10,0,0,10,0,10,10,0,0,edgeCount
72,197,243,graphml/Cogentco.graphml,2,11,random,-1,18,15,15,3,0,15,0,15,15,0,0,edgeCount
71,197,243,graphml/Cogentco.graphml,1,0,random,-1,16,16,16,0,0,16,0,16,16,0,0,edgeCount
70,197,243,graphml/Cogentco.graphml,2,11,random,-1,9,10,9,0,2,9,0,9,9,0,2,edgeCount
69,197,243,graphml/Cogentco.graphml,2,11,random,-1,8,4,4,4,2,4,0,4,4,0,2,edgeCount
68,197,243,graphml/Cogentco.graphml,3,22,random,-1,18,14,10,8,0,10,0,10,10,0,0,edgeCount
67,197,243,graphml/Cogentco.graphml,1,0,random,-1,12,12,12,0,0,12,0,12,12,0,0,edgeCount
66,197,243,graphml/Cogentco.graphml,2,11,random,-1,7,7,7,0,2,7,0,7,7,0,2,edgeCount
65,197,243,graphml/Cogentco.graphml,1,0,random,-1,13,13,13,0,2,13,0,13,13,0,2,edgeCount
64,197,243,graphml/Cogentco.graphml,2,11,random,-1,37,37,14,23,0,37,23,37,37,23,0,edgeCount
63,197,243,graphml/Cogentco.graphml,1,0,random,-1,15,15,15,0,2,15,0,15,15,0,2,edgeCount
62,197,243,graphml/Cogentco.graphml,2,11,random,-1,-1,-1,11,-12,0,-1,-12,-1,-1,-12,0,edgeCount
61,197,243,graphml/Cogentco.graphml,2,11,random,-1,-1,-1,23,-24,0,-1,-24,-1,-1,-24,0,edgeCount
60,197,243,graphml/Cogentco.graphml,2,11,random,-1,-1,-1,11,-12,0,-1,-12,-1,-1,-12,0,edgeCount
59,197,243,graphml/Cogentco.graphml,2,11,random,-1,12,12,12,0,0,12,0,12,12,0,0,edgeCount
58,197,243,graphml/Cogentco.graphml,2,11,random,-1,46,46,12,34,0,46,34,46,46,34,0,edgeCount
57,197,243,graphml/Cogentco.graphml,1,0,random,-1,14,14,14,0,0,14,0,14,14,0,0,edgeCount
56,197,243,graphml/Cogentco.graphml,1,0,random,-1,19,19,19,0,0,19,0,19,19,0,0,edgeCount
55,197,243,graphml/Cogentco.graphml,1,0,random,-1,7,7,7,0,0,7,0,7,7,0,0,edgeCount
54,197,243,graphml/Cogentco.graphml,1,0,random,-1,24,24,24,0,0,24,0,24,24,0,0,edgeCount
53,197,243,graphml/Cogentco.graphml,2,11,random,-1,8,8,8,0,2,8,0,8,8,0,2,edgeCount
52,197,243,graphml/Cogentco.graphml,2,11,random,-1,15,9,6,9,2,27,21,27,27,21,2,edgeCount
51,197,243,graphml/Cogentco.graphml,2,11,random,-1,8,8,7,1,0,8,1,8,8,1,0,edgeCount
50,197,243,graphml/Cogentco.graphml,2,11,random,-1,23,43,14,9,4,43,29,43,45,29,4,edgeCount
49,197,243,graphml/Cogentco.graphml,2,11,random,-1,17,11,10,7,4,10,0,10,11,0,4,edgeCount
48,197,243,graphml/Cogentco.graphml,2,11,random,-1,6,6,6,0,0,6,0,6,6,0,0,edgeCount
47,197,243,graphml/Cogentco.graphml,2,11,random,-1,19,19,15,4,0,19,4,19,19,4,0,edgeCount
46,197,243,graphml/Cogentco.graphml,3,22,random,-1,16,18,6,10,0,16,10,16,18,10,0,edgeCount
45,197,243,graphml/Cogentco.graphml,2,11,random,-1,6,5,5,1,12,5,0,5,5,0,10,edgeCount
44,197,243,graphml/Cogentco.graphml,2,11,random,-1,14,14,13,1,0,14,1,14,14,1,0,edgeCount
43,197,243,graphml/Cogentco.graphml,1,0,random,-1,5,5,5,0,0,5,0,5,5,0,0,edgeCount
42,197,243,graphml/Cogentco.graphml,1,0,random,-1,13,13,13,0,0,13,0,13,13,0,0,edgeCount
41,197,243,graphml/Cogentco.graphml,1,0,random,-1,17,17,17,0,2,17,0,17,17,0,2,edgeCount
40,197,243,graphml/Cogentco.graphml,1,0,random,-1,10,10,10,0,0,10,0,10,10,0,0,edgeCount
39,197,243,graphml/Cogentco.graphml,2,11,random,-1,-1,-1,19,-20,0,-1,-20,-1,-1,-20,0,edgeCount
38,197,243,graphml/Cogentco.graphml,2,11,random,-1,-1,-1,21,-22,4,-1,-22,-1,-1,-22,4,edgeCount
37,197,243,graphml/Cogentco.graphml,2,11,random,-1,-1,-1,13,-14,0,-1,-14,-1,-1,-14,0,edgeCount
36,197,243,graphml/Cogentco.graphml,2,11,random,-1,7,7,7,0,0,7,0,7,7,0,0,edgeCount
35,197,243,graphml/Cogentco.graphml,2,11,random,-1,-1,-1,-1,0,0,-1,0,-1,-1,0,0,edgeCount
34,197,243,graphml/Cogentco.graphml,2,11,random,-1,-1,-1,15,-16,2,-1,-16,-1,-1,-16,2,edgeCount
33,197,243,graphml/Cogentco.graphml,2,11,random,-1,37,37,14,23,0,37,23,37,37,23,0,edgeCount
32,197,243,graphml/Cogentco.graphml,2,11,random,-1,22,22,10,12,0,14,4,14,22,4,0,edgeCount
31,197,243,graphml/Cogentco.graphml,2,11,random,-1,15,15,15,0,2,15,0,15,15,0,2,edgeCount
30,197,243,graphml/Cogentco.graphml,2,11,random,-1,12,11,4,8,0,4,0,4,4,0,0,edgeCount
29,197,243,graphml/Cogentco.graphml,2,11,random,-1,17,5,5,12,0,5,0,5,5,0,0,edgeCount
28,197,243,graphml/Cogentco.graphml,2,11,random,-1,17,16,12,5,2,12,0,12,12,0,2,edgeCount
27,197,243,graphml/Cogentco.graphml,1,0,random,-1,6,6,6,0,0,6,0,6,6,0,0,edgeCount
26,197,243,graphml/Cogentco.graphml,2,11,random,-1,27,21,19,8,2,19,0,19,19,0,2,edgeCount
25,197,243,graphml/Cogentco.graphml,2,11,random,-1,11,11,10,1,0,11,1,11,11,1,0,edgeCount
24,197,243,graphml/Cogentco.graphml,2,11,random,-1,51,17,13,38,2,-1,-14,46,44,33,2,edgeCount
23,197,243,graphml/Cogentco.graphml,2,11,random,-1,23,23,15,8,0,23,8,23,23,8,0,edgeCount
22,197,243,graphml/Cogentco.graphml,2,11,random,-1,10,10,9,1,0,10,1,10,10,1,0,edgeCount
21,197,243,graphml/Cogentco.graphml,3,22,random,-1,17,17,8,9,0,17,9,17,17,9,0,edgeCount
20,197,243,graphml/Cogentco.graphml,1,0,random,-1,11,11,11,0,2,11,0,11,11,0,2,edgeCount
19,197,243,graphml/Cogentco.graphml,1,0,random,-1,8,15,8,0,4,8,0,8,15,0,4,edgeCount
18,197,243,graphml/Cogentco.graphml,2,11,random,-1,18,18,17,1,0,18,1,18,18,1,0,edgeCount
17,197,243,graphml/Cogentco.graphml,2,11,random,-1,10,11,7,3,0,10,3,10,10,3,0,edgeCount
16,197,243,graphml/Cogentco.graphml,2,11,random,-1,-1,-1,-1,0,0,-1,0,-1,-1,0,0,edgeCount
15,197,243,graphml/Cogentco.graphml,2,11,random,-1,13,13,13,0,0,13,0,13,13,0,0,edgeCount
14,197,243,graphml/Cogentco.graphml,2,11,random,-1,-1,-1,12,-13,2,-1,-13,-1,-1,-13,2,edgeCount
13,197,243,graphml/Cogentco.graphml,2,11,random,-1,-1,-1,8,-9,0,-1,-9,-1,-1,-9,0,edgeCount
12,197,243,graphml/Cogentco.graphml,2,11,random,-1,3,3,3,0,0,3,0,3,3,0,0,edgeCount
11,197,243,graphml/Cogentco.graphml,2,11,random,-1,11,11,11,0,0,11,0,11,11,0,0,edgeCount
10,197,243,graphml/Cogentco.graphml,1,0,random,-1,12,12,12,0,2,12,0,12,12,0,2,edgeCount
9,197,243,graphml/Cogentco.graphml,2,11,random,-1,12,12,11,1,0,12,1,12,12,1,0,edgeCount
8,197,243,graphml/Cogentco.graphml,2,11,random,-1,-1,-1,23,-24,2,-1,-24,-1,-1,-24,2,edgeCount
7,197,243,graphml/Cogentco.graphml,1,0,random,-1,19,19,19,0,0,19,0,19,19,0,0,edgeCount
6,197,243,graphml/Cogentco.graphml,2,11,random,-1,-1,-1,-1,0,2,-1,0,-1,-1,0,2,edgeCount
5,197,243,graphml/Cogentco.graphml,2,11,random,-1,14,6,6,8,2,6,0,6,6,0,2,edgeCount
4,197,243,graphml/Cogentco.graphml,2,11,random,-1,58,58,17,41,0,58,41,58,58,41,0,edgeCount
3,197,243,graphml/Cogentco.graphml,2,11,random,-1,8,7,3,5,4,3,0,3,3,0,4,edgeCount
2,197,243,graphml/Cogentco.graphml,1,0,random,-1,12,12,12,0,0,12,0,12,12,0,0,edgeCount
1,197,243,graphml/Cogentco.graphml,2,11,random,-1,13,12,12,1,4,12,0,12,12,0,4,edgeCount
