rep,nrNodes,nrEdges,edgeProb,nrPaths,nrFails,failureModel,failurePercent,hopsRanked,hopsUnranked,spLength,stretch_mult,nodeAdditions,hopsPath,stretch_path,hopsRankedOne,hopsUnrankedOne,stretch_one,overallNodeAdditionsOne,treeChoice
1000,113,161,graphml/Deltacom.graphml,2,,clustered,0.5;-0.3,7,5,4,3,2,5,1,5,5,1,2,edgeCount
999,113,161,graphml/Deltacom.graphml,2,,clustered,0.5;-0.3,12,15,9,3,0,26,17,26,26,17,0,edgeCount
998,113,161,graphml/Deltacom.graphml,1,,clustered,0.5;-0.3,-1,-1,-1,0,0,-1,0,-1,-1,0,0,edgeCount
997,113,161,graphml/Deltacom.graphml,2,,clustered,0.5;-0.3,7,7,7,0,0,7,0,7,7,0,0,edgeCount
996,113,161,graphml/Deltacom.graphml,2,,clustered,0.5;-0.3,23,13,8,15,0,-1,-9,-1,-1,-9,0,edgeCount
995,113,161,graphml/Deltacom.graphml,2,,clustered,0.5;-0.3,-1,-1,-1,0,0,-1,0,-1,-1,0,0,edgeCount
994,113,161,graphml/Deltacom.graphml,2,,clustered,0.5;-0.3,8,26,5,3,4,10,5,10,10,5,4,edgeCount
993,113,161,graphml/Deltacom.graphml,2,,clustered,0.5;-0.3,16,6,6,10,0,6,0,6,6,0,0,edgeCount
992,113,161,graphml/Deltacom.graphml,2,,clustered,0.5;-0.3,44,44,15,29,2,44,29,44,44,29,2,edgeCount
991,113,161,graphml/Deltacom.graphml,1,,clustered,0.5;-0.3,7,7,7,0,0,7,0,7,7,0,0,edgeCount
990,113,161,graphml/Deltacom.graphml,2,,clustered,0.5;-0.3,13,13,5,8,0,13,8,13,13,8,0,edgeCount
989,113,161,graphml/Deltacom.graphml,2,,clustered,0.5;-0.3,16,20,4,12,0,4,0,4,4,0,0,edgeCount
988,113,161,graphml/Deltacom.graphml,1,,clustered,0.5;-0.3,12,12,12,0,0,12,0,12,12,0,0,edgeCount
987,113,161,graphml/Deltacom.graphml,2,,clustered,0.5;-0.3,67,45,10,57,4,-1,-11,61,61,51,4,edgeCount
986,113,161,graphml/Deltacom.graphml,2,,clustered,0.5;-0.3,8,8,8,0,0,20,12,8,8,0,0,edgeCount
985,113,161,graphml/Deltacom.graphml,2,,clustered,0.5;-0.3,10,10,6,4,0,10,4,10,10,4,0,edgeCount
984,113,161,graphml/Deltacom.graphml,2,,clustered,0.5;-0.3,28,46,10,18,0,10,0,10,10,0,0,edgeCount
983,113,161,graphml/Deltacom.graphml,1,,clustered,0.5;-0.3,29,29,16,13,2,-1,-17,29,29,13,2,edgeCount
982,113,161,graphml/Deltacom.graphml,3,,clustered,0.5;-0.3,6,6,6,0,0,16,10,6,6,0,0,edgeCount
981,113,161,graphml/Deltacom.graphml,2,,clustered,0.5;-0.3,46,14,14,32,2,-1,-15,46,14,32,2,edgeCount
980,113,161,graphml/Deltacom.graphml,2,,clustered,0.5;-0.3,9,24,8,1,4,8,0,8,8,0,4,edgeCount
979,113,161,graphml/Deltacom.graphml,2,,clustered,0.5;-0.3,3,3,3,0,0,3,0,3,3,0,0,edgeCount
978,113,161,graphml/Deltacom.graphml,2,,clustered,0.5;-0.3,14,10,4,10,0,-1,-5,-1,-1,-5,0,edgeCount
977,113,161,graphml/Deltacom.graphml,3,,clustered,0.5;-0.3,23,13,7,16,0,30,23,29,29,22,0,edgeCount
976,113,161,graphml/Deltacom.graphml,2,,clustered,0.5;-0.3,2,2,2,0,6,2,0,2,2,0,6,edgeCount
975,113,161,graphml/Deltacom.graphml,2,,clustered,0.5;-0.3,17,5,5,12,0,5,0,5,5,0,0,edgeCount
974,113,161,graphml/Deltacom.graphml,2,,clustered,0.5;-0.3,29,29,15,14,2,-1,-16,29,29,14,2,edgeCount
973,113,161,graphml/Deltacom.graphml,2,,clustered,0.5;-0.3,-1,-1,16,-17,0,-1,-17,-1,-1,-17,0,edgeCount
972,113,161,graphml/Deltacom.graphml,2,,clustered,0.5;-0.3,31,31,13,18,0,31,18,31,31,18,0,edgeCount
971,113,161,graphml/Deltacom.graphml,2,,clustered,0.5;-0.3,11,18,11,0,2,27,16,27,27,16,2,edgeCount
970,113,161,graphml/Deltacom.graphml,1,,clustered,0.5;-0.3,32,32,16,16,2,-1,-17,32,32,16,2,edgeCount
969,113,161,graphml/Deltacom.graphml,2,,clustered,0.5;-0.3,7,19,5,2,2,11,6,11,11,6,2,edgeCount
968,113,161,graphml/Deltacom.graphml,2,,clustered,0.5;-0.3,3,3,3,0,0,3,0,3,3,0,0,edgeCount
967,113,161,graphml/Deltacom.graphml,2,,clustered,0.5;-0.3,-1,-1,-1,0,0,-1,0,-1,-1,0,0,edgeCount
966,113,161,graphml/Deltacom.graphml,3,,clustered,0.5;-0.3,4,16,4,0,0,4,0,4,4,0,0,edgeCount
965,113,161,graphml/Deltacom.graphml,2,,clustered,0.5;-0.3,2,2,2,0,0,2,0,2,2,0,0,edgeCount
964,113,161,graphml/Deltacom.graphml,2,,clustered,0.5;-0.3,40,12,12,28,2,12,0,12,12,0,2,edgeCount
963,113,161,graphml/Deltacom.graphml,3,,clustered,0.5;-0.3,9,14,7,2,0,19,12,19,19,12,0,edgeCount
962,113,161,graphml/Deltacom.graphml,2,,clustered,0.5;-0.3,41,19,12,29,2,-1,-13,38,38,26,2,edgeCount
961,113,161,graphml/Deltacom.graphml,1,,clustered,0.5;-0.3,-1,-1,-1,0,2,-1,0,-1,-1,0,2,edgeCount
960,113,161,graphml/Deltacom.graphml,2,,clustered,0.5;-0.3,53,53,19,34,0,53,34,53,53,34,0,edgeCount
959,113,161,graphml/Deltacom.graphml,2,,clustered,0.5;-0.3,7,7,6,1,0,7,1,7,7,1,0,edgeCount
958,113,161,graphml/Deltacom.graphml,2,,clustered,0.5;-0.3,55,55,19,36,0,55,36,55,55,36,0,edgeCount
957,113,161,graphml/Deltacom.graphml,2,,clustered,0.5;-0.3,-1,-1,-1,0,0,-1,0,-1,-1,0,0,edgeCount
956,113,161,graphml/Deltacom.graphml,2,,clustered,0.5;-0.3,9,9,5,4,4,9,4,9,9,4,4,edgeCount
955,113,161,graphml/Deltacom.graphml,2,,clustered,0.5;-0.3,6,6,5,1,0,5,0,13,13,8,0,edgeCount
954,113,161,graphml/Deltacom.graphml,2,,clustered,0.5;-0.3,26,41,8,18,6,8,0,8,15,0,6,edgeCount
953,113,161,graphml/Deltacom.graphml,2,,clustered,0.5;-0.3,36,36,14,22,0,36,22,36,36,22,0,edgeCount
952,113,161,graphml/Deltacom.graphml,2,,clustered,0.5;-0.3,28,14,7,21,2,-1,-8,19,19,12,2,edgeCount
951,113,161,graphml/Deltacom.graphml,2,,clustered,0.5;-0.3,-1,-1,-1,0,0,-1,0,-1,-1,0,0,edgeCount
950,113,161,graphml/Deltacom.graphml,2,,clustered,0.5;-0.3,11,35,10,1,0,29,19,29,29,19,0,edgeCount
949,113,161,graphml/Deltacom.graphml,2,,clustered,0.5;-0.3,35,11,7,28,2,7,0,7,7,0,2,edgeCount
948,113,161,graphml/Deltacom.graphml,2,,clustered,0.5;-0.3,14,14,11,3,6,30,19,30,30,19,4,edgeCount
947,113,161,graphml/Deltacom.graphml,2,,clustered,0.5;-0.3,18,24,15,3,2,42,27,42,70,27,2,edgeCount
946,113,161,graphml/Deltacom.graphml,1,,clustered,0.5;-0.3,-1,-1,-1,0,0,-1,0,-1,-1,0,0,edgeCount
945,113,161,graphml/Deltacom.graphml,2,,clustered,0.5;-0.3,51,16,10,41,10,-1,-11,45,36,35,10,edgeCount
944,113,161,graphml/Deltacom.graphml,2,,clustered,0.5;-0.3,51,51,18,33,0,51,33,51,51,33,0,edgeCount
943,113,161,graphml/Deltacom.graphml,2,,clustered,0.5;-0.3,57,33,13,44,2,-1,-14,49,49,36,2,edgeCount
942,113,161,graphml/Deltacom.graphml,3,,clustered,0.5;-0.3,26,10,6,20,0,9,3,25,25,19,0,edgeCount
941,113,161,graphml/Deltacom.graphml,3,,clustered,0.5;-0.3,16,18,3,13,2,8,5,8,9,5,2,edgeCount
940,113,161,graphml/Deltacom.graphml,2,,clustered,0.5;-0.3,11,21,9,2,0,21,12,21,21,12,0,edgeCount
939,113,161,graphml/Deltacom.graphml,1,,clustered,0.5;-0.3,12,12,12,0,0,12,0,12,12,0,0,edgeCount
938,113,161,graphml/Deltacom.graphml,2,,clustered,0.5;-0.3,21,21,9,12,0,-1,-10,-1,-1,-10,0,edgeCount
937,113,161,graphml/Deltacom.graphml,4,,clustered,0.5;-0.3,8,8,7,1,0,17,10,17,17,10,0,edgeCount
936,113,161,graphml/Deltacom.graphml,3,,clustered,0.5;-0.3,11,24,5,6,0,15,10,15,15,10,0,edgeCount
935,113,161,graphml/Deltacom.graphml,2,,clustered,0.5;-0.3,7,7,7,0,0,7,0,7,7,0,0,edgeCount
934,113,161,graphml/Deltacom.graphml,3,,clustered,0.5;-0.3,28,62,6,22,0,-1,-7,-1,-1,-7,0,edgeCount
933,113,161,graphml/Deltacom.graphml,2,,clustered,0.5;-0.3,18,16,16,2,4,17,1,18,16,2,4,edgeCount
932,113,161,graphml/Deltacom.graphml,2,,clustered,0.5;-0.3,38,18,5,33,4,-1,-6,-1,-1,-6,4,edgeCount
931,113,161,graphml/Deltacom.graphml,1,,clustered,0.5;-0.3,9,9,9,0,4,9,0,9,9,0,4,edgeCount
930,113,161,graphml/Deltacom.graphml,2,,clustered,0.5;-0.3,-1,-1,11,-12,0,-1,-12,-1,-1,-12,0,edgeCount
929,113,161,graphml/Deltacom.graphml,1,,clustered,0.5;-0.3,-1,-1,-1,0,8,-1,0,-1,-1,0,8,edgeCount
928,113,161,graphml/Deltacom.graphml,1,,clustered,0.5;-0.3,-1,-1,-1,0,0,-1,0,-1,-1,0,0,edgeCount
927,113,161,graphml/Deltacom.graphml,3,,clustered,0.5;-0.3,59,59,16,43,0,59,43,59,59,43,0,edgeCount
926,113,161,graphml/Deltacom.graphml,2,,clustered,0.5;-0.3,11,11,11,0,2,11,0,11,11,0,2,edgeCount
925,113,161,graphml/Deltacom.graphml,3,,clustered,0.5;-0.3,8,8,7,1,0,8,1,8,8,1,0,edgeCount
924,113,161,graphml/Deltacom.graphml,2,,clustered,0.5;-0.3,23,9,6,17,4,-1,-7,13,13,7,4,edgeCount
923,113,161,graphml/Deltacom.graphml,2,,clustered,0.5;-0.3,-1,-1,-1,0,0,-1,0,-1,-1,0,0,edgeCount
922,113,161,graphml/Deltacom.graphml,1,,clustered,0.5;-0.3,10,10,10,0,0,10,0,10,10,0,0,edgeCount
921,113,161,graphml/Deltacom.graphml,2,,clustered,0.5;-0.3,-1,-1,-1,0,0,-1,0,-1,-1,0,0,edgeCount
920,113,161,graphml/Deltacom.graphml,1,,clustered,0.5;-0.3,28,14,14,14,2,-1,-15,28,14,14,2,edgeCount
919,113,161,graphml/Deltacom.graphml,3,,clustered,0.5;-0.3,26,12,7,19,0,18,11,34,34,27,0,edgeCount
918,113,161,graphml/Deltacom.graphml,3,,clustered,0.5;-0.3,10,29,7,3,2,20,13,20,20,13,2,edgeCount
917,113,161,graphml/Deltacom.graphml,2,,clustered,0.5;-0.3,44,40,9,35,6,-1,-10,37,33,28,6,edgeCount
916,113,161,graphml/Deltacom.graphml,1,,clustered,0.5;-0.3,5,5,5,0,4,5,0,5,5,0,4,edgeCount
915,113,161,graphml/Deltacom.graphml,2,,clustered,0.5;-0.3,-1,-1,-1,0,0,-1,0,-1,-1,0,0,edgeCount
914,113,161,graphml/Deltacom.graphml,2,,clustered,0.5;-0.3,19,3,3,16,0,3,0,3,3,0,0,edgeCount
913,113,161,graphml/Deltacom.graphml,2,,clustered,0.5;-0.3,11,24,8,3,6,25,17,8,8,0,4,edgeCount
912,113,161,graphml/Deltacom.graphml,1,,clustered,0.5;-0.3,28,28,11,17,4,-1,-12,28,28,17,4,edgeCount
911,113,161,graphml/Deltacom.graphml,2,,clustered,0.5;-0.3,22,22,7,15,0,22,15,22,22,15,0,edgeCount
910,113,161,graphml/Deltacom.graphml,3,,clustered,0.5;-0.3,11,16,9,2,2,23,14,23,23,14,2,edgeCount
909,113,161,graphml/Deltacom.graphml,2,,clustered,0.5;-0.3,7,7,7,0,0,7,0,7,7,0,0,edgeCount
908,113,161,graphml/Deltacom.graphml,2,,clustered,0.5;-0.3,21,29,5,16,0,5,0,5,5,0,0,edgeCount
907,113,161,graphml/Deltacom.graphml,2,,clustered,0.5;-0.3,24,22,10,14,0,-1,-11,-1,-1,-11,0,edgeCount
906,113,161,graphml/Deltacom.graphml,2,,clustered,0.5;-0.3,9,10,9,0,0,15,6,15,15,6,0,edgeCount
905,113,161,graphml/Deltacom.graphml,2,,clustered,0.5;-0.3,7,13,6,1,2,13,7,13,13,7,2,edgeCount
904,113,161,graphml/Deltacom.graphml,3,,clustered,0.5;-0.3,9,27,8,1,2,19,11,19,19,11,2,edgeCount
903,113,161,graphml/Deltacom.graphml,3,,clustered,0.5;-0.3,6,6,6,0,0,6,0,6,6,0,0,edgeCount
902,113,161,graphml/Deltacom.graphml,2,,clustered,0.5;-0.3,11,41,9,2,6,29,20,9,9,0,4,edgeCount
901,113,161,graphml/Deltacom.graphml,3,,clustered,0.5;-0.3,33,33,8,25,0,33,25,33,33,25,0,edgeCount
900,113,161,graphml/Deltacom.graphml,1,,clustered,0.5;-0.3,-1,-1,-1,0,0,-1,0,-1,-1,0,0,edgeCount
899,113,161,graphml/Deltacom.graphml,1,,clustered,0.5;-0.3,-1,-1,-1,0,0,-1,0,-1,-1,0,0,edgeCount
898,113,161,graphml/Deltacom.graphml,2,,clustered,0.5;-0.3,-1,-1,-1,0,0,-1,0,-1,-1,0,0,edgeCount
897,113,161,graphml/Deltacom.graphml,2,,clustered,0.5;-0.3,6,6,6,0,0,6,0,6,6,0,0,edgeCount
896,113,161,graphml/Deltacom.graphml,2,,clustered,0.5;-0.3,-1,-1,-1,0,0,-1,0,-1,-1,0,0,edgeCount
895,113,161,graphml/Deltacom.graphml,2,,clustered,0.5;-0.3,9,13,7,2,2,21,14,9,13,2,2,edgeCount
894,113,161,graphml/Deltacom.graphml,2,,clustered,0.5;-0.3,51,17,14,37,4,-1,-15,46,46,32,4,edgeCount
893,113,161,graphml/Deltacom.graphml,2,,clustered,0.5;-0.3,-1,-1,-1,0,0,-1,0,-1,-1,0,0,edgeCount
892,113,161,graphml/Deltacom.graphml,1,,clustered,0.5;-0.3,20,20,20,0,0,20,0,20,20,0,0,edgeCount
891,113,161,graphml/Deltacom.graphml,2,,clustered,0.5;-0.3,18,18,9,9,0,18,9,18,18,9,0,edgeCount
890,113,161,graphml/Deltacom.graphml,2,,clustered,0.5;-0.3,17,17,9,8,0,17,8,17,17,8,0,edgeCount
889,113,161,graphml/Deltacom.graphml,3,,clustered,0.5;-0.3,28,28,6,22,0,28,22,28,28,22,0,edgeCount
888,113,161,graphml/Deltacom.graphml,3,,clustered,0.5;-0.3,5,5,2,3,4,2,0,2,2,0,4,edgeCount
887,113,161,graphml/Deltacom.graphml,3,,clustered,0.5;-0.3,7,7,7,0,0,7,0,7,7,0,0,edgeCount
886,113,161,graphml/Deltacom.graphml,2,,clustered,0.5;-0.3,3,3,3,0,0,3,0,3,3,0,0,edgeCount
885,113,161,graphml/Deltacom.graphml,2,,clustered,0.5;-0.3,26,26,9,17,0,26,17,26,26,17,0,edgeCount
884,113,161,graphml/Deltacom.graphml,2,,clustered,0.5;-0.3,7,19,3,4,0,3,0,3,3,0,0,edgeCount
883,113,161,graphml/Deltacom.graphml,3,,clustered,0.5;-0.3,4,14,4,0,0,8,4,8,8,4,0,edgeCount
882,113,161,graphml/Deltacom.graphml,2,,clustered,0.5;-0.3,9,9,8,1,0,9,1,9,9,1,0,edgeCount
881,113,161,graphml/Deltacom.graphml,1,,clustered,0.5;-0.3,14,14,6,8,4,-1,-7,14,14,8,4,edgeCount
880,113,161,graphml/Deltacom.graphml,4,,clustered,0.5;-0.3,27,27,10,17,0,21,11,21,21,11,0,edgeCount
879,113,161,graphml/Deltacom.graphml,4,,clustered,0.5;-0.3,5,5,5,0,0,5,0,5,5,0,0,edgeCount
878,113,161,graphml/Deltacom.graphml,2,,clustered,0.5;-0.3,11,24,9,2,0,25,16,25,25,16,0,edgeCount
877,113,161,graphml/Deltacom.graphml,2,,clustered,0.5;-0.3,12,12,5,7,0,12,7,12,12,7,0,edgeCount
876,113,161,graphml/Deltacom.graphml,2,,clustered,0.5;-0.3,20,20,9,11,0,20,11,20,20,11,0,edgeCount
875,113,161,graphml/Deltacom.graphml,2,,clustered,0.5;-0.3,7,6,6,1,0,7,1,7,6,1,0,edgeCount
874,113,161,graphml/Deltacom.graphml,2,,clustered,0.5;-0.3,9,9,5,4,0,7,2,7,7,2,0,edgeCount
873,113,161,graphml/Deltacom.graphml,2,,clustered,0.5;-0.3,33,19,10,23,2,-1,-11,16,16,6,2,edgeCount
872,113,161,graphml/Deltacom.graphml,2,,clustered,0.5;-0.3,21,21,8,13,0,21,13,21,21,13,0,edgeCount
871,113,161,graphml/Deltacom.graphml,2,,clustered,0.5;-0.3,32,12,8,24,0,8,0,8,8,0,0,edgeCount
870,113,161,graphml/Deltacom.graphml,2,,clustered,0.5;-0.3,-1,-1,-1,0,0,-1,0,-1,-1,0,0,edgeCount
869,113,161,graphml/Deltacom.graphml,3,,clustered,0.5;-0.3,9,9,4,5,0,9,5,9,9,5,0,edgeCount
868,113,161,graphml/Deltacom.graphml,2,,clustered,0.5;-0.3,7,35,5,2,0,5,0,5,5,0,0,edgeCount
867,113,161,graphml/Deltacom.graphml,1,,clustered,0.5;-0.3,45,45,18,27,4,-1,-19,45,45,27,4,edgeCount
866,113,161,graphml/Deltacom.graphml,2,,clustered,0.5;-0.3,13,13,11,2,4,-1,-12,-1,-1,-12,2,edgeCount
865,113,161,graphml/Deltacom.graphml,2,,clustered,0.5;-0.3,44,44,17,27,0,44,27,44,44,27,0,edgeCount
864,113,161,graphml/Deltacom.graphml,2,,clustered,0.5;-0.3,19,19,9,10,4,19,10,19,19,10,4,edgeCount
863,113,161,graphml/Deltacom.graphml,3,,clustered,0.5;-0.3,7,5,4,3,2,5,1,5,5,1,2,edgeCount
862,113,161,graphml/Deltacom.graphml,1,,clustered,0.5;-0.3,-1,-1,-1,0,0,-1,0,-1,-1,0,0,edgeCount
861,113,161,graphml/Deltacom.graphml,2,,clustered,0.5;-0.3,5,14,5,0,0,11,6,11,11,6,0,edgeCount
860,113,161,graphml/Deltacom.graphml,2,,clustered,0.5;-0.3,27,9,9,18,0,9,0,9,9,0,0,edgeCount
859,113,161,graphml/Deltacom.graphml,2,,clustered,0.5;-0.3,14,14,6,8,0,14,8,14,14,8,0,edgeCount
858,113,161,graphml/Deltacom.graphml,2,,clustered,0.5;-0.3,7,13,5,2,0,5,0,5,5,0,0,edgeCount
857,113,161,graphml/Deltacom.graphml,2,,clustered,0.5;-0.3,29,9,8,21,2,9,1,9,9,1,2,edgeCount
856,113,161,graphml/Deltacom.graphml,2,,clustered,0.5;-0.3,31,13,9,22,0,-1,-10,-1,-1,-10,0,edgeCount
855,113,161,graphml/Deltacom.graphml,2,,clustered,0.5;-0.3,42,22,12,30,0,-1,-13,-1,-1,-13,0,edgeCount
854,113,161,graphml/Deltacom.graphml,2,,clustered,0.5;-0.3,10,6,4,6,4,-1,-5,10,6,6,4,edgeCount
853,113,161,graphml/Deltacom.graphml,2,,clustered,0.5;-0.3,21,5,5,16,2,5,0,5,5,0,2,edgeCount
852,113,161,graphml/Deltacom.graphml,3,,clustered,0.5;-0.3,21,3,3,18,2,3,0,3,3,0,2,edgeCount
851,113,161,graphml/Deltacom.graphml,1,,clustered,0.5;-0.3,6,6,6,0,0,6,0,6,6,0,0,edgeCount
850,113,161,graphml/Deltacom.graphml,4,,clustered,0.5;-0.3,11,37,7,4,0,11,4,11,37,4,0,edgeCount
849,113,161,graphml/Deltacom.graphml,2,,clustered,0.5;-0.3,41,13,10,31,4,-1,-11,24,24,14,4,edgeCount
848,113,161,graphml/Deltacom.graphml,2,,clustered,0.5;-0.3,16,16,16,0,0,16,0,16,16,0,0,edgeCount
847,113,161,graphml/Deltacom.graphml,3,,clustered,0.5;-0.3,8,8,5,3,0,18,13,18,18,13,0,edgeCount
846,113,161,graphml/Deltacom.graphml,3,,clustered,0.5;-0.3,22,22,2,20,0,2,0,2,2,0,0,edgeCount
845,113,161,graphml/Deltacom.graphml,1,,clustered,0.5;-0.3,7,27,7,0,4,7,0,7,27,0,4,edgeCount
844,113,161,graphml/Deltacom.graphml,1,,clustered,0.5;-0.3,-1,-1,15,-16,2,-1,-16,-1,-1,-16,2,edgeCount
843,113,161,graphml/Deltacom.graphml,1,,clustered,0.5;-0.3,20,20,11,9,4,-1,-12,20,20,9,4,edgeCount
842,113,161,graphml/Deltacom.graphml,2,,clustered,0.5;-0.3,13,5,5,8,0,13,8,5,5,0,0,edgeCount
841,113,161,graphml/Deltacom.graphml,3,,clustered,0.5;-0.3,8,11,5,3,0,16,11,16,16,11,0,edgeCount
840,113,161,graphml/Deltacom.graphml,2,,clustered,0.5;-0.3,63,17,13,50,4,-1,-14,-1,-1,-14,4,edgeCount
839,113,161,graphml/Deltacom.graphml,2,,clustered,0.5;-0.3,49,23,11,38,2,-1,-12,49,37,38,2,edgeCount
838,113,161,graphml/Deltacom.graphml,2,,clustered,0.5;-0.3,9,5,5,4,0,5,0,5,5,0,0,edgeCount
837,113,161,graphml/Deltacom.graphml,2,,clustered,0.5;-0.3,26,6,6,20,0,6,0,6,6,0,0,edgeCount
836,113,161,graphml/Deltacom.graphml,1,,clustered,0.5;-0.3,-1,-1,-1,0,0,-1,0,-1,-1,0,0,edgeCount
835,113,161,graphml/Deltacom.graphml,1,,clustered,0.5;-0.3,6,6,6,0,0,6,0,6,6,0,0,edgeCount
834,113,161,graphml/Deltacom.graphml,2,,clustered,0.5;-0.3,26,4,4,22,2,4,0,4,4,0,2,edgeCount
833,113,161,graphml/Deltacom.graphml,1,,clustered,0.5;-0.3,4,4,4,0,4,4,0,4,4,0,4,edgeCount
832,113,161,graphml/Deltacom.graphml,2,,clustered,0.5;-0.3,11,61,7,4,2,25,18,25,25,18,2,edgeCount
831,113,161,graphml/Deltacom.graphml,2,,clustered,0.5;-0.3,11,9,9,2,0,26,17,26,26,17,0,edgeCount
830,113,161,graphml/Deltacom.graphml,2,,clustered,0.5;-0.3,10,10,10,0,0,10,0,10,10,0,0,edgeCount
829,113,161,graphml/Deltacom.graphml,2,,clustered,0.5;-0.3,-1,-1,-1,0,0,-1,0,-1,-1,0,0,edgeCount
828,113,161,graphml/Deltacom.graphml,2,,clustered,0.5;-0.3,19,19,11,8,0,19,8,19,19,8,0,edgeCount
827,113,161,graphml/Deltacom.graphml,2,,clustered,0.5;-0.3,9,20,9,0,0,15,6,15,15,6,0,edgeCount
826,113,161,graphml/Deltacom.graphml,2,,clustered,0.5;-0.3,6,6,6,0,2,6,0,6,6,0,2,edgeCount
825,113,161,graphml/Deltacom.graphml,2,,clustered,0.5;-0.3,5,5,5,0,0,5,0,5,5,0,0,edgeCount
824,113,161,graphml/Deltacom.graphml,2,,clustered,0.5;-0.3,9,3,3,6,0,3,0,3,3,0,0,edgeCount
823,113,161,graphml/Deltacom.graphml,3,,clustered,0.5;-0.3,8,4,4,4,4,4,0,4,4,0,4,edgeCount
822,113,161,graphml/Deltacom.graphml,1,,clustered,0.5;-0.3,11,11,11,0,0,11,0,11,11,0,0,edgeCount
821,113,161,graphml/Deltacom.graphml,1,,clustered,0.5;-0.3,24,12,11,13,4,-1,-12,24,12,13,4,edgeCount
820,113,161,graphml/Deltacom.graphml,2,,clustered,0.5;-0.3,5,5,5,0,0,5,0,5,5,0,0,edgeCount
819,113,161,graphml/Deltacom.graphml,2,,clustered,0.5;-0.3,12,17,12,0,0,32,20,32,32,20,0,edgeCount
818,113,161,graphml/Deltacom.graphml,2,,clustered,0.5;-0.3,38,24,8,30,4,-1,-9,28,22,20,4,edgeCount
817,113,161,graphml/Deltacom.graphml,2,,clustered,0.5;-0.3,44,13,12,32,6,-1,-13,12,12,0,4,edgeCount
816,113,161,graphml/Deltacom.graphml,2,,clustered,0.5;-0.3,6,30,6,0,0,14,8,14,14,8,0,edgeCount
815,113,161,graphml/Deltacom.graphml,2,,clustered,0.5;-0.3,13,6,6,7,12,6,0,24,6,18,12,edgeCount
814,113,161,graphml/Deltacom.graphml,1,,clustered,0.5;-0.3,7,7,7,0,6,7,0,7,7,0,6,edgeCount
813,113,161,graphml/Deltacom.graphml,2,,clustered,0.5;-0.3,-1,-1,4,-5,0,-1,-5,-1,-1,-5,0,edgeCount
812,113,161,graphml/Deltacom.graphml,3,,clustered,0.5;-0.3,4,4,4,0,0,4,0,4,4,0,0,edgeCount
811,113,161,graphml/Deltacom.graphml,4,,clustered,0.5;-0.3,4,4,4,0,2,5,1,4,4,0,2,edgeCount
810,113,161,graphml/Deltacom.graphml,1,,clustered,0.5;-0.3,16,8,8,8,4,-1,-9,16,8,8,4,edgeCount
809,113,161,graphml/Deltacom.graphml,2,,clustered,0.5;-0.3,15,36,11,4,0,37,26,37,37,26,0,edgeCount
808,113,161,graphml/Deltacom.graphml,2,,clustered,0.5;-0.3,12,21,7,5,2,18,11,18,20,11,2,edgeCount
807,113,161,graphml/Deltacom.graphml,2,,clustered,0.5;-0.3,19,11,7,12,2,7,0,7,7,0,2,edgeCount
806,113,161,graphml/Deltacom.graphml,2,,clustered,0.5;-0.3,-1,-1,17,-18,2,-1,-18,59,31,42,2,edgeCount
805,113,161,graphml/Deltacom.graphml,2,,clustered,0.5;-0.3,9,9,9,0,0,9,0,9,9,0,0,edgeCount
804,113,161,graphml/Deltacom.graphml,2,,clustered,0.5;-0.3,13,19,5,8,0,5,0,5,5,0,0,edgeCount
803,113,161,graphml/Deltacom.graphml,4,,clustered,0.5;-0.3,3,3,3,0,0,3,0,3,3,0,0,edgeCount
802,113,161,graphml/Deltacom.graphml,2,,clustered,0.5;-0.3,-1,-1,-1,0,0,-1,0,-1,-1,0,0,edgeCount
801,113,161,graphml/Deltacom.graphml,2,,clustered,0.5;-0.3,8,8,8,0,0,22,14,8,8,0,0,edgeCount
800,113,161,graphml/Deltacom.graphml,2,,clustered,0.5;-0.3,17,17,7,10,2,17,10,17,17,10,2,edgeCount
799,113,161,graphml/Deltacom.graphml,1,,clustered,0.5;-0.3,9,11,9,0,6,9,0,9,11,0,6,edgeCount
798,113,161,graphml/Deltacom.graphml,3,,clustered,0.5;-0.3,5,5,5,0,0,5,0,5,5,0,0,edgeCount
797,113,161,graphml/Deltacom.graphml,2,,clustered,0.5;-0.3,8,8,8,0,0,8,0,8,8,0,0,edgeCount
796,113,161,graphml/Deltacom.graphml,1,,clustered,0.5;-0.3,-1,-1,-1,0,2,-1,0,-1,-1,0,2,edgeCount
795,113,161,graphml/Deltacom.graphml,2,,clustered,0.5;-0.3,7,11,7,0,0,7,0,7,7,0,0,edgeCount
794,113,161,graphml/Deltacom.graphml,2,,clustered,0.5;-0.3,11,3,3,8,2,3,0,3,3,0,2,edgeCount
793,113,161,graphml/Deltacom.graphml,2,,clustered,0.5;-0.3,-1,-1,17,-18,6,-1,-18,-1,-1,-18,4,edgeCount
792,113,161,graphml/Deltacom.graphml,3,,clustered,0.5;-0.3,8,8,5,3,0,8,3,8,8,3,0,edgeCount
791,113,161,graphml/Deltacom.graphml,2,,clustered,0.5;-0.3,30,18,10,20,0,-1,-11,-1,-1,-11,0,edgeCount
790,113,161,graphml/Deltacom.graphml,3,,clustered,0.5;-0.3,12,12,8,4,0,12,4,12,12,4,0,edgeCount
789,113,161,graphml/Deltacom.graphml,2,,clustered,0.5;-0.3,16,52,15,1,2,44,29,16,52,1,2,edgeCount
788,113,161,graphml/Deltacom.graphml,3,,clustered,0.5;-0.3,4,4,4,0,0,4,0,4,4,0,0,edgeCount
787,113,161,graphml/Deltacom.graphml,2,,clustered,0.5;-0.3,-1,-1,16,-17,4,-1,-17,-1,-1,-17,4,edgeCount
786,113,161,graphml/Deltacom.graphml,2,,clustered,0.5;-0.3,42,24,14,28,2,14,0,14,14,0,2,edgeCount
785,113,161,graphml/Deltacom.graphml,2,,clustered,0.5;-0.3,-1,-1,17,-18,0,-1,-18,-1,-1,-18,0,edgeCount
784,113,161,graphml/Deltacom.graphml,2,,clustered,0.5;-0.3,35,35,13,22,0,35,22,35,35,22,0,edgeCount
783,113,161,graphml/Deltacom.graphml,3,,clustered,0.5;-0.3,50,6,6,44,0,6,0,6,6,0,0,edgeCount
782,113,161,graphml/Deltacom.graphml,2,,clustered,0.5;-0.3,15,50,13,2,4,14,1,14,14,1,2,edgeCount
781,113,161,graphml/Deltacom.graphml,1,,clustered,0.5;-0.3,10,10,10,0,0,10,0,10,10,0,0,edgeCount
780,113,161,graphml/Deltacom.graphml,2,,clustered,0.5;-0.3,9,22,8,1,12,21,13,21,21,13,12,edgeCount
779,113,161,graphml/Deltacom.graphml,3,,clustered,0.5;-0.3,5,5,3,2,0,5,2,5,5,2,0,edgeCount
778,113,161,graphml/Deltacom.graphml,3,,clustered,0.5;-0.3,7,5,3,4,0,5,2,3,5,0,0,edgeCount
777,113,161,graphml/Deltacom.graphml,1,,clustered,0.5;-0.3,16,16,16,0,2,16,0,16,16,0,2,edgeCount
776,113,161,graphml/Deltacom.graphml,2,,clustered,0.5;-0.3,16,13,13,3,0,13,0,13,13,0,0,edgeCount
775,113,161,graphml/Deltacom.graphml,3,,clustered,0.5;-0.3,4,32,4,0,0,4,0,4,4,0,0,edgeCount
774,113,161,graphml/Deltacom.graphml,3,,clustered,0.5;-0.3,13,3,3,10,2,17,14,3,3,0,2,edgeCount
773,113,161,graphml/Deltacom.graphml,2,,clustered,0.5;-0.3,5,5,5,0,0,5,0,5,5,0,0,edgeCount
772,113,161,graphml/Deltacom.graphml,3,,clustered,0.5;-0.3,6,24,3,3,0,10,7,10,10,7,0,edgeCount
771,113,161,graphml/Deltacom.graphml,2,,clustered,0.5;-0.3,20,20,9,11,0,20,11,20,20,11,0,edgeCount
770,113,161,graphml/Deltacom.graphml,2,,clustered,0.5;-0.3,15,29,5,10,0,5,0,5,5,0,0,edgeCount
769,113,161,graphml/Deltacom.graphml,2,,clustered,0.5;-0.3,5,5,5,0,0,5,0,5,5,0,0,edgeCount
768,113,161,graphml/Deltacom.graphml,2,,clustered,0.5;-0.3,16,26,14,2,2,36,22,36,44,22,2,edgeCount
767,113,161,graphml/Deltacom.graphml,3,,clustered,0.5;-0.3,30,23,8,22,4,40,32,40,40,32,4,edgeCount
766,113,161,graphml/Deltacom.graphml,4,,clustered,0.5;-0.3,6,10,5,1,8,16,11,16,16,11,8,edgeCount
765,113,161,graphml/Deltacom.graphml,2,,clustered,0.5;-0.3,12,29,9,3,6,26,17,26,26,17,6,edgeCount
764,113,161,graphml/Deltacom.graphml,2,,clustered,0.5;-0.3,6,8,6,0,0,12,6,12,12,6,0,edgeCount
763,113,161,graphml/Deltacom.graphml,3,,clustered,0.5;-0.3,9,14,4,5,0,17,13,17,17,13,0,edgeCount
762,113,161,graphml/Deltacom.graphml,1,,clustered,0.5;-0.3,10,10,8,2,4,-1,-9,10,10,2,4,edgeCount
761,113,161,graphml/Deltacom.graphml,1,,clustered,0.5;-0.3,7,7,7,0,0,7,0,7,7,0,0,edgeCount
760,113,161,graphml/Deltacom.graphml,1,,clustered,0.5;-0.3,30,30,12,18,6,-1,-13,30,30,18,6,edgeCount
759,113,161,graphml/Deltacom.graphml,2,,clustered,0.5;-0.3,17,9,7,10,4,-1,-8,16,12,9,4,edgeCount
758,113,161,graphml/Deltacom.graphml,2,,clustered,0.5;-0.3,11,27,11,0,0,27,16,27,27,16,0,edgeCount
757,113,161,graphml/Deltacom.graphml,2,,clustered,0.5;-0.3,-1,-1,-1,0,0,-1,0,-1,-1,0,0,edgeCount
756,113,161,graphml/Deltacom.graphml,1,,clustered,0.5;-0.3,8,26,8,0,2,8,0,8,26,0,2,edgeCount
755,113,161,graphml/Deltacom.graphml,1,,clustered,0.5;-0.3,11,11,11,0,4,11,0,11,11,0,4,edgeCount
754,113,161,graphml/Deltacom.graphml,4,,clustered,0.5;-0.3,10,8,7,3,0,8,1,8,8,1,0,edgeCount
753,113,161,graphml/Deltacom.graphml,2,,clustered,0.5;-0.3,51,51,19,32,0,51,32,51,51,32,0,edgeCount
752,113,161,graphml/Deltacom.graphml,2,,clustered,0.5;-0.3,9,5,5,4,12,5,0,5,5,0,12,edgeCount
751,113,161,graphml/Deltacom.graphml,2,,clustered,0.5;-0.3,8,8,8,0,0,8,0,8,8,0,0,edgeCount
750,113,161,graphml/Deltacom.graphml,1,,clustered,0.5;-0.3,-1,-1,-1,0,6,-1,0,-1,-1,0,6,edgeCount
749,113,161,graphml/Deltacom.graphml,1,,clustered,0.5;-0.3,-1,-1,-1,0,0,-1,0,-1,-1,0,0,edgeCount
748,113,161,graphml/Deltacom.graphml,1,,clustered,0.5;-0.3,22,22,14,8,4,-1,-15,22,22,8,4,edgeCount
747,113,161,graphml/Deltacom.graphml,3,,clustered,0.5;-0.3,40,8,8,32,0,-1,-9,40,8,32,0,edgeCount
746,113,161,graphml/Deltacom.graphml,3,,clustered,0.5;-0.3,6,32,4,2,2,6,2,6,6,2,2,edgeCount
745,113,161,graphml/Deltacom.graphml,1,,clustered,0.5;-0.3,6,6,6,0,4,6,0,6,6,0,4,edgeCount
744,113,161,graphml/Deltacom.graphml,2,,clustered,0.5;-0.3,44,14,14,30,2,14,0,14,14,0,2,edgeCount
743,113,161,graphml/Deltacom.graphml,1,,clustered,0.5;-0.3,-1,-1,17,-18,4,-1,-18,-1,-1,-18,4,edgeCount
742,113,161,graphml/Deltacom.graphml,2,,clustered,0.5;-0.3,14,14,14,0,0,14,0,14,14,0,0,edgeCount
741,113,161,graphml/Deltacom.graphml,2,,clustered,0.5;-0.3,31,11,10,21,0,-1,-11,-1,-1,-11,0,edgeCount
740,113,161,graphml/Deltacom.graphml,2,,clustered,0.5;-0.3,8,9,5,3,0,18,13,18,18,13,0,edgeCount
739,113,161,graphml/Deltacom.graphml,2,,clustered,0.5;-0.3,4,3,3,1,2,3,0,3,3,0,2,edgeCount
738,113,161,graphml/Deltacom.graphml,2,,clustered,0.5;-0.3,13,13,10,3,0,22,12,22,22,12,0,edgeCount
737,113,161,graphml/Deltacom.graphml,2,,clustered,0.5;-0.3,9,25,6,3,4,17,11,17,27,11,4,edgeCount
736,113,161,graphml/Deltacom.graphml,2,,clustered,0.5;-0.3,40,17,13,27,2,-1,-14,36,36,23,2,edgeCount
735,113,161,graphml/Deltacom.graphml,2,,clustered,0.5;-0.3,-1,-1,16,-17,0,-1,-17,-1,-1,-17,0,edgeCount
734,113,161,graphml/Deltacom.graphml,1,,clustered,0.5;-0.3,17,17,9,8,4,-1,-10,17,17,8,4,edgeCount
733,113,161,graphml/Deltacom.graphml,1,,clustered,0.5;-0.3,-1,-1,6,-7,0,-1,-7,-1,-1,-7,0,edgeCount
732,113,161,graphml/Deltacom.graphml,1,,clustered,0.5;-0.3,19,19,19,0,2,19,0,19,19,0,2,edgeCount
731,113,161,graphml/Deltacom.graphml,2,,clustered,0.5;-0.3,-1,-1,15,-16,0,-1,-16,-1,-1,-16,0,edgeCount
730,113,161,graphml/Deltacom.graphml,3,,clustered,0.5;-0.3,20,12,7,13,10,26,19,26,26,19,10,edgeCount
729,113,161,graphml/Deltacom.graphml,2,,clustered,0.5;-0.3,48,26,9,39,4,-1,-10,24,24,15,4,edgeCount
728,113,161,graphml/Deltacom.graphml,2,,clustered,0.5;-0.3,21,31,7,14,6,7,0,7,35,0,4,edgeCount
727,113,161,graphml/Deltacom.graphml,2,,clustered,0.5;-0.3,14,17,13,1,2,34,21,34,34,21,2,edgeCount
726,113,161,graphml/Deltacom.graphml,3,,clustered,0.5;-0.3,7,7,7,0,0,7,0,7,7,0,0,edgeCount
725,113,161,graphml/Deltacom.graphml,2,,clustered,0.5;-0.3,19,19,6,13,0,7,1,7,7,1,0,edgeCount
724,113,161,graphml/Deltacom.graphml,2,,clustered,0.5;-0.3,16,16,11,5,2,-1,-12,16,16,5,2,edgeCount
723,113,161,graphml/Deltacom.graphml,2,,clustered,0.5;-0.3,-1,-1,-1,0,0,-1,0,-1,-1,0,0,edgeCount
722,113,161,graphml/Deltacom.graphml,2,,clustered,0.5;-0.3,8,8,8,0,2,8,0,8,8,0,2,edgeCount
721,113,161,graphml/Deltacom.graphml,3,,clustered,0.5;-0.3,38,86,7,31,0,44,37,44,44,37,0,edgeCount
720,113,161,graphml/Deltacom.graphml,2,,clustered,0.5;-0.3,60,14,12,48,4,-1,-13,57,57,45,4,edgeCount
719,113,161,graphml/Deltacom.graphml,2,,clustered,0.5;-0.3,5,2,2,3,4,7,5,2,2,0,4,edgeCount
718,113,161,graphml/Deltacom.graphml,2,,clustered,0.5;-0.3,12,8,6,6,6,6,0,6,6,0,6,edgeCount
717,113,161,graphml/Deltacom.graphml,2,,clustered,0.5;-0.3,2,2,2,0,0,2,0,2,2,0,0,edgeCount
716,113,161,graphml/Deltacom.graphml,2,,clustered,0.5;-0.3,5,11,3,2,2,5,2,5,11,2,2,edgeCount
715,113,161,graphml/Deltacom.graphml,2,,clustered,0.5;-0.3,20,20,12,8,0,20,8,20,20,8,0,edgeCount
714,113,161,graphml/Deltacom.graphml,2,,clustered,0.5;-0.3,28,40,12,16,4,-1,-13,28,14,16,4,edgeCount
713,113,161,graphml/Deltacom.graphml,3,,clustered,0.5;-0.3,22,4,4,18,4,10,6,22,4,18,4,edgeCount
712,113,161,graphml/Deltacom.graphml,2,,clustered,0.5;-0.3,22,20,6,16,2,6,0,6,6,0,2,edgeCount
711,113,161,graphml/Deltacom.graphml,2,,clustered,0.5;-0.3,-1,-1,6,-7,10,-1,-7,9,9,3,10,edgeCount
710,113,161,graphml/Deltacom.graphml,3,,clustered,0.5;-0.3,9,28,6,3,0,25,19,9,9,3,0,edgeCount
709,113,161,graphml/Deltacom.graphml,2,,clustered,0.5;-0.3,13,13,5,8,0,13,8,13,13,8,0,edgeCount
708,113,161,graphml/Deltacom.graphml,2,,clustered,0.5;-0.3,-1,-1,-1,0,0,-1,0,-1,-1,0,0,edgeCount
707,113,161,graphml/Deltacom.graphml,2,,clustered,0.5;-0.3,16,6,3,13,0,6,3,6,6,3,0,edgeCount
706,113,161,graphml/Deltacom.graphml,2,,clustered,0.5;-0.3,5,5,5,0,2,5,0,5,5,0,2,edgeCount
705,113,161,graphml/Deltacom.graphml,2,,clustered,0.5;-0.3,9,21,7,2,2,19,12,19,27,12,2,edgeCount
704,113,161,graphml/Deltacom.graphml,1,,clustered,0.5;-0.3,3,3,3,0,0,3,0,3,3,0,0,edgeCount
703,113,161,graphml/Deltacom.graphml,2,,clustered,0.5;-0.3,7,15,7,0,0,15,8,15,15,8,0,edgeCount
702,113,161,graphml/Deltacom.graphml,2,,clustered,0.5;-0.3,28,14,8,20,0,-1,-9,-1,-1,-9,0,edgeCount
701,113,161,graphml/Deltacom.graphml,2,,clustered,0.5;-0.3,30,20,8,22,6,-1,-9,32,32,24,6,edgeCount
700,113,161,graphml/Deltacom.graphml,3,,clustered,0.5;-0.3,21,15,10,11,0,29,19,29,29,19,0,edgeCount
699,113,161,graphml/Deltacom.graphml,4,,clustered,0.5;-0.3,13,39,9,4,0,23,14,23,23,14,0,edgeCount
698,113,161,graphml/Deltacom.graphml,2,,clustered,0.5;-0.3,6,6,4,2,0,6,2,6,6,2,0,edgeCount
697,113,161,graphml/Deltacom.graphml,3,,clustered,0.5;-0.3,8,14,8,0,0,22,14,22,22,14,0,edgeCount
696,113,161,graphml/Deltacom.graphml,4,,clustered,0.5;-0.3,43,3,3,40,0,3,0,3,3,0,0,edgeCount
695,113,161,graphml/Deltacom.graphml,1,,clustered,0.5;-0.3,-1,-1,8,-9,14,-1,-9,-1,-1,-9,14,edgeCount
694,113,161,graphml/Deltacom.graphml,2,,clustered,0.5;-0.3,2,2,2,0,0,2,0,2,2,0,0,edgeCount
693,113,161,graphml/Deltacom.graphml,1,,clustered,0.5;-0.3,9,9,9,0,0,9,0,9,9,0,0,edgeCount
692,113,161,graphml/Deltacom.graphml,2,,clustered,0.5;-0.3,11,41,7,4,2,7,0,7,7,0,2,edgeCount
691,113,161,graphml/Deltacom.graphml,2,,clustered,0.5;-0.3,13,57,11,2,0,25,14,25,25,14,0,edgeCount
690,113,161,graphml/Deltacom.graphml,3,,clustered,0.5;-0.3,31,25,5,26,0,5,0,5,5,0,0,edgeCount
689,113,161,graphml/Deltacom.graphml,1,,clustered,0.5;-0.3,-1,-1,18,-19,2,-1,-19,-1,-1,-19,2,edgeCount
688,113,161,graphml/Deltacom.graphml,1,,clustered,0.5;-0.3,10,10,10,0,0,10,0,10,10,0,0,edgeCount
687,113,161,graphml/Deltacom.graphml,2,,clustered,0.5;-0.3,20,18,8,12,0,-1,-9,-1,-1,-9,0,edgeCount
686,113,161,graphml/Deltacom.graphml,1,,clustered,0.5;-0.3,20,20,12,8,2,-1,-13,20,20,8,2,edgeCount
685,113,161,graphml/Deltacom.graphml,3,,clustered,0.5;-0.3,10,22,8,2,0,20,12,20,20,12,0,edgeCount
684,113,161,graphml/Deltacom.graphml,1,,clustered,0.5;-0.3,12,8,7,5,2,-1,-8,12,8,5,2,edgeCount
683,113,161,graphml/Deltacom.graphml,2,,clustered,0.5;-0.3,23,7,7,16,0,7,0,7,7,0,0,edgeCount
682,113,161,graphml/Deltacom.graphml,1,,clustered,0.5;-0.3,5,5,5,0,0,5,0,5,5,0,0,edgeCount
681,113,161,graphml/Deltacom.graphml,2,,clustered,0.5;-0.3,-1,-1,-1,0,0,-1,0,-1,-1,0,0,edgeCount
680,113,161,graphml/Deltacom.graphml,2,,clustered,0.5;-0.3,6,6,6,0,0,6,0,6,6,0,0,edgeCount
679,113,161,graphml/Deltacom.graphml,3,,clustered,0.5;-0.3,26,34,8,18,4,10,2,10,10,2,4,edgeCount
678,113,161,graphml/Deltacom.graphml,3,,clustered,0.5;-0.3,8,17,6,2,4,6,0,6,6,0,4,edgeCount
677,113,161,graphml/Deltacom.graphml,2,,clustered,0.5;-0.3,15,23,13,2,6,-1,-14,43,43,30,6,edgeCount
676,113,161,graphml/Deltacom.graphml,2,,clustered,0.5;-0.3,-1,-1,-1,0,0,-1,0,-1,-1,0,0,edgeCount
675,113,161,graphml/Deltacom.graphml,2,,clustered,0.5;-0.3,5,5,5,0,0,5,0,5,5,0,0,edgeCount
674,113,161,graphml/Deltacom.graphml,2,,clustered,0.5;-0.3,11,5,4,7,2,5,1,5,5,1,2,edgeCount
673,113,161,graphml/Deltacom.graphml,2,,clustered,0.5;-0.3,-1,-1,-1,0,0,-1,0,-1,-1,0,0,edgeCount
672,113,161,graphml/Deltacom.graphml,2,,clustered,0.5;-0.3,49,49,17,32,0,49,32,49,49,32,0,edgeCount
671,113,161,graphml/Deltacom.graphml,3,,clustered,0.5;-0.3,47,41,7,40,2,7,0,7,7,0,2,edgeCount
670,113,161,graphml/Deltacom.graphml,2,,clustered,0.5;-0.3,29,29,13,16,0,29,16,29,29,16,0,edgeCount
669,113,161,graphml/Deltacom.graphml,2,,clustered,0.5;-0.3,47,24,13,34,2,13,0,13,13,0,2,edgeCount
668,113,161,graphml/Deltacom.graphml,2,,clustered,0.5;-0.3,10,11,8,2,0,26,18,26,26,18,0,edgeCount
667,113,161,graphml/Deltacom.graphml,3,,clustered,0.5;-0.3,9,7,3,6,0,3,0,3,3,0,0,edgeCount
666,113,161,graphml/Deltacom.graphml,2,,clustered,0.5;-0.3,48,24,11,37,2,-1,-12,46,46,35,2,edgeCount
665,113,161,graphml/Deltacom.graphml,3,,clustered,0.5;-0.3,59,9,8,51,2,9,1,9,9,1,2,edgeCount
664,113,161,graphml/Deltacom.graphml,3,,clustered,0.5;-0.3,20,4,4,16,0,4,0,4,4,0,0,edgeCount
663,113,161,graphml/Deltacom.graphml,2,,clustered,0.5;-0.3,7,7,4,3,6,13,9,4,4,0,6,edgeCount
662,113,161,graphml/Deltacom.graphml,2,,clustered,0.5;-0.3,9,11,5,4,4,5,0,5,5,0,2,edgeCount
661,113,161,graphml/Deltacom.graphml,2,,clustered,0.5;-0.3,15,19,12,3,4,37,25,37,43,25,4,edgeCount
660,113,161,graphml/Deltacom.graphml,3,,clustered,0.5;-0.3,10,5,5,5,0,5,0,5,5,0,0,edgeCount
659,113,161,graphml/Deltacom.graphml,2,,clustered,0.5;-0.3,9,9,8,1,2,25,17,25,9,17,2,edgeCount
658,113,161,graphml/Deltacom.graphml,1,,clustered,0.5;-0.3,-1,-1,-1,0,0,-1,0,-1,-1,0,0,edgeCount
657,113,161,graphml/Deltacom.graphml,1,,clustered,0.5;-0.3,-1,-1,-1,0,2,-1,0,-1,-1,0,2,edgeCount
656,113,161,graphml/Deltacom.graphml,3,,clustered,0.5;-0.3,55,9,8,47,0,9,1,9,9,1,0,edgeCount
655,113,161,graphml/Deltacom.graphml,2,,clustered,0.5;-0.3,-1,-1,-1,0,0,-1,0,-1,-1,0,0,edgeCount
654,113,161,graphml/Deltacom.graphml,2,,clustered,0.5;-0.3,5,4,4,1,2,7,3,7,33,3,2,edgeCount
653,113,161,graphml/Deltacom.graphml,3,,clustered,0.5;-0.3,5,11,5,0,0,9,4,9,9,4,0,edgeCount
652,113,161,graphml/Deltacom.graphml,2,,clustered,0.5;-0.3,12,27,11,1,0,26,15,26,26,15,0,edgeCount
651,113,161,graphml/Deltacom.graphml,2,,clustered,0.5;-0.3,-1,-1,-1,0,0,-1,0,-1,-1,0,0,edgeCount
650,113,161,graphml/Deltacom.graphml,2,,clustered,0.5;-0.3,-1,-1,9,-10,0,-1,-10,-1,-1,-10,0,edgeCount
649,113,161,graphml/Deltacom.graphml,2,,clustered,0.5;-0.3,-1,-1,12,-13,0,-1,-13,-1,-1,-13,0,edgeCount
648,113,161,graphml/Deltacom.graphml,2,,clustered,0.5;-0.3,34,12,8,26,0,12,4,12,12,4,0,edgeCount
647,113,161,graphml/Deltacom.graphml,4,,clustered,0.5;-0.3,5,4,4,1,2,5,1,5,4,1,2,edgeCount
646,113,161,graphml/Deltacom.graphml,2,,clustered,0.5;-0.3,10,17,7,3,2,22,15,22,28,15,2,edgeCount
645,113,161,graphml/Deltacom.graphml,2,,clustered,0.5;-0.3,32,10,10,22,0,10,0,10,10,0,0,edgeCount
644,113,161,graphml/Deltacom.graphml,2,,clustered,0.5;-0.3,-1,-1,-1,0,0,-1,0,-1,-1,0,0,edgeCount
643,113,161,graphml/Deltacom.graphml,2,,clustered,0.5;-0.3,27,27,10,17,2,27,17,27,27,17,2,edgeCount
642,113,161,graphml/Deltacom.graphml,2,,clustered,0.5;-0.3,10,27,9,1,2,22,13,22,24,13,2,edgeCount
641,113,161,graphml/Deltacom.graphml,2,,clustered,0.5;-0.3,18,6,6,12,0,6,0,6,6,0,0,edgeCount
640,113,161,graphml/Deltacom.graphml,2,,clustered,0.5;-0.3,52,22,14,38,4,-1,-15,49,49,35,4,edgeCount
639,113,161,graphml/Deltacom.graphml,2,,clustered,0.5;-0.3,9,3,3,6,6,3,0,3,3,0,6,edgeCount
638,113,161,graphml/Deltacom.graphml,2,,clustered,0.5;-0.3,8,8,8,0,0,20,12,8,8,0,0,edgeCount
637,113,161,graphml/Deltacom.graphml,3,,clustered,0.5;-0.3,27,27,11,16,0,27,16,27,27,16,0,edgeCount
636,113,161,graphml/Deltacom.graphml,3,,clustered,0.5;-0.3,6,6,6,0,0,6,0,6,6,0,0,edgeCount
635,113,161,graphml/Deltacom.graphml,2,,clustered,0.5;-0.3,-1,-1,-1,0,0,-1,0,-1,-1,0,0,edgeCount
634,113,161,graphml/Deltacom.graphml,2,,clustered,0.5;-0.3,37,37,14,23,0,37,23,37,37,23,0,edgeCount
633,113,161,graphml/Deltacom.graphml,2,,clustered,0.5;-0.3,-1,-1,-1,0,0,-1,0,-1,-1,0,0,edgeCount
632,113,161,graphml/Deltacom.graphml,3,,clustered,0.5;-0.3,8,20,6,2,0,6,0,6,6,0,0,edgeCount
631,113,161,graphml/Deltacom.graphml,2,,clustered,0.5;-0.3,17,21,12,5,0,45,33,45,45,33,0,edgeCount
630,113,161,graphml/Deltacom.graphml,2,,clustered,0.5;-0.3,27,27,8,19,0,27,19,27,27,19,0,edgeCount
629,113,161,graphml/Deltacom.graphml,2,,clustered,0.5;-0.3,10,17,7,3,2,14,7,14,14,7,2,edgeCount
628,113,161,graphml/Deltacom.graphml,2,,clustered,0.5;-0.3,-1,-1,5,-6,0,-1,-6,-1,-1,-6,0,edgeCount
627,113,161,graphml/Deltacom.graphml,1,,clustered,0.5;-0.3,8,8,6,2,2,-1,-7,8,8,2,2,edgeCount
626,113,161,graphml/Deltacom.graphml,3,,clustered,0.5;-0.3,32,26,8,24,4,10,2,10,10,2,4,edgeCount
625,113,161,graphml/Deltacom.graphml,2,,clustered,0.5;-0.3,54,18,17,37,4,18,1,18,18,1,4,edgeCount
624,113,161,graphml/Deltacom.graphml,3,,clustered,0.5;-0.3,23,23,9,14,0,-1,-10,-1,-1,-10,0,edgeCount
623,113,161,graphml/Deltacom.graphml,3,,clustered,0.5;-0.3,6,6,6,0,0,17,11,16,6,10,0,edgeCount
622,113,161,graphml/Deltacom.graphml,2,,clustered,0.5;-0.3,-1,-1,7,-8,0,-1,-8,-1,-1,-8,0,edgeCount
621,113,161,graphml/Deltacom.graphml,1,,clustered,0.5;-0.3,9,9,9,0,0,9,0,9,9,0,0,edgeCount
620,113,161,graphml/Deltacom.graphml,2,,clustered,0.5;-0.3,5,5,5,0,0,5,0,5,5,0,0,edgeCount
619,113,161,graphml/Deltacom.graphml,1,,clustered,0.5;-0.3,5,5,5,0,4,5,0,5,5,0,4,edgeCount
618,113,161,graphml/Deltacom.graphml,1,,clustered,0.5;-0.3,15,27,13,2,8,-1,-14,15,27,2,8,edgeCount
617,113,161,graphml/Deltacom.graphml,2,,clustered,0.5;-0.3,6,6,6,0,2,6,0,6,6,0,2,edgeCount
616,113,161,graphml/Deltacom.graphml,4,,clustered,0.5;-0.3,2,5,2,0,0,2,0,2,2,0,0,edgeCount
615,113,161,graphml/Deltacom.graphml,2,,clustered,0.5;-0.3,5,14,4,1,0,4,0,4,4,0,0,edgeCount
614,113,161,graphml/Deltacom.graphml,3,,clustered,0.5;-0.3,-1,-1,9,-10,2,-1,-10,40,40,31,2,edgeCount
613,113,161,graphml/Deltacom.graphml,2,,clustered,0.5;-0.3,40,15,9,31,12,-1,-10,34,33,25,12,edgeCount
612,113,161,graphml/Deltacom.graphml,1,,clustered,0.5;-0.3,5,5,5,0,0,5,0,5,5,0,0,edgeCount
611,113,161,graphml/Deltacom.graphml,2,,clustered,0.5;-0.3,27,25,9,18,0,9,0,9,9,0,0,edgeCount
610,113,161,graphml/Deltacom.graphml,1,,clustered,0.5;-0.3,9,27,9,0,2,9,0,9,27,0,2,edgeCount
609,113,161,graphml/Deltacom.graphml,1,,clustered,0.5;-0.3,13,13,13,0,2,13,0,13,13,0,2,edgeCount
608,113,161,graphml/Deltacom.graphml,2,,clustered,0.5;-0.3,17,17,17,0,0,17,0,17,17,0,0,edgeCount
607,113,161,graphml/Deltacom.graphml,2,,clustered,0.5;-0.3,9,17,3,6,0,23,20,23,23,20,0,edgeCount
606,113,161,graphml/Deltacom.graphml,2,,clustered,0.5;-0.3,14,17,10,4,0,30,20,30,30,20,0,edgeCount
605,113,161,graphml/Deltacom.graphml,2,,clustered,0.5;-0.3,5,5,4,1,12,5,1,5,5,1,12,edgeCount
604,113,161,graphml/Deltacom.graphml,3,,clustered,0.5;-0.3,26,21,9,17,4,21,12,26,21,17,4,edgeCount
603,113,161,graphml/Deltacom.graphml,2,,clustered,0.5;-0.3,44,16,16,28,2,16,0,44,16,28,2,edgeCount
602,113,161,graphml/Deltacom.graphml,2,,clustered,0.5;-0.3,-1,-1,-1,0,0,-1,0,-1,-1,0,0,edgeCount
601,113,161,graphml/Deltacom.graphml,1,,clustered,0.5;-0.3,8,8,8,0,0,8,0,8,8,0,0,edgeCount
600,113,161,graphml/Deltacom.graphml,4,,clustered,0.5;-0.3,11,15,8,3,2,35,27,35,17,27,2,edgeCount
599,113,161,graphml/Deltacom.graphml,2,,clustered,0.5;-0.3,17,17,16,1,0,17,1,17,17,1,0,edgeCount
598,113,161,graphml/Deltacom.graphml,2,,clustered,0.5;-0.3,8,5,5,3,6,5,0,5,5,0,4,edgeCount
597,113,161,graphml/Deltacom.graphml,4,,clustered,0.5;-0.3,7,8,5,2,6,13,8,14,8,9,6,edgeCount
596,113,161,graphml/Deltacom.graphml,2,,clustered,0.5;-0.3,25,11,5,20,0,5,0,5,5,0,0,edgeCount
595,113,161,graphml/Deltacom.graphml,2,,clustered,0.5;-0.3,10,20,9,1,0,24,15,24,24,15,0,edgeCount
594,113,161,graphml/Deltacom.graphml,1,,clustered,0.5;-0.3,-1,-1,-1,0,0,-1,0,-1,-1,0,0,edgeCount
593,113,161,graphml/Deltacom.graphml,3,,clustered,0.5;-0.3,30,25,9,21,2,38,29,38,46,29,2,edgeCount
592,113,161,graphml/Deltacom.graphml,2,,clustered,0.5;-0.3,7,7,7,0,0,7,0,7,7,0,0,edgeCount
591,113,161,graphml/Deltacom.graphml,2,,clustered,0.5;-0.3,12,10,10,2,0,12,2,12,10,2,0,edgeCount
590,113,161,graphml/Deltacom.graphml,2,,clustered,0.5;-0.3,10,24,9,1,0,20,11,20,20,11,0,edgeCount
589,113,161,graphml/Deltacom.graphml,3,,clustered,0.5;-0.3,4,4,4,0,0,5,1,5,4,1,0,edgeCount
588,113,161,graphml/Deltacom.graphml,1,,clustered,0.5;-0.3,29,29,12,17,4,-1,-13,29,29,17,4,edgeCount
587,113,161,graphml/Deltacom.graphml,3,,clustered,0.5;-0.3,37,19,13,24,0,47,34,47,47,34,0,edgeCount
586,113,161,graphml/Deltacom.graphml,2,,clustered,0.5;-0.3,-1,-1,-1,0,0,-1,0,-1,-1,0,0,edgeCount
585,113,161,graphml/Deltacom.graphml,3,,clustered,0.5;-0.3,5,5,5,0,0,5,0,5,5,0,0,edgeCount
584,113,161,graphml/Deltacom.graphml,1,,clustered,0.5;-0.3,20,20,20,0,0,20,0,20,20,0,0,edgeCount
583,113,161,graphml/Deltacom.graphml,4,,clustered,0.5;-0.3,66,28,9,57,0,24,15,66,66,57,0,edgeCount
582,113,161,graphml/Deltacom.graphml,3,,clustered,0.5;-0.3,4,4,4,0,0,4,0,4,4,0,0,edgeCount
581,113,161,graphml/Deltacom.graphml,2,,clustered,0.5;-0.3,15,12,12,3,2,12,0,12,12,0,2,edgeCount
580,113,161,graphml/Deltacom.graphml,2,,clustered,0.5;-0.3,6,22,6,0,4,14,8,14,6,8,4,edgeCount
579,113,161,graphml/Deltacom.graphml,2,,clustered,0.5;-0.3,11,41,10,1,0,31,21,31,31,21,0,edgeCount
578,113,161,graphml/Deltacom.graphml,2,,clustered,0.5;-0.3,15,3,3,12,0,3,0,3,3,0,0,edgeCount
577,113,161,graphml/Deltacom.graphml,4,,clustered,0.5;-0.3,3,3,3,0,0,5,2,5,5,2,0,edgeCount
576,113,161,graphml/Deltacom.graphml,2,,clustered,0.5;-0.3,8,7,6,2,2,6,0,6,6,0,2,edgeCount
575,113,161,graphml/Deltacom.graphml,3,,clustered,0.5;-0.3,29,10,8,21,0,43,35,43,43,35,0,edgeCount
574,113,161,graphml/Deltacom.graphml,2,,clustered,0.5;-0.3,18,16,16,2,4,50,34,18,16,2,4,edgeCount
573,113,161,graphml/Deltacom.graphml,1,,clustered,0.5;-0.3,9,9,9,0,6,9,0,9,9,0,6,edgeCount
572,113,161,graphml/Deltacom.graphml,2,,clustered,0.5;-0.3,10,10,9,1,0,18,9,18,18,9,0,edgeCount
571,113,161,graphml/Deltacom.graphml,2,,clustered,0.5;-0.3,69,19,12,57,0,-1,-13,-1,-1,-13,0,edgeCount
570,113,161,graphml/Deltacom.graphml,1,,clustered,0.5;-0.3,19,25,7,12,4,-1,-8,19,25,12,4,edgeCount
569,113,161,graphml/Deltacom.graphml,2,,clustered,0.5;-0.3,-1,-1,-1,0,0,-1,0,-1,-1,0,0,edgeCount
568,113,161,graphml/Deltacom.graphml,2,,clustered,0.5;-0.3,11,21,7,4,6,21,14,21,25,14,6,edgeCount
567,113,161,graphml/Deltacom.graphml,2,,clustered,0.5;-0.3,14,14,14,0,2,14,0,14,14,0,2,edgeCount
566,113,161,graphml/Deltacom.graphml,2,,clustered,0.5;-0.3,18,16,16,2,0,16,0,16,16,0,0,edgeCount
565,113,161,graphml/Deltacom.graphml,2,,clustered,0.5;-0.3,13,33,7,6,2,7,0,7,7,0,2,edgeCount
564,113,161,graphml/Deltacom.graphml,2,,clustered,0.5;-0.3,10,10,10,0,2,10,0,10,10,0,2,edgeCount
563,113,161,graphml/Deltacom.graphml,2,,clustered,0.5;-0.3,12,12,12,0,0,12,0,12,12,0,0,edgeCount
562,113,161,graphml/Deltacom.graphml,3,,clustered,0.5;-0.3,4,5,3,1,0,3,0,3,3,0,0,edgeCount
561,113,161,graphml/Deltacom.graphml,1,,clustered,0.5;-0.3,10,10,10,0,4,10,0,10,10,0,4,edgeCount
560,113,161,graphml/Deltacom.graphml,2,,clustered,0.5;-0.3,25,7,7,18,0,7,0,7,7,0,0,edgeCount
559,113,161,graphml/Deltacom.graphml,2,,clustered,0.5;-0.3,14,25,7,7,0,7,0,7,7,0,0,edgeCount
558,113,161,graphml/Deltacom.graphml,2,,clustered,0.5;-0.3,15,15,8,7,4,8,0,8,8,0,4,edgeCount
557,113,161,graphml/Deltacom.graphml,3,,clustered,0.5;-0.3,40,16,6,34,0,6,0,6,6,0,0,edgeCount
556,113,161,graphml/Deltacom.graphml,1,,clustered,0.5;-0.3,3,3,3,0,6,3,0,3,3,0,6,edgeCount
555,113,161,graphml/Deltacom.graphml,2,,clustered,0.5;-0.3,5,7,5,0,0,9,4,9,9,4,0,edgeCount
554,113,161,graphml/Deltacom.graphml,2,,clustered,0.5;-0.3,17,5,5,12,0,5,0,5,5,0,0,edgeCount
553,113,161,graphml/Deltacom.graphml,3,,clustered,0.5;-0.3,7,7,6,1,0,7,1,7,7,1,0,edgeCount
552,113,161,graphml/Deltacom.graphml,2,,clustered,0.5;-0.3,12,37,10,2,0,26,16,26,26,16,0,edgeCount
551,113,161,graphml/Deltacom.graphml,2,,clustered,0.5;-0.3,23,23,9,14,0,23,14,23,23,14,0,edgeCount
550,113,161,graphml/Deltacom.graphml,3,,clustered,0.5;-0.3,6,20,5,1,0,10,5,10,10,5,0,edgeCount
549,113,161,graphml/Deltacom.graphml,3,,clustered,0.5;-0.3,8,5,5,3,2,5,0,5,5,0,2,edgeCount
548,113,161,graphml/Deltacom.graphml,1,,clustered,0.5;-0.3,-1,-1,-1,0,0,-1,0,-1,-1,0,0,edgeCount
547,113,161,graphml/Deltacom.graphml,2,,clustered,0.5;-0.3,17,53,12,5,8,33,21,33,33,21,6,edgeCount
546,113,161,graphml/Deltacom.graphml,1,,clustered,0.5;-0.3,11,11,11,0,0,11,0,11,11,0,0,edgeCount
545,113,161,graphml/Deltacom.graphml,3,,clustered,0.5;-0.3,8,8,8,0,4,8,0,8,8,0,4,edgeCount
544,113,161,graphml/Deltacom.graphml,2,,clustered,0.5;-0.3,24,8,8,16,0,8,0,8,8,0,0,edgeCount
543,113,161,graphml/Deltacom.graphml,2,,clustered,0.5;-0.3,5,5,5,0,0,5,0,5,5,0,0,edgeCount
542,113,161,graphml/Deltacom.graphml,2,,clustered,0.5;-0.3,-1,-1,10,-11,0,-1,-11,-1,-1,-11,0,edgeCount
541,113,161,graphml/Deltacom.graphml,2,,clustered,0.5;-0.3,9,9,9,0,0,9,0,9,9,0,0,edgeCount
540,113,161,graphml/Deltacom.graphml,2,,clustered,0.5;-0.3,9,9,9,0,2,25,16,9,9,0,2,edgeCount
539,113,161,graphml/Deltacom.graphml,2,,clustered,0.5;-0.3,2,2,2,0,0,2,0,2,2,0,0,edgeCount
538,113,161,graphml/Deltacom.graphml,1,,clustered,0.5;-0.3,3,3,3,0,0,3,0,3,3,0,0,edgeCount
537,113,161,graphml/Deltacom.graphml,1,,clustered,0.5;-0.3,7,7,7,0,4,7,0,7,7,0,4,edgeCount
536,113,161,graphml/Deltacom.graphml,3,,clustered,0.5;-0.3,10,29,8,2,4,24,16,26,26,18,2,edgeCount
535,113,161,graphml/Deltacom.graphml,2,,clustered,0.5;-0.3,7,7,7,0,0,7,0,7,7,0,0,edgeCount
534,113,161,graphml/Deltacom.graphml,3,,clustered,0.5;-0.3,10,13,9,1,0,24,15,24,24,15,0,edgeCount
533,113,161,graphml/Deltacom.graphml,2,,clustered,0.5;-0.3,-1,-1,-1,0,0,-1,0,-1,-1,0,0,edgeCount
532,113,161,graphml/Deltacom.graphml,1,,clustered,0.5;-0.3,6,6,6,0,0,6,0,6,6,0,0,edgeCount
531,113,161,graphml/Deltacom.graphml,2,,clustered,0.5;-0.3,9,9,5,4,2,9,4,9,9,4,2,edgeCount
530,113,161,graphml/Deltacom.graphml,1,,clustered,0.5;-0.3,5,5,5,0,0,5,0,5,5,0,0,edgeCount
529,113,161,graphml/Deltacom.graphml,2,,clustered,0.5;-0.3,24,38,6,18,4,6,0,6,6,0,4,edgeCount
528,113,161,graphml/Deltacom.graphml,2,,clustered,0.5;-0.3,45,45,20,25,0,45,25,45,45,25,0,edgeCount
527,113,161,graphml/Deltacom.graphml,2,,clustered,0.5;-0.3,14,40,4,10,4,4,0,4,4,0,4,edgeCount
526,113,161,graphml/Deltacom.graphml,2,,clustered,0.5;-0.3,-1,-1,-1,0,4,-1,0,-1,-1,0,4,edgeCount
525,113,161,graphml/Deltacom.graphml,1,,clustered,0.5;-0.3,6,24,4,2,6,-1,-5,6,24,2,6,edgeCount
524,113,161,graphml/Deltacom.graphml,2,,clustered,0.5;-0.3,-1,-1,-1,0,0,-1,0,-1,-1,0,0,edgeCount
523,113,161,graphml/Deltacom.graphml,2,,clustered,0.5;-0.3,13,14,11,2,0,25,14,25,25,14,0,edgeCount
522,113,161,graphml/Deltacom.graphml,2,,clustered,0.5;-0.3,18,6,4,14,2,4,0,16,4,12,2,edgeCount
521,113,161,graphml/Deltacom.graphml,1,,clustered,0.5;-0.3,35,35,17,18,6,-1,-18,35,35,18,6,edgeCount
520,113,161,graphml/Deltacom.graphml,2,,clustered,0.5;-0.3,6,6,5,1,0,6,1,6,6,1,0,edgeCount
519,113,161,graphml/Deltacom.graphml,2,,clustered,0.5;-0.3,-1,-1,9,-10,0,-1,-10,-1,-1,-10,0,edgeCount
518,113,161,graphml/Deltacom.graphml,2,,clustered,0.5;-0.3,16,16,7,9,0,16,9,16,16,9,0,edgeCount
517,113,161,graphml/Deltacom.graphml,2,,clustered,0.5;-0.3,18,20,4,14,0,4,0,4,4,0,0,edgeCount
516,113,161,graphml/Deltacom.graphml,3,,clustered,0.5;-0.3,14,18,3,11,0,18,15,18,18,15,0,edgeCount
515,113,161,graphml/Deltacom.graphml,2,,clustered,0.5;-0.3,11,43,8,3,0,9,1,9,9,1,0,edgeCount
514,113,161,graphml/Deltacom.graphml,2,,clustered,0.5;-0.3,16,42,14,2,2,42,28,16,42,2,2,edgeCount
513,113,161,graphml/Deltacom.graphml,3,,clustered,0.5;-0.3,9,3,3,6,0,15,12,3,3,0,0,edgeCount
512,113,161,graphml/Deltacom.graphml,2,,clustered,0.5;-0.3,-1,-1,15,-16,0,-1,-16,-1,-1,-16,0,edgeCount
511,113,161,graphml/Deltacom.graphml,2,,clustered,0.5;-0.3,12,16,11,1,2,11,0,11,11,0,2,edgeCount
510,113,161,graphml/Deltacom.graphml,2,,clustered,0.5;-0.3,-1,-1,-1,0,0,-1,0,-1,-1,0,0,edgeCount
509,113,161,graphml/Deltacom.graphml,1,,clustered,0.5;-0.3,32,32,18,14,4,-1,-19,32,32,14,4,edgeCount
508,113,161,graphml/Deltacom.graphml,2,,clustered,0.5;-0.3,14,22,4,10,0,4,0,4,4,0,0,edgeCount
507,113,161,graphml/Deltacom.graphml,2,,clustered,0.5;-0.3,7,7,6,1,0,7,1,7,7,1,0,edgeCount
506,113,161,graphml/Deltacom.graphml,2,,clustered,0.5;-0.3,47,47,17,30,0,47,30,47,47,30,0,edgeCount
505,113,161,graphml/Deltacom.graphml,2,,clustered,0.5;-0.3,33,9,9,24,0,9,0,9,9,0,0,edgeCount
504,113,161,graphml/Deltacom.graphml,2,,clustered,0.5;-0.3,-1,-1,7,-8,6,-1,-8,12,10,5,6,edgeCount
503,113,161,graphml/Deltacom.graphml,1,,clustered,0.5;-0.3,29,29,12,17,4,-1,-13,29,29,17,4,edgeCount
502,113,161,graphml/Deltacom.graphml,1,,clustered,0.5;-0.3,5,5,5,0,2,5,0,5,5,0,2,edgeCount
501,113,161,graphml/Deltacom.graphml,2,,clustered,0.5;-0.3,13,13,7,6,0,11,4,11,11,4,0,edgeCount
500,113,161,graphml/Deltacom.graphml,2,,clustered,0.5;-0.3,26,26,10,16,0,-1,-11,-1,-1,-11,0,edgeCount
499,113,161,graphml/Deltacom.graphml,3,,clustered,0.5;-0.3,62,28,8,54,2,-1,-9,49,43,41,2,edgeCount
498,113,161,graphml/Deltacom.graphml,2,,clustered,0.5;-0.3,16,26,14,2,10,16,2,16,16,2,10,edgeCount
497,113,161,graphml/Deltacom.graphml,1,,clustered,0.5;-0.3,-1,-1,-1,0,2,-1,0,-1,-1,0,2,edgeCount
496,113,161,graphml/Deltacom.graphml,1,,clustered,0.5;-0.3,12,12,12,0,0,12,0,12,12,0,0,edgeCount
495,113,161,graphml/Deltacom.graphml,3,,clustered,0.5;-0.3,59,11,10,49,4,11,1,11,11,1,2,edgeCount
494,113,161,graphml/Deltacom.graphml,1,,clustered,0.5;-0.3,38,38,14,24,4,-1,-15,38,38,24,4,edgeCount
493,113,161,graphml/Deltacom.graphml,2,,clustered,0.5;-0.3,9,21,9,0,0,21,12,21,21,12,0,edgeCount
492,113,161,graphml/Deltacom.graphml,3,,clustered,0.5;-0.3,10,10,2,8,0,2,0,2,2,0,0,edgeCount
491,113,161,graphml/Deltacom.graphml,3,,clustered,0.5;-0.3,25,25,6,19,0,23,17,23,23,17,0,edgeCount
490,113,161,graphml/Deltacom.graphml,2,,clustered,0.5;-0.3,-1,-1,-1,0,0,-1,0,-1,-1,0,0,edgeCount
489,113,161,graphml/Deltacom.graphml,3,,clustered,0.5;-0.3,-1,-1,-1,0,0,-1,0,-1,-1,0,0,edgeCount
488,113,161,graphml/Deltacom.graphml,2,,clustered,0.5;-0.3,15,13,5,10,2,5,0,5,5,0,2,edgeCount
487,113,161,graphml/Deltacom.graphml,3,,clustered,0.5;-0.3,-1,-1,6,-7,4,-1,-7,30,30,24,4,edgeCount
486,113,161,graphml/Deltacom.graphml,1,,clustered,0.5;-0.3,12,12,12,0,4,12,0,12,12,0,4,edgeCount
485,113,161,graphml/Deltacom.graphml,3,,clustered,0.5;-0.3,6,5,5,1,2,5,0,5,5,0,2,edgeCount
484,113,161,graphml/Deltacom.graphml,2,,clustered,0.5;-0.3,-1,-1,10,-11,0,-1,-11,-1,-1,-11,0,edgeCount
483,113,161,graphml/Deltacom.graphml,2,,clustered,0.5;-0.3,2,2,2,0,2,2,0,2,2,0,2,edgeCount
482,113,161,graphml/Deltacom.graphml,3,,clustered,0.5;-0.3,10,15,10,0,0,42,32,24,24,14,0,edgeCount
481,113,161,graphml/Deltacom.graphml,2,,clustered,0.5;-0.3,15,21,14,1,6,43,29,14,14,0,6,edgeCount
480,113,161,graphml/Deltacom.graphml,2,,clustered,0.5;-0.3,4,4,4,0,0,4,0,4,4,0,0,edgeCount
479,113,161,graphml/Deltacom.graphml,2,,clustered,0.5;-0.3,37,13,12,25,2,13,1,13,13,1,2,edgeCount
478,113,161,graphml/Deltacom.graphml,2,,clustered,0.5;-0.3,-1,-1,-1,0,0,-1,0,-1,-1,0,0,edgeCount
477,113,161,graphml/Deltacom.graphml,2,,clustered,0.5;-0.3,9,9,8,1,2,9,1,9,9,1,2,edgeCount
476,113,161,graphml/Deltacom.graphml,2,,clustered,0.5;-0.3,-1,-1,13,-14,6,-1,-14,-1,-1,-14,4,edgeCount
475,113,161,graphml/Deltacom.graphml,1,,clustered,0.5;-0.3,5,5,5,0,0,5,0,5,5,0,0,edgeCount
474,113,161,graphml/Deltacom.graphml,1,,clustered,0.5;-0.3,-1,-1,-1,0,8,-1,0,-1,-1,0,8,edgeCount
473,113,161,graphml/Deltacom.graphml,2,,clustered,0.5;-0.3,11,29,10,1,0,25,15,25,25,15,0,edgeCount
472,113,161,graphml/Deltacom.graphml,2,,clustered,0.5;-0.3,8,15,7,1,0,16,9,16,16,9,0,edgeCount
471,113,161,graphml/Deltacom.graphml,3,,clustered,0.5;-0.3,3,13,3,0,0,7,4,7,7,4,0,edgeCount
470,113,161,graphml/Deltacom.graphml,2,,clustered,0.5;-0.3,8,2,2,6,12,2,0,2,2,0,12,edgeCount
469,113,161,graphml/Deltacom.graphml,4,,clustered,0.5;-0.3,8,13,5,3,0,20,15,20,20,15,0,edgeCount
468,113,161,graphml/Deltacom.graphml,2,,clustered,0.5;-0.3,31,13,11,20,4,11,0,11,19,0,4,edgeCount
467,113,161,graphml/Deltacom.graphml,2,,clustered,0.5;-0.3,-1,-1,-1,0,0,-1,0,-1,-1,0,0,edgeCount
466,113,161,graphml/Deltacom.graphml,2,,clustered,0.5;-0.3,12,16,6,6,4,6,0,6,6,0,4,edgeCount
465,113,161,graphml/Deltacom.graphml,3,,clustered,0.5;-0.3,27,13,9,18,2,-1,-10,53,43,44,2,edgeCount
464,113,161,graphml/Deltacom.graphml,2,,clustered,0.5;-0.3,5,5,5,0,2,5,0,5,5,0,2,edgeCount
463,113,161,graphml/Deltacom.graphml,2,,clustered,0.5;-0.3,36,36,14,22,0,36,22,36,36,22,0,edgeCount
462,113,161,graphml/Deltacom.graphml,2,,clustered,0.5;-0.3,13,13,7,6,0,13,6,13,13,6,0,edgeCount
461,113,161,graphml/Deltacom.graphml,2,,clustered,0.5;-0.3,10,32,9,1,2,24,15,24,24,15,2,edgeCount
460,113,161,graphml/Deltacom.graphml,2,,clustered,0.5;-0.3,10,4,4,6,4,4,0,4,4,0,4,edgeCount
459,113,161,graphml/Deltacom.graphml,2,,clustered,0.5;-0.3,19,26,13,6,10,13,0,13,13,0,10,edgeCount
458,113,161,graphml/Deltacom.graphml,2,,clustered,0.5;-0.3,14,14,12,2,0,28,16,28,28,16,0,edgeCount
457,113,161,graphml/Deltacom.graphml,2,,clustered,0.5;-0.3,11,11,11,0,0,31,20,11,11,0,0,edgeCount
456,113,161,graphml/Deltacom.graphml,1,,clustered,0.5;-0.3,6,6,6,0,0,6,0,6,6,0,0,edgeCount
455,113,161,graphml/Deltacom.graphml,1,,clustered,0.5;-0.3,10,10,10,0,0,10,0,10,10,0,0,edgeCount
454,113,161,graphml/Deltacom.graphml,1,,clustered,0.5;-0.3,29,21,8,21,4,-1,-9,29,21,21,4,edgeCount
453,113,161,graphml/Deltacom.graphml,3,,clustered,0.5;-0.3,12,38,8,4,0,28,20,28,28,20,0,edgeCount
452,113,161,graphml/Deltacom.graphml,2,,clustered,0.5;-0.3,9,9,9,0,2,9,0,9,9,0,2,edgeCount
451,113,161,graphml/Deltacom.graphml,1,,clustered,0.5;-0.3,17,17,17,0,4,17,0,17,17,0,4,edgeCount
450,113,161,graphml/Deltacom.graphml,3,,clustered,0.5;-0.3,10,10,6,4,0,18,12,18,18,12,0,edgeCount
449,113,161,graphml/Deltacom.graphml,2,,clustered,0.5;-0.3,-1,-1,-1,0,0,-1,0,-1,-1,0,0,edgeCount
448,113,161,graphml/Deltacom.graphml,1,,clustered,0.5;-0.3,10,10,10,0,4,10,0,10,10,0,4,edgeCount
447,113,161,graphml/Deltacom.graphml,2,,clustered,0.5;-0.3,10,17,9,1,2,24,15,24,24,15,2,edgeCount
446,113,161,graphml/Deltacom.graphml,2,,clustered,0.5;-0.3,27,13,8,19,2,-1,-9,23,15,15,2,edgeCount
445,113,161,graphml/Deltacom.graphml,2,,clustered,0.5;-0.3,49,49,18,31,0,49,31,49,49,31,0,edgeCount
444,113,161,graphml/Deltacom.graphml,2,,clustered,0.5;-0.3,28,14,8,20,2,-1,-9,29,29,21,2,edgeCount
443,113,161,graphml/Deltacom.graphml,2,,clustered,0.5;-0.3,10,10,10,0,2,10,0,10,10,0,2,edgeCount
442,113,161,graphml/Deltacom.graphml,3,,clustered,0.5;-0.3,16,16,5,11,0,6,1,16,16,11,0,edgeCount
441,113,161,graphml/Deltacom.graphml,2,,clustered,0.5;-0.3,35,19,10,25,4,-1,-11,38,16,28,4,edgeCount
440,113,161,graphml/Deltacom.graphml,2,,clustered,0.5;-0.3,26,28,10,16,0,26,16,26,26,16,0,edgeCount
439,113,161,graphml/Deltacom.graphml,2,,clustered,0.5;-0.3,22,22,9,13,2,22,13,22,22,13,2,edgeCount
438,113,161,graphml/Deltacom.graphml,2,,clustered,0.5;-0.3,3,3,3,0,2,3,0,3,3,0,2,edgeCount
437,113,161,graphml/Deltacom.graphml,3,,clustered,0.5;-0.3,20,20,9,11,0,20,11,20,20,11,0,edgeCount
436,113,161,graphml/Deltacom.graphml,2,,clustered,0.5;-0.3,41,25,11,30,4,-1,-12,-1,-1,-12,4,edgeCount
435,113,161,graphml/Deltacom.graphml,2,,clustered,0.5;-0.3,11,9,8,3,0,17,9,17,17,9,0,edgeCount
434,113,161,graphml/Deltacom.graphml,1,,clustered,0.5;-0.3,-1,-1,6,-7,6,-1,-7,-1,-1,-7,6,edgeCount
433,113,161,graphml/Deltacom.graphml,1,,clustered,0.5;-0.3,19,29,10,9,4,-1,-11,19,29,9,4,edgeCount
432,113,161,graphml/Deltacom.graphml,2,,clustered,0.5;-0.3,12,12,12,0,4,-1,-13,34,12,22,2,edgeCount
431,113,161,graphml/Deltacom.graphml,2,,clustered,0.5;-0.3,-1,-1,-1,0,0,-1,0,-1,-1,0,0,edgeCount
430,113,161,graphml/Deltacom.graphml,2,,clustered,0.5;-0.3,-1,-1,7,-8,2,-1,-8,32,32,25,2,edgeCount
429,113,161,graphml/Deltacom.graphml,2,,clustered,0.5;-0.3,-1,-1,-1,0,0,-1,0,-1,-1,0,0,edgeCount
428,113,161,graphml/Deltacom.graphml,3,,clustered,0.5;-0.3,3,3,3,0,0,3,0,3,3,0,0,edgeCount
427,113,161,graphml/Deltacom.graphml,2,,clustered,0.5;-0.3,30,30,10,20,0,30,20,30,30,20,0,edgeCount
426,113,161,graphml/Deltacom.graphml,2,,clustered,0.5;-0.3,44,20,12,32,4,-1,-13,12,12,0,4,edgeCount
425,113,161,graphml/Deltacom.graphml,1,,clustered,0.5;-0.3,13,13,13,0,0,13,0,13,13,0,0,edgeCount
424,113,161,graphml/Deltacom.graphml,2,,clustered,0.5;-0.3,15,17,5,10,2,5,0,5,5,0,2,edgeCount
423,113,161,graphml/Deltacom.graphml,3,,clustered,0.5;-0.3,-1,-1,-1,0,0,-1,0,-1,-1,0,0,edgeCount
422,113,161,graphml/Deltacom.graphml,3,,clustered,0.5;-0.3,3,3,2,1,0,2,0,3,2,1,0,edgeCount
421,113,161,graphml/Deltacom.graphml,2,,clustered,0.5;-0.3,31,11,11,20,2,31,20,31,11,20,2,edgeCount
420,113,161,graphml/Deltacom.graphml,3,,clustered,0.5;-0.3,-1,-1,12,-13,2,-1,-13,53,29,41,2,edgeCount
419,113,161,graphml/Deltacom.graphml,2,,clustered,0.5;-0.3,25,25,9,16,0,25,16,25,25,16,0,edgeCount
418,113,161,graphml/Deltacom.graphml,1,,clustered,0.5;-0.3,-1,-1,-1,0,0,-1,0,-1,-1,0,0,edgeCount
417,113,161,graphml/Deltacom.graphml,2,,clustered,0.5;-0.3,15,15,15,0,0,15,0,15,15,0,0,edgeCount
416,113,161,graphml/Deltacom.graphml,1,,clustered,0.5;-0.3,7,7,7,0,0,7,0,7,7,0,0,edgeCount
415,113,161,graphml/Deltacom.graphml,2,,clustered,0.5;-0.3,45,37,13,32,0,13,0,13,13,0,0,edgeCount
414,113,161,graphml/Deltacom.graphml,2,,clustered,0.5;-0.3,-1,-1,-1,0,0,-1,0,-1,-1,0,0,edgeCount
413,113,161,graphml/Deltacom.graphml,2,,clustered,0.5;-0.3,37,15,9,28,6,-1,-10,21,21,12,6,edgeCount
412,113,161,graphml/Deltacom.graphml,1,,clustered,0.5;-0.3,-1,-1,-1,0,0,-1,0,-1,-1,0,0,edgeCount
411,113,161,graphml/Deltacom.graphml,2,,clustered,0.5;-0.3,10,38,8,2,0,8,0,8,8,0,0,edgeCount
410,113,161,graphml/Deltacom.graphml,2,,clustered,0.5;-0.3,10,10,4,6,2,10,6,10,10,6,2,edgeCount
409,113,161,graphml/Deltacom.graphml,2,,clustered,0.5;-0.3,-1,-1,14,-15,0,-1,-15,-1,-1,-15,0,edgeCount
408,113,161,graphml/Deltacom.graphml,2,,clustered,0.5;-0.3,16,6,4,12,12,-1,-5,22,14,18,12,edgeCount
407,113,161,graphml/Deltacom.graphml,3,,clustered,0.5;-0.3,18,5,5,13,0,5,0,5,5,0,0,edgeCount
406,113,161,graphml/Deltacom.graphml,2,,clustered,0.5;-0.3,8,2,2,6,2,10,8,2,2,0,2,edgeCount
405,113,161,graphml/Deltacom.graphml,3,,clustered,0.5;-0.3,41,12,7,34,2,7,0,7,7,0,2,edgeCount
404,113,161,graphml/Deltacom.graphml,2,,clustered,0.5;-0.3,5,6,5,0,0,11,6,11,11,6,0,edgeCount
403,113,161,graphml/Deltacom.graphml,2,,clustered,0.5;-0.3,-1,-1,-1,0,0,-1,0,-1,-1,0,0,edgeCount
402,113,161,graphml/Deltacom.graphml,2,,clustered,0.5;-0.3,21,44,17,4,0,55,38,55,55,38,0,edgeCount
401,113,161,graphml/Deltacom.graphml,2,,clustered,0.5;-0.3,-1,-1,7,-8,0,-1,-8,-1,-1,-8,0,edgeCount
400,113,161,graphml/Deltacom.graphml,3,,clustered,0.5;-0.3,7,7,6,1,0,7,1,7,7,1,0,edgeCount
399,113,161,graphml/Deltacom.graphml,2,,clustered,0.5;-0.3,22,22,8,14,0,8,0,22,22,14,0,edgeCount
398,113,161,graphml/Deltacom.graphml,2,,clustered,0.5;-0.3,10,10,10,0,2,10,0,10,10,0,2,edgeCount
397,113,161,graphml/Deltacom.graphml,1,,clustered,0.5;-0.3,-1,-1,8,-9,2,-1,-9,-1,-1,-9,2,edgeCount
396,113,161,graphml/Deltacom.graphml,2,,clustered,0.5;-0.3,36,16,10,26,2,-1,-11,28,26,18,2,edgeCount
395,113,161,graphml/Deltacom.graphml,2,,clustered,0.5;-0.3,50,50,17,33,0,50,33,50,50,33,0,edgeCount
394,113,161,graphml/Deltacom.graphml,2,,clustered,0.5;-0.3,40,20,11,29,4,-1,-12,37,25,26,4,edgeCount
393,113,161,graphml/Deltacom.graphml,2,,clustered,0.5;-0.3,18,21,13,5,4,-1,-14,61,41,48,2,edgeCount
392,113,161,graphml/Deltacom.graphml,2,,clustered,0.5;-0.3,-1,-1,-1,0,0,-1,0,-1,-1,0,0,edgeCount
391,113,161,graphml/Deltacom.graphml,2,,clustered,0.5;-0.3,4,4,4,0,0,4,0,4,4,0,0,edgeCount
390,113,161,graphml/Deltacom.graphml,2,,clustered,0.5;-0.3,5,5,5,0,0,5,0,5,5,0,0,edgeCount
389,113,161,graphml/Deltacom.graphml,2,,clustered,0.5;-0.3,13,15,9,4,0,31,22,31,31,22,0,edgeCount
388,113,161,graphml/Deltacom.graphml,2,,clustered,0.5;-0.3,10,9,5,5,2,5,0,5,5,0,2,edgeCount
387,113,161,graphml/Deltacom.graphml,2,,clustered,0.5;-0.3,30,10,9,21,0,10,1,10,10,1,0,edgeCount
386,113,161,graphml/Deltacom.graphml,3,,clustered,0.5;-0.3,49,9,9,40,0,9,0,9,9,0,0,edgeCount
385,113,161,graphml/Deltacom.graphml,2,,clustered,0.5;-0.3,19,19,8,11,2,19,11,19,19,11,2,edgeCount
384,113,161,graphml/Deltacom.graphml,3,,clustered,0.5;-0.3,10,40,7,3,2,20,13,20,20,13,2,edgeCount
383,113,161,graphml/Deltacom.graphml,1,,clustered,0.5;-0.3,25,13,9,16,6,-1,-10,25,13,16,6,edgeCount
382,113,161,graphml/Deltacom.graphml,2,,clustered,0.5;-0.3,44,44,16,28,0,44,28,44,44,28,0,edgeCount
381,113,161,graphml/Deltacom.graphml,2,,clustered,0.5;-0.3,15,41,15,0,0,41,26,41,41,26,0,edgeCount
380,113,161,graphml/Deltacom.graphml,2,,clustered,0.5;-0.3,12,12,11,1,2,28,17,28,39,17,2,edgeCount
379,113,161,graphml/Deltacom.graphml,2,,clustered,0.5;-0.3,6,4,4,2,2,4,0,4,4,0,2,edgeCount
378,113,161,graphml/Deltacom.graphml,3,,clustered,0.5;-0.3,8,5,5,3,0,8,3,8,5,3,0,edgeCount
377,113,161,graphml/Deltacom.graphml,1,,clustered,0.5;-0.3,18,18,7,11,6,-1,-8,18,18,11,6,edgeCount
376,113,161,graphml/Deltacom.graphml,1,,clustered,0.5;-0.3,13,13,13,0,0,13,0,13,13,0,0,edgeCount
375,113,161,graphml/Deltacom.graphml,2,,clustered,0.5;-0.3,6,6,6,0,0,9,3,9,6,3,0,edgeCount
374,113,161,graphml/Deltacom.graphml,2,,clustered,0.5;-0.3,11,30,11,0,2,29,18,29,29,18,2,edgeCount
373,113,161,graphml/Deltacom.graphml,2,,clustered,0.5;-0.3,14,15,11,3,4,11,0,11,11,0,2,edgeCount
372,113,161,graphml/Deltacom.graphml,2,,clustered,0.5;-0.3,28,18,9,19,2,-1,-10,28,28,19,2,edgeCount
371,113,161,graphml/Deltacom.graphml,2,,clustered,0.5;-0.3,8,8,2,6,0,2,0,2,2,0,0,edgeCount
370,113,161,graphml/Deltacom.graphml,1,,clustered,0.5;-0.3,9,9,9,0,0,9,0,9,9,0,0,edgeCount
369,113,161,graphml/Deltacom.graphml,1,,clustered,0.5;-0.3,6,6,6,0,0,6,0,6,6,0,0,edgeCount
368,113,161,graphml/Deltacom.graphml,1,,clustered,0.5;-0.3,9,9,9,0,4,9,0,9,9,0,4,edgeCount
367,113,161,graphml/Deltacom.graphml,2,,clustered,0.5;-0.3,5,19,5,0,0,9,4,9,9,4,0,edgeCount
366,113,161,graphml/Deltacom.graphml,2,,clustered,0.5;-0.3,23,59,6,17,0,7,1,7,7,1,0,edgeCount
365,113,161,graphml/Deltacom.graphml,4,,clustered,0.5;-0.3,24,5,4,20,2,5,1,5,5,1,2,edgeCount
364,113,161,graphml/Deltacom.graphml,2,,clustered,0.5;-0.3,8,8,8,0,2,8,0,8,8,0,2,edgeCount
363,113,161,graphml/Deltacom.graphml,1,,clustered,0.5;-0.3,14,14,14,0,0,14,0,14,14,0,0,edgeCount
362,113,161,graphml/Deltacom.graphml,2,,clustered,0.5;-0.3,-1,-1,7,-8,0,-1,-8,-1,-1,-8,0,edgeCount
361,113,161,graphml/Deltacom.graphml,2,,clustered,0.5;-0.3,71,27,15,56,2,-1,-16,65,47,50,2,edgeCount
360,113,161,graphml/Deltacom.graphml,2,,clustered,0.5;-0.3,-1,-1,-1,0,0,-1,0,-1,-1,0,0,edgeCount
359,113,161,graphml/Deltacom.graphml,2,,clustered,0.5;-0.3,4,4,4,0,0,4,0,4,4,0,0,edgeCount
358,113,161,graphml/Deltacom.graphml,2,,clustered,0.5;-0.3,6,8,5,1,6,11,6,8,34,3,6,edgeCount
357,113,161,graphml/Deltacom.graphml,3,,clustered,0.5;-0.3,37,13,8,29,2,-1,-9,30,22,22,2,edgeCount
356,113,161,graphml/Deltacom.graphml,2,,clustered,0.5;-0.3,-1,-1,-1,0,0,-1,0,-1,-1,0,0,edgeCount
355,113,161,graphml/Deltacom.graphml,3,,clustered,0.5;-0.3,5,7,4,1,4,11,7,11,11,7,2,edgeCount
354,113,161,graphml/Deltacom.graphml,2,,clustered,0.5;-0.3,52,52,17,35,0,52,35,52,52,35,0,edgeCount
353,113,161,graphml/Deltacom.graphml,2,,clustered,0.5;-0.3,27,27,11,16,4,-1,-12,25,25,14,4,edgeCount
352,113,161,graphml/Deltacom.graphml,2,,clustered,0.5;-0.3,18,17,12,6,2,36,24,36,36,24,2,edgeCount
351,113,161,graphml/Deltacom.graphml,2,,clustered,0.5;-0.3,14,32,12,2,0,30,18,30,30,18,0,edgeCount
350,113,161,graphml/Deltacom.graphml,2,,clustered,0.5;-0.3,36,36,14,22,0,36,22,36,36,22,0,edgeCount
349,113,161,graphml/Deltacom.graphml,2,,clustered,0.5;-0.3,29,29,10,19,0,29,19,29,29,19,0,edgeCount
348,113,161,graphml/Deltacom.graphml,2,,clustered,0.5;-0.3,47,15,10,37,4,-1,-11,32,26,22,4,edgeCount
347,113,161,graphml/Deltacom.graphml,2,,clustered,0.5;-0.3,24,24,10,14,0,24,14,24,24,14,0,edgeCount
346,113,161,graphml/Deltacom.graphml,1,,clustered,0.5;-0.3,8,8,8,0,0,8,0,8,8,0,0,edgeCount
345,113,161,graphml/Deltacom.graphml,2,,clustered,0.5;-0.3,33,33,15,18,0,33,18,33,33,18,0,edgeCount
344,113,161,graphml/Deltacom.graphml,1,,clustered,0.5;-0.3,11,11,11,0,0,11,0,11,11,0,0,edgeCount
343,113,161,graphml/Deltacom.graphml,1,,clustered,0.5;-0.3,18,18,18,0,2,18,0,18,18,0,2,edgeCount
342,113,161,graphml/Deltacom.graphml,2,,clustered,0.5;-0.3,8,10,6,2,0,16,10,16,16,10,0,edgeCount
341,113,161,graphml/Deltacom.graphml,3,,clustered,0.5;-0.3,9,14,5,4,0,15,10,15,15,10,0,edgeCount
340,113,161,graphml/Deltacom.graphml,2,,clustered,0.5;-0.3,12,4,4,8,0,4,0,4,4,0,0,edgeCount
339,113,161,graphml/Deltacom.graphml,2,,clustered,0.5;-0.3,42,30,14,28,4,-1,-15,44,40,30,4,edgeCount
338,113,161,graphml/Deltacom.graphml,2,,clustered,0.5;-0.3,49,15,15,34,2,15,0,15,15,0,2,edgeCount
337,113,161,graphml/Deltacom.graphml,2,,clustered,0.5;-0.3,7,12,4,3,0,15,11,15,15,11,0,edgeCount
336,113,161,graphml/Deltacom.graphml,2,,clustered,0.5;-0.3,25,25,9,16,0,25,16,25,25,16,0,edgeCount
335,113,161,graphml/Deltacom.graphml,2,,clustered,0.5;-0.3,23,7,7,16,2,7,0,23,7,16,2,edgeCount
334,113,161,graphml/Deltacom.graphml,2,,clustered,0.5;-0.3,-1,-1,-1,0,0,-1,0,-1,-1,0,0,edgeCount
333,113,161,graphml/Deltacom.graphml,3,,clustered,0.5;-0.3,11,23,7,4,0,7,0,7,7,0,0,edgeCount
332,113,161,graphml/Deltacom.graphml,2,,clustered,0.5;-0.3,10,35,6,4,0,22,16,22,22,16,0,edgeCount
331,113,161,graphml/Deltacom.graphml,1,,clustered,0.5;-0.3,-1,-1,-1,0,0,-1,0,-1,-1,0,0,edgeCount
330,113,161,graphml/Deltacom.graphml,1,,clustered,0.5;-0.3,12,12,12,0,0,12,0,12,12,0,0,edgeCount
329,113,161,graphml/Deltacom.graphml,2,,clustered,0.5;-0.3,28,12,10,18,0,28,18,10,10,0,0,edgeCount
328,113,161,graphml/Deltacom.graphml,3,,clustered,0.5;-0.3,10,10,9,1,4,10,1,10,10,1,4,edgeCount
327,113,161,graphml/Deltacom.graphml,2,,clustered,0.5;-0.3,19,19,12,7,2,33,21,33,39,21,2,edgeCount
326,113,161,graphml/Deltacom.graphml,2,,clustered,0.5;-0.3,-1,-1,-1,0,0,-1,0,-1,-1,0,0,edgeCount
325,113,161,graphml/Deltacom.graphml,2,,clustered,0.5;-0.3,6,19,5,1,0,16,11,16,16,11,0,edgeCount
324,113,161,graphml/Deltacom.graphml,3,,clustered,0.5;-0.3,5,5,5,0,0,16,11,5,5,0,0,edgeCount
323,113,161,graphml/Deltacom.graphml,3,,clustered,0.5;-0.3,55,33,12,43,4,-1,-13,42,56,30,4,edgeCount
322,113,161,graphml/Deltacom.graphml,1,,clustered,0.5;-0.3,-1,-1,17,-18,2,-1,-18,-1,-1,-18,2,edgeCount
321,113,161,graphml/Deltacom.graphml,3,,clustered,0.5;-0.3,12,14,3,9,0,4,1,4,4,1,0,edgeCount
320,113,161,graphml/Deltacom.graphml,2,,clustered,0.5;-0.3,16,6,5,11,0,6,1,6,6,1,0,edgeCount
319,113,161,graphml/Deltacom.graphml,2,,clustered,0.5;-0.3,47,15,10,37,2,-1,-11,45,39,35,2,edgeCount
318,113,161,graphml/Deltacom.graphml,2,,clustered,0.5;-0.3,15,15,12,3,0,15,3,15,15,3,0,edgeCount
317,113,161,graphml/Deltacom.graphml,2,,clustered,0.5;-0.3,16,16,6,10,6,6,0,6,15,0,6,edgeCount
316,113,161,graphml/Deltacom.graphml,1,,clustered,0.5;-0.3,4,4,4,0,0,4,0,4,4,0,0,edgeCount
315,113,161,graphml/Deltacom.graphml,2,,clustered,0.5;-0.3,3,3,3,0,4,-1,-4,5,3,2,4,edgeCount
314,113,161,graphml/Deltacom.graphml,3,,clustered,0.5;-0.3,3,19,3,0,0,7,4,7,7,4,0,edgeCount
313,113,161,graphml/Deltacom.graphml,3,,clustered,0.5;-0.3,4,9,4,0,0,10,6,4,4,0,0,edgeCount
312,113,161,graphml/Deltacom.graphml,2,,clustered,0.5;-0.3,-1,-1,-1,0,0,-1,0,-1,-1,0,0,edgeCount
311,113,161,graphml/Deltacom.graphml,1,,clustered,0.5;-0.3,12,16,10,2,4,-1,-11,12,16,2,4,edgeCount
310,113,161,graphml/Deltacom.graphml,1,,clustered,0.5;-0.3,13,13,13,0,0,13,0,13,13,0,0,edgeCount
309,113,161,graphml/Deltacom.graphml,2,,clustered,0.5;-0.3,11,8,8,3,0,8,0,8,8,0,0,edgeCount
308,113,161,graphml/Deltacom.graphml,2,,clustered,0.5;-0.3,9,31,7,2,0,7,0,7,7,0,0,edgeCount
307,113,161,graphml/Deltacom.graphml,2,,clustered,0.5;-0.3,5,5,5,0,2,5,0,5,5,0,2,edgeCount
306,113,161,graphml/Deltacom.graphml,2,,clustered,0.5;-0.3,6,6,2,4,0,2,0,2,2,0,0,edgeCount
305,113,161,graphml/Deltacom.graphml,3,,clustered,0.5;-0.3,7,7,7,0,0,7,0,7,7,0,0,edgeCount
304,113,161,graphml/Deltacom.graphml,2,,clustered,0.5;-0.3,9,9,7,2,2,21,14,9,9,2,2,edgeCount
303,113,161,graphml/Deltacom.graphml,2,,clustered,0.5;-0.3,-1,-1,11,-12,6,-1,-12,-1,-1,-12,6,edgeCount
302,113,161,graphml/Deltacom.graphml,1,,clustered,0.5;-0.3,-1,-1,-1,0,0,-1,0,-1,-1,0,0,edgeCount
301,113,161,graphml/Deltacom.graphml,1,,clustered,0.5;-0.3,16,16,16,0,0,16,0,16,16,0,0,edgeCount
300,113,161,graphml/Deltacom.graphml,3,,clustered,0.5;-0.3,50,8,7,43,0,-1,-8,42,8,35,0,edgeCount
299,113,161,graphml/Deltacom.graphml,2,,clustered,0.5;-0.3,34,10,10,24,0,10,0,10,10,0,0,edgeCount
298,113,161,graphml/Deltacom.graphml,2,,clustered,0.5;-0.3,49,49,17,32,0,49,32,49,49,32,0,edgeCount
297,113,161,graphml/Deltacom.graphml,2,,clustered,0.5;-0.3,37,37,16,21,0,37,21,37,37,21,0,edgeCount
296,113,161,graphml/Deltacom.graphml,2,,clustered,0.5;-0.3,13,12,12,1,0,27,15,27,27,15,0,edgeCount
295,113,161,graphml/Deltacom.graphml,3,,clustered,0.5;-0.3,34,24,5,29,2,6,1,6,6,1,2,edgeCount
294,113,161,graphml/Deltacom.graphml,2,,clustered,0.5;-0.3,-1,-1,-1,0,0,-1,0,-1,-1,0,0,edgeCount
293,113,161,graphml/Deltacom.graphml,1,,clustered,0.5;-0.3,28,28,11,17,8,-1,-12,28,28,17,8,edgeCount
292,113,161,graphml/Deltacom.graphml,2,,clustered,0.5;-0.3,18,16,16,2,6,16,0,16,16,0,6,edgeCount
291,113,161,graphml/Deltacom.graphml,2,,clustered,0.5;-0.3,-1,-1,-1,0,0,-1,0,-1,-1,0,0,edgeCount
290,113,161,graphml/Deltacom.graphml,2,,clustered,0.5;-0.3,7,7,7,0,2,7,0,7,7,0,2,edgeCount
289,113,161,graphml/Deltacom.graphml,1,,clustered,0.5;-0.3,4,4,4,0,6,4,0,4,4,0,6,edgeCount
288,113,161,graphml/Deltacom.graphml,2,,clustered,0.5;-0.3,-1,-1,-1,0,0,-1,0,-1,-1,0,0,edgeCount
287,113,161,graphml/Deltacom.graphml,2,,clustered,0.5;-0.3,29,29,11,18,0,29,18,29,29,18,0,edgeCount
286,113,161,graphml/Deltacom.graphml,3,,clustered,0.5;-0.3,16,11,6,10,0,22,16,22,22,16,0,edgeCount
285,113,161,graphml/Deltacom.graphml,2,,clustered,0.5;-0.3,16,15,6,10,6,-1,-7,15,13,9,6,edgeCount
284,113,161,graphml/Deltacom.graphml,4,,clustered,0.5;-0.3,41,69,8,33,0,49,41,49,49,41,0,edgeCount
283,113,161,graphml/Deltacom.graphml,2,,clustered,0.5;-0.3,-1,-1,-1,0,0,-1,0,-1,-1,0,0,edgeCount
282,113,161,graphml/Deltacom.graphml,2,,clustered,0.5;-0.3,-1,-1,-1,0,6,-1,0,-1,-1,0,6,edgeCount
281,113,161,graphml/Deltacom.graphml,3,,clustered,0.5;-0.3,32,30,8,24,0,52,44,52,52,44,0,edgeCount
280,113,161,graphml/Deltacom.graphml,2,,clustered,0.5;-0.3,-1,-1,-1,0,0,-1,0,-1,-1,0,0,edgeCount
279,113,161,graphml/Deltacom.graphml,2,,clustered,0.5;-0.3,8,8,8,0,2,20,12,20,8,12,2,edgeCount
278,113,161,graphml/Deltacom.graphml,1,,clustered,0.5;-0.3,5,5,5,0,0,5,0,5,5,0,0,edgeCount
277,113,161,graphml/Deltacom.graphml,2,,clustered,0.5;-0.3,29,29,11,18,0,29,18,29,29,18,0,edgeCount
276,113,161,graphml/Deltacom.graphml,2,,clustered,0.5;-0.3,3,3,3,0,0,3,0,3,3,0,0,edgeCount
275,113,161,graphml/Deltacom.graphml,2,,clustered,0.5;-0.3,10,25,7,3,0,16,9,16,16,9,0,edgeCount
274,113,161,graphml/Deltacom.graphml,3,,clustered,0.5;-0.3,3,3,3,0,8,5,2,3,5,0,8,edgeCount
273,113,161,graphml/Deltacom.graphml,1,,clustered,0.5;-0.3,-1,-1,-1,0,0,-1,0,-1,-1,0,0,edgeCount
272,113,161,graphml/Deltacom.graphml,2,,clustered,0.5;-0.3,4,4,4,0,0,4,0,4,4,0,0,edgeCount
271,113,161,graphml/Deltacom.graphml,2,,clustered,0.5;-0.3,5,15,5,0,0,11,6,11,11,6,0,edgeCount
270,113,161,graphml/Deltacom.graphml,1,,clustered,0.5;-0.3,5,5,5,0,0,5,0,5,5,0,0,edgeCount
269,113,161,graphml/Deltacom.graphml,1,,clustered,0.5;-0.3,8,8,8,0,0,8,0,8,8,0,0,edgeCount
268,113,161,graphml/Deltacom.graphml,2,,clustered,0.5;-0.3,13,13,8,5,0,13,5,13,13,5,0,edgeCount
267,113,161,graphml/Deltacom.graphml,2,,clustered,0.5;-0.3,14,21,11,3,2,28,17,28,54,17,2,edgeCount
266,113,161,graphml/Deltacom.graphml,2,,clustered,0.5;-0.3,16,16,10,6,2,-1,-11,16,16,6,2,edgeCount
265,113,161,graphml/Deltacom.graphml,3,,clustered,0.5;-0.3,27,33,8,19,0,23,15,23,23,15,0,edgeCount
264,113,161,graphml/Deltacom.graphml,2,,clustered,0.5;-0.3,-1,-1,18,-19,0,-1,-19,-1,-1,-19,0,edgeCount
263,113,161,graphml/Deltacom.graphml,2,,clustered,0.5;-0.3,15,13,7,8,0,13,6,13,13,6,0,edgeCount
262,113,161,graphml/Deltacom.graphml,2,,clustered,0.5;-0.3,9,18,9,0,2,23,14,23,23,14,2,edgeCount
261,113,161,graphml/Deltacom.graphml,2,,clustered,0.5;-0.3,-1,-1,-1,0,0,-1,0,-1,-1,0,0,edgeCount
260,113,161,graphml/Deltacom.graphml,4,,clustered,0.5;-0.3,4,4,4,0,0,4,0,4,4,0,0,edgeCount
259,113,161,graphml/Deltacom.graphml,3,,clustered,0.5;-0.3,8,17,6,2,4,18,12,18,18,12,4,edgeCount
258,113,161,graphml/Deltacom.graphml,2,,clustered,0.5;-0.3,5,27,5,0,6,9,4,11,11,6,6,edgeCount
257,113,161,graphml/Deltacom.graphml,1,,clustered,0.5;-0.3,-1,-1,-1,0,0,-1,0,-1,-1,0,0,edgeCount
256,113,161,graphml/Deltacom.graphml,2,,clustered,0.5;-0.3,6,14,6,0,0,14,8,14,14,8,0,edgeCount
255,113,161,graphml/Deltacom.graphml,2,,clustered,0.5;-0.3,10,19,9,1,0,24,15,24,24,15,0,edgeCount
254,113,161,graphml/Deltacom.graphml,3,,clustered,0.5;-0.3,12,12,10,2,4,-1,-11,30,12,20,2,edgeCount
253,113,161,graphml/Deltacom.graphml,3,,clustered,0.5;-0.3,9,9,9,0,0,17,8,17,9,8,0,edgeCount
252,113,161,graphml/Deltacom.graphml,2,,clustered,0.5;-0.3,44,14,14,30,0,14,0,14,14,0,0,edgeCount
251,113,161,graphml/Deltacom.graphml,2,,clustered,0.5;-0.3,-1,-1,-1,0,0,-1,0,-1,-1,0,0,edgeCount
250,113,161,graphml/Deltacom.graphml,2,,clustered,0.5;-0.3,16,16,16,0,0,16,0,16,16,0,0,edgeCount
249,113,161,graphml/Deltacom.graphml,2,,clustered,0.5;-0.3,4,8,4,0,0,4,0,4,4,0,0,edgeCount
248,113,161,graphml/Deltacom.graphml,1,,clustered,0.5;-0.3,9,9,9,0,0,9,0,9,9,0,0,edgeCount
247,113,161,graphml/Deltacom.graphml,4,,clustered,0.5;-0.3,8,12,6,2,0,14,8,14,14,8,0,edgeCount
246,113,161,graphml/Deltacom.graphml,3,,clustered,0.5;-0.3,5,5,2,3,0,5,3,5,5,3,0,edgeCount
245,113,161,graphml/Deltacom.graphml,1,,clustered,0.5;-0.3,17,17,16,1,6,-1,-17,17,17,1,6,edgeCount
244,113,161,graphml/Deltacom.graphml,2,,clustered,0.5;-0.3,-1,-1,9,-10,0,-1,-10,-1,-1,-10,0,edgeCount
243,113,161,graphml/Deltacom.graphml,3,,clustered,0.5;-0.3,37,10,5,32,0,5,0,5,5,0,0,edgeCount
242,113,161,graphml/Deltacom.graphml,2,,clustered,0.5;-0.3,-1,-1,-1,0,0,-1,0,-1,-1,0,0,edgeCount
241,113,161,graphml/Deltacom.graphml,2,,clustered,0.5;-0.3,-1,-1,4,-5,0,-1,-5,-1,-1,-5,0,edgeCount
240,113,161,graphml/Deltacom.graphml,4,,clustered,0.5;-0.3,8,8,8,0,0,8,0,8,8,0,0,edgeCount
239,113,161,graphml/Deltacom.graphml,2,,clustered,0.5;-0.3,-1,-1,-1,0,0,-1,0,-1,-1,0,0,edgeCount
238,113,161,graphml/Deltacom.graphml,2,,clustered,0.5;-0.3,-1,-1,-1,0,0,-1,0,-1,-1,0,0,edgeCount
237,113,161,graphml/Deltacom.graphml,2,,clustered,0.5;-0.3,10,10,2,8,6,2,0,2,2,0,6,edgeCount
236,113,161,graphml/Deltacom.graphml,2,,clustered,0.5;-0.3,11,11,10,1,0,11,1,11,11,1,0,edgeCount
235,113,161,graphml/Deltacom.graphml,4,,clustered,0.5;-0.3,31,31,8,23,0,31,23,31,31,23,0,edgeCount
234,113,161,graphml/Deltacom.graphml,2,,clustered,0.5;-0.3,13,13,12,1,2,13,1,13,13,1,2,edgeCount
233,113,161,graphml/Deltacom.graphml,3,,clustered,0.5;-0.3,9,11,7,2,0,7,0,7,7,0,0,edgeCount
232,113,161,graphml/Deltacom.graphml,2,,clustered,0.5;-0.3,43,14,13,30,6,-1,-14,38,39,25,6,edgeCount
231,113,161,graphml/Deltacom.graphml,2,,clustered,0.5;-0.3,-1,-1,-1,0,0,-1,0,-1,-1,0,0,edgeCount
230,113,161,graphml/Deltacom.graphml,2,,clustered,0.5;-0.3,25,21,7,18,2,-1,-8,24,24,17,2,edgeCount
229,113,161,graphml/Deltacom.graphml,2,,clustered,0.5;-0.3,7,10,6,1,0,13,7,13,13,7,0,edgeCount
228,113,161,graphml/Deltacom.graphml,2,,clustered,0.5;-0.3,6,11,6,0,6,12,6,12,12,6,6,edgeCount
227,113,161,graphml/Deltacom.graphml,3,,clustered,0.5;-0.3,24,24,4,20,2,4,0,4,4,0,2,edgeCount
226,113,161,graphml/Deltacom.graphml,2,,clustered,0.5;-0.3,30,10,10,20,2,10,0,10,10,0,2,edgeCount
225,113,161,graphml/Deltacom.graphml,3,,clustered,0.5;-0.3,10,10,2,8,0,2,0,10,2,8,0,edgeCount
224,113,161,graphml/Deltacom.graphml,3,,clustered,0.5;-0.3,30,8,8,22,4,-1,-9,38,38,30,4,edgeCount
223,113,161,graphml/Deltacom.graphml,2,,clustered,0.5;-0.3,9,9,9,0,0,9,0,9,9,0,0,edgeCount
222,113,161,graphml/Deltacom.graphml,1,,clustered,0.5;-0.3,-1,-1,-1,0,0,-1,0,-1,-1,0,0,edgeCount
221,113,161,graphml/Deltacom.graphml,2,,clustered,0.5;-0.3,7,22,3,4,2,3,0,3,3,0,2,edgeCount
220,113,161,graphml/Deltacom.graphml,2,,clustered,0.5;-0.3,10,20,9,1,6,26,17,26,30,17,6,edgeCount
219,113,161,graphml/Deltacom.graphml,1,,clustered,0.5;-0.3,11,11,11,0,2,11,0,11,11,0,2,edgeCount
218,113,161,graphml/Deltacom.graphml,2,,clustered,0.5;-0.3,24,16,6,18,0,-1,-7,-1,-1,-7,0,edgeCount
217,113,161,graphml/Deltacom.graphml,2,,clustered,0.5;-0.3,-1,-1,-1,0,0,-1,0,-1,-1,0,0,edgeCount
216,113,161,graphml/Deltacom.graphml,2,,clustered,0.5;-0.3,-1,-1,9,-10,0,-1,-10,-1,-1,-10,0,edgeCount
215,113,161,graphml/Deltacom.graphml,2,,clustered,0.5;-0.3,-1,-1,-1,0,0,-1,0,-1,-1,0,0,edgeCount
214,113,161,graphml/Deltacom.graphml,1,,clustered,0.5;-0.3,40,40,18,22,4,-1,-19,40,40,22,4,edgeCount
213,113,161,graphml/Deltacom.graphml,2,,clustered,0.5;-0.3,17,5,5,12,0,5,0,5,5,0,0,edgeCount
212,113,161,graphml/Deltacom.graphml,1,,clustered,0.5;-0.3,7,7,7,0,0,7,0,7,7,0,0,edgeCount
211,113,161,graphml/Deltacom.graphml,3,,clustered,0.5;-0.3,8,15,4,4,2,4,0,4,11,0,2,edgeCount
210,113,161,graphml/Deltacom.graphml,1,,clustered,0.5;-0.3,10,10,10,0,0,10,0,10,10,0,0,edgeCount
209,113,161,graphml/Deltacom.graphml,1,,clustered,0.5;-0.3,15,15,15,0,0,15,0,15,15,0,0,edgeCount
208,113,161,graphml/Deltacom.graphml,2,,clustered,0.5;-0.3,35,35,9,26,0,9,0,9,9,0,0,edgeCount
207,113,161,graphml/Deltacom.graphml,2,,clustered,0.5;-0.3,11,45,10,1,6,-1,-11,-1,-1,-11,4,edgeCount
206,113,161,graphml/Deltacom.graphml,2,,clustered,0.5;-0.3,-1,-1,-1,0,0,-1,0,-1,-1,0,0,edgeCount
205,113,161,graphml/Deltacom.graphml,3,,clustered,0.5;-0.3,10,9,7,3,0,10,3,10,9,3,0,edgeCount
204,113,161,graphml/Deltacom.graphml,3,,clustered,0.5;-0.3,21,21,6,15,4,21,15,21,21,15,4,edgeCount
203,113,161,graphml/Deltacom.graphml,2,,clustered,0.5;-0.3,10,10,10,0,0,10,0,10,10,0,0,edgeCount
202,113,161,graphml/Deltacom.graphml,2,,clustered,0.5;-0.3,22,8,5,17,2,8,3,8,8,3,2,edgeCount
201,113,161,graphml/Deltacom.graphml,1,,clustered,0.5;-0.3,7,7,7,0,0,7,0,7,7,0,0,edgeCount
200,113,161,graphml/Deltacom.graphml,3,,clustered,0.5;-0.3,3,3,3,0,0,4,1,3,3,0,0,edgeCount
199,113,161,graphml/Deltacom.graphml,1,,clustered,0.5;-0.3,-1,-1,-1,0,0,-1,0,-1,-1,0,0,edgeCount
198,113,161,graphml/Deltacom.graphml,2,,clustered,0.5;-0.3,16,54,13,3,0,44,31,44,44,31,0,edgeCount
197,113,161,graphml/Deltacom.graphml,2,,clustered,0.5;-0.3,35,35,15,20,2,-1,-16,35,35,20,2,edgeCount
196,113,161,graphml/Deltacom.graphml,2,,clustered,0.5;-0.3,-1,-1,-1,0,0,-1,0,-1,-1,0,0,edgeCount
195,113,161,graphml/Deltacom.graphml,1,,clustered,0.5;-0.3,28,20,14,14,4,-1,-15,28,20,14,4,edgeCount
194,113,161,graphml/Deltacom.graphml,2,,clustered,0.5;-0.3,4,4,4,0,0,4,0,4,4,0,0,edgeCount
193,113,161,graphml/Deltacom.graphml,2,,clustered,0.5;-0.3,11,20,9,2,4,9,0,9,9,0,2,edgeCount
192,113,161,graphml/Deltacom.graphml,2,,clustered,0.5;-0.3,18,18,18,0,0,18,0,18,18,0,0,edgeCount
191,113,161,graphml/Deltacom.graphml,4,,clustered,0.5;-0.3,9,9,6,3,0,9,3,9,9,3,0,edgeCount
190,113,161,graphml/Deltacom.graphml,2,,clustered,0.5;-0.3,14,22,13,1,2,30,17,30,30,17,2,edgeCount
189,113,161,graphml/Deltacom.graphml,2,,clustered,0.5;-0.3,20,40,6,14,2,6,0,6,6,0,2,edgeCount
188,113,161,graphml/Deltacom.graphml,2,,clustered,0.5;-0.3,20,35,17,3,4,52,35,54,54,37,4,edgeCount
187,113,161,graphml/Deltacom.graphml,2,,clustered,0.5;-0.3,36,20,8,28,4,-1,-9,37,37,29,4,edgeCount
186,113,161,graphml/Deltacom.graphml,1,,clustered,0.5;-0.3,8,8,8,0,4,-1,-9,8,8,0,4,edgeCount
185,113,161,graphml/Deltacom.graphml,4,,clustered,0.5;-0.3,19,21,3,16,0,21,18,21,15,18,0,edgeCount
184,113,161,graphml/Deltacom.graphml,1,,clustered,0.5;-0.3,29,29,15,14,4,-1,-16,29,29,14,4,edgeCount
183,113,161,graphml/Deltacom.graphml,4,,clustered,0.5;-0.3,3,3,3,0,0,3,0,3,3,0,0,edgeCount
182,113,161,graphml/Deltacom.graphml,2,,clustered,0.5;-0.3,7,10,7,0,6,7,0,7,7,0,6,edgeCount
181,113,161,graphml/Deltacom.graphml,3,,clustered,0.5;-0.3,22,22,8,14,0,22,14,22,22,14,0,edgeCount
180,113,161,graphml/Deltacom.graphml,2,,clustered,0.5;-0.3,-1,-1,-1,0,0,-1,0,-1,-1,0,0,edgeCount
179,113,161,graphml/Deltacom.graphml,3,,clustered,0.5;-0.3,38,20,4,34,0,4,0,4,4,0,0,edgeCount
178,113,161,graphml/Deltacom.graphml,1,,clustered,0.5;-0.3,31,31,16,15,2,-1,-17,31,31,15,2,edgeCount
177,113,161,graphml/Deltacom.graphml,3,,clustered,0.5;-0.3,6,6,6,0,0,6,0,6,6,0,0,edgeCount
176,113,161,graphml/Deltacom.graphml,2,,clustered,0.5;-0.3,38,28,6,32,4,-1,-7,-1,-1,-7,4,edgeCount
175,113,161,graphml/Deltacom.graphml,2,,clustered,0.5;-0.3,40,22,6,34,4,-1,-7,15,11,9,4,edgeCount
174,113,161,graphml/Deltacom.graphml,2,,clustered,0.5;-0.3,26,12,8,18,2,8,0,8,8,0,2,edgeCount
173,113,161,graphml/Deltacom.graphml,2,,clustered,0.5;-0.3,22,8,8,14,2,8,0,22,8,14,2,edgeCount
172,113,161,graphml/Deltacom.graphml,2,,clustered,0.5;-0.3,28,28,9,19,0,28,19,28,28,19,0,edgeCount
171,113,161,graphml/Deltacom.graphml,1,,clustered,0.5;-0.3,-1,-1,4,-5,0,-1,-5,-1,-1,-5,0,edgeCount
170,113,161,graphml/Deltacom.graphml,1,,clustered,0.5;-0.3,-1,-1,-1,0,0,-1,0,-1,-1,0,0,edgeCount
169,113,161,graphml/Deltacom.graphml,2,,clustered,0.5;-0.3,10,34,6,4,6,6,0,6,6,0,6,edgeCount
168,113,161,graphml/Deltacom.graphml,2,,clustered,0.5;-0.3,35,15,15,20,2,-1,-16,35,15,20,2,edgeCount
167,113,161,graphml/Deltacom.graphml,1,,clustered,0.5;-0.3,-1,-1,-1,0,2,-1,0,-1,-1,0,2,edgeCount
166,113,161,graphml/Deltacom.graphml,2,,clustered,0.5;-0.3,14,22,4,10,2,4,0,4,4,0,2,edgeCount
165,113,161,graphml/Deltacom.graphml,2,,clustered,0.5;-0.3,15,3,3,12,0,3,0,3,3,0,0,edgeCount
164,113,161,graphml/Deltacom.graphml,2,,clustered,0.5;-0.3,7,17,7,0,0,17,10,17,17,10,0,edgeCount
163,113,161,graphml/Deltacom.graphml,3,,clustered,0.5;-0.3,10,27,8,2,4,40,32,24,24,16,2,edgeCount
162,113,161,graphml/Deltacom.graphml,1,,clustered,0.5;-0.3,-1,-1,-1,0,0,-1,0,-1,-1,0,0,edgeCount
161,113,161,graphml/Deltacom.graphml,4,,clustered,0.5;-0.3,39,41,8,31,0,59,51,59,59,51,0,edgeCount
160,113,161,graphml/Deltacom.graphml,2,,clustered,0.5;-0.3,-1,-1,-1,0,0,-1,0,-1,-1,0,0,edgeCount
159,113,161,graphml/Deltacom.graphml,3,,clustered,0.5;-0.3,20,17,7,13,0,30,23,30,30,23,0,edgeCount
158,113,161,graphml/Deltacom.graphml,3,,clustered,0.5;-0.3,3,3,3,0,0,3,0,3,3,0,0,edgeCount
157,113,161,graphml/Deltacom.graphml,2,,clustered,0.5;-0.3,20,6,6,14,0,6,0,6,6,0,0,edgeCount
156,113,161,graphml/Deltacom.graphml,2,,clustered,0.5;-0.3,5,9,4,1,2,4,0,4,4,0,2,edgeCount
155,113,161,graphml/Deltacom.graphml,2,,clustered,0.5;-0.3,-1,-1,9,-10,0,-1,-10,-1,-1,-10,0,edgeCount
154,113,161,graphml/Deltacom.graphml,2,,clustered,0.5;-0.3,5,10,5,0,2,11,6,11,11,6,2,edgeCount
153,113,161,graphml/Deltacom.graphml,2,,clustered,0.5;-0.3,9,9,6,3,0,17,11,17,9,11,0,edgeCount
152,113,161,graphml/Deltacom.graphml,3,,clustered,0.5;-0.3,5,31,4,1,2,9,5,9,9,5,2,edgeCount
151,113,161,graphml/Deltacom.graphml,2,,clustered,0.5;-0.3,-1,-1,-1,0,0,-1,0,-1,-1,0,0,edgeCount
150,113,161,graphml/Deltacom.graphml,2,,clustered,0.5;-0.3,-1,-1,-1,0,0,-1,0,-1,-1,0,0,edgeCount
149,113,161,graphml/Deltacom.graphml,2,,clustered,0.5;-0.3,17,20,3,14,4,3,0,3,3,0,4,edgeCount
148,113,161,graphml/Deltacom.graphml,3,,clustered,0.5;-0.3,5,5,5,0,0,13,8,5,5,0,0,edgeCount
147,113,161,graphml/Deltacom.graphml,2,,clustered,0.5;-0.3,35,15,8,27,2,-1,-9,27,25,19,2,edgeCount
146,113,161,graphml/Deltacom.graphml,1,,clustered,0.5;-0.3,3,3,3,0,0,3,0,3,3,0,0,edgeCount
145,113,161,graphml/Deltacom.graphml,2,,clustered,0.5;-0.3,8,5,5,3,2,5,0,5,5,0,2,edgeCount
144,113,161,graphml/Deltacom.graphml,2,,clustered,0.5;-0.3,15,17,8,7,2,8,0,8,8,0,2,edgeCount
143,113,161,graphml/Deltacom.graphml,1,,clustered,0.5;-0.3,5,5,5,0,0,5,0,5,5,0,0,edgeCount
142,113,161,graphml/Deltacom.graphml,2,,clustered,0.5;-0.3,8,11,8,0,0,20,12,20,20,12,0,edgeCount
141,113,161,graphml/Deltacom.graphml,2,,clustered,0.5;-0.3,4,4,4,0,2,4,0,4,4,0,2,edgeCount
140,113,161,graphml/Deltacom.graphml,2,,clustered,0.5;-0.3,19,19,6,13,0,19,13,19,19,13,0,edgeCount
139,113,161,graphml/Deltacom.graphml,2,,clustered,0.5;-0.3,7,7,7,0,0,7,0,7,7,0,0,edgeCount
138,113,161,graphml/Deltacom.graphml,2,,clustered,0.5;-0.3,7,6,6,1,0,6,0,6,6,0,0,edgeCount
137,113,161,graphml/Deltacom.graphml,2,,clustered,0.5;-0.3,9,31,6,3,2,21,15,9,31,3,2,edgeCount
136,113,161,graphml/Deltacom.graphml,3,,clustered,0.5;-0.3,7,7,6,1,0,7,1,7,7,1,0,edgeCount
135,113,161,graphml/Deltacom.graphml,2,,clustered,0.5;-0.3,6,6,6,0,0,6,0,6,6,0,0,edgeCount
134,113,161,graphml/Deltacom.graphml,2,,clustered,0.5;-0.3,66,24,16,50,6,-1,-17,58,50,42,6,edgeCount
133,113,161,graphml/Deltacom.graphml,2,,clustered,0.5;-0.3,19,19,10,9,0,19,9,19,19,9,0,edgeCount
132,113,161,graphml/Deltacom.graphml,2,,clustered,0.5;-0.3,-1,-1,-1,0,0,-1,0,-1,-1,0,0,edgeCount
131,113,161,graphml/Deltacom.graphml,2,,clustered,0.5;-0.3,6,6,6,0,0,6,0,6,6,0,0,edgeCount
130,113,161,graphml/Deltacom.graphml,2,,clustered,0.5;-0.3,4,44,4,0,12,6,2,6,6,2,12,edgeCount
129,113,161,graphml/Deltacom.graphml,2,,clustered,0.5;-0.3,-1,-1,10,-11,0,-1,-11,-1,-1,-11,0,edgeCount
128,113,161,graphml/Deltacom.graphml,2,,clustered,0.5;-0.3,3,3,3,0,0,3,0,3,3,0,0,edgeCount
127,113,161,graphml/Deltacom.graphml,2,,clustered,0.5;-0.3,22,22,9,13,2,22,13,22,22,13,2,edgeCount
126,113,161,graphml/Deltacom.graphml,2,,clustered,0.5;-0.3,15,3,3,12,0,3,0,3,3,0,0,edgeCount
125,113,161,graphml/Deltacom.graphml,2,,clustered,0.5;-0.3,-1,-1,10,-11,0,-1,-11,-1,-1,-11,0,edgeCount
124,113,161,graphml/Deltacom.graphml,2,,clustered,0.5;-0.3,10,8,8,2,2,8,0,8,8,0,2,edgeCount
123,113,161,graphml/Deltacom.graphml,2,,clustered,0.5;-0.3,6,20,6,0,0,14,8,14,14,8,0,edgeCount
122,113,161,graphml/Deltacom.graphml,3,,clustered,0.5;-0.3,5,5,5,0,2,5,0,5,5,0,2,edgeCount
121,113,161,graphml/Deltacom.graphml,2,,clustered,0.5;-0.3,15,15,6,9,0,15,9,15,15,9,0,edgeCount
120,113,161,graphml/Deltacom.graphml,3,,clustered,0.5;-0.3,7,7,6,1,2,7,1,7,7,1,2,edgeCount
119,113,161,graphml/Deltacom.graphml,2,,clustered,0.5;-0.3,11,47,11,0,2,27,16,27,45,16,2,edgeCount
118,113,161,graphml/Deltacom.graphml,2,,clustered,0.5;-0.3,7,7,6,1,6,7,1,7,22,1,6,edgeCount
117,113,161,graphml/Deltacom.graphml,2,,clustered,0.5;-0.3,-1,-1,5,-6,0,-1,-6,-1,-1,-6,0,edgeCount
116,113,161,graphml/Deltacom.graphml,2,,clustered,0.5;-0.3,25,25,13,12,0,25,12,25,25,12,0,edgeCount
115,113,161,graphml/Deltacom.graphml,2,,clustered,0.5;-0.3,10,10,9,1,0,28,19,10,10,1,0,edgeCount
114,113,161,graphml/Deltacom.graphml,2,,clustered,0.5;-0.3,15,15,7,8,0,15,8,15,15,8,0,edgeCount
113,113,161,graphml/Deltacom.graphml,2,,clustered,0.5;-0.3,11,41,8,3,0,23,15,23,23,15,0,edgeCount
112,113,161,graphml/Deltacom.graphml,2,,clustered,0.5;-0.3,11,25,9,2,6,-1,-10,11,25,2,6,edgeCount
111,113,161,graphml/Deltacom.graphml,2,,clustered,0.5;-0.3,3,3,3,0,0,3,0,3,3,0,0,edgeCount
110,113,161,graphml/Deltacom.graphml,2,,clustered,0.5;-0.3,35,35,15,20,0,35,20,35,35,20,0,edgeCount
109,113,161,graphml/Deltacom.graphml,1,,clustered,0.5;-0.3,4,16,4,0,6,4,0,4,16,0,6,edgeCount
108,113,161,graphml/Deltacom.graphml,2,,clustered,0.5;-0.3,12,18,11,1,0,26,15,26,26,15,0,edgeCount
107,113,161,graphml/Deltacom.graphml,1,,clustered,0.5;-0.3,6,6,6,0,4,6,0,6,6,0,4,edgeCount
106,113,161,graphml/Deltacom.graphml,2,,clustered,0.5;-0.3,2,2,2,0,0,2,0,2,2,0,0,edgeCount
105,113,161,graphml/Deltacom.graphml,2,,clustered,0.5;-0.3,15,3,3,12,0,3,0,3,3,0,0,edgeCount
104,113,161,graphml/Deltacom.graphml,3,,clustered,0.5;-0.3,23,9,9,14,4,-1,-10,-1,-1,-10,4,edgeCount
103,113,161,graphml/Deltacom.graphml,3,,clustered,0.5;-0.3,23,41,9,14,0,39,30,39,39,30,0,edgeCount
102,113,161,graphml/Deltacom.graphml,2,,clustered,0.5;-0.3,19,19,8,11,0,19,11,19,19,11,0,edgeCount
101,113,161,graphml/Deltacom.graphml,2,,clustered,0.5;-0.3,8,10,4,4,4,-1,-5,18,14,14,4,edgeCount
100,113,161,graphml/Deltacom.graphml,2,,clustered,0.5;-0.3,5,7,5,0,2,9,4,9,9,4,2,edgeCount
99,113,161,graphml/Deltacom.graphml,4,,clustered,0.5;-0.3,2,5,2,0,0,7,5,6,6,4,0,edgeCount
98,113,161,graphml/Deltacom.graphml,2,,clustered,0.5;-0.3,-1,-1,-1,0,0,-1,0,-1,-1,0,0,edgeCount
97,113,161,graphml/Deltacom.graphml,2,,clustered,0.5;-0.3,53,53,17,36,0,53,36,53,53,36,0,edgeCount
96,113,161,graphml/Deltacom.graphml,2,,clustered,0.5;-0.3,25,7,6,19,0,7,1,7,7,1,0,edgeCount
95,113,161,graphml/Deltacom.graphml,2,,clustered,0.5;-0.3,3,3,3,0,0,3,0,3,3,0,0,edgeCount
94,113,161,graphml/Deltacom.graphml,2,,clustered,0.5;-0.3,16,41,13,3,8,13,0,13,13,0,6,edgeCount
93,113,161,graphml/Deltacom.graphml,2,,clustered,0.5;-0.3,4,4,4,0,0,4,0,4,4,0,0,edgeCount
92,113,161,graphml/Deltacom.graphml,3,,clustered,0.5;-0.3,-1,-1,6,-7,2,-1,-7,-1,-1,-7,2,edgeCount
91,113,161,graphml/Deltacom.graphml,2,,clustered,0.5;-0.3,2,2,2,0,6,2,0,2,2,0,6,edgeCount
90,113,161,graphml/Deltacom.graphml,1,,clustered,0.5;-0.3,7,7,7,0,2,7,0,7,7,0,2,edgeCount
89,113,161,graphml/Deltacom.graphml,2,,clustered,0.5;-0.3,23,23,8,15,0,23,15,23,23,15,0,edgeCount
88,113,161,graphml/Deltacom.graphml,4,,clustered,0.5;-0.3,4,10,4,0,0,8,4,4,4,0,0,edgeCount
87,113,161,graphml/Deltacom.graphml,2,,clustered,0.5;-0.3,18,18,16,2,0,18,2,18,18,2,0,edgeCount
86,113,161,graphml/Deltacom.graphml,2,,clustered,0.5;-0.3,46,46,11,35,0,-1,-12,-1,-1,-12,0,edgeCount
85,113,161,graphml/Deltacom.graphml,2,,clustered,0.5;-0.3,7,7,5,2,0,7,2,7,7,2,0,edgeCount
84,113,161,graphml/Deltacom.graphml,4,,clustered,0.5;-0.3,-1,-1,7,-8,0,-1,-8,-1,-1,-8,0,edgeCount
83,113,161,graphml/Deltacom.graphml,2,,clustered,0.5;-0.3,24,6,6,18,2,6,0,6,6,0,2,edgeCount
82,113,161,graphml/Deltacom.graphml,2,,clustered,0.5;-0.3,20,8,8,12,2,8,0,20,8,12,2,edgeCount
81,113,161,graphml/Deltacom.graphml,2,,clustered,0.5;-0.3,18,12,6,12,2,6,0,6,6,0,2,edgeCount
80,113,161,graphml/Deltacom.graphml,4,,clustered,0.5;-0.3,34,12,9,25,2,10,1,10,10,1,2,edgeCount
79,113,161,graphml/Deltacom.graphml,2,,clustered,0.5;-0.3,10,14,9,1,0,24,15,24,24,15,0,edgeCount
78,113,161,graphml/Deltacom.graphml,1,,clustered,0.5;-0.3,-1,-1,-1,0,0,-1,0,-1,-1,0,0,edgeCount
77,113,161,graphml/Deltacom.graphml,2,,clustered,0.5;-0.3,28,10,10,18,0,10,0,10,10,0,0,edgeCount
76,113,161,graphml/Deltacom.graphml,2,,clustered,0.5;-0.3,18,42,15,3,0,42,27,42,42,27,0,edgeCount
75,113,161,graphml/Deltacom.graphml,2,,clustered,0.5;-0.3,51,51,18,33,0,51,33,51,51,33,0,edgeCount
74,113,161,graphml/Deltacom.graphml,1,,clustered,0.5;-0.3,3,3,3,0,0,3,0,3,3,0,0,edgeCount
73,113,161,graphml/Deltacom.graphml,1,,clustered,0.5;-0.3,-1,-1,-1,0,2,-1,0,-1,-1,0,2,edgeCount
72,113,161,graphml/Deltacom.graphml,3,,clustered,0.5;-0.3,12,21,9,3,2,52,43,52,53,43,2,edgeCount
71,113,161,graphml/Deltacom.graphml,3,,clustered,0.5;-0.3,-1,-1,7,-8,8,-1,-8,13,27,6,8,edgeCount
70,113,161,graphml/Deltacom.graphml,2,,clustered,0.5;-0.3,31,31,11,20,0,31,20,31,31,20,0,edgeCount
69,113,161,graphml/Deltacom.graphml,2,,clustered,0.5;-0.3,33,33,14,19,0,33,19,33,33,19,0,edgeCount
68,113,161,graphml/Deltacom.graphml,2,,clustered,0.5;-0.3,18,38,13,5,0,14,1,14,14,1,0,edgeCount
67,113,161,graphml/Deltacom.graphml,2,,clustered,0.5;-0.3,12,4,4,8,2,4,0,4,4,0,2,edgeCount
66,113,161,graphml/Deltacom.graphml,3,,clustered,0.5;-0.3,5,3,3,2,4,11,8,11,3,8,4,edgeCount
65,113,161,graphml/Deltacom.graphml,2,,clustered,0.5;-0.3,49,49,18,31,0,49,31,49,49,31,0,edgeCount
64,113,161,graphml/Deltacom.graphml,2,,clustered,0.5;-0.3,23,23,10,13,0,23,13,23,23,13,0,edgeCount
63,113,161,graphml/Deltacom.graphml,1,,clustered,0.5;-0.3,-1,-1,-1,0,0,-1,0,-1,-1,0,0,edgeCount
62,113,161,graphml/Deltacom.graphml,1,,clustered,0.5;-0.3,-1,-1,-1,0,0,-1,0,-1,-1,0,0,edgeCount
61,113,161,graphml/Deltacom.graphml,3,,clustered,0.5;-0.3,34,18,6,28,4,6,0,6,12,0,4,edgeCount
60,113,161,graphml/Deltacom.graphml,2,,clustered,0.5;-0.3,52,20,18,34,4,-1,-19,55,55,37,4,edgeCount
59,113,161,graphml/Deltacom.graphml,3,,clustered,0.5;-0.3,8,6,4,4,0,18,14,18,6,14,0,edgeCount
58,113,161,graphml/Deltacom.graphml,2,,clustered,0.5;-0.3,18,18,7,11,0,18,11,18,18,11,0,edgeCount
57,113,161,graphml/Deltacom.graphml,2,,clustered,0.5;-0.3,9,9,9,0,2,9,0,9,9,0,2,edgeCount
56,113,161,graphml/Deltacom.graphml,5,,clustered,0.5;-0.3,7,7,3,4,0,12,9,12,12,9,0,edgeCount
55,113,161,graphml/Deltacom.graphml,2,,clustered,0.5;-0.3,34,34,15,19,0,34,19,34,34,19,0,edgeCount
54,113,161,graphml/Deltacom.graphml,2,,clustered,0.5;-0.3,12,11,11,1,4,-1,-12,-1,-1,-12,2,edgeCount
53,113,161,graphml/Deltacom.graphml,2,,clustered,0.5;-0.3,4,4,4,0,0,4,0,4,4,0,0,edgeCount
52,113,161,graphml/Deltacom.graphml,3,,clustered,0.5;-0.3,6,6,6,0,0,7,1,7,6,1,0,edgeCount
51,113,161,graphml/Deltacom.graphml,3,,clustered,0.5;-0.3,6,5,5,1,4,5,0,5,5,0,4,edgeCount
50,113,161,graphml/Deltacom.graphml,2,,clustered,0.5;-0.3,10,10,9,1,0,10,1,10,10,1,0,edgeCount
49,113,161,graphml/Deltacom.graphml,2,,clustered,0.5;-0.3,-1,-1,-1,0,0,-1,0,-1,-1,0,0,edgeCount
48,113,161,graphml/Deltacom.graphml,3,,clustered,0.5;-0.3,4,4,4,0,0,14,10,4,4,0,0,edgeCount
47,113,161,graphml/Deltacom.graphml,2,,clustered,0.5;-0.3,12,10,9,3,2,32,23,12,48,3,2,edgeCount
46,113,161,graphml/Deltacom.graphml,2,,clustered,0.5;-0.3,41,13,13,28,0,13,0,13,13,0,0,edgeCount
45,113,161,graphml/Deltacom.graphml,2,,clustered,0.5;-0.3,48,14,14,34,0,14,0,14,14,0,0,edgeCount
44,113,161,graphml/Deltacom.graphml,2,,clustered,0.5;-0.3,23,21,9,14,6,-1,-10,38,14,29,6,edgeCount
43,113,161,graphml/Deltacom.graphml,1,,clustered,0.5;-0.3,-1,-1,-1,0,0,-1,0,-1,-1,0,0,edgeCount
42,113,161,graphml/Deltacom.graphml,2,,clustered,0.5;-0.3,-1,-1,-1,0,0,-1,0,-1,-1,0,0,edgeCount
41,113,161,graphml/Deltacom.graphml,2,,clustered,0.5;-0.3,66,32,17,49,4,-1,-18,51,51,34,4,edgeCount
40,113,161,graphml/Deltacom.graphml,2,,clustered,0.5;-0.3,30,30,12,18,0,30,18,30,30,18,0,edgeCount
39,113,161,graphml/Deltacom.graphml,2,,clustered,0.5;-0.3,-1,-1,-1,0,0,-1,0,-1,-1,0,0,edgeCount
38,113,161,graphml/Deltacom.graphml,3,,clustered,0.5;-0.3,45,9,8,37,2,-1,-9,-1,-1,-9,2,edgeCount
37,113,161,graphml/Deltacom.graphml,2,,clustered,0.5;-0.3,15,15,15,0,0,15,0,15,15,0,0,edgeCount
36,113,161,graphml/Deltacom.graphml,3,,clustered,0.5;-0.3,9,20,8,1,0,21,13,21,21,13,0,edgeCount
35,113,161,graphml/Deltacom.graphml,2,,clustered,0.5;-0.3,7,15,7,0,0,11,4,11,11,4,0,edgeCount
34,113,161,graphml/Deltacom.graphml,1,,clustered,0.5;-0.3,21,11,11,10,8,-1,-12,21,11,10,8,edgeCount
33,113,161,graphml/Deltacom.graphml,1,,clustered,0.5;-0.3,36,40,15,21,4,-1,-16,36,40,21,4,edgeCount
32,113,161,graphml/Deltacom.graphml,2,,clustered,0.5;-0.3,29,37,9,20,2,9,0,9,9,0,2,edgeCount
31,113,161,graphml/Deltacom.graphml,2,,clustered,0.5;-0.3,40,40,18,22,0,40,22,40,40,22,0,edgeCount
30,113,161,graphml/Deltacom.graphml,2,,clustered,0.5;-0.3,6,26,6,0,2,12,6,12,12,6,2,edgeCount
29,113,161,graphml/Deltacom.graphml,3,,clustered,0.5;-0.3,27,5,5,22,0,5,0,5,5,0,0,edgeCount
28,113,161,graphml/Deltacom.graphml,2,,clustered,0.5;-0.3,12,20,6,6,2,6,0,6,6,0,2,edgeCount
27,113,161,graphml/Deltacom.graphml,2,,clustered,0.5;-0.3,30,10,10,20,2,10,0,30,10,20,2,edgeCount
26,113,161,graphml/Deltacom.graphml,3,,clustered,0.5;-0.3,-1,-1,12,-13,2,-1,-13,39,21,27,2,edgeCount
25,113,161,graphml/Deltacom.graphml,4,,clustered,0.5;-0.3,10,17,6,4,0,16,10,16,16,10,0,edgeCount
24,113,161,graphml/Deltacom.graphml,2,,clustered,0.5;-0.3,-1,-1,-1,0,0,-1,0,-1,-1,0,0,edgeCount
23,113,161,graphml/Deltacom.graphml,2,,clustered,0.5;-0.3,6,24,4,2,2,16,12,6,24,2,2,edgeCount
22,113,161,graphml/Deltacom.graphml,2,,clustered,0.5;-0.3,17,13,5,12,0,-1,-6,-1,-1,-6,0,edgeCount
21,113,161,graphml/Deltacom.graphml,2,,clustered,0.5;-0.3,52,16,16,36,0,16,0,16,16,0,0,edgeCount
20,113,161,graphml/Deltacom.graphml,1,,clustered,0.5;-0.3,8,8,8,0,4,8,0,8,8,0,4,edgeCount
19,113,161,graphml/Deltacom.graphml,1,,clustered,0.5;-0.3,11,11,11,0,0,11,0,11,11,0,0,edgeCount
18,113,161,graphml/Deltacom.graphml,2,,clustered,0.5;-0.3,48,24,8,40,2,-1,-9,46,46,38,2,edgeCount
17,113,161,graphml/Deltacom.graphml,2,,clustered,0.5;-0.3,11,20,4,7,0,4,0,4,4,0,0,edgeCount
16,113,161,graphml/Deltacom.graphml,1,,clustered,0.5;-0.3,3,3,3,0,0,3,0,3,3,0,0,edgeCount
15,113,161,graphml/Deltacom.graphml,2,,clustered,0.5;-0.3,32,10,10,22,0,10,0,10,10,0,0,edgeCount
14,113,161,graphml/Deltacom.graphml,2,,clustered,0.5;-0.3,12,10,10,2,2,10,0,10,10,0,2,edgeCount
13,113,161,graphml/Deltacom.graphml,2,,clustered,0.5;-0.3,6,6,6,0,0,16,10,6,6,0,0,edgeCount
12,113,161,graphml/Deltacom.graphml,2,,clustered,0.5;-0.3,-1,-1,11,-12,0,-1,-12,-1,-1,-12,0,edgeCount
11,113,161,graphml/Deltacom.graphml,1,,clustered,0.5;-0.3,29,29,11,18,2,-1,-12,29,29,18,2,edgeCount
10,113,161,graphml/Deltacom.graphml,2,,clustered,0.5;-0.3,35,35,9,26,4,9,0,9,9,0,2,edgeCount
9,113,161,graphml/Deltacom.graphml,2,,clustered,0.5;-0.3,-1,-1,-1,0,0,-1,0,-1,-1,0,0,edgeCount
8,113,161,graphml/Deltacom.graphml,2,,clustered,0.5;-0.3,9,27,7,2,4,17,10,17,23,10,4,edgeCount
7,113,161,graphml/Deltacom.graphml,2,,clustered,0.5;-0.3,11,28,6,5,4,6,0,6,6,0,4,edgeCount
6,113,161,graphml/Deltacom.graphml,2,,clustered,0.5;-0.3,64,38,16,48,4,-1,-17,42,42,26,4,edgeCount
5,113,161,graphml/Deltacom.graphml,3,,clustered,0.5;-0.3,5,5,5,0,0,5,0,5,5,0,0,edgeCount
4,113,161,graphml/Deltacom.graphml,1,,clustered,0.5;-0.3,9,9,9,0,0,9,0,9,9,0,0,edgeCount
3,113,161,graphml/Deltacom.graphml,1,,clustered,0.5;-0.3,-1,-1,-1,0,0,-1,0,-1,-1,0,0,edgeCount
2,113,161,graphml/Deltacom.graphml,4,,clustered,0.5;-0.3,15,4,3,12,0,4,1,8,8,5,0,edgeCount
1,113,161,graphml/Deltacom.graphml,2,,clustered,0.5;-0.3,18,34,17,1,10,46,29,46,46,29,10,edgeCount
