rep,nrNodes,nrEdges,edgeProb,nrPaths,nrFails,failureModel,failurePercent,hopsRanked,hopsUnranked,spLength,stretch_mult,nodeAdditions,hopsPath,stretch_path,hopsRankedOne,hopsUnrankedOne,stretch_one,overallNodeAdditionsOne,treeChoice
1000,113,161,graphml/Deltacom.graphml,1,,clustered,0.6;-0.3,-1,-1,11,-12,6,-1,-12,-1,-1,-12,6,edgeCount
999,113,161,graphml/Deltacom.graphml,1,,clustered,0.6;-0.3,-1,-1,-1,0,0,-1,0,-1,-1,0,0,edgeCount
998,113,161,graphml/Deltacom.graphml,4,,clustered,0.6;-0.3,-1,-1,6,-7,2,-1,-7,-1,-1,-7,2,edgeCount
997,113,161,graphml/Deltacom.graphml,3,,clustered,0.6;-0.3,36,36,8,28,0,36,28,36,36,28,0,edgeCount
996,113,161,graphml/Deltacom.graphml,2,,clustered,0.6;-0.3,42,20,10,32,2,-1,-11,-1,-1,-11,2,edgeCount
995,113,161,graphml/Deltacom.graphml,1,,clustered,0.6;-0.3,-1,-1,-1,0,0,-1,0,-1,-1,0,0,edgeCount
994,113,161,graphml/Deltacom.graphml,2,,clustered,0.6;-0.3,12,12,12,0,0,12,0,12,12,0,0,edgeCount
993,113,161,graphml/Deltacom.graphml,2,,clustered,0.6;-0.3,7,7,7,0,0,7,0,7,7,0,0,edgeCount
992,113,161,graphml/Deltacom.graphml,3,,clustered,0.6;-0.3,-1,-1,11,-12,0,-1,-12,-1,-1,-12,0,edgeCount
991,113,161,graphml/Deltacom.graphml,4,,clustered,0.6;-0.3,10,10,6,4,2,10,4,10,10,4,2,edgeCount
990,113,161,graphml/Deltacom.graphml,2,,clustered,0.6;-0.3,6,18,6,0,2,12,6,12,12,6,2,edgeCount
989,113,161,graphml/Deltacom.graphml,2,,clustered,0.6;-0.3,-1,-1,12,-13,6,-1,-13,-1,-1,-13,6,edgeCount
988,113,161,graphml/Deltacom.graphml,3,,clustered,0.6;-0.3,34,4,4,30,4,4,0,4,4,0,4,edgeCount
987,113,161,graphml/Deltacom.graphml,1,,clustered,0.6;-0.3,7,7,7,0,0,7,0,7,7,0,0,edgeCount
986,113,161,graphml/Deltacom.graphml,2,,clustered,0.6;-0.3,30,30,10,20,0,30,20,30,30,20,0,edgeCount
985,113,161,graphml/Deltacom.graphml,3,,clustered,0.6;-0.3,8,50,6,2,0,-1,-7,-1,-1,-7,0,edgeCount
984,113,161,graphml/Deltacom.graphml,2,,clustered,0.6;-0.3,14,14,7,7,0,14,7,14,14,7,0,edgeCount
983,113,161,graphml/Deltacom.graphml,2,,clustered,0.6;-0.3,6,6,6,0,0,6,0,6,6,0,0,edgeCount
982,113,161,graphml/Deltacom.graphml,2,,clustered,0.6;-0.3,19,19,8,11,0,19,11,19,19,11,0,edgeCount
981,113,161,graphml/Deltacom.graphml,2,,clustered,0.6;-0.3,32,32,11,21,0,32,21,32,32,21,0,edgeCount
980,113,161,graphml/Deltacom.graphml,2,,clustered,0.6;-0.3,14,14,14,0,4,15,1,15,14,1,4,edgeCount
979,113,161,graphml/Deltacom.graphml,1,,clustered,0.6;-0.3,11,11,11,0,8,11,0,11,11,0,8,edgeCount
978,113,161,graphml/Deltacom.graphml,2,,clustered,0.6;-0.3,21,25,7,14,0,7,0,7,7,0,0,edgeCount
977,113,161,graphml/Deltacom.graphml,2,,clustered,0.6;-0.3,42,30,14,28,4,-1,-15,-1,-1,-15,4,edgeCount
976,113,161,graphml/Deltacom.graphml,3,,clustered,0.6;-0.3,19,19,9,10,4,-1,-10,19,19,10,4,edgeCount
975,113,161,graphml/Deltacom.graphml,2,,clustered,0.6;-0.3,-1,-1,10,-11,0,-1,-11,-1,-1,-11,0,edgeCount
974,113,161,graphml/Deltacom.graphml,2,,clustered,0.6;-0.3,-1,-1,-1,0,0,-1,0,-1,-1,0,0,edgeCount
973,113,161,graphml/Deltacom.graphml,2,,clustered,0.6;-0.3,-1,-1,-1,0,0,-1,0,-1,-1,0,0,edgeCount
972,113,161,graphml/Deltacom.graphml,2,,clustered,0.6;-0.3,17,27,5,12,2,5,0,5,5,0,2,edgeCount
971,113,161,graphml/Deltacom.graphml,2,,clustered,0.6;-0.3,8,34,7,1,0,14,7,14,14,7,0,edgeCount
970,113,161,graphml/Deltacom.graphml,4,,clustered,0.6;-0.3,33,33,7,26,0,32,25,31,31,24,0,edgeCount
969,113,161,graphml/Deltacom.graphml,4,,clustered,0.6;-0.3,7,7,6,1,0,7,1,7,7,1,0,edgeCount
968,113,161,graphml/Deltacom.graphml,2,,clustered,0.6;-0.3,7,36,6,1,0,6,0,6,6,0,0,edgeCount
967,113,161,graphml/Deltacom.graphml,1,,clustered,0.6;-0.3,-1,-1,-1,0,0,-1,0,-1,-1,0,0,edgeCount
966,113,161,graphml/Deltacom.graphml,2,,clustered,0.6;-0.3,17,27,5,12,2,5,0,5,5,0,2,edgeCount
965,113,161,graphml/Deltacom.graphml,2,,clustered,0.6;-0.3,20,20,7,13,0,20,13,20,20,13,0,edgeCount
964,113,161,graphml/Deltacom.graphml,3,,clustered,0.6;-0.3,20,4,4,16,0,4,0,4,4,0,0,edgeCount
963,113,161,graphml/Deltacom.graphml,2,,clustered,0.6;-0.3,-1,-1,14,-15,2,-1,-15,-1,-1,-15,2,edgeCount
962,113,161,graphml/Deltacom.graphml,2,,clustered,0.6;-0.3,27,27,9,18,0,27,18,27,27,18,0,edgeCount
961,113,161,graphml/Deltacom.graphml,1,,clustered,0.6;-0.3,7,7,7,0,0,7,0,7,7,0,0,edgeCount
960,113,161,graphml/Deltacom.graphml,2,,clustered,0.6;-0.3,7,7,7,0,0,7,0,7,7,0,0,edgeCount
959,113,161,graphml/Deltacom.graphml,3,,clustered,0.6;-0.3,31,11,10,21,4,-1,-11,31,11,21,2,edgeCount
958,113,161,graphml/Deltacom.graphml,2,,clustered,0.6;-0.3,-1,-1,-1,0,0,-1,0,-1,-1,0,0,edgeCount
957,113,161,graphml/Deltacom.graphml,1,,clustered,0.6;-0.3,19,19,10,9,2,-1,-11,19,19,9,2,edgeCount
956,113,161,graphml/Deltacom.graphml,1,,clustered,0.6;-0.3,3,3,3,0,0,3,0,3,3,0,0,edgeCount
955,113,161,graphml/Deltacom.graphml,2,,clustered,0.6;-0.3,5,5,5,0,0,5,0,5,5,0,0,edgeCount
954,113,161,graphml/Deltacom.graphml,2,,clustered,0.6;-0.3,7,7,7,0,2,7,0,7,7,0,2,edgeCount
953,113,161,graphml/Deltacom.graphml,2,,clustered,0.6;-0.3,-1,-1,-1,0,0,-1,0,-1,-1,0,0,edgeCount
952,113,161,graphml/Deltacom.graphml,2,,clustered,0.6;-0.3,15,15,7,8,2,15,8,15,15,8,2,edgeCount
951,113,161,graphml/Deltacom.graphml,1,,clustered,0.6;-0.3,7,7,7,0,0,7,0,7,7,0,0,edgeCount
950,113,161,graphml/Deltacom.graphml,1,,clustered,0.6;-0.3,-1,-1,-1,0,0,-1,0,-1,-1,0,0,edgeCount
949,113,161,graphml/Deltacom.graphml,3,,clustered,0.6;-0.3,61,17,12,49,2,-1,-13,49,47,37,2,edgeCount
948,113,161,graphml/Deltacom.graphml,2,,clustered,0.6;-0.3,25,7,6,19,2,7,1,7,7,1,2,edgeCount
947,113,161,graphml/Deltacom.graphml,1,,clustered,0.6;-0.3,13,13,13,0,0,13,0,13,13,0,0,edgeCount
946,113,161,graphml/Deltacom.graphml,2,,clustered,0.6;-0.3,-1,-1,7,-8,6,-1,-8,-1,-1,-8,4,edgeCount
945,113,161,graphml/Deltacom.graphml,2,,clustered,0.6;-0.3,-1,-1,11,-12,0,-1,-12,-1,-1,-12,0,edgeCount
944,113,161,graphml/Deltacom.graphml,1,,clustered,0.6;-0.3,7,7,7,0,0,7,0,7,7,0,0,edgeCount
943,113,161,graphml/Deltacom.graphml,2,,clustered,0.6;-0.3,-1,-1,-1,0,0,-1,0,-1,-1,0,0,edgeCount
942,113,161,graphml/Deltacom.graphml,2,,clustered,0.6;-0.3,29,9,9,20,2,9,0,9,9,0,2,edgeCount
941,113,161,graphml/Deltacom.graphml,2,,clustered,0.6;-0.3,28,28,12,16,0,28,16,28,28,16,0,edgeCount
940,113,161,graphml/Deltacom.graphml,2,,clustered,0.6;-0.3,6,6,6,0,0,6,0,6,6,0,0,edgeCount
939,113,161,graphml/Deltacom.graphml,2,,clustered,0.6;-0.3,12,14,10,2,0,22,12,22,22,12,0,edgeCount
938,113,161,graphml/Deltacom.graphml,2,,clustered,0.6;-0.3,-1,-1,6,-7,0,-1,-7,-1,-1,-7,0,edgeCount
937,113,161,graphml/Deltacom.graphml,2,,clustered,0.6;-0.3,3,3,3,0,0,3,0,3,3,0,0,edgeCount
936,113,161,graphml/Deltacom.graphml,2,,clustered,0.6;-0.3,48,18,12,36,6,-1,-13,-1,-1,-13,6,edgeCount
935,113,161,graphml/Deltacom.graphml,4,,clustered,0.6;-0.3,23,23,6,17,0,21,15,21,21,15,0,edgeCount
934,113,161,graphml/Deltacom.graphml,3,,clustered,0.6;-0.3,5,11,4,1,0,7,3,7,7,3,0,edgeCount
933,113,161,graphml/Deltacom.graphml,2,,clustered,0.6;-0.3,-1,-1,-1,0,0,-1,0,-1,-1,0,0,edgeCount
932,113,161,graphml/Deltacom.graphml,2,,clustered,0.6;-0.3,49,22,13,36,4,13,0,13,13,0,2,edgeCount
931,113,161,graphml/Deltacom.graphml,2,,clustered,0.6;-0.3,-1,-1,-1,0,6,-1,0,-1,-1,0,6,edgeCount
930,113,161,graphml/Deltacom.graphml,2,,clustered,0.6;-0.3,-1,-1,-1,0,0,-1,0,-1,-1,0,0,edgeCount
929,113,161,graphml/Deltacom.graphml,3,,clustered,0.6;-0.3,18,18,5,13,0,18,13,18,18,13,0,edgeCount
928,113,161,graphml/Deltacom.graphml,2,,clustered,0.6;-0.3,23,23,8,15,0,23,15,23,23,15,0,edgeCount
927,113,161,graphml/Deltacom.graphml,2,,clustered,0.6;-0.3,-1,-1,6,-7,0,-1,-7,-1,-1,-7,0,edgeCount
926,113,161,graphml/Deltacom.graphml,1,,clustered,0.6;-0.3,-1,-1,-1,0,0,-1,0,-1,-1,0,0,edgeCount
925,113,161,graphml/Deltacom.graphml,2,,clustered,0.6;-0.3,-1,-1,6,-7,10,-1,-7,-1,-1,-7,10,edgeCount
924,113,161,graphml/Deltacom.graphml,3,,clustered,0.6;-0.3,9,9,8,1,0,23,15,9,9,1,0,edgeCount
923,113,161,graphml/Deltacom.graphml,2,,clustered,0.6;-0.3,14,14,14,0,2,14,0,14,14,0,2,edgeCount
922,113,161,graphml/Deltacom.graphml,2,,clustered,0.6;-0.3,-1,-1,-1,0,0,-1,0,-1,-1,0,0,edgeCount
921,113,161,graphml/Deltacom.graphml,2,,clustered,0.6;-0.3,-1,-1,-1,0,0,-1,0,-1,-1,0,0,edgeCount
920,113,161,graphml/Deltacom.graphml,1,,clustered,0.6;-0.3,-1,-1,-1,0,8,-1,0,-1,-1,0,8,edgeCount
919,113,161,graphml/Deltacom.graphml,1,,clustered,0.6;-0.3,16,16,11,5,6,-1,-12,16,16,5,6,edgeCount
918,113,161,graphml/Deltacom.graphml,3,,clustered,0.6;-0.3,18,4,4,14,2,4,0,4,4,0,2,edgeCount
917,113,161,graphml/Deltacom.graphml,2,,clustered,0.6;-0.3,-1,-1,-1,0,0,-1,0,-1,-1,0,0,edgeCount
916,113,161,graphml/Deltacom.graphml,2,,clustered,0.6;-0.3,-1,-1,-1,0,0,-1,0,-1,-1,0,0,edgeCount
915,113,161,graphml/Deltacom.graphml,2,,clustered,0.6;-0.3,34,34,9,25,0,34,25,34,34,25,0,edgeCount
914,113,161,graphml/Deltacom.graphml,2,,clustered,0.6;-0.3,-1,-1,13,-14,2,-1,-14,-1,-1,-14,2,edgeCount
913,113,161,graphml/Deltacom.graphml,3,,clustered,0.6;-0.3,57,19,9,48,0,-1,-10,-1,-1,-10,0,edgeCount
912,113,161,graphml/Deltacom.graphml,1,,clustered,0.6;-0.3,5,5,5,0,0,5,0,5,5,0,0,edgeCount
911,113,161,graphml/Deltacom.graphml,3,,clustered,0.6;-0.3,-1,-1,-1,0,0,-1,0,-1,-1,0,0,edgeCount
910,113,161,graphml/Deltacom.graphml,3,,clustered,0.6;-0.3,17,5,5,12,0,5,0,5,5,0,0,edgeCount
909,113,161,graphml/Deltacom.graphml,3,,clustered,0.6;-0.3,-1,-1,13,-14,4,-1,-14,44,42,31,4,edgeCount
908,113,161,graphml/Deltacom.graphml,1,,clustered,0.6;-0.3,9,9,9,0,2,9,0,9,9,0,2,edgeCount
907,113,161,graphml/Deltacom.graphml,3,,clustered,0.6;-0.3,29,11,11,18,4,-1,-12,29,11,18,4,edgeCount
906,113,161,graphml/Deltacom.graphml,2,,clustered,0.6;-0.3,10,48,7,3,0,24,17,24,24,17,0,edgeCount
905,113,161,graphml/Deltacom.graphml,2,,clustered,0.6;-0.3,15,24,12,3,4,37,25,37,50,25,4,edgeCount
904,113,161,graphml/Deltacom.graphml,2,,clustered,0.6;-0.3,18,36,17,1,2,52,35,52,18,35,2,edgeCount
903,113,161,graphml/Deltacom.graphml,2,,clustered,0.6;-0.3,73,41,18,55,4,-1,-19,67,67,49,4,edgeCount
902,113,161,graphml/Deltacom.graphml,3,,clustered,0.6;-0.3,39,39,8,31,0,39,31,39,39,31,0,edgeCount
901,113,161,graphml/Deltacom.graphml,2,,clustered,0.6;-0.3,20,29,15,5,2,48,33,48,48,33,2,edgeCount
900,113,161,graphml/Deltacom.graphml,2,,clustered,0.6;-0.3,8,18,7,1,2,18,11,18,18,11,2,edgeCount
899,113,161,graphml/Deltacom.graphml,3,,clustered,0.6;-0.3,32,32,10,22,0,32,22,32,32,22,0,edgeCount
898,113,161,graphml/Deltacom.graphml,3,,clustered,0.6;-0.3,8,8,8,0,0,8,0,8,8,0,0,edgeCount
897,113,161,graphml/Deltacom.graphml,2,,clustered,0.6;-0.3,18,18,12,6,0,18,6,18,18,6,0,edgeCount
896,113,161,graphml/Deltacom.graphml,2,,clustered,0.6;-0.3,14,14,2,12,2,2,0,2,2,0,2,edgeCount
895,113,161,graphml/Deltacom.graphml,2,,clustered,0.6;-0.3,-1,-1,-1,0,2,-1,0,-1,-1,0,2,edgeCount
894,113,161,graphml/Deltacom.graphml,1,,clustered,0.6;-0.3,-1,-1,-1,0,0,-1,0,-1,-1,0,0,edgeCount
893,113,161,graphml/Deltacom.graphml,2,,clustered,0.6;-0.3,-1,-1,-1,0,0,-1,0,-1,-1,0,0,edgeCount
892,113,161,graphml/Deltacom.graphml,2,,clustered,0.6;-0.3,-1,-1,15,-16,2,-1,-16,-1,-1,-16,2,edgeCount
891,113,161,graphml/Deltacom.graphml,1,,clustered,0.6;-0.3,34,38,13,21,4,-1,-14,34,38,21,4,edgeCount
890,113,161,graphml/Deltacom.graphml,2,,clustered,0.6;-0.3,32,14,12,20,0,30,18,30,30,18,0,edgeCount
889,113,161,graphml/Deltacom.graphml,2,,clustered,0.6;-0.3,7,16,6,1,0,13,7,13,13,7,0,edgeCount
888,113,161,graphml/Deltacom.graphml,2,,clustered,0.6;-0.3,-1,-1,-1,0,0,-1,0,-1,-1,0,0,edgeCount
887,113,161,graphml/Deltacom.graphml,3,,clustered,0.6;-0.3,10,15,10,0,0,28,18,28,28,18,0,edgeCount
886,113,161,graphml/Deltacom.graphml,3,,clustered,0.6;-0.3,57,9,8,49,0,9,1,9,9,1,0,edgeCount
885,113,161,graphml/Deltacom.graphml,2,,clustered,0.6;-0.3,26,53,8,18,4,8,0,26,19,18,4,edgeCount
884,113,161,graphml/Deltacom.graphml,2,,clustered,0.6;-0.3,9,9,7,2,2,9,2,9,9,2,2,edgeCount
883,113,161,graphml/Deltacom.graphml,1,,clustered,0.6;-0.3,-1,-1,5,-6,0,-1,-6,-1,-1,-6,0,edgeCount
882,113,161,graphml/Deltacom.graphml,2,,clustered,0.6;-0.3,8,26,8,0,0,14,6,14,14,6,0,edgeCount
881,113,161,graphml/Deltacom.graphml,2,,clustered,0.6;-0.3,-1,-1,-1,0,0,-1,0,-1,-1,0,0,edgeCount
880,113,161,graphml/Deltacom.graphml,2,,clustered,0.6;-0.3,-1,-1,-1,0,0,-1,0,-1,-1,0,0,edgeCount
879,113,161,graphml/Deltacom.graphml,4,,clustered,0.6;-0.3,86,86,11,75,0,80,69,80,80,69,0,edgeCount
878,113,161,graphml/Deltacom.graphml,3,,clustered,0.6;-0.3,20,24,4,16,2,4,0,4,4,0,2,edgeCount
877,113,161,graphml/Deltacom.graphml,1,,clustered,0.6;-0.3,9,9,9,0,0,9,0,9,9,0,0,edgeCount
876,113,161,graphml/Deltacom.graphml,2,,clustered,0.6;-0.3,-1,-1,5,-6,2,-1,-6,-1,-1,-6,2,edgeCount
875,113,161,graphml/Deltacom.graphml,2,,clustered,0.6;-0.3,5,5,5,0,0,19,14,5,5,0,0,edgeCount
874,113,161,graphml/Deltacom.graphml,2,,clustered,0.6;-0.3,-1,-1,-1,0,0,-1,0,-1,-1,0,0,edgeCount
873,113,161,graphml/Deltacom.graphml,4,,clustered,0.6;-0.3,59,59,11,48,0,59,48,59,59,48,0,edgeCount
872,113,161,graphml/Deltacom.graphml,3,,clustered,0.6;-0.3,14,22,8,6,0,30,22,30,30,22,0,edgeCount
871,113,161,graphml/Deltacom.graphml,1,,clustered,0.6;-0.3,5,5,5,0,0,5,0,5,5,0,0,edgeCount
870,113,161,graphml/Deltacom.graphml,2,,clustered,0.6;-0.3,16,16,7,9,2,-1,-8,16,16,9,2,edgeCount
869,113,161,graphml/Deltacom.graphml,1,,clustered,0.6;-0.3,25,11,10,15,2,-1,-11,25,11,15,2,edgeCount
868,113,161,graphml/Deltacom.graphml,2,,clustered,0.6;-0.3,22,30,8,14,2,8,0,8,8,0,2,edgeCount
867,113,161,graphml/Deltacom.graphml,2,,clustered,0.6;-0.3,-1,-1,11,-12,2,-1,-12,-1,-1,-12,2,edgeCount
866,113,161,graphml/Deltacom.graphml,2,,clustered,0.6;-0.3,-1,-1,-1,0,0,-1,0,-1,-1,0,0,edgeCount
865,113,161,graphml/Deltacom.graphml,2,,clustered,0.6;-0.3,21,5,5,16,0,5,0,5,5,0,0,edgeCount
864,113,161,graphml/Deltacom.graphml,2,,clustered,0.6;-0.3,24,6,6,18,2,6,0,6,6,0,2,edgeCount
863,113,161,graphml/Deltacom.graphml,3,,clustered,0.6;-0.3,7,7,7,0,0,7,0,7,7,0,0,edgeCount
862,113,161,graphml/Deltacom.graphml,2,,clustered,0.6;-0.3,51,17,17,34,0,17,0,17,17,0,0,edgeCount
861,113,161,graphml/Deltacom.graphml,2,,clustered,0.6;-0.3,-1,-1,-1,0,6,-1,0,-1,-1,0,4,edgeCount
860,113,161,graphml/Deltacom.graphml,3,,clustered,0.6;-0.3,-1,-1,11,-12,0,-1,-12,-1,-1,-12,0,edgeCount
859,113,161,graphml/Deltacom.graphml,3,,clustered,0.6;-0.3,5,5,4,1,0,13,9,5,5,1,0,edgeCount
858,113,161,graphml/Deltacom.graphml,2,,clustered,0.6;-0.3,8,46,7,1,0,22,15,22,22,15,0,edgeCount
857,113,161,graphml/Deltacom.graphml,3,,clustered,0.6;-0.3,27,25,5,22,0,5,0,5,5,0,0,edgeCount
856,113,161,graphml/Deltacom.graphml,4,,clustered,0.6;-0.3,30,22,6,24,0,41,35,41,41,35,0,edgeCount
855,113,161,graphml/Deltacom.graphml,2,,clustered,0.6;-0.3,22,22,10,12,0,22,12,22,22,12,0,edgeCount
854,113,161,graphml/Deltacom.graphml,1,,clustered,0.6;-0.3,14,14,14,0,0,14,0,14,14,0,0,edgeCount
853,113,161,graphml/Deltacom.graphml,2,,clustered,0.6;-0.3,-1,-1,12,-13,0,-1,-13,-1,-1,-13,0,edgeCount
852,113,161,graphml/Deltacom.graphml,2,,clustered,0.6;-0.3,30,12,7,23,0,-1,-8,-1,-1,-8,0,edgeCount
851,113,161,graphml/Deltacom.graphml,3,,clustered,0.6;-0.3,9,9,9,0,0,9,0,9,9,0,0,edgeCount
850,113,161,graphml/Deltacom.graphml,2,,clustered,0.6;-0.3,-1,-1,-1,0,0,-1,0,-1,-1,0,0,edgeCount
849,113,161,graphml/Deltacom.graphml,3,,clustered,0.6;-0.3,-1,-1,-1,0,0,-1,0,-1,-1,0,0,edgeCount
848,113,161,graphml/Deltacom.graphml,2,,clustered,0.6;-0.3,16,16,16,0,0,16,0,16,16,0,0,edgeCount
847,113,161,graphml/Deltacom.graphml,2,,clustered,0.6;-0.3,-1,-1,10,-11,0,-1,-11,-1,-1,-11,0,edgeCount
846,113,161,graphml/Deltacom.graphml,4,,clustered,0.6;-0.3,-1,-1,11,-12,6,-1,-12,-1,-1,-12,6,edgeCount
845,113,161,graphml/Deltacom.graphml,1,,clustered,0.6;-0.3,18,8,8,10,4,-1,-9,18,8,10,4,edgeCount
844,113,161,graphml/Deltacom.graphml,2,,clustered,0.6;-0.3,52,18,18,34,2,18,0,18,72,0,2,edgeCount
843,113,161,graphml/Deltacom.graphml,2,,clustered,0.6;-0.3,13,13,7,6,0,13,6,13,13,6,0,edgeCount
842,113,161,graphml/Deltacom.graphml,3,,clustered,0.6;-0.3,52,10,10,42,2,10,0,10,10,0,2,edgeCount
841,113,161,graphml/Deltacom.graphml,3,,clustered,0.6;-0.3,50,6,6,44,0,6,0,6,6,0,0,edgeCount
840,113,161,graphml/Deltacom.graphml,4,,clustered,0.6;-0.3,3,3,3,0,0,3,0,3,3,0,0,edgeCount
839,113,161,graphml/Deltacom.graphml,2,,clustered,0.6;-0.3,28,22,11,17,4,-1,-12,26,18,15,4,edgeCount
838,113,161,graphml/Deltacom.graphml,2,,clustered,0.6;-0.3,31,31,9,22,0,11,2,31,31,22,0,edgeCount
837,113,161,graphml/Deltacom.graphml,2,,clustered,0.6;-0.3,46,46,19,27,0,46,27,46,46,27,0,edgeCount
836,113,161,graphml/Deltacom.graphml,1,,clustered,0.6;-0.3,-1,-1,-1,0,0,-1,0,-1,-1,0,0,edgeCount
835,113,161,graphml/Deltacom.graphml,2,,clustered,0.6;-0.3,-1,-1,-1,0,4,-1,0,-1,-1,0,4,edgeCount
834,113,161,graphml/Deltacom.graphml,1,,clustered,0.6;-0.3,-1,-1,-1,0,0,-1,0,-1,-1,0,0,edgeCount
833,113,161,graphml/Deltacom.graphml,2,,clustered,0.6;-0.3,20,28,6,14,2,6,0,6,6,0,2,edgeCount
832,113,161,graphml/Deltacom.graphml,1,,clustered,0.6;-0.3,-1,-1,-1,0,0,-1,0,-1,-1,0,0,edgeCount
831,113,161,graphml/Deltacom.graphml,2,,clustered,0.6;-0.3,15,15,13,2,0,15,2,15,15,2,0,edgeCount
830,113,161,graphml/Deltacom.graphml,2,,clustered,0.6;-0.3,16,16,7,9,0,16,9,16,16,9,0,edgeCount
829,113,161,graphml/Deltacom.graphml,4,,clustered,0.6;-0.3,17,5,5,12,0,-1,-6,29,5,24,0,edgeCount
828,113,161,graphml/Deltacom.graphml,1,,clustered,0.6;-0.3,10,10,10,0,4,10,0,10,10,0,4,edgeCount
827,113,161,graphml/Deltacom.graphml,1,,clustered,0.6;-0.3,-1,-1,-1,0,0,-1,0,-1,-1,0,0,edgeCount
826,113,161,graphml/Deltacom.graphml,1,,clustered,0.6;-0.3,-1,-1,-1,0,0,-1,0,-1,-1,0,0,edgeCount
825,113,161,graphml/Deltacom.graphml,2,,clustered,0.6;-0.3,-1,-1,-1,0,0,-1,0,-1,-1,0,0,edgeCount
824,113,161,graphml/Deltacom.graphml,3,,clustered,0.6;-0.3,54,18,11,43,2,-1,-12,52,40,41,2,edgeCount
823,113,161,graphml/Deltacom.graphml,2,,clustered,0.6;-0.3,46,46,18,28,2,-1,-19,46,46,28,2,edgeCount
822,113,161,graphml/Deltacom.graphml,2,,clustered,0.6;-0.3,3,3,3,0,2,3,0,3,3,0,2,edgeCount
821,113,161,graphml/Deltacom.graphml,2,,clustered,0.6;-0.3,-1,-1,-1,0,0,-1,0,-1,-1,0,0,edgeCount
820,113,161,graphml/Deltacom.graphml,2,,clustered,0.6;-0.3,-1,-1,17,-18,0,-1,-18,-1,-1,-18,0,edgeCount
819,113,161,graphml/Deltacom.graphml,2,,clustered,0.6;-0.3,21,7,7,14,0,7,0,7,7,0,0,edgeCount
818,113,161,graphml/Deltacom.graphml,3,,clustered,0.6;-0.3,4,10,4,0,0,10,6,10,10,6,0,edgeCount
817,113,161,graphml/Deltacom.graphml,1,,clustered,0.6;-0.3,-1,-1,-1,0,0,-1,0,-1,-1,0,0,edgeCount
816,113,161,graphml/Deltacom.graphml,1,,clustered,0.6;-0.3,-1,-1,13,-14,8,-1,-14,-1,-1,-14,8,edgeCount
815,113,161,graphml/Deltacom.graphml,1,,clustered,0.6;-0.3,-1,-1,-1,0,2,-1,0,-1,-1,0,2,edgeCount
814,113,161,graphml/Deltacom.graphml,2,,clustered,0.6;-0.3,13,13,12,1,0,13,1,13,13,1,0,edgeCount
813,113,161,graphml/Deltacom.graphml,2,,clustered,0.6;-0.3,9,17,5,4,4,5,0,5,5,0,2,edgeCount
812,113,161,graphml/Deltacom.graphml,2,,clustered,0.6;-0.3,24,22,7,17,0,8,1,8,8,1,0,edgeCount
811,113,161,graphml/Deltacom.graphml,2,,clustered,0.6;-0.3,23,13,10,13,0,-1,-11,-1,-1,-11,0,edgeCount
810,113,161,graphml/Deltacom.graphml,1,,clustered,0.6;-0.3,-1,-1,-1,0,0,-1,0,-1,-1,0,0,edgeCount
809,113,161,graphml/Deltacom.graphml,4,,clustered,0.6;-0.3,46,8,6,40,0,8,2,8,8,2,0,edgeCount
808,113,161,graphml/Deltacom.graphml,1,,clustered,0.6;-0.3,-1,-1,-1,0,2,-1,0,-1,-1,0,2,edgeCount
807,113,161,graphml/Deltacom.graphml,2,,clustered,0.6;-0.3,10,33,8,2,12,22,14,10,33,2,12,edgeCount
806,113,161,graphml/Deltacom.graphml,2,,clustered,0.6;-0.3,23,23,12,11,0,23,11,23,23,11,0,edgeCount
805,113,161,graphml/Deltacom.graphml,1,,clustered,0.6;-0.3,11,11,11,0,0,11,0,11,11,0,0,edgeCount
804,113,161,graphml/Deltacom.graphml,1,,clustered,0.6;-0.3,11,11,11,0,4,11,0,11,11,0,4,edgeCount
803,113,161,graphml/Deltacom.graphml,2,,clustered,0.6;-0.3,-1,-1,-1,0,0,-1,0,-1,-1,0,0,edgeCount
802,113,161,graphml/Deltacom.graphml,2,,clustered,0.6;-0.3,19,19,9,10,0,19,10,19,19,10,0,edgeCount
801,113,161,graphml/Deltacom.graphml,2,,clustered,0.6;-0.3,29,29,14,15,0,29,15,29,29,15,0,edgeCount
800,113,161,graphml/Deltacom.graphml,4,,clustered,0.6;-0.3,23,23,9,14,0,23,14,23,23,14,0,edgeCount
799,113,161,graphml/Deltacom.graphml,2,,clustered,0.6;-0.3,10,25,9,1,4,26,17,26,34,17,4,edgeCount
798,113,161,graphml/Deltacom.graphml,2,,clustered,0.6;-0.3,16,23,11,5,6,-1,-12,38,50,27,4,edgeCount
797,113,161,graphml/Deltacom.graphml,2,,clustered,0.6;-0.3,40,40,12,28,0,-1,-13,-1,-1,-13,0,edgeCount
796,113,161,graphml/Deltacom.graphml,2,,clustered,0.6;-0.3,7,7,7,0,2,18,11,7,7,0,2,edgeCount
795,113,161,graphml/Deltacom.graphml,2,,clustered,0.6;-0.3,25,25,9,16,0,25,16,25,25,16,0,edgeCount
794,113,161,graphml/Deltacom.graphml,1,,clustered,0.6;-0.3,-1,-1,-1,0,0,-1,0,-1,-1,0,0,edgeCount
793,113,161,graphml/Deltacom.graphml,2,,clustered,0.6;-0.3,6,2,2,4,6,-1,-3,2,2,0,6,edgeCount
792,113,161,graphml/Deltacom.graphml,1,,clustered,0.6;-0.3,13,13,13,0,4,13,0,13,13,0,4,edgeCount
791,113,161,graphml/Deltacom.graphml,3,,clustered,0.6;-0.3,7,7,7,0,0,7,0,7,7,0,0,edgeCount
790,113,161,graphml/Deltacom.graphml,2,,clustered,0.6;-0.3,54,32,16,38,0,16,0,16,16,0,0,edgeCount
789,113,161,graphml/Deltacom.graphml,2,,clustered,0.6;-0.3,13,13,9,4,0,13,4,13,13,4,0,edgeCount
788,113,161,graphml/Deltacom.graphml,1,,clustered,0.6;-0.3,14,14,14,0,0,14,0,14,14,0,0,edgeCount
787,113,161,graphml/Deltacom.graphml,2,,clustered,0.6;-0.3,-1,-1,-1,0,0,-1,0,-1,-1,0,0,edgeCount
786,113,161,graphml/Deltacom.graphml,3,,clustered,0.6;-0.3,9,9,7,2,0,9,2,9,9,2,0,edgeCount
785,113,161,graphml/Deltacom.graphml,2,,clustered,0.6;-0.3,-1,-1,-1,0,0,-1,0,-1,-1,0,0,edgeCount
784,113,161,graphml/Deltacom.graphml,3,,clustered,0.6;-0.3,11,2,2,9,0,-1,-3,2,2,0,0,edgeCount
783,113,161,graphml/Deltacom.graphml,1,,clustered,0.6;-0.3,27,37,13,14,4,-1,-14,27,37,14,4,edgeCount
782,113,161,graphml/Deltacom.graphml,3,,clustered,0.6;-0.3,-1,-1,5,-6,2,-1,-6,-1,-1,-6,2,edgeCount
781,113,161,graphml/Deltacom.graphml,2,,clustered,0.6;-0.3,-1,-1,-1,0,0,-1,0,-1,-1,0,0,edgeCount
780,113,161,graphml/Deltacom.graphml,1,,clustered,0.6;-0.3,12,12,12,0,0,12,0,12,12,0,0,edgeCount
779,113,161,graphml/Deltacom.graphml,2,,clustered,0.6;-0.3,41,13,13,28,0,13,0,13,13,0,0,edgeCount
778,113,161,graphml/Deltacom.graphml,1,,clustered,0.6;-0.3,7,7,7,0,0,7,0,7,7,0,0,edgeCount
777,113,161,graphml/Deltacom.graphml,2,,clustered,0.6;-0.3,14,19,9,5,2,18,9,18,18,9,2,edgeCount
776,113,161,graphml/Deltacom.graphml,2,,clustered,0.6;-0.3,-1,-1,-1,0,0,-1,0,-1,-1,0,0,edgeCount
775,113,161,graphml/Deltacom.graphml,2,,clustered,0.6;-0.3,16,4,4,12,0,4,0,4,4,0,0,edgeCount
774,113,161,graphml/Deltacom.graphml,1,,clustered,0.6;-0.3,10,10,10,0,2,10,0,10,10,0,2,edgeCount
773,113,161,graphml/Deltacom.graphml,2,,clustered,0.6;-0.3,-1,-1,-1,0,0,-1,0,-1,-1,0,0,edgeCount
772,113,161,graphml/Deltacom.graphml,1,,clustered,0.6;-0.3,26,18,10,16,4,-1,-11,26,18,16,4,edgeCount
771,113,161,graphml/Deltacom.graphml,2,,clustered,0.6;-0.3,8,8,6,2,0,8,2,8,8,2,0,edgeCount
770,113,161,graphml/Deltacom.graphml,2,,clustered,0.6;-0.3,16,2,2,14,4,2,0,2,2,0,4,edgeCount
769,113,161,graphml/Deltacom.graphml,2,,clustered,0.6;-0.3,-1,-1,-1,0,0,-1,0,-1,-1,0,0,edgeCount
768,113,161,graphml/Deltacom.graphml,3,,clustered,0.6;-0.3,24,24,5,19,0,24,19,24,24,19,0,edgeCount
767,113,161,graphml/Deltacom.graphml,3,,clustered,0.6;-0.3,57,57,9,48,0,47,38,47,47,38,0,edgeCount
766,113,161,graphml/Deltacom.graphml,2,,clustered,0.6;-0.3,-1,-1,-1,0,0,-1,0,-1,-1,0,0,edgeCount
765,113,161,graphml/Deltacom.graphml,2,,clustered,0.6;-0.3,-1,-1,-1,0,0,-1,0,-1,-1,0,0,edgeCount
764,113,161,graphml/Deltacom.graphml,1,,clustered,0.6;-0.3,16,30,14,2,8,-1,-15,16,30,2,8,edgeCount
763,113,161,graphml/Deltacom.graphml,2,,clustered,0.6;-0.3,3,3,3,0,0,3,0,3,3,0,0,edgeCount
762,113,161,graphml/Deltacom.graphml,3,,clustered,0.6;-0.3,14,14,2,12,0,2,0,2,2,0,0,edgeCount
761,113,161,graphml/Deltacom.graphml,2,,clustered,0.6;-0.3,-1,-1,-1,0,2,-1,0,-1,-1,0,2,edgeCount
760,113,161,graphml/Deltacom.graphml,2,,clustered,0.6;-0.3,-1,-1,-1,0,0,-1,0,-1,-1,0,0,edgeCount
759,113,161,graphml/Deltacom.graphml,2,,clustered,0.6;-0.3,72,18,17,55,4,-1,-18,57,47,40,4,edgeCount
758,113,161,graphml/Deltacom.graphml,2,,clustered,0.6;-0.3,46,14,12,34,12,-1,-13,54,50,42,12,edgeCount
757,113,161,graphml/Deltacom.graphml,2,,clustered,0.6;-0.3,6,6,6,0,0,14,8,6,6,0,0,edgeCount
756,113,161,graphml/Deltacom.graphml,2,,clustered,0.6;-0.3,22,28,7,15,0,8,1,8,8,1,0,edgeCount
755,113,161,graphml/Deltacom.graphml,3,,clustered,0.6;-0.3,10,15,7,3,2,40,33,10,13,3,2,edgeCount
754,113,161,graphml/Deltacom.graphml,2,,clustered,0.6;-0.3,49,37,17,32,4,-1,-18,55,53,38,4,edgeCount
753,113,161,graphml/Deltacom.graphml,2,,clustered,0.6;-0.3,-1,-1,-1,0,0,-1,0,-1,-1,0,0,edgeCount
752,113,161,graphml/Deltacom.graphml,2,,clustered,0.6;-0.3,-1,-1,15,-16,0,-1,-16,-1,-1,-16,0,edgeCount
751,113,161,graphml/Deltacom.graphml,2,,clustered,0.6;-0.3,8,17,7,1,0,20,13,20,20,13,0,edgeCount
750,113,161,graphml/Deltacom.graphml,4,,clustered,0.6;-0.3,8,8,5,3,0,8,3,8,8,3,0,edgeCount
749,113,161,graphml/Deltacom.graphml,2,,clustered,0.6;-0.3,-1,-1,-1,0,0,-1,0,-1,-1,0,0,edgeCount
748,113,161,graphml/Deltacom.graphml,3,,clustered,0.6;-0.3,54,34,9,45,0,-1,-10,-1,-1,-10,0,edgeCount
747,113,161,graphml/Deltacom.graphml,3,,clustered,0.6;-0.3,8,8,4,4,0,8,4,8,8,4,0,edgeCount
746,113,161,graphml/Deltacom.graphml,2,,clustered,0.6;-0.3,33,15,9,24,6,-1,-10,30,30,21,4,edgeCount
745,113,161,graphml/Deltacom.graphml,2,,clustered,0.6;-0.3,6,2,2,4,6,3,1,2,2,0,6,edgeCount
744,113,161,graphml/Deltacom.graphml,2,,clustered,0.6;-0.3,8,8,6,2,4,8,2,8,8,2,4,edgeCount
743,113,161,graphml/Deltacom.graphml,2,,clustered,0.6;-0.3,41,16,13,28,2,16,3,16,62,3,2,edgeCount
742,113,161,graphml/Deltacom.graphml,4,,clustered,0.6;-0.3,13,16,7,6,2,55,48,31,55,24,2,edgeCount
741,113,161,graphml/Deltacom.graphml,2,,clustered,0.6;-0.3,31,31,13,18,0,31,18,31,31,18,0,edgeCount
740,113,161,graphml/Deltacom.graphml,2,,clustered,0.6;-0.3,7,3,3,4,2,3,0,3,3,0,2,edgeCount
739,113,161,graphml/Deltacom.graphml,2,,clustered,0.6;-0.3,39,21,13,26,6,13,0,39,13,26,6,edgeCount
738,113,161,graphml/Deltacom.graphml,2,,clustered,0.6;-0.3,-1,-1,-1,0,0,-1,0,-1,-1,0,0,edgeCount
737,113,161,graphml/Deltacom.graphml,2,,clustered,0.6;-0.3,39,17,9,30,2,-1,-10,27,21,18,2,edgeCount
736,113,161,graphml/Deltacom.graphml,1,,clustered,0.6;-0.3,-1,-1,-1,0,0,-1,0,-1,-1,0,0,edgeCount
735,113,161,graphml/Deltacom.graphml,1,,clustered,0.6;-0.3,-1,-1,-1,0,0,-1,0,-1,-1,0,0,edgeCount
734,113,161,graphml/Deltacom.graphml,2,,clustered,0.6;-0.3,26,26,13,13,2,-1,-14,26,26,13,2,edgeCount
733,113,161,graphml/Deltacom.graphml,3,,clustered,0.6;-0.3,-1,-1,-1,0,0,-1,0,-1,-1,0,0,edgeCount
732,113,161,graphml/Deltacom.graphml,2,,clustered,0.6;-0.3,4,3,3,1,12,3,0,3,3,0,12,edgeCount
731,113,161,graphml/Deltacom.graphml,2,,clustered,0.6;-0.3,16,16,7,9,2,16,9,16,16,9,2,edgeCount
730,113,161,graphml/Deltacom.graphml,2,,clustered,0.6;-0.3,-1,-1,-1,0,0,-1,0,-1,-1,0,0,edgeCount
729,113,161,graphml/Deltacom.graphml,2,,clustered,0.6;-0.3,12,44,8,4,0,26,18,26,26,18,0,edgeCount
728,113,161,graphml/Deltacom.graphml,2,,clustered,0.6;-0.3,11,43,3,8,6,3,0,3,3,0,6,edgeCount
727,113,161,graphml/Deltacom.graphml,1,,clustered,0.6;-0.3,-1,-1,-1,0,0,-1,0,-1,-1,0,0,edgeCount
726,113,161,graphml/Deltacom.graphml,2,,clustered,0.6;-0.3,4,4,4,0,0,4,0,4,4,0,0,edgeCount
725,113,161,graphml/Deltacom.graphml,2,,clustered,0.6;-0.3,14,14,14,0,2,14,0,14,14,0,2,edgeCount
724,113,161,graphml/Deltacom.graphml,2,,clustered,0.6;-0.3,13,13,5,8,2,5,0,5,21,0,2,edgeCount
723,113,161,graphml/Deltacom.graphml,2,,clustered,0.6;-0.3,-1,-1,-1,0,0,-1,0,-1,-1,0,0,edgeCount
722,113,161,graphml/Deltacom.graphml,4,,clustered,0.6;-0.3,35,7,5,30,2,17,12,17,17,12,2,edgeCount
721,113,161,graphml/Deltacom.graphml,2,,clustered,0.6;-0.3,5,5,5,0,0,5,0,5,5,0,0,edgeCount
720,113,161,graphml/Deltacom.graphml,1,,clustered,0.6;-0.3,-1,-1,-1,0,4,-1,0,-1,-1,0,4,edgeCount
719,113,161,graphml/Deltacom.graphml,2,,clustered,0.6;-0.3,-1,-1,-1,0,0,-1,0,-1,-1,0,0,edgeCount
718,113,161,graphml/Deltacom.graphml,2,,clustered,0.6;-0.3,5,5,3,2,0,5,2,5,5,2,0,edgeCount
717,113,161,graphml/Deltacom.graphml,4,,clustered,0.6;-0.3,2,2,2,0,0,2,0,2,2,0,0,edgeCount
716,113,161,graphml/Deltacom.graphml,2,,clustered,0.6;-0.3,27,9,9,18,0,9,0,9,9,0,0,edgeCount
715,113,161,graphml/Deltacom.graphml,1,,clustered,0.6;-0.3,-1,-1,-1,0,2,-1,0,-1,-1,0,2,edgeCount
714,113,161,graphml/Deltacom.graphml,3,,clustered,0.6;-0.3,7,7,6,1,0,7,1,7,7,1,0,edgeCount
713,113,161,graphml/Deltacom.graphml,2,,clustered,0.6;-0.3,-1,-1,-1,0,0,-1,0,-1,-1,0,0,edgeCount
712,113,161,graphml/Deltacom.graphml,2,,clustered,0.6;-0.3,35,35,13,22,0,35,22,35,35,22,0,edgeCount
711,113,161,graphml/Deltacom.graphml,1,,clustered,0.6;-0.3,-1,-1,6,-7,4,-1,-7,-1,-1,-7,4,edgeCount
710,113,161,graphml/Deltacom.graphml,2,,clustered,0.6;-0.3,55,21,10,45,4,-1,-11,45,27,35,2,edgeCount
709,113,161,graphml/Deltacom.graphml,2,,clustered,0.6;-0.3,-1,-1,7,-8,0,-1,-8,-1,-1,-8,0,edgeCount
708,113,161,graphml/Deltacom.graphml,2,,clustered,0.6;-0.3,53,31,8,45,4,-1,-9,38,34,30,4,edgeCount
707,113,161,graphml/Deltacom.graphml,2,,clustered,0.6;-0.3,7,23,3,4,4,3,0,3,3,0,4,edgeCount
706,113,161,graphml/Deltacom.graphml,2,,clustered,0.6;-0.3,11,13,8,3,4,27,19,27,27,19,4,edgeCount
705,113,161,graphml/Deltacom.graphml,2,,clustered,0.6;-0.3,51,27,14,37,0,-1,-15,-1,-1,-15,0,edgeCount
704,113,161,graphml/Deltacom.graphml,2,,clustered,0.6;-0.3,43,35,11,32,0,11,0,11,11,0,0,edgeCount
703,113,161,graphml/Deltacom.graphml,2,,clustered,0.6;-0.3,9,22,8,1,0,21,13,21,21,13,0,edgeCount
702,113,161,graphml/Deltacom.graphml,3,,clustered,0.6;-0.3,4,24,4,0,0,4,0,4,4,0,0,edgeCount
701,113,161,graphml/Deltacom.graphml,3,,clustered,0.6;-0.3,22,22,8,14,0,22,14,22,22,14,0,edgeCount
700,113,161,graphml/Deltacom.graphml,3,,clustered,0.6;-0.3,27,11,9,18,0,37,28,37,37,28,0,edgeCount
699,113,161,graphml/Deltacom.graphml,2,,clustered,0.6;-0.3,14,14,13,1,2,14,1,14,14,1,2,edgeCount
698,113,161,graphml/Deltacom.graphml,1,,clustered,0.6;-0.3,18,18,9,9,2,-1,-10,18,18,9,2,edgeCount
697,113,161,graphml/Deltacom.graphml,2,,clustered,0.6;-0.3,12,16,9,3,0,32,23,32,32,23,0,edgeCount
696,113,161,graphml/Deltacom.graphml,2,,clustered,0.6;-0.3,-1,-1,14,-15,4,-1,-15,-1,-1,-15,4,edgeCount
695,113,161,graphml/Deltacom.graphml,1,,clustered,0.6;-0.3,5,5,5,0,0,5,0,5,5,0,0,edgeCount
694,113,161,graphml/Deltacom.graphml,2,,clustered,0.6;-0.3,5,5,5,0,0,5,0,5,5,0,0,edgeCount
693,113,161,graphml/Deltacom.graphml,3,,clustered,0.6;-0.3,9,9,7,2,0,9,2,9,9,2,0,edgeCount
692,113,161,graphml/Deltacom.graphml,2,,clustered,0.6;-0.3,37,13,13,24,2,37,24,37,13,24,2,edgeCount
691,113,161,graphml/Deltacom.graphml,3,,clustered,0.6;-0.3,11,8,8,3,2,27,19,8,8,0,2,edgeCount
690,113,161,graphml/Deltacom.graphml,4,,clustered,0.6;-0.3,33,8,7,26,2,8,1,8,8,1,2,edgeCount
689,113,161,graphml/Deltacom.graphml,3,,clustered,0.6;-0.3,8,14,5,3,2,6,1,6,6,1,2,edgeCount
688,113,161,graphml/Deltacom.graphml,2,,clustered,0.6;-0.3,47,47,15,32,2,47,32,47,47,32,2,edgeCount
687,113,161,graphml/Deltacom.graphml,1,,clustered,0.6;-0.3,-1,-1,7,-8,2,-1,-8,-1,-1,-8,2,edgeCount
686,113,161,graphml/Deltacom.graphml,2,,clustered,0.6;-0.3,14,24,8,6,10,32,24,32,32,24,10,edgeCount
685,113,161,graphml/Deltacom.graphml,1,,clustered,0.6;-0.3,51,51,18,33,4,-1,-19,51,51,33,4,edgeCount
684,113,161,graphml/Deltacom.graphml,3,,clustered,0.6;-0.3,-1,-1,-1,0,0,-1,0,-1,-1,0,0,edgeCount
683,113,161,graphml/Deltacom.graphml,2,,clustered,0.6;-0.3,-1,-1,-1,0,2,-1,0,-1,-1,0,2,edgeCount
682,113,161,graphml/Deltacom.graphml,1,,clustered,0.6;-0.3,13,13,13,0,0,13,0,13,13,0,0,edgeCount
681,113,161,graphml/Deltacom.graphml,2,,clustered,0.6;-0.3,25,25,7,18,0,25,18,25,25,18,0,edgeCount
680,113,161,graphml/Deltacom.graphml,1,,clustered,0.6;-0.3,3,3,3,0,0,3,0,3,3,0,0,edgeCount
679,113,161,graphml/Deltacom.graphml,2,,clustered,0.6;-0.3,21,21,9,12,0,21,12,21,21,12,0,edgeCount
678,113,161,graphml/Deltacom.graphml,2,,clustered,0.6;-0.3,10,21,4,6,12,4,0,4,4,0,12,edgeCount
677,113,161,graphml/Deltacom.graphml,2,,clustered,0.6;-0.3,-1,-1,-1,0,0,-1,0,-1,-1,0,0,edgeCount
676,113,161,graphml/Deltacom.graphml,1,,clustered,0.6;-0.3,-1,-1,5,-6,0,-1,-6,-1,-1,-6,0,edgeCount
675,113,161,graphml/Deltacom.graphml,2,,clustered,0.6;-0.3,18,18,7,11,0,18,11,18,18,11,0,edgeCount
674,113,161,graphml/Deltacom.graphml,2,,clustered,0.6;-0.3,14,14,14,0,0,14,0,14,14,0,0,edgeCount
673,113,161,graphml/Deltacom.graphml,1,,clustered,0.6;-0.3,4,4,4,0,0,4,0,4,4,0,0,edgeCount
672,113,161,graphml/Deltacom.graphml,2,,clustered,0.6;-0.3,38,38,13,25,2,38,25,38,38,25,2,edgeCount
671,113,161,graphml/Deltacom.graphml,1,,clustered,0.6;-0.3,6,8,6,0,8,6,0,6,8,0,8,edgeCount
670,113,161,graphml/Deltacom.graphml,2,,clustered,0.6;-0.3,20,8,6,14,0,6,0,6,6,0,0,edgeCount
669,113,161,graphml/Deltacom.graphml,2,,clustered,0.6;-0.3,4,4,4,0,0,4,0,4,4,0,0,edgeCount
668,113,161,graphml/Deltacom.graphml,2,,clustered,0.6;-0.3,22,6,5,17,0,6,1,6,6,1,0,edgeCount
667,113,161,graphml/Deltacom.graphml,2,,clustered,0.6;-0.3,6,6,6,0,0,6,0,6,6,0,0,edgeCount
666,113,161,graphml/Deltacom.graphml,2,,clustered,0.6;-0.3,26,8,8,18,0,8,0,8,8,0,0,edgeCount
665,113,161,graphml/Deltacom.graphml,1,,clustered,0.6;-0.3,6,6,6,0,2,6,0,6,6,0,2,edgeCount
664,113,161,graphml/Deltacom.graphml,2,,clustered,0.6;-0.3,55,55,20,35,0,55,35,55,55,35,0,edgeCount
663,113,161,graphml/Deltacom.graphml,2,,clustered,0.6;-0.3,16,4,4,12,0,4,0,4,4,0,0,edgeCount
662,113,161,graphml/Deltacom.graphml,2,,clustered,0.6;-0.3,20,20,7,13,0,20,13,20,20,13,0,edgeCount
661,113,161,graphml/Deltacom.graphml,2,,clustered,0.6;-0.3,-1,-1,-1,0,6,-1,0,-1,-1,0,6,edgeCount
660,113,161,graphml/Deltacom.graphml,2,,clustered,0.6;-0.3,20,20,10,10,0,18,8,18,18,8,0,edgeCount
659,113,161,graphml/Deltacom.graphml,4,,clustered,0.6;-0.3,25,15,9,16,0,37,28,37,37,28,0,edgeCount
658,113,161,graphml/Deltacom.graphml,2,,clustered,0.6;-0.3,-1,-1,-1,0,2,-1,0,-1,-1,0,2,edgeCount
657,113,161,graphml/Deltacom.graphml,2,,clustered,0.6;-0.3,-1,-1,-1,0,0,-1,0,-1,-1,0,0,edgeCount
656,113,161,graphml/Deltacom.graphml,3,,clustered,0.6;-0.3,6,6,6,0,0,6,0,6,6,0,0,edgeCount
655,113,161,graphml/Deltacom.graphml,2,,clustered,0.6;-0.3,7,7,7,0,0,7,0,7,7,0,0,edgeCount
654,113,161,graphml/Deltacom.graphml,2,,clustered,0.6;-0.3,-1,-1,10,-11,4,-1,-11,-1,-1,-11,4,edgeCount
653,113,161,graphml/Deltacom.graphml,2,,clustered,0.6;-0.3,4,5,4,0,2,8,4,8,8,4,2,edgeCount
652,113,161,graphml/Deltacom.graphml,2,,clustered,0.6;-0.3,-1,-1,-1,0,0,-1,0,-1,-1,0,0,edgeCount
651,113,161,graphml/Deltacom.graphml,2,,clustered,0.6;-0.3,9,9,9,0,0,9,0,9,9,0,0,edgeCount
650,113,161,graphml/Deltacom.graphml,2,,clustered,0.6;-0.3,38,38,17,21,0,38,21,38,38,21,0,edgeCount
649,113,161,graphml/Deltacom.graphml,2,,clustered,0.6;-0.3,24,6,5,19,0,6,1,6,6,1,0,edgeCount
648,113,161,graphml/Deltacom.graphml,2,,clustered,0.6;-0.3,9,9,8,1,0,9,1,9,9,1,0,edgeCount
647,113,161,graphml/Deltacom.graphml,2,,clustered,0.6;-0.3,37,73,9,28,4,9,0,9,9,0,4,edgeCount
646,113,161,graphml/Deltacom.graphml,2,,clustered,0.6;-0.3,13,11,10,3,6,27,17,27,27,17,6,edgeCount
645,113,161,graphml/Deltacom.graphml,1,,clustered,0.6;-0.3,-1,-1,-1,0,2,-1,0,-1,-1,0,2,edgeCount
644,113,161,graphml/Deltacom.graphml,2,,clustered,0.6;-0.3,10,30,9,1,0,26,17,26,26,17,0,edgeCount
643,113,161,graphml/Deltacom.graphml,2,,clustered,0.6;-0.3,15,15,15,0,0,15,0,15,15,0,0,edgeCount
642,113,161,graphml/Deltacom.graphml,2,,clustered,0.6;-0.3,11,5,5,6,6,5,0,5,23,0,6,edgeCount
641,113,161,graphml/Deltacom.graphml,2,,clustered,0.6;-0.3,39,15,9,30,2,-1,-10,-1,-1,-10,2,edgeCount
640,113,161,graphml/Deltacom.graphml,4,,clustered,0.6;-0.3,8,16,4,4,2,-1,-5,16,16,12,2,edgeCount
639,113,161,graphml/Deltacom.graphml,2,,clustered,0.6;-0.3,-1,-1,9,-10,2,-1,-10,-1,-1,-10,2,edgeCount
638,113,161,graphml/Deltacom.graphml,4,,clustered,0.6;-0.3,20,40,8,12,0,38,30,38,38,30,0,edgeCount
637,113,161,graphml/Deltacom.graphml,2,,clustered,0.6;-0.3,38,16,13,25,0,-1,-14,-1,-1,-14,0,edgeCount
636,113,161,graphml/Deltacom.graphml,2,,clustered,0.6;-0.3,31,13,8,23,2,-1,-9,23,23,15,2,edgeCount
635,113,161,graphml/Deltacom.graphml,2,,clustered,0.6;-0.3,-1,-1,-1,0,0,-1,0,-1,-1,0,0,edgeCount
634,113,161,graphml/Deltacom.graphml,1,,clustered,0.6;-0.3,15,15,15,0,4,15,0,15,15,0,4,edgeCount
633,113,161,graphml/Deltacom.graphml,2,,clustered,0.6;-0.3,-1,-1,-1,0,0,-1,0,-1,-1,0,0,edgeCount
632,113,161,graphml/Deltacom.graphml,2,,clustered,0.6;-0.3,37,37,14,23,0,37,23,37,37,23,0,edgeCount
631,113,161,graphml/Deltacom.graphml,2,,clustered,0.6;-0.3,7,9,7,0,2,15,8,15,15,8,2,edgeCount
630,113,161,graphml/Deltacom.graphml,2,,clustered,0.6;-0.3,7,25,7,0,2,13,6,13,13,6,2,edgeCount
629,113,161,graphml/Deltacom.graphml,2,,clustered,0.6;-0.3,6,6,6,0,6,8,2,8,36,2,6,edgeCount
628,113,161,graphml/Deltacom.graphml,2,,clustered,0.6;-0.3,15,9,8,7,2,-1,-9,33,33,25,2,edgeCount
627,113,161,graphml/Deltacom.graphml,2,,clustered,0.6;-0.3,11,11,5,6,0,11,6,11,11,6,0,edgeCount
626,113,161,graphml/Deltacom.graphml,2,,clustered,0.6;-0.3,49,19,17,32,0,-1,-18,-1,-1,-18,0,edgeCount
625,113,161,graphml/Deltacom.graphml,2,,clustered,0.6;-0.3,22,8,8,14,0,8,0,8,8,0,0,edgeCount
624,113,161,graphml/Deltacom.graphml,1,,clustered,0.6;-0.3,11,11,11,0,0,11,0,11,11,0,0,edgeCount
623,113,161,graphml/Deltacom.graphml,2,,clustered,0.6;-0.3,6,8,4,2,0,8,4,8,8,4,0,edgeCount
622,113,161,graphml/Deltacom.graphml,2,,clustered,0.6;-0.3,11,13,3,8,0,3,0,3,3,0,0,edgeCount
621,113,161,graphml/Deltacom.graphml,2,,clustered,0.6;-0.3,13,13,7,6,0,13,6,13,13,6,0,edgeCount
620,113,161,graphml/Deltacom.graphml,2,,clustered,0.6;-0.3,22,26,8,14,4,8,0,8,8,0,4,edgeCount
619,113,161,graphml/Deltacom.graphml,2,,clustered,0.6;-0.3,28,28,10,18,0,28,18,28,28,18,0,edgeCount
618,113,161,graphml/Deltacom.graphml,2,,clustered,0.6;-0.3,17,18,12,5,2,12,0,12,12,0,2,edgeCount
617,113,161,graphml/Deltacom.graphml,2,,clustered,0.6;-0.3,4,4,4,0,0,4,0,4,4,0,0,edgeCount
616,113,161,graphml/Deltacom.graphml,3,,clustered,0.6;-0.3,50,50,12,38,0,50,38,50,50,38,0,edgeCount
615,113,161,graphml/Deltacom.graphml,2,,clustered,0.6;-0.3,44,18,14,30,6,-1,-15,34,30,20,4,edgeCount
614,113,161,graphml/Deltacom.graphml,2,,clustered,0.6;-0.3,18,10,5,13,6,-1,-6,-1,-1,-6,6,edgeCount
613,113,161,graphml/Deltacom.graphml,2,,clustered,0.6;-0.3,38,18,13,25,2,-1,-14,31,29,18,2,edgeCount
612,113,161,graphml/Deltacom.graphml,2,,clustered,0.6;-0.3,41,17,11,30,4,-1,-12,-1,-1,-12,4,edgeCount
611,113,161,graphml/Deltacom.graphml,2,,clustered,0.6;-0.3,10,10,10,0,0,-1,-11,10,10,0,0,edgeCount
610,113,161,graphml/Deltacom.graphml,3,,clustered,0.6;-0.3,50,16,11,39,0,-1,-12,-1,-1,-12,0,edgeCount
609,113,161,graphml/Deltacom.graphml,3,,clustered,0.6;-0.3,12,20,9,3,0,20,11,20,20,11,0,edgeCount
608,113,161,graphml/Deltacom.graphml,2,,clustered,0.6;-0.3,23,9,9,14,0,9,0,9,9,0,0,edgeCount
607,113,161,graphml/Deltacom.graphml,3,,clustered,0.6;-0.3,-1,-1,-1,0,0,-1,0,-1,-1,0,0,edgeCount
606,113,161,graphml/Deltacom.graphml,3,,clustered,0.6;-0.3,-1,-1,-1,0,0,-1,0,-1,-1,0,0,edgeCount
605,113,161,graphml/Deltacom.graphml,2,,clustered,0.6;-0.3,6,6,6,0,0,6,0,6,6,0,0,edgeCount
604,113,161,graphml/Deltacom.graphml,2,,clustered,0.6;-0.3,8,19,7,1,2,20,13,20,20,13,2,edgeCount
603,113,161,graphml/Deltacom.graphml,3,,clustered,0.6;-0.3,5,5,5,0,2,5,0,5,5,0,2,edgeCount
602,113,161,graphml/Deltacom.graphml,2,,clustered,0.6;-0.3,35,35,13,22,0,35,22,35,35,22,0,edgeCount
601,113,161,graphml/Deltacom.graphml,2,,clustered,0.6;-0.3,15,5,5,10,0,5,0,5,5,0,0,edgeCount
600,113,161,graphml/Deltacom.graphml,2,,clustered,0.6;-0.3,6,28,6,0,0,14,8,14,14,8,0,edgeCount
599,113,161,graphml/Deltacom.graphml,1,,clustered,0.6;-0.3,47,47,21,26,2,-1,-22,47,47,26,2,edgeCount
598,113,161,graphml/Deltacom.graphml,2,,clustered,0.6;-0.3,29,11,11,18,2,11,0,29,11,18,2,edgeCount
597,113,161,graphml/Deltacom.graphml,2,,clustered,0.6;-0.3,8,8,8,0,0,8,0,8,8,0,0,edgeCount
596,113,161,graphml/Deltacom.graphml,1,,clustered,0.6;-0.3,6,18,6,0,6,6,0,6,18,0,6,edgeCount
595,113,161,graphml/Deltacom.graphml,2,,clustered,0.6;-0.3,-1,-1,-1,0,0,-1,0,-1,-1,0,0,edgeCount
594,113,161,graphml/Deltacom.graphml,2,,clustered,0.6;-0.3,13,13,13,0,2,13,0,13,13,0,2,edgeCount
593,113,161,graphml/Deltacom.graphml,1,,clustered,0.6;-0.3,7,7,7,0,0,7,0,7,7,0,0,edgeCount
592,113,161,graphml/Deltacom.graphml,4,,clustered,0.6;-0.3,36,68,5,31,8,40,35,26,52,21,8,edgeCount
591,113,161,graphml/Deltacom.graphml,2,,clustered,0.6;-0.3,15,19,9,6,4,9,0,9,9,0,2,edgeCount
590,113,161,graphml/Deltacom.graphml,2,,clustered,0.6;-0.3,9,11,3,6,0,3,0,3,3,0,0,edgeCount
589,113,161,graphml/Deltacom.graphml,4,,clustered,0.6;-0.3,7,7,6,1,0,7,1,7,7,1,0,edgeCount
588,113,161,graphml/Deltacom.graphml,3,,clustered,0.6;-0.3,5,5,5,0,0,5,0,5,5,0,0,edgeCount
587,113,161,graphml/Deltacom.graphml,1,,clustered,0.6;-0.3,-1,-1,-1,0,2,-1,0,-1,-1,0,2,edgeCount
586,113,161,graphml/Deltacom.graphml,2,,clustered,0.6;-0.3,-1,-1,-1,0,0,-1,0,-1,-1,0,0,edgeCount
585,113,161,graphml/Deltacom.graphml,2,,clustered,0.6;-0.3,-1,-1,-1,0,0,-1,0,-1,-1,0,0,edgeCount
584,113,161,graphml/Deltacom.graphml,4,,clustered,0.6;-0.3,-1,-1,-1,0,0,-1,0,-1,-1,0,0,edgeCount
583,113,161,graphml/Deltacom.graphml,1,,clustered,0.6;-0.3,-1,-1,10,-11,2,-1,-11,-1,-1,-11,2,edgeCount
582,113,161,graphml/Deltacom.graphml,2,,clustered,0.6;-0.3,4,4,4,0,0,4,0,4,4,0,0,edgeCount
581,113,161,graphml/Deltacom.graphml,2,,clustered,0.6;-0.3,50,50,15,35,0,50,35,50,50,35,0,edgeCount
580,113,161,graphml/Deltacom.graphml,2,,clustered,0.6;-0.3,11,33,7,4,4,9,2,9,9,2,4,edgeCount
579,113,161,graphml/Deltacom.graphml,4,,clustered,0.6;-0.3,11,39,7,4,2,29,22,29,29,22,2,edgeCount
578,113,161,graphml/Deltacom.graphml,1,,clustered,0.6;-0.3,8,8,8,0,0,8,0,8,8,0,0,edgeCount
577,113,161,graphml/Deltacom.graphml,2,,clustered,0.6;-0.3,11,5,5,6,2,5,0,5,5,0,2,edgeCount
576,113,161,graphml/Deltacom.graphml,1,,clustered,0.6;-0.3,-1,-1,-1,0,0,-1,0,-1,-1,0,0,edgeCount
575,113,161,graphml/Deltacom.graphml,2,,clustered,0.6;-0.3,5,5,5,0,0,5,0,5,5,0,0,edgeCount
574,113,161,graphml/Deltacom.graphml,1,,clustered,0.6;-0.3,-1,-1,-1,0,2,-1,0,-1,-1,0,2,edgeCount
573,113,161,graphml/Deltacom.graphml,2,,clustered,0.6;-0.3,3,7,3,0,0,3,0,3,3,0,0,edgeCount
572,113,161,graphml/Deltacom.graphml,2,,clustered,0.6;-0.3,36,36,14,22,0,36,22,36,36,22,0,edgeCount
571,113,161,graphml/Deltacom.graphml,1,,clustered,0.6;-0.3,19,19,6,13,6,-1,-7,19,19,13,6,edgeCount
570,113,161,graphml/Deltacom.graphml,2,,clustered,0.6;-0.3,-1,-1,-1,0,0,-1,0,-1,-1,0,0,edgeCount
569,113,161,graphml/Deltacom.graphml,2,,clustered,0.6;-0.3,28,30,8,20,0,8,0,8,8,0,0,edgeCount
568,113,161,graphml/Deltacom.graphml,4,,clustered,0.6;-0.3,24,50,8,16,6,42,34,24,42,16,6,edgeCount
567,113,161,graphml/Deltacom.graphml,1,,clustered,0.6;-0.3,-1,-1,-1,0,0,-1,0,-1,-1,0,0,edgeCount
566,113,161,graphml/Deltacom.graphml,3,,clustered,0.6;-0.3,46,8,7,39,0,8,1,8,8,1,0,edgeCount
565,113,161,graphml/Deltacom.graphml,2,,clustered,0.6;-0.3,16,16,15,1,2,16,1,16,16,1,2,edgeCount
564,113,161,graphml/Deltacom.graphml,2,,clustered,0.6;-0.3,33,15,10,23,2,-1,-11,32,32,22,2,edgeCount
563,113,161,graphml/Deltacom.graphml,3,,clustered,0.6;-0.3,27,31,7,20,2,7,0,7,7,0,2,edgeCount
562,113,161,graphml/Deltacom.graphml,2,,clustered,0.6;-0.3,11,16,9,2,0,23,14,23,23,14,0,edgeCount
561,113,161,graphml/Deltacom.graphml,2,,clustered,0.6;-0.3,10,32,10,0,0,-1,-11,22,22,12,0,edgeCount
560,113,161,graphml/Deltacom.graphml,2,,clustered,0.6;-0.3,13,13,3,10,0,3,0,3,3,0,0,edgeCount
559,113,161,graphml/Deltacom.graphml,2,,clustered,0.6;-0.3,-1,-1,-1,0,6,-1,0,-1,-1,0,4,edgeCount
558,113,161,graphml/Deltacom.graphml,2,,clustered,0.6;-0.3,26,6,6,20,0,6,0,6,6,0,0,edgeCount
557,113,161,graphml/Deltacom.graphml,2,,clustered,0.6;-0.3,50,20,13,37,0,-1,-14,-1,-1,-14,0,edgeCount
556,113,161,graphml/Deltacom.graphml,1,,clustered,0.6;-0.3,15,15,15,0,2,15,0,15,15,0,2,edgeCount
555,113,161,graphml/Deltacom.graphml,2,,clustered,0.6;-0.3,17,5,5,12,0,5,0,5,5,0,0,edgeCount
554,113,161,graphml/Deltacom.graphml,3,,clustered,0.6;-0.3,25,26,5,20,10,5,0,5,5,0,10,edgeCount
553,113,161,graphml/Deltacom.graphml,2,,clustered,0.6;-0.3,23,23,9,14,0,23,14,23,23,14,0,edgeCount
552,113,161,graphml/Deltacom.graphml,3,,clustered,0.6;-0.3,24,8,8,16,0,8,0,8,8,0,0,edgeCount
551,113,161,graphml/Deltacom.graphml,2,,clustered,0.6;-0.3,-1,-1,-1,0,0,-1,0,-1,-1,0,0,edgeCount
550,113,161,graphml/Deltacom.graphml,2,,clustered,0.6;-0.3,31,31,14,17,0,29,15,29,29,15,0,edgeCount
549,113,161,graphml/Deltacom.graphml,2,,clustered,0.6;-0.3,27,23,7,20,0,7,0,7,7,0,0,edgeCount
548,113,161,graphml/Deltacom.graphml,2,,clustered,0.6;-0.3,-1,-1,15,-16,0,-1,-16,-1,-1,-16,0,edgeCount
547,113,161,graphml/Deltacom.graphml,2,,clustered,0.6;-0.3,31,31,10,21,0,11,1,11,11,1,0,edgeCount
546,113,161,graphml/Deltacom.graphml,2,,clustered,0.6;-0.3,-1,-1,11,-12,2,-1,-12,-1,-1,-12,2,edgeCount
545,113,161,graphml/Deltacom.graphml,2,,clustered,0.6;-0.3,29,15,12,17,0,-1,-13,-1,-1,-13,0,edgeCount
544,113,161,graphml/Deltacom.graphml,2,,clustered,0.6;-0.3,19,19,3,16,2,3,0,3,3,0,2,edgeCount
543,113,161,graphml/Deltacom.graphml,2,,clustered,0.6;-0.3,-1,-1,-1,0,0,-1,0,-1,-1,0,0,edgeCount
542,113,161,graphml/Deltacom.graphml,2,,clustered,0.6;-0.3,5,5,5,0,0,5,0,5,5,0,0,edgeCount
541,113,161,graphml/Deltacom.graphml,2,,clustered,0.6;-0.3,8,10,7,1,4,14,7,8,10,1,4,edgeCount
540,113,161,graphml/Deltacom.graphml,2,,clustered,0.6;-0.3,63,23,10,53,2,-1,-11,40,28,30,2,edgeCount
539,113,161,graphml/Deltacom.graphml,2,,clustered,0.6;-0.3,25,7,7,18,4,7,0,7,7,0,4,edgeCount
538,113,161,graphml/Deltacom.graphml,2,,clustered,0.6;-0.3,21,5,5,16,6,5,0,5,5,0,6,edgeCount
537,113,161,graphml/Deltacom.graphml,4,,clustered,0.6;-0.3,45,45,8,37,0,-1,-9,-1,-1,-9,0,edgeCount
536,113,161,graphml/Deltacom.graphml,4,,clustered,0.6;-0.3,8,8,7,1,0,-1,-8,-1,-1,-8,0,edgeCount
535,113,161,graphml/Deltacom.graphml,2,,clustered,0.6;-0.3,37,37,15,22,0,37,22,37,37,22,0,edgeCount
534,113,161,graphml/Deltacom.graphml,2,,clustered,0.6;-0.3,-1,-1,11,-12,10,-1,-12,-1,-1,-12,10,edgeCount
533,113,161,graphml/Deltacom.graphml,2,,clustered,0.6;-0.3,8,8,7,1,0,8,1,8,8,1,0,edgeCount
532,113,161,graphml/Deltacom.graphml,1,,clustered,0.6;-0.3,-1,-1,-1,0,0,-1,0,-1,-1,0,0,edgeCount
531,113,161,graphml/Deltacom.graphml,2,,clustered,0.6;-0.3,34,20,10,24,2,-1,-11,30,16,20,2,edgeCount
530,113,161,graphml/Deltacom.graphml,2,,clustered,0.6;-0.3,6,4,4,2,0,8,4,8,8,4,0,edgeCount
529,113,161,graphml/Deltacom.graphml,2,,clustered,0.6;-0.3,-1,-1,-1,0,6,-1,0,-1,-1,0,4,edgeCount
528,113,161,graphml/Deltacom.graphml,2,,clustered,0.6;-0.3,-1,-1,-1,0,0,-1,0,-1,-1,0,0,edgeCount
527,113,161,graphml/Deltacom.graphml,1,,clustered,0.6;-0.3,12,12,12,0,0,12,0,12,12,0,0,edgeCount
526,113,161,graphml/Deltacom.graphml,2,,clustered,0.6;-0.3,8,7,6,2,6,7,1,7,7,1,4,edgeCount
525,113,161,graphml/Deltacom.graphml,2,,clustered,0.6;-0.3,-1,-1,-1,0,0,-1,0,-1,-1,0,0,edgeCount
524,113,161,graphml/Deltacom.graphml,2,,clustered,0.6;-0.3,12,10,5,7,4,-1,-6,12,10,7,4,edgeCount
523,113,161,graphml/Deltacom.graphml,2,,clustered,0.6;-0.3,16,16,6,10,0,6,0,6,6,0,0,edgeCount
522,113,161,graphml/Deltacom.graphml,2,,clustered,0.6;-0.3,8,18,5,3,6,12,7,14,14,9,6,edgeCount
521,113,161,graphml/Deltacom.graphml,2,,clustered,0.6;-0.3,5,5,5,0,0,5,0,5,5,0,0,edgeCount
520,113,161,graphml/Deltacom.graphml,2,,clustered,0.6;-0.3,48,48,20,28,0,48,28,48,48,28,0,edgeCount
519,113,161,graphml/Deltacom.graphml,2,,clustered,0.6;-0.3,9,21,6,3,2,19,13,19,49,13,2,edgeCount
518,113,161,graphml/Deltacom.graphml,4,,clustered,0.6;-0.3,9,9,5,4,0,19,14,19,19,14,0,edgeCount
517,113,161,graphml/Deltacom.graphml,2,,clustered,0.6;-0.3,-1,-1,-1,0,0,-1,0,-1,-1,0,0,edgeCount
516,113,161,graphml/Deltacom.graphml,2,,clustered,0.6;-0.3,13,13,13,0,0,13,0,13,13,0,0,edgeCount
515,113,161,graphml/Deltacom.graphml,1,,clustered,0.6;-0.3,11,11,11,0,2,11,0,11,11,0,2,edgeCount
514,113,161,graphml/Deltacom.graphml,2,,clustered,0.6;-0.3,-1,-1,-1,0,0,-1,0,-1,-1,0,0,edgeCount
513,113,161,graphml/Deltacom.graphml,3,,clustered,0.6;-0.3,-1,-1,-1,0,2,-1,0,-1,-1,0,2,edgeCount
512,113,161,graphml/Deltacom.graphml,3,,clustered,0.6;-0.3,3,3,3,0,0,3,0,3,3,0,0,edgeCount
511,113,161,graphml/Deltacom.graphml,2,,clustered,0.6;-0.3,44,18,12,32,4,-1,-13,40,22,28,4,edgeCount
510,113,161,graphml/Deltacom.graphml,2,,clustered,0.6;-0.3,13,13,12,1,0,13,1,13,13,1,0,edgeCount
509,113,161,graphml/Deltacom.graphml,1,,clustered,0.6;-0.3,9,9,9,0,0,9,0,9,9,0,0,edgeCount
508,113,161,graphml/Deltacom.graphml,2,,clustered,0.6;-0.3,21,19,5,16,2,-1,-6,23,17,18,2,edgeCount
507,113,161,graphml/Deltacom.graphml,2,,clustered,0.6;-0.3,28,28,14,14,0,28,14,28,28,14,0,edgeCount
506,113,161,graphml/Deltacom.graphml,3,,clustered,0.6;-0.3,-1,-1,-1,0,4,-1,0,-1,-1,0,4,edgeCount
505,113,161,graphml/Deltacom.graphml,2,,clustered,0.6;-0.3,11,5,5,6,0,-1,-6,-1,-1,-6,0,edgeCount
504,113,161,graphml/Deltacom.graphml,2,,clustered,0.6;-0.3,-1,-1,-1,0,0,-1,0,-1,-1,0,0,edgeCount
503,113,161,graphml/Deltacom.graphml,2,,clustered,0.6;-0.3,8,6,6,2,4,6,0,8,6,2,4,edgeCount
502,113,161,graphml/Deltacom.graphml,1,,clustered,0.6;-0.3,-1,-1,-1,0,2,-1,0,-1,-1,0,2,edgeCount
501,113,161,graphml/Deltacom.graphml,3,,clustered,0.6;-0.3,14,14,2,12,0,2,0,2,2,0,0,edgeCount
500,113,161,graphml/Deltacom.graphml,2,,clustered,0.6;-0.3,41,33,8,33,4,-1,-9,18,38,10,4,edgeCount
499,113,161,graphml/Deltacom.graphml,1,,clustered,0.6;-0.3,-1,-1,-1,0,0,-1,0,-1,-1,0,0,edgeCount
498,113,161,graphml/Deltacom.graphml,2,,clustered,0.6;-0.3,12,12,6,6,2,12,6,12,12,6,2,edgeCount
497,113,161,graphml/Deltacom.graphml,3,,clustered,0.6;-0.3,6,16,5,1,0,10,5,10,10,5,0,edgeCount
496,113,161,graphml/Deltacom.graphml,2,,clustered,0.6;-0.3,34,15,11,23,10,-1,-12,33,24,22,10,edgeCount
495,113,161,graphml/Deltacom.graphml,1,,clustered,0.6;-0.3,3,3,3,0,0,3,0,3,3,0,0,edgeCount
494,113,161,graphml/Deltacom.graphml,3,,clustered,0.6;-0.3,-1,-1,-1,0,4,-1,0,-1,-1,0,4,edgeCount
493,113,161,graphml/Deltacom.graphml,4,,clustered,0.6;-0.3,-1,-1,-1,0,2,-1,0,-1,-1,0,2,edgeCount
492,113,161,graphml/Deltacom.graphml,3,,clustered,0.6;-0.3,23,57,7,16,0,33,26,33,33,26,0,edgeCount
491,113,161,graphml/Deltacom.graphml,2,,clustered,0.6;-0.3,27,23,7,20,2,7,0,7,7,0,2,edgeCount
490,113,161,graphml/Deltacom.graphml,2,,clustered,0.6;-0.3,-1,-1,-1,0,0,-1,0,-1,-1,0,0,edgeCount
489,113,161,graphml/Deltacom.graphml,4,,clustered,0.6;-0.3,19,19,8,11,0,19,11,19,19,11,0,edgeCount
488,113,161,graphml/Deltacom.graphml,2,,clustered,0.6;-0.3,29,29,11,18,0,29,18,29,29,18,0,edgeCount
487,113,161,graphml/Deltacom.graphml,1,,clustered,0.6;-0.3,3,3,3,0,0,3,0,3,3,0,0,edgeCount
486,113,161,graphml/Deltacom.graphml,3,,clustered,0.6;-0.3,39,39,14,25,4,-1,-15,39,39,25,4,edgeCount
485,113,161,graphml/Deltacom.graphml,3,,clustered,0.6;-0.3,24,42,8,16,0,34,26,34,34,26,0,edgeCount
484,113,161,graphml/Deltacom.graphml,3,,clustered,0.6;-0.3,-1,-1,-1,0,0,-1,0,-1,-1,0,0,edgeCount
483,113,161,graphml/Deltacom.graphml,1,,clustered,0.6;-0.3,13,13,9,4,4,-1,-10,13,13,4,4,edgeCount
482,113,161,graphml/Deltacom.graphml,2,,clustered,0.6;-0.3,68,16,13,55,2,-1,-14,59,59,46,2,edgeCount
481,113,161,graphml/Deltacom.graphml,2,,clustered,0.6;-0.3,10,38,9,1,0,24,15,24,24,15,0,edgeCount
480,113,161,graphml/Deltacom.graphml,3,,clustered,0.6;-0.3,2,2,2,0,0,2,0,2,2,0,0,edgeCount
479,113,161,graphml/Deltacom.graphml,2,,clustered,0.6;-0.3,10,9,9,1,0,10,1,10,9,1,0,edgeCount
478,113,161,graphml/Deltacom.graphml,2,,clustered,0.6;-0.3,21,17,5,16,0,-1,-6,-1,-1,-6,0,edgeCount
477,113,161,graphml/Deltacom.graphml,2,,clustered,0.6;-0.3,-1,-1,-1,0,0,-1,0,-1,-1,0,0,edgeCount
476,113,161,graphml/Deltacom.graphml,2,,clustered,0.6;-0.3,11,8,8,3,0,8,0,8,8,0,0,edgeCount
475,113,161,graphml/Deltacom.graphml,1,,clustered,0.6;-0.3,-1,-1,-1,0,2,-1,0,-1,-1,0,2,edgeCount
474,113,161,graphml/Deltacom.graphml,2,,clustered,0.6;-0.3,8,8,8,0,0,-1,-9,8,8,0,0,edgeCount
473,113,161,graphml/Deltacom.graphml,2,,clustered,0.6;-0.3,40,12,12,28,2,12,0,12,12,0,2,edgeCount
472,113,161,graphml/Deltacom.graphml,4,,clustered,0.6;-0.3,-1,-1,-1,0,0,-1,0,-1,-1,0,0,edgeCount
471,113,161,graphml/Deltacom.graphml,1,,clustered,0.6;-0.3,-1,-1,-1,0,0,-1,0,-1,-1,0,0,edgeCount
470,113,161,graphml/Deltacom.graphml,2,,clustered,0.6;-0.3,40,18,12,28,2,12,0,12,12,0,2,edgeCount
469,113,161,graphml/Deltacom.graphml,2,,clustered,0.6;-0.3,24,8,8,16,0,8,0,8,8,0,0,edgeCount
468,113,161,graphml/Deltacom.graphml,4,,clustered,0.6;-0.3,13,5,5,8,0,5,0,5,5,0,0,edgeCount
467,113,161,graphml/Deltacom.graphml,2,,clustered,0.6;-0.3,29,9,9,20,6,-1,-10,33,33,24,6,edgeCount
466,113,161,graphml/Deltacom.graphml,2,,clustered,0.6;-0.3,-1,-1,-1,0,0,-1,0,-1,-1,0,0,edgeCount
465,113,161,graphml/Deltacom.graphml,2,,clustered,0.6;-0.3,39,17,15,24,4,-1,-16,45,31,30,4,edgeCount
464,113,161,graphml/Deltacom.graphml,1,,clustered,0.6;-0.3,-1,-1,19,-20,14,-1,-20,-1,-1,-20,14,edgeCount
463,113,161,graphml/Deltacom.graphml,3,,clustered,0.6;-0.3,35,40,9,26,0,53,44,53,53,44,0,edgeCount
462,113,161,graphml/Deltacom.graphml,2,,clustered,0.6;-0.3,-1,-1,7,-8,0,-1,-8,-1,-1,-8,0,edgeCount
461,113,161,graphml/Deltacom.graphml,4,,clustered,0.6;-0.3,2,2,2,0,0,2,0,2,2,0,0,edgeCount
460,113,161,graphml/Deltacom.graphml,4,,clustered,0.6;-0.3,101,17,11,90,0,-1,-12,-1,-1,-12,0,edgeCount
459,113,161,graphml/Deltacom.graphml,3,,clustered,0.6;-0.3,21,21,7,14,0,21,14,21,21,14,0,edgeCount
458,113,161,graphml/Deltacom.graphml,2,,clustered,0.6;-0.3,-1,-1,6,-7,0,-1,-7,-1,-1,-7,0,edgeCount
457,113,161,graphml/Deltacom.graphml,2,,clustered,0.6;-0.3,11,11,11,0,2,11,0,11,11,0,2,edgeCount
456,113,161,graphml/Deltacom.graphml,2,,clustered,0.6;-0.3,-1,-1,-1,0,0,-1,0,-1,-1,0,0,edgeCount
455,113,161,graphml/Deltacom.graphml,1,,clustered,0.6;-0.3,-1,-1,-1,0,4,-1,0,-1,-1,0,4,edgeCount
454,113,161,graphml/Deltacom.graphml,2,,clustered,0.6;-0.3,42,20,9,33,4,-1,-10,-1,-1,-10,4,edgeCount
453,113,161,graphml/Deltacom.graphml,2,,clustered,0.6;-0.3,16,16,11,5,2,-1,-12,16,16,5,2,edgeCount
452,113,161,graphml/Deltacom.graphml,2,,clustered,0.6;-0.3,10,40,10,0,6,-1,-11,-1,-1,-11,4,edgeCount
451,113,161,graphml/Deltacom.graphml,1,,clustered,0.6;-0.3,13,17,6,7,6,-1,-7,13,17,7,6,edgeCount
450,113,161,graphml/Deltacom.graphml,2,,clustered,0.6;-0.3,30,10,10,20,2,10,0,30,10,20,2,edgeCount
449,113,161,graphml/Deltacom.graphml,2,,clustered,0.6;-0.3,10,40,5,5,2,18,13,18,18,13,2,edgeCount
448,113,161,graphml/Deltacom.graphml,3,,clustered,0.6;-0.3,54,54,10,44,0,54,44,54,54,44,0,edgeCount
447,113,161,graphml/Deltacom.graphml,1,,clustered,0.6;-0.3,-1,-1,-1,0,2,-1,0,-1,-1,0,2,edgeCount
446,113,161,graphml/Deltacom.graphml,3,,clustered,0.6;-0.3,-1,-1,8,-9,4,-1,-9,33,23,25,4,edgeCount
445,113,161,graphml/Deltacom.graphml,2,,clustered,0.6;-0.3,14,17,13,1,2,32,19,32,32,19,2,edgeCount
444,113,161,graphml/Deltacom.graphml,2,,clustered,0.6;-0.3,63,21,14,49,2,-1,-15,61,61,47,2,edgeCount
443,113,161,graphml/Deltacom.graphml,4,,clustered,0.6;-0.3,76,76,9,67,0,76,67,76,76,67,0,edgeCount
442,113,161,graphml/Deltacom.graphml,2,,clustered,0.6;-0.3,9,17,8,1,0,17,9,17,17,9,0,edgeCount
441,113,161,graphml/Deltacom.graphml,2,,clustered,0.6;-0.3,-1,-1,8,-9,0,-1,-9,-1,-1,-9,0,edgeCount
440,113,161,graphml/Deltacom.graphml,3,,clustered,0.6;-0.3,19,19,7,12,0,19,12,19,19,12,0,edgeCount
439,113,161,graphml/Deltacom.graphml,2,,clustered,0.6;-0.3,-1,-1,7,-8,0,-1,-8,-1,-1,-8,0,edgeCount
438,113,161,graphml/Deltacom.graphml,1,,clustered,0.6;-0.3,31,23,8,23,6,-1,-9,31,23,23,6,edgeCount
437,113,161,graphml/Deltacom.graphml,2,,clustered,0.6;-0.3,24,82,15,9,6,-1,-16,50,50,35,4,edgeCount
436,113,161,graphml/Deltacom.graphml,2,,clustered,0.6;-0.3,-1,-1,8,-9,2,-1,-9,-1,-1,-9,2,edgeCount
435,113,161,graphml/Deltacom.graphml,2,,clustered,0.6;-0.3,-1,-1,-1,0,0,-1,0,-1,-1,0,0,edgeCount
434,113,161,graphml/Deltacom.graphml,2,,clustered,0.6;-0.3,-1,-1,7,-8,0,-1,-8,-1,-1,-8,0,edgeCount
433,113,161,graphml/Deltacom.graphml,2,,clustered,0.6;-0.3,11,11,11,0,0,11,0,11,11,0,0,edgeCount
432,113,161,graphml/Deltacom.graphml,2,,clustered,0.6;-0.3,8,8,4,4,0,8,4,8,8,4,0,edgeCount
431,113,161,graphml/Deltacom.graphml,2,,clustered,0.6;-0.3,-1,-1,-1,0,0,-1,0,-1,-1,0,0,edgeCount
430,113,161,graphml/Deltacom.graphml,2,,clustered,0.6;-0.3,-1,-1,-1,0,0,-1,0,-1,-1,0,0,edgeCount
429,113,161,graphml/Deltacom.graphml,1,,clustered,0.6;-0.3,7,7,7,0,2,7,0,7,7,0,2,edgeCount
428,113,161,graphml/Deltacom.graphml,2,,clustered,0.6;-0.3,-1,-1,-1,0,0,-1,0,-1,-1,0,0,edgeCount
427,113,161,graphml/Deltacom.graphml,2,,clustered,0.6;-0.3,12,36,12,0,6,24,12,24,36,12,4,edgeCount
426,113,161,graphml/Deltacom.graphml,2,,clustered,0.6;-0.3,-1,-1,-1,0,0,-1,0,-1,-1,0,0,edgeCount
425,113,161,graphml/Deltacom.graphml,3,,clustered,0.6;-0.3,-1,-1,8,-9,4,-1,-9,-1,-1,-9,4,edgeCount
424,113,161,graphml/Deltacom.graphml,1,,clustered,0.6;-0.3,8,8,8,0,0,8,0,8,8,0,0,edgeCount
423,113,161,graphml/Deltacom.graphml,2,,clustered,0.6;-0.3,-1,-1,-1,0,6,-1,0,-1,-1,0,6,edgeCount
422,113,161,graphml/Deltacom.graphml,2,,clustered,0.6;-0.3,-1,-1,-1,0,2,-1,0,-1,-1,0,2,edgeCount
421,113,161,graphml/Deltacom.graphml,2,,clustered,0.6;-0.3,15,5,5,10,2,5,0,5,5,0,2,edgeCount
420,113,161,graphml/Deltacom.graphml,2,,clustered,0.6;-0.3,15,3,3,12,0,3,0,3,3,0,0,edgeCount
419,113,161,graphml/Deltacom.graphml,2,,clustered,0.6;-0.3,35,13,8,27,6,-1,-9,36,26,28,6,edgeCount
418,113,161,graphml/Deltacom.graphml,2,,clustered,0.6;-0.3,-1,-1,11,-12,0,-1,-12,-1,-1,-12,0,edgeCount
417,113,161,graphml/Deltacom.graphml,2,,clustered,0.6;-0.3,-1,-1,6,-7,0,-1,-7,-1,-1,-7,0,edgeCount
416,113,161,graphml/Deltacom.graphml,1,,clustered,0.6;-0.3,14,14,14,0,0,14,0,14,14,0,0,edgeCount
415,113,161,graphml/Deltacom.graphml,2,,clustered,0.6;-0.3,25,23,7,18,0,7,0,7,7,0,0,edgeCount
414,113,161,graphml/Deltacom.graphml,4,,clustered,0.6;-0.3,60,20,13,47,0,-1,-14,-1,-1,-14,0,edgeCount
413,113,161,graphml/Deltacom.graphml,2,,clustered,0.6;-0.3,6,6,6,0,0,6,0,6,6,0,0,edgeCount
412,113,161,graphml/Deltacom.graphml,1,,clustered,0.6;-0.3,9,9,9,0,0,9,0,9,9,0,0,edgeCount
411,113,161,graphml/Deltacom.graphml,1,,clustered,0.6;-0.3,8,22,8,0,6,8,0,8,22,0,6,edgeCount
410,113,161,graphml/Deltacom.graphml,2,,clustered,0.6;-0.3,37,37,15,22,0,37,22,37,37,22,0,edgeCount
409,113,161,graphml/Deltacom.graphml,2,,clustered,0.6;-0.3,66,20,12,54,2,-1,-13,54,40,42,2,edgeCount
408,113,161,graphml/Deltacom.graphml,1,,clustered,0.6;-0.3,7,7,7,0,0,7,0,7,7,0,0,edgeCount
407,113,161,graphml/Deltacom.graphml,2,,clustered,0.6;-0.3,-1,-1,19,-20,0,-1,-20,-1,-1,-20,0,edgeCount
406,113,161,graphml/Deltacom.graphml,1,,clustered,0.6;-0.3,7,7,7,0,4,7,0,7,7,0,4,edgeCount
405,113,161,graphml/Deltacom.graphml,2,,clustered,0.6;-0.3,16,6,6,10,6,6,0,16,6,10,6,edgeCount
404,113,161,graphml/Deltacom.graphml,2,,clustered,0.6;-0.3,33,33,13,20,0,-1,-14,33,33,20,0,edgeCount
403,113,161,graphml/Deltacom.graphml,2,,clustered,0.6;-0.3,11,11,11,0,0,31,20,11,11,0,0,edgeCount
402,113,161,graphml/Deltacom.graphml,2,,clustered,0.6;-0.3,-1,-1,-1,0,2,-1,0,-1,-1,0,2,edgeCount
401,113,161,graphml/Deltacom.graphml,2,,clustered,0.6;-0.3,13,13,13,0,0,37,24,13,13,0,0,edgeCount
400,113,161,graphml/Deltacom.graphml,3,,clustered,0.6;-0.3,11,23,10,1,0,26,16,25,25,15,0,edgeCount
399,113,161,graphml/Deltacom.graphml,2,,clustered,0.6;-0.3,28,18,8,20,4,-1,-9,-1,-1,-9,4,edgeCount
398,113,161,graphml/Deltacom.graphml,2,,clustered,0.6;-0.3,15,15,11,4,0,-1,-12,-1,-1,-12,0,edgeCount
397,113,161,graphml/Deltacom.graphml,2,,clustered,0.6;-0.3,20,18,18,2,0,-1,-19,-1,-1,-19,0,edgeCount
396,113,161,graphml/Deltacom.graphml,2,,clustered,0.6;-0.3,54,54,18,36,0,54,36,54,54,36,0,edgeCount
395,113,161,graphml/Deltacom.graphml,1,,clustered,0.6;-0.3,4,10,4,0,4,-1,-5,4,10,0,4,edgeCount
394,113,161,graphml/Deltacom.graphml,2,,clustered,0.6;-0.3,8,15,7,1,0,16,9,16,16,9,0,edgeCount
393,113,161,graphml/Deltacom.graphml,2,,clustered,0.6;-0.3,-1,-1,-1,0,0,-1,0,-1,-1,0,0,edgeCount
392,113,161,graphml/Deltacom.graphml,1,,clustered,0.6;-0.3,4,4,4,0,0,4,0,4,4,0,0,edgeCount
391,113,161,graphml/Deltacom.graphml,2,,clustered,0.6;-0.3,-1,-1,-1,0,0,-1,0,-1,-1,0,0,edgeCount
390,113,161,graphml/Deltacom.graphml,2,,clustered,0.6;-0.3,35,13,9,26,0,-1,-10,-1,-1,-10,0,edgeCount
389,113,161,graphml/Deltacom.graphml,3,,clustered,0.6;-0.3,9,20,6,3,2,40,34,6,6,0,2,edgeCount
388,113,161,graphml/Deltacom.graphml,2,,clustered,0.6;-0.3,14,52,11,3,4,32,21,32,62,21,2,edgeCount
387,113,161,graphml/Deltacom.graphml,1,,clustered,0.6;-0.3,-1,-1,-1,0,0,-1,0,-1,-1,0,0,edgeCount
386,113,161,graphml/Deltacom.graphml,2,,clustered,0.6;-0.3,6,6,6,0,2,6,0,6,6,0,2,edgeCount
385,113,161,graphml/Deltacom.graphml,2,,clustered,0.6;-0.3,43,33,11,32,0,11,0,11,11,0,0,edgeCount
384,113,161,graphml/Deltacom.graphml,2,,clustered,0.6;-0.3,-1,-1,-1,0,0,-1,0,-1,-1,0,0,edgeCount
383,113,161,graphml/Deltacom.graphml,2,,clustered,0.6;-0.3,32,21,8,24,4,8,0,8,8,0,4,edgeCount
382,113,161,graphml/Deltacom.graphml,2,,clustered,0.6;-0.3,7,19,6,1,0,13,7,13,13,7,0,edgeCount
381,113,161,graphml/Deltacom.graphml,2,,clustered,0.6;-0.3,17,17,8,9,0,17,9,17,17,9,0,edgeCount
380,113,161,graphml/Deltacom.graphml,2,,clustered,0.6;-0.3,15,15,12,3,0,15,3,15,15,3,0,edgeCount
379,113,161,graphml/Deltacom.graphml,3,,clustered,0.6;-0.3,11,18,10,1,4,17,7,17,17,7,2,edgeCount
378,113,161,graphml/Deltacom.graphml,2,,clustered,0.6;-0.3,-1,-1,-1,0,0,-1,0,-1,-1,0,0,edgeCount
377,113,161,graphml/Deltacom.graphml,2,,clustered,0.6;-0.3,16,16,16,0,0,16,0,16,16,0,0,edgeCount
376,113,161,graphml/Deltacom.graphml,1,,clustered,0.6;-0.3,-1,-1,-1,0,0,-1,0,-1,-1,0,0,edgeCount
375,113,161,graphml/Deltacom.graphml,2,,clustered,0.6;-0.3,-1,-1,5,-6,0,-1,-6,-1,-1,-6,0,edgeCount
374,113,161,graphml/Deltacom.graphml,2,,clustered,0.6;-0.3,23,23,9,14,0,23,14,23,23,14,0,edgeCount
373,113,161,graphml/Deltacom.graphml,3,,clustered,0.6;-0.3,7,13,5,2,2,17,12,17,17,12,2,edgeCount
372,113,161,graphml/Deltacom.graphml,2,,clustered,0.6;-0.3,-1,-1,9,-10,4,-1,-10,54,44,45,4,edgeCount
371,113,161,graphml/Deltacom.graphml,2,,clustered,0.6;-0.3,39,13,13,26,0,-1,-14,39,13,26,0,edgeCount
370,113,161,graphml/Deltacom.graphml,2,,clustered,0.6;-0.3,10,15,8,2,2,16,8,16,16,8,2,edgeCount
369,113,161,graphml/Deltacom.graphml,3,,clustered,0.6;-0.3,44,19,6,38,0,6,0,6,6,0,0,edgeCount
368,113,161,graphml/Deltacom.graphml,3,,clustered,0.6;-0.3,21,22,9,12,0,21,12,21,21,12,0,edgeCount
367,113,161,graphml/Deltacom.graphml,3,,clustered,0.6;-0.3,53,43,9,44,2,11,2,31,31,22,2,edgeCount
366,113,161,graphml/Deltacom.graphml,3,,clustered,0.6;-0.3,-1,-1,-1,0,0,-1,0,-1,-1,0,0,edgeCount
365,113,161,graphml/Deltacom.graphml,2,,clustered,0.6;-0.3,-1,-1,-1,0,2,-1,0,-1,-1,0,2,edgeCount
364,113,161,graphml/Deltacom.graphml,2,,clustered,0.6;-0.3,-1,-1,-1,0,0,-1,0,-1,-1,0,0,edgeCount
363,113,161,graphml/Deltacom.graphml,1,,clustered,0.6;-0.3,-1,-1,-1,0,8,-1,0,-1,-1,0,8,edgeCount
362,113,161,graphml/Deltacom.graphml,2,,clustered,0.6;-0.3,28,10,10,18,6,10,0,10,10,0,6,edgeCount
361,113,161,graphml/Deltacom.graphml,2,,clustered,0.6;-0.3,28,28,12,16,0,28,16,28,28,16,0,edgeCount
360,113,161,graphml/Deltacom.graphml,2,,clustered,0.6;-0.3,53,15,13,40,4,-1,-14,47,47,34,4,edgeCount
359,113,161,graphml/Deltacom.graphml,2,,clustered,0.6;-0.3,31,31,7,24,0,-1,-8,-1,-1,-8,0,edgeCount
358,113,161,graphml/Deltacom.graphml,2,,clustered,0.6;-0.3,-1,-1,-1,0,0,-1,0,-1,-1,0,0,edgeCount
357,113,161,graphml/Deltacom.graphml,2,,clustered,0.6;-0.3,44,44,16,28,0,44,28,44,44,28,0,edgeCount
356,113,161,graphml/Deltacom.graphml,2,,clustered,0.6;-0.3,21,21,7,14,0,7,0,7,7,0,0,edgeCount
355,113,161,graphml/Deltacom.graphml,2,,clustered,0.6;-0.3,19,13,5,14,2,-1,-6,-1,-1,-6,2,edgeCount
354,113,161,graphml/Deltacom.graphml,2,,clustered,0.6;-0.3,7,5,5,2,0,7,2,7,5,2,0,edgeCount
353,113,161,graphml/Deltacom.graphml,2,,clustered,0.6;-0.3,10,16,10,0,2,22,12,22,22,12,2,edgeCount
352,113,161,graphml/Deltacom.graphml,3,,clustered,0.6;-0.3,8,8,5,3,0,18,13,18,18,13,0,edgeCount
351,113,161,graphml/Deltacom.graphml,2,,clustered,0.6;-0.3,9,3,3,6,2,3,0,9,3,6,2,edgeCount
350,113,161,graphml/Deltacom.graphml,2,,clustered,0.6;-0.3,31,11,11,20,2,-1,-12,-1,-1,-12,2,edgeCount
349,113,161,graphml/Deltacom.graphml,1,,clustered,0.6;-0.3,6,6,6,0,0,6,0,6,6,0,0,edgeCount
348,113,161,graphml/Deltacom.graphml,3,,clustered,0.6;-0.3,8,7,6,2,0,22,16,22,7,16,0,edgeCount
347,113,161,graphml/Deltacom.graphml,2,,clustered,0.6;-0.3,-1,-1,-1,0,0,-1,0,-1,-1,0,0,edgeCount
346,113,161,graphml/Deltacom.graphml,2,,clustered,0.6;-0.3,10,12,10,0,0,10,0,10,10,0,0,edgeCount
345,113,161,graphml/Deltacom.graphml,1,,clustered,0.6;-0.3,8,8,8,0,0,8,0,8,8,0,0,edgeCount
344,113,161,graphml/Deltacom.graphml,2,,clustered,0.6;-0.3,24,24,9,15,0,24,15,24,24,15,0,edgeCount
343,113,161,graphml/Deltacom.graphml,2,,clustered,0.6;-0.3,15,15,5,10,0,15,10,15,15,10,0,edgeCount
342,113,161,graphml/Deltacom.graphml,2,,clustered,0.6;-0.3,9,33,8,1,6,17,9,17,35,9,4,edgeCount
341,113,161,graphml/Deltacom.graphml,3,,clustered,0.6;-0.3,7,7,5,2,0,13,8,13,13,8,0,edgeCount
340,113,161,graphml/Deltacom.graphml,2,,clustered,0.6;-0.3,5,10,5,0,0,9,4,9,9,4,0,edgeCount
339,113,161,graphml/Deltacom.graphml,2,,clustered,0.6;-0.3,13,13,13,0,0,13,0,13,13,0,0,edgeCount
338,113,161,graphml/Deltacom.graphml,3,,clustered,0.6;-0.3,3,3,3,0,0,3,0,3,3,0,0,edgeCount
337,113,161,graphml/Deltacom.graphml,2,,clustered,0.6;-0.3,21,21,6,15,0,21,15,21,21,15,0,edgeCount
336,113,161,graphml/Deltacom.graphml,2,,clustered,0.6;-0.3,23,5,5,18,0,5,0,5,5,0,0,edgeCount
335,113,161,graphml/Deltacom.graphml,2,,clustered,0.6;-0.3,-1,-1,-1,0,2,-1,0,-1,-1,0,2,edgeCount
334,113,161,graphml/Deltacom.graphml,2,,clustered,0.6;-0.3,28,8,8,20,2,8,0,8,8,0,2,edgeCount
333,113,161,graphml/Deltacom.graphml,2,,clustered,0.6;-0.3,-1,-1,-1,0,0,-1,0,-1,-1,0,0,edgeCount
332,113,161,graphml/Deltacom.graphml,3,,clustered,0.6;-0.3,31,24,8,23,2,27,19,27,27,19,2,edgeCount
331,113,161,graphml/Deltacom.graphml,2,,clustered,0.6;-0.3,41,41,15,26,2,15,0,15,73,0,2,edgeCount
330,113,161,graphml/Deltacom.graphml,2,,clustered,0.6;-0.3,23,7,7,16,0,7,0,7,7,0,0,edgeCount
329,113,161,graphml/Deltacom.graphml,2,,clustered,0.6;-0.3,28,28,11,17,0,-1,-12,-1,-1,-12,0,edgeCount
328,113,161,graphml/Deltacom.graphml,2,,clustered,0.6;-0.3,-1,-1,-1,0,0,-1,0,-1,-1,0,0,edgeCount
327,113,161,graphml/Deltacom.graphml,1,,clustered,0.6;-0.3,-1,-1,-1,0,2,-1,0,-1,-1,0,2,edgeCount
326,113,161,graphml/Deltacom.graphml,3,,clustered,0.6;-0.3,31,45,8,23,0,45,37,45,45,37,0,edgeCount
325,113,161,graphml/Deltacom.graphml,2,,clustered,0.6;-0.3,7,16,7,0,0,13,6,13,13,6,0,edgeCount
324,113,161,graphml/Deltacom.graphml,2,,clustered,0.6;-0.3,12,8,8,4,4,26,18,8,8,0,4,edgeCount
323,113,161,graphml/Deltacom.graphml,2,,clustered,0.6;-0.3,8,8,6,2,0,8,2,8,8,2,0,edgeCount
322,113,161,graphml/Deltacom.graphml,2,,clustered,0.6;-0.3,15,15,7,8,0,15,8,15,15,8,0,edgeCount
321,113,161,graphml/Deltacom.graphml,2,,clustered,0.6;-0.3,5,7,4,1,0,7,3,7,7,3,0,edgeCount
320,113,161,graphml/Deltacom.graphml,2,,clustered,0.6;-0.3,36,36,11,25,0,36,25,36,36,25,0,edgeCount
319,113,161,graphml/Deltacom.graphml,3,,clustered,0.6;-0.3,22,10,5,17,0,5,0,5,5,0,0,edgeCount
318,113,161,graphml/Deltacom.graphml,2,,clustered,0.6;-0.3,11,11,11,0,2,11,0,11,11,0,2,edgeCount
317,113,161,graphml/Deltacom.graphml,2,,clustered,0.6;-0.3,13,14,10,3,0,29,19,29,29,19,0,edgeCount
316,113,161,graphml/Deltacom.graphml,1,,clustered,0.6;-0.3,-1,-1,-1,0,0,-1,0,-1,-1,0,0,edgeCount
315,113,161,graphml/Deltacom.graphml,2,,clustered,0.6;-0.3,15,15,7,8,0,15,8,15,15,8,0,edgeCount
314,113,161,graphml/Deltacom.graphml,2,,clustered,0.6;-0.3,17,17,17,0,0,17,0,17,17,0,0,edgeCount
313,113,161,graphml/Deltacom.graphml,2,,clustered,0.6;-0.3,-1,-1,-1,0,0,-1,0,-1,-1,0,0,edgeCount
312,113,161,graphml/Deltacom.graphml,2,,clustered,0.6;-0.3,53,53,17,36,0,53,36,53,53,36,0,edgeCount
311,113,161,graphml/Deltacom.graphml,2,,clustered,0.6;-0.3,19,19,7,12,0,7,0,19,19,12,0,edgeCount
310,113,161,graphml/Deltacom.graphml,2,,clustered,0.6;-0.3,-1,-1,7,-8,0,-1,-8,-1,-1,-8,0,edgeCount
309,113,161,graphml/Deltacom.graphml,2,,clustered,0.6;-0.3,9,10,7,2,0,13,6,13,13,6,0,edgeCount
308,113,161,graphml/Deltacom.graphml,2,,clustered,0.6;-0.3,-1,-1,-1,0,0,-1,0,-1,-1,0,0,edgeCount
307,113,161,graphml/Deltacom.graphml,2,,clustered,0.6;-0.3,17,17,17,0,0,17,0,17,17,0,0,edgeCount
306,113,161,graphml/Deltacom.graphml,2,,clustered,0.6;-0.3,-1,-1,-1,0,2,-1,0,-1,-1,0,2,edgeCount
305,113,161,graphml/Deltacom.graphml,2,,clustered,0.6;-0.3,-1,-1,-1,0,0,-1,0,-1,-1,0,0,edgeCount
304,113,161,graphml/Deltacom.graphml,2,,clustered,0.6;-0.3,28,30,8,20,0,8,0,8,8,0,0,edgeCount
303,113,161,graphml/Deltacom.graphml,2,,clustered,0.6;-0.3,-1,-1,-1,0,0,-1,0,-1,-1,0,0,edgeCount
302,113,161,graphml/Deltacom.graphml,1,,clustered,0.6;-0.3,12,12,12,0,4,12,0,12,12,0,4,edgeCount
301,113,161,graphml/Deltacom.graphml,2,,clustered,0.6;-0.3,32,22,11,21,4,-1,-12,33,33,22,4,edgeCount
300,113,161,graphml/Deltacom.graphml,2,,clustered,0.6;-0.3,7,13,5,2,2,7,2,7,13,2,2,edgeCount
299,113,161,graphml/Deltacom.graphml,3,,clustered,0.6;-0.3,76,44,10,66,4,-1,-11,-1,-1,-11,4,edgeCount
298,113,161,graphml/Deltacom.graphml,2,,clustered,0.6;-0.3,9,18,8,1,6,23,15,23,43,15,6,edgeCount
297,113,161,graphml/Deltacom.graphml,2,,clustered,0.6;-0.3,19,7,7,12,0,-1,-8,-1,-1,-8,0,edgeCount
296,113,161,graphml/Deltacom.graphml,3,,clustered,0.6;-0.3,4,4,4,0,0,4,0,4,4,0,0,edgeCount
295,113,161,graphml/Deltacom.graphml,2,,clustered,0.6;-0.3,14,36,10,4,2,32,22,10,10,0,2,edgeCount
294,113,161,graphml/Deltacom.graphml,2,,clustered,0.6;-0.3,14,14,8,6,0,14,6,14,14,6,0,edgeCount
293,113,161,graphml/Deltacom.graphml,2,,clustered,0.6;-0.3,39,25,9,30,2,-1,-10,23,23,14,2,edgeCount
292,113,161,graphml/Deltacom.graphml,4,,clustered,0.6;-0.3,32,50,9,23,0,79,70,50,30,41,0,edgeCount
291,113,161,graphml/Deltacom.graphml,3,,clustered,0.6;-0.3,8,9,5,3,0,14,9,14,14,9,0,edgeCount
290,113,161,graphml/Deltacom.graphml,2,,clustered,0.6;-0.3,26,12,8,18,0,-1,-9,-1,-1,-9,0,edgeCount
289,113,161,graphml/Deltacom.graphml,2,,clustered,0.6;-0.3,-1,-1,-1,0,0,-1,0,-1,-1,0,0,edgeCount
288,113,161,graphml/Deltacom.graphml,2,,clustered,0.6;-0.3,-1,-1,-1,0,0,-1,0,-1,-1,0,0,edgeCount
287,113,161,graphml/Deltacom.graphml,2,,clustered,0.6;-0.3,17,15,13,4,2,41,28,41,41,28,2,edgeCount
286,113,161,graphml/Deltacom.graphml,1,,clustered,0.6;-0.3,5,5,5,0,0,5,0,5,5,0,0,edgeCount
285,113,161,graphml/Deltacom.graphml,4,,clustered,0.6;-0.3,5,5,3,2,0,5,2,5,5,2,0,edgeCount
284,113,161,graphml/Deltacom.graphml,4,,clustered,0.6;-0.3,57,23,10,47,2,-1,-11,-1,-1,-11,2,edgeCount
283,113,161,graphml/Deltacom.graphml,1,,clustered,0.6;-0.3,-1,-1,12,-13,8,-1,-13,-1,-1,-13,8,edgeCount
282,113,161,graphml/Deltacom.graphml,2,,clustered,0.6;-0.3,19,3,3,16,2,3,0,3,3,0,2,edgeCount
281,113,161,graphml/Deltacom.graphml,3,,clustered,0.6;-0.3,20,10,5,15,0,5,0,5,5,0,0,edgeCount
280,113,161,graphml/Deltacom.graphml,2,,clustered,0.6;-0.3,-1,-1,-1,0,0,-1,0,-1,-1,0,0,edgeCount
279,113,161,graphml/Deltacom.graphml,2,,clustered,0.6;-0.3,14,6,5,9,2,6,1,6,40,1,2,edgeCount
278,113,161,graphml/Deltacom.graphml,2,,clustered,0.6;-0.3,17,17,16,1,0,17,1,17,17,1,0,edgeCount
277,113,161,graphml/Deltacom.graphml,1,,clustered,0.6;-0.3,-1,-1,-1,0,2,-1,0,-1,-1,0,2,edgeCount
276,113,161,graphml/Deltacom.graphml,2,,clustered,0.6;-0.3,10,7,7,3,6,7,0,7,7,0,4,edgeCount
275,113,161,graphml/Deltacom.graphml,2,,clustered,0.6;-0.3,-1,-1,-1,0,0,-1,0,-1,-1,0,0,edgeCount
274,113,161,graphml/Deltacom.graphml,2,,clustered,0.6;-0.3,6,24,5,1,2,10,5,10,10,5,2,edgeCount
273,113,161,graphml/Deltacom.graphml,2,,clustered,0.6;-0.3,-1,-1,-1,0,2,-1,0,-1,-1,0,2,edgeCount
272,113,161,graphml/Deltacom.graphml,2,,clustered,0.6;-0.3,13,23,9,4,2,23,14,23,31,14,2,edgeCount
271,113,161,graphml/Deltacom.graphml,3,,clustered,0.6;-0.3,-1,-1,7,-8,2,-1,-8,-1,-1,-8,2,edgeCount
270,113,161,graphml/Deltacom.graphml,2,,clustered,0.6;-0.3,9,7,7,2,0,7,0,7,7,0,0,edgeCount
269,113,161,graphml/Deltacom.graphml,1,,clustered,0.6;-0.3,12,12,12,0,0,12,0,12,12,0,0,edgeCount
268,113,161,graphml/Deltacom.graphml,3,,clustered,0.6;-0.3,65,17,16,49,0,61,45,61,17,45,0,edgeCount
267,113,161,graphml/Deltacom.graphml,4,,clustered,0.6;-0.3,71,21,9,62,2,9,0,9,9,0,2,edgeCount
266,113,161,graphml/Deltacom.graphml,4,,clustered,0.6;-0.3,11,29,4,7,0,15,11,15,15,11,0,edgeCount
265,113,161,graphml/Deltacom.graphml,2,,clustered,0.6;-0.3,34,34,9,25,0,10,1,10,10,1,0,edgeCount
264,113,161,graphml/Deltacom.graphml,2,,clustered,0.6;-0.3,22,22,8,14,0,8,0,22,22,14,0,edgeCount
263,113,161,graphml/Deltacom.graphml,2,,clustered,0.6;-0.3,-1,-1,-1,0,0,-1,0,-1,-1,0,0,edgeCount
262,113,161,graphml/Deltacom.graphml,3,,clustered,0.6;-0.3,6,6,6,0,0,6,0,6,6,0,0,edgeCount
261,113,161,graphml/Deltacom.graphml,2,,clustered,0.6;-0.3,21,15,6,15,0,7,1,7,7,1,0,edgeCount
260,113,161,graphml/Deltacom.graphml,3,,clustered,0.6;-0.3,-1,-1,-1,0,0,-1,0,-1,-1,0,0,edgeCount
259,113,161,graphml/Deltacom.graphml,2,,clustered,0.6;-0.3,56,34,13,43,2,-1,-14,50,50,37,2,edgeCount
258,113,161,graphml/Deltacom.graphml,2,,clustered,0.6;-0.3,32,30,10,22,0,10,0,10,10,0,0,edgeCount
257,113,161,graphml/Deltacom.graphml,2,,clustered,0.6;-0.3,-1,-1,5,-6,0,-1,-6,-1,-1,-6,0,edgeCount
256,113,161,graphml/Deltacom.graphml,1,,clustered,0.6;-0.3,-1,-1,-1,0,0,-1,0,-1,-1,0,0,edgeCount
255,113,161,graphml/Deltacom.graphml,2,,clustered,0.6;-0.3,-1,-1,-1,0,0,-1,0,-1,-1,0,0,edgeCount
254,113,161,graphml/Deltacom.graphml,1,,clustered,0.6;-0.3,-1,-1,-1,0,0,-1,0,-1,-1,0,0,edgeCount
253,113,161,graphml/Deltacom.graphml,2,,clustered,0.6;-0.3,13,13,13,0,0,13,0,13,13,0,0,edgeCount
252,113,161,graphml/Deltacom.graphml,2,,clustered,0.6;-0.3,13,13,13,0,2,13,0,13,13,0,2,edgeCount
251,113,161,graphml/Deltacom.graphml,2,,clustered,0.6;-0.3,9,17,8,1,0,21,13,21,21,13,0,edgeCount
250,113,161,graphml/Deltacom.graphml,2,,clustered,0.6;-0.3,61,25,18,43,2,-1,-19,55,53,37,2,edgeCount
249,113,161,graphml/Deltacom.graphml,4,,clustered,0.6;-0.3,28,28,7,21,0,42,35,28,28,21,0,edgeCount
248,113,161,graphml/Deltacom.graphml,3,,clustered,0.6;-0.3,-1,-1,9,-10,0,-1,-10,-1,-1,-10,0,edgeCount
247,113,161,graphml/Deltacom.graphml,2,,clustered,0.6;-0.3,28,44,9,19,0,10,1,28,28,19,0,edgeCount
246,113,161,graphml/Deltacom.graphml,2,,clustered,0.6;-0.3,-1,-1,8,-9,2,-1,-9,31,21,23,2,edgeCount
245,113,161,graphml/Deltacom.graphml,2,,clustered,0.6;-0.3,50,50,18,32,0,50,32,50,50,32,0,edgeCount
244,113,161,graphml/Deltacom.graphml,3,,clustered,0.6;-0.3,-1,-1,-1,0,4,-1,0,-1,-1,0,4,edgeCount
243,113,161,graphml/Deltacom.graphml,2,,clustered,0.6;-0.3,-1,-1,10,-11,0,-1,-11,-1,-1,-11,0,edgeCount
242,113,161,graphml/Deltacom.graphml,2,,clustered,0.6;-0.3,66,20,14,52,2,-1,-15,62,46,48,2,edgeCount
241,113,161,graphml/Deltacom.graphml,2,,clustered,0.6;-0.3,-1,-1,-1,0,0,-1,0,-1,-1,0,0,edgeCount
240,113,161,graphml/Deltacom.graphml,2,,clustered,0.6;-0.3,17,27,5,12,0,5,0,5,5,0,0,edgeCount
239,113,161,graphml/Deltacom.graphml,2,,clustered,0.6;-0.3,9,3,3,6,0,3,0,3,3,0,0,edgeCount
238,113,161,graphml/Deltacom.graphml,2,,clustered,0.6;-0.3,21,33,17,4,0,49,32,49,49,32,0,edgeCount
237,113,161,graphml/Deltacom.graphml,2,,clustered,0.6;-0.3,5,5,5,0,0,5,0,5,5,0,0,edgeCount
236,113,161,graphml/Deltacom.graphml,2,,clustered,0.6;-0.3,-1,-1,18,-19,2,-1,-19,-1,-1,-19,2,edgeCount
235,113,161,graphml/Deltacom.graphml,2,,clustered,0.6;-0.3,8,52,8,0,4,20,12,8,52,0,4,edgeCount
234,113,161,graphml/Deltacom.graphml,2,,clustered,0.6;-0.3,-1,-1,-1,0,0,-1,0,-1,-1,0,0,edgeCount
233,113,161,graphml/Deltacom.graphml,2,,clustered,0.6;-0.3,-1,-1,-1,0,0,-1,0,-1,-1,0,0,edgeCount
232,113,161,graphml/Deltacom.graphml,2,,clustered,0.6;-0.3,39,13,10,29,0,-1,-11,-1,-1,-11,0,edgeCount
231,113,161,graphml/Deltacom.graphml,1,,clustered,0.6;-0.3,8,8,8,0,0,8,0,8,8,0,0,edgeCount
230,113,161,graphml/Deltacom.graphml,2,,clustered,0.6;-0.3,-1,-1,-1,0,0,-1,0,-1,-1,0,0,edgeCount
229,113,161,graphml/Deltacom.graphml,2,,clustered,0.6;-0.3,16,24,12,4,0,40,28,40,40,28,0,edgeCount
228,113,161,graphml/Deltacom.graphml,3,,clustered,0.6;-0.3,-1,-1,-1,0,0,-1,0,-1,-1,0,0,edgeCount
227,113,161,graphml/Deltacom.graphml,1,,clustered,0.6;-0.3,-1,-1,-1,0,0,-1,0,-1,-1,0,0,edgeCount
226,113,161,graphml/Deltacom.graphml,2,,clustered,0.6;-0.3,-1,-1,-1,0,0,-1,0,-1,-1,0,0,edgeCount
225,113,161,graphml/Deltacom.graphml,2,,clustered,0.6;-0.3,-1,-1,-1,0,2,-1,0,-1,-1,0,2,edgeCount
224,113,161,graphml/Deltacom.graphml,2,,clustered,0.6;-0.3,-1,-1,10,-11,6,-1,-11,-1,-1,-11,6,edgeCount
223,113,161,graphml/Deltacom.graphml,3,,clustered,0.6;-0.3,43,43,7,36,0,41,34,41,41,34,0,edgeCount
222,113,161,graphml/Deltacom.graphml,2,,clustered,0.6;-0.3,28,28,14,14,0,28,14,28,28,14,0,edgeCount
221,113,161,graphml/Deltacom.graphml,2,,clustered,0.6;-0.3,-1,-1,7,-8,0,-1,-8,-1,-1,-8,0,edgeCount
220,113,161,graphml/Deltacom.graphml,1,,clustered,0.6;-0.3,13,13,13,0,0,13,0,13,13,0,0,edgeCount
219,113,161,graphml/Deltacom.graphml,2,,clustered,0.6;-0.3,-1,-1,8,-9,0,-1,-9,-1,-1,-9,0,edgeCount
218,113,161,graphml/Deltacom.graphml,2,,clustered,0.6;-0.3,10,9,9,1,4,-1,-10,20,20,11,2,edgeCount
217,113,161,graphml/Deltacom.graphml,3,,clustered,0.6;-0.3,10,10,10,0,0,10,0,10,10,0,0,edgeCount
216,113,161,graphml/Deltacom.graphml,2,,clustered,0.6;-0.3,7,33,5,2,0,-1,-6,-1,-1,-6,0,edgeCount
215,113,161,graphml/Deltacom.graphml,2,,clustered,0.6;-0.3,5,5,5,0,0,5,0,5,5,0,0,edgeCount
214,113,161,graphml/Deltacom.graphml,2,,clustered,0.6;-0.3,6,20,6,0,4,12,6,12,16,6,2,edgeCount
213,113,161,graphml/Deltacom.graphml,2,,clustered,0.6;-0.3,-1,-1,-1,0,0,-1,0,-1,-1,0,0,edgeCount
212,113,161,graphml/Deltacom.graphml,2,,clustered,0.6;-0.3,19,19,18,1,0,19,1,19,19,1,0,edgeCount
211,113,161,graphml/Deltacom.graphml,1,,clustered,0.6;-0.3,12,12,12,0,0,12,0,12,12,0,0,edgeCount
210,113,161,graphml/Deltacom.graphml,4,,clustered,0.6;-0.3,24,8,8,16,0,33,25,33,33,25,0,edgeCount
209,113,161,graphml/Deltacom.graphml,2,,clustered,0.6;-0.3,24,24,12,12,0,22,10,22,22,10,0,edgeCount
208,113,161,graphml/Deltacom.graphml,2,,clustered,0.6;-0.3,20,12,8,12,4,-1,-9,23,17,15,4,edgeCount
207,113,161,graphml/Deltacom.graphml,2,,clustered,0.6;-0.3,26,26,11,15,0,26,15,26,26,15,0,edgeCount
206,113,161,graphml/Deltacom.graphml,3,,clustered,0.6;-0.3,29,3,3,26,4,3,0,3,3,0,4,edgeCount
205,113,161,graphml/Deltacom.graphml,1,,clustered,0.6;-0.3,55,55,23,32,2,-1,-24,55,55,32,2,edgeCount
204,113,161,graphml/Deltacom.graphml,3,,clustered,0.6;-0.3,60,38,9,51,2,-1,-10,47,43,38,2,edgeCount
203,113,161,graphml/Deltacom.graphml,1,,clustered,0.6;-0.3,-1,-1,-1,0,2,-1,0,-1,-1,0,2,edgeCount
202,113,161,graphml/Deltacom.graphml,2,,clustered,0.6;-0.3,-1,-1,-1,0,4,-1,0,-1,-1,0,4,edgeCount
201,113,161,graphml/Deltacom.graphml,2,,clustered,0.6;-0.3,3,3,3,0,0,3,0,3,3,0,0,edgeCount
200,113,161,graphml/Deltacom.graphml,2,,clustered,0.6;-0.3,9,7,5,4,2,-1,-6,9,7,4,2,edgeCount
199,113,161,graphml/Deltacom.graphml,1,,clustered,0.6;-0.3,3,3,3,0,0,3,0,3,3,0,0,edgeCount
198,113,161,graphml/Deltacom.graphml,3,,clustered,0.6;-0.3,26,26,5,21,0,24,19,24,24,19,0,edgeCount
197,113,161,graphml/Deltacom.graphml,2,,clustered,0.6;-0.3,-1,-1,-1,0,0,-1,0,-1,-1,0,0,edgeCount
196,113,161,graphml/Deltacom.graphml,2,,clustered,0.6;-0.3,4,4,4,0,0,4,0,4,4,0,0,edgeCount
195,113,161,graphml/Deltacom.graphml,2,,clustered,0.6;-0.3,16,8,6,10,6,-1,-7,17,17,11,6,edgeCount
194,113,161,graphml/Deltacom.graphml,2,,clustered,0.6;-0.3,-1,-1,-1,0,0,-1,0,-1,-1,0,0,edgeCount
193,113,161,graphml/Deltacom.graphml,1,,clustered,0.6;-0.3,4,4,4,0,0,4,0,4,4,0,0,edgeCount
192,113,161,graphml/Deltacom.graphml,2,,clustered,0.6;-0.3,20,20,8,12,2,20,12,20,20,12,2,edgeCount
191,113,161,graphml/Deltacom.graphml,1,,clustered,0.6;-0.3,11,11,11,0,0,11,0,11,11,0,0,edgeCount
190,113,161,graphml/Deltacom.graphml,2,,clustered,0.6;-0.3,10,30,8,2,0,26,18,26,26,18,0,edgeCount
189,113,161,graphml/Deltacom.graphml,1,,clustered,0.6;-0.3,-1,-1,-1,0,0,-1,0,-1,-1,0,0,edgeCount
188,113,161,graphml/Deltacom.graphml,2,,clustered,0.6;-0.3,-1,-1,-1,0,2,-1,0,-1,-1,0,2,edgeCount
187,113,161,graphml/Deltacom.graphml,2,,clustered,0.6;-0.3,9,16,6,3,4,23,17,23,23,17,4,edgeCount
186,113,161,graphml/Deltacom.graphml,3,,clustered,0.6;-0.3,6,6,3,3,0,6,3,6,6,3,0,edgeCount
185,113,161,graphml/Deltacom.graphml,2,,clustered,0.6;-0.3,13,55,11,2,0,25,14,25,25,14,0,edgeCount
184,113,161,graphml/Deltacom.graphml,3,,clustered,0.6;-0.3,14,11,6,8,0,20,14,20,20,14,0,edgeCount
183,113,161,graphml/Deltacom.graphml,2,,clustered,0.6;-0.3,-1,-1,-1,0,0,-1,0,-1,-1,0,0,edgeCount
182,113,161,graphml/Deltacom.graphml,2,,clustered,0.6;-0.3,31,17,9,22,6,-1,-10,28,24,19,4,edgeCount
181,113,161,graphml/Deltacom.graphml,2,,clustered,0.6;-0.3,42,28,9,33,6,-1,-10,41,29,32,4,edgeCount
180,113,161,graphml/Deltacom.graphml,1,,clustered,0.6;-0.3,-1,-1,-1,0,0,-1,0,-1,-1,0,0,edgeCount
179,113,161,graphml/Deltacom.graphml,4,,clustered,0.6;-0.3,64,18,7,57,2,18,11,18,18,11,2,edgeCount
178,113,161,graphml/Deltacom.graphml,2,,clustered,0.6;-0.3,44,14,9,35,2,-1,-10,39,39,30,2,edgeCount
177,113,161,graphml/Deltacom.graphml,2,,clustered,0.6;-0.3,17,17,17,0,0,17,0,17,17,0,0,edgeCount
176,113,161,graphml/Deltacom.graphml,3,,clustered,0.6;-0.3,12,12,6,6,0,13,7,13,12,7,0,edgeCount
175,113,161,graphml/Deltacom.graphml,3,,clustered,0.6;-0.3,16,4,4,12,0,4,0,4,4,0,0,edgeCount
174,113,161,graphml/Deltacom.graphml,2,,clustered,0.6;-0.3,-1,-1,-1,0,0,-1,0,-1,-1,0,0,edgeCount
173,113,161,graphml/Deltacom.graphml,2,,clustered,0.6;-0.3,55,55,19,36,0,49,30,49,49,30,0,edgeCount
172,113,161,graphml/Deltacom.graphml,2,,clustered,0.6;-0.3,-1,-1,-1,0,0,-1,0,-1,-1,0,0,edgeCount
171,113,161,graphml/Deltacom.graphml,2,,clustered,0.6;-0.3,-1,-1,-1,0,0,-1,0,-1,-1,0,0,edgeCount
170,113,161,graphml/Deltacom.graphml,1,,clustered,0.6;-0.3,8,8,8,0,0,8,0,8,8,0,0,edgeCount
169,113,161,graphml/Deltacom.graphml,2,,clustered,0.6;-0.3,27,18,9,18,2,9,0,9,9,0,2,edgeCount
168,113,161,graphml/Deltacom.graphml,2,,clustered,0.6;-0.3,15,13,6,9,4,-1,-7,12,12,6,4,edgeCount
167,113,161,graphml/Deltacom.graphml,2,,clustered,0.6;-0.3,4,4,4,0,0,5,1,4,4,0,0,edgeCount
166,113,161,graphml/Deltacom.graphml,2,,clustered,0.6;-0.3,17,30,13,4,2,43,30,43,43,30,2,edgeCount
165,113,161,graphml/Deltacom.graphml,3,,clustered,0.6;-0.3,9,12,8,1,0,21,13,21,21,13,0,edgeCount
164,113,161,graphml/Deltacom.graphml,1,,clustered,0.6;-0.3,-1,-1,-1,0,0,-1,0,-1,-1,0,0,edgeCount
163,113,161,graphml/Deltacom.graphml,2,,clustered,0.6;-0.3,20,22,18,2,0,50,32,50,50,32,0,edgeCount
162,113,161,graphml/Deltacom.graphml,2,,clustered,0.6;-0.3,8,17,6,2,0,10,4,10,10,4,0,edgeCount
161,113,161,graphml/Deltacom.graphml,3,,clustered,0.6;-0.3,27,27,10,17,0,27,17,27,27,17,0,edgeCount
160,113,161,graphml/Deltacom.graphml,2,,clustered,0.6;-0.3,-1,-1,6,-7,0,-1,-7,-1,-1,-7,0,edgeCount
159,113,161,graphml/Deltacom.graphml,2,,clustered,0.6;-0.3,11,24,9,2,0,19,10,19,19,10,0,edgeCount
158,113,161,graphml/Deltacom.graphml,2,,clustered,0.6;-0.3,46,46,20,26,2,-1,-21,46,46,26,2,edgeCount
157,113,161,graphml/Deltacom.graphml,2,,clustered,0.6;-0.3,37,37,15,22,0,37,22,37,37,22,0,edgeCount
156,113,161,graphml/Deltacom.graphml,2,,clustered,0.6;-0.3,25,17,9,16,4,9,0,9,9,0,4,edgeCount
155,113,161,graphml/Deltacom.graphml,3,,clustered,0.6;-0.3,10,30,7,3,0,22,15,22,22,15,0,edgeCount
154,113,161,graphml/Deltacom.graphml,3,,clustered,0.6;-0.3,33,46,8,25,2,10,2,10,10,2,2,edgeCount
153,113,161,graphml/Deltacom.graphml,1,,clustered,0.6;-0.3,14,14,14,0,2,14,0,14,14,0,2,edgeCount
152,113,161,graphml/Deltacom.graphml,2,,clustered,0.6;-0.3,25,25,10,15,0,25,15,25,25,15,0,edgeCount
151,113,161,graphml/Deltacom.graphml,2,,clustered,0.6;-0.3,6,15,6,0,0,12,6,12,12,6,0,edgeCount
150,113,161,graphml/Deltacom.graphml,2,,clustered,0.6;-0.3,9,19,7,2,2,19,12,9,19,2,2,edgeCount
149,113,161,graphml/Deltacom.graphml,2,,clustered,0.6;-0.3,21,7,5,16,10,-1,-6,25,25,20,10,edgeCount
148,113,161,graphml/Deltacom.graphml,3,,clustered,0.6;-0.3,5,15,5,0,0,5,0,5,15,0,0,edgeCount
147,113,161,graphml/Deltacom.graphml,2,,clustered,0.6;-0.3,31,14,9,22,2,9,0,9,9,0,2,edgeCount
146,113,161,graphml/Deltacom.graphml,2,,clustered,0.6;-0.3,-1,-1,10,-11,0,-1,-11,-1,-1,-11,0,edgeCount
145,113,161,graphml/Deltacom.graphml,1,,clustered,0.6;-0.3,6,6,6,0,0,6,0,6,6,0,0,edgeCount
144,113,161,graphml/Deltacom.graphml,2,,clustered,0.6;-0.3,34,19,12,22,6,-1,-13,12,12,0,4,edgeCount
143,113,161,graphml/Deltacom.graphml,1,,clustered,0.6;-0.3,-1,-1,-1,0,2,-1,0,-1,-1,0,2,edgeCount
142,113,161,graphml/Deltacom.graphml,2,,clustered,0.6;-0.3,2,2,2,0,0,2,0,2,2,0,0,edgeCount
141,113,161,graphml/Deltacom.graphml,2,,clustered,0.6;-0.3,-1,-1,-1,0,2,-1,0,-1,-1,0,2,edgeCount
140,113,161,graphml/Deltacom.graphml,2,,clustered,0.6;-0.3,-1,-1,-1,0,2,-1,0,-1,-1,0,2,edgeCount
139,113,161,graphml/Deltacom.graphml,2,,clustered,0.6;-0.3,-1,-1,9,-10,0,-1,-10,-1,-1,-10,0,edgeCount
138,113,161,graphml/Deltacom.graphml,3,,clustered,0.6;-0.3,8,10,5,3,0,10,5,10,10,5,0,edgeCount
137,113,161,graphml/Deltacom.graphml,1,,clustered,0.6;-0.3,12,12,12,0,4,12,0,12,12,0,4,edgeCount
136,113,161,graphml/Deltacom.graphml,3,,clustered,0.6;-0.3,8,8,8,0,0,8,0,8,8,0,0,edgeCount
135,113,161,graphml/Deltacom.graphml,1,,clustered,0.6;-0.3,31,13,12,19,4,-1,-13,31,13,19,4,edgeCount
134,113,161,graphml/Deltacom.graphml,1,,clustered,0.6;-0.3,-1,-1,-1,0,2,-1,0,-1,-1,0,2,edgeCount
133,113,161,graphml/Deltacom.graphml,2,,clustered,0.6;-0.3,9,26,6,3,0,6,0,6,6,0,0,edgeCount
132,113,161,graphml/Deltacom.graphml,2,,clustered,0.6;-0.3,-1,-1,-1,0,0,-1,0,-1,-1,0,0,edgeCount
131,113,161,graphml/Deltacom.graphml,2,,clustered,0.6;-0.3,-1,-1,-1,0,0,-1,0,-1,-1,0,0,edgeCount
130,113,161,graphml/Deltacom.graphml,2,,clustered,0.6;-0.3,-1,-1,-1,0,0,-1,0,-1,-1,0,0,edgeCount
129,113,161,graphml/Deltacom.graphml,3,,clustered,0.6;-0.3,5,5,5,0,10,5,0,5,5,0,10,edgeCount
128,113,161,graphml/Deltacom.graphml,2,,clustered,0.6;-0.3,-1,-1,-1,0,0,-1,0,-1,-1,0,0,edgeCount
127,113,161,graphml/Deltacom.graphml,3,,clustered,0.6;-0.3,6,6,5,1,0,6,1,6,6,1,0,edgeCount
126,113,161,graphml/Deltacom.graphml,3,,clustered,0.6;-0.3,12,29,8,4,4,12,4,12,12,4,4,edgeCount
125,113,161,graphml/Deltacom.graphml,2,,clustered,0.6;-0.3,8,42,8,0,0,-1,-9,14,14,6,0,edgeCount
124,113,161,graphml/Deltacom.graphml,3,,clustered,0.6;-0.3,5,16,4,1,0,9,5,9,9,5,0,edgeCount
123,113,161,graphml/Deltacom.graphml,2,,clustered,0.6;-0.3,-1,-1,14,-15,0,-1,-15,-1,-1,-15,0,edgeCount
122,113,161,graphml/Deltacom.graphml,2,,clustered,0.6;-0.3,16,25,11,5,4,36,25,36,60,25,4,edgeCount
121,113,161,graphml/Deltacom.graphml,2,,clustered,0.6;-0.3,16,8,8,8,6,-1,-9,21,43,13,6,edgeCount
120,113,161,graphml/Deltacom.graphml,1,,clustered,0.6;-0.3,-1,-1,11,-12,8,-1,-12,-1,-1,-12,8,edgeCount
119,113,161,graphml/Deltacom.graphml,2,,clustered,0.6;-0.3,7,14,7,0,0,11,4,11,11,4,0,edgeCount
118,113,161,graphml/Deltacom.graphml,2,,clustered,0.6;-0.3,4,4,4,0,0,4,0,4,4,0,0,edgeCount
117,113,161,graphml/Deltacom.graphml,1,,clustered,0.6;-0.3,22,22,22,0,0,22,0,22,22,0,0,edgeCount
116,113,161,graphml/Deltacom.graphml,1,,clustered,0.6;-0.3,-1,-1,-1,0,0,-1,0,-1,-1,0,0,edgeCount
115,113,161,graphml/Deltacom.graphml,4,,clustered,0.6;-0.3,3,3,3,0,0,3,0,3,3,0,0,edgeCount
114,113,161,graphml/Deltacom.graphml,2,,clustered,0.6;-0.3,11,16,11,0,2,27,16,27,30,16,2,edgeCount
113,113,161,graphml/Deltacom.graphml,2,,clustered,0.6;-0.3,2,2,2,0,0,2,0,2,2,0,0,edgeCount
112,113,161,graphml/Deltacom.graphml,2,,clustered,0.6;-0.3,13,13,7,6,0,13,6,13,13,6,0,edgeCount
111,113,161,graphml/Deltacom.graphml,2,,clustered,0.6;-0.3,22,22,10,12,0,22,12,22,22,12,0,edgeCount
110,113,161,graphml/Deltacom.graphml,2,,clustered,0.6;-0.3,16,16,14,2,2,16,2,16,16,2,2,edgeCount
109,113,161,graphml/Deltacom.graphml,3,,clustered,0.6;-0.3,3,3,2,1,0,2,0,2,2,0,0,edgeCount
108,113,161,graphml/Deltacom.graphml,2,,clustered,0.6;-0.3,-1,-1,19,-20,0,-1,-20,-1,-1,-20,0,edgeCount
107,113,161,graphml/Deltacom.graphml,2,,clustered,0.6;-0.3,14,22,9,5,2,9,0,9,9,0,2,edgeCount
106,113,161,graphml/Deltacom.graphml,1,,clustered,0.6;-0.3,-1,-1,16,-17,6,-1,-17,-1,-1,-17,6,edgeCount
105,113,161,graphml/Deltacom.graphml,2,,clustered,0.6;-0.3,16,24,15,1,2,42,27,42,72,27,2,edgeCount
104,113,161,graphml/Deltacom.graphml,2,,clustered,0.6;-0.3,-1,-1,8,-9,0,-1,-9,-1,-1,-9,0,edgeCount
103,113,161,graphml/Deltacom.graphml,2,,clustered,0.6;-0.3,34,22,8,26,4,-1,-9,32,24,24,4,edgeCount
102,113,161,graphml/Deltacom.graphml,2,,clustered,0.6;-0.3,7,4,4,3,4,4,0,4,4,0,4,edgeCount
101,113,161,graphml/Deltacom.graphml,2,,clustered,0.6;-0.3,-1,-1,-1,0,0,-1,0,-1,-1,0,0,edgeCount
100,113,161,graphml/Deltacom.graphml,2,,clustered,0.6;-0.3,7,3,3,4,6,3,0,3,3,0,6,edgeCount
99,113,161,graphml/Deltacom.graphml,2,,clustered,0.6;-0.3,40,14,13,27,2,40,27,40,14,27,2,edgeCount
98,113,161,graphml/Deltacom.graphml,2,,clustered,0.6;-0.3,-1,-1,-1,0,0,-1,0,-1,-1,0,0,edgeCount
97,113,161,graphml/Deltacom.graphml,2,,clustered,0.6;-0.3,19,12,7,12,6,7,0,7,19,0,4,edgeCount
96,113,161,graphml/Deltacom.graphml,2,,clustered,0.6;-0.3,27,15,7,20,4,-1,-8,14,14,7,4,edgeCount
95,113,161,graphml/Deltacom.graphml,3,,clustered,0.6;-0.3,5,21,5,0,2,17,12,17,5,12,2,edgeCount
94,113,161,graphml/Deltacom.graphml,3,,clustered,0.6;-0.3,40,40,8,32,0,40,32,40,40,32,0,edgeCount
93,113,161,graphml/Deltacom.graphml,3,,clustered,0.6;-0.3,18,18,7,11,0,18,11,18,18,11,0,edgeCount
92,113,161,graphml/Deltacom.graphml,2,,clustered,0.6;-0.3,-1,-1,-1,0,0,-1,0,-1,-1,0,0,edgeCount
91,113,161,graphml/Deltacom.graphml,2,,clustered,0.6;-0.3,9,49,8,1,2,25,17,25,21,17,2,edgeCount
90,113,161,graphml/Deltacom.graphml,2,,clustered,0.6;-0.3,39,31,11,28,0,11,0,11,11,0,0,edgeCount
89,113,161,graphml/Deltacom.graphml,2,,clustered,0.6;-0.3,9,9,9,0,0,9,0,9,9,0,0,edgeCount
88,113,161,graphml/Deltacom.graphml,3,,clustered,0.6;-0.3,13,11,9,4,0,55,46,33,33,24,0,edgeCount
87,113,161,graphml/Deltacom.graphml,2,,clustered,0.6;-0.3,11,7,7,4,2,7,0,7,7,0,2,edgeCount
86,113,161,graphml/Deltacom.graphml,2,,clustered,0.6;-0.3,-1,-1,13,-14,0,-1,-14,-1,-1,-14,0,edgeCount
85,113,161,graphml/Deltacom.graphml,1,,clustered,0.6;-0.3,37,41,16,21,4,-1,-17,37,41,21,4,edgeCount
84,113,161,graphml/Deltacom.graphml,2,,clustered,0.6;-0.3,10,42,8,2,4,22,14,22,48,14,4,edgeCount
83,113,161,graphml/Deltacom.graphml,2,,clustered,0.6;-0.3,-1,-1,-1,0,0,-1,0,-1,-1,0,0,edgeCount
82,113,161,graphml/Deltacom.graphml,2,,clustered,0.6;-0.3,-1,-1,-1,0,0,-1,0,-1,-1,0,0,edgeCount
81,113,161,graphml/Deltacom.graphml,3,,clustered,0.6;-0.3,6,28,6,0,0,10,4,10,10,4,0,edgeCount
80,113,161,graphml/Deltacom.graphml,4,,clustered,0.6;-0.3,20,8,5,15,0,24,19,24,24,19,0,edgeCount
79,113,161,graphml/Deltacom.graphml,1,,clustered,0.6;-0.3,-1,-1,-1,0,6,-1,0,-1,-1,0,6,edgeCount
78,113,161,graphml/Deltacom.graphml,1,,clustered,0.6;-0.3,6,6,6,0,6,6,0,6,6,0,6,edgeCount
77,113,161,graphml/Deltacom.graphml,2,,clustered,0.6;-0.3,25,27,9,16,0,25,16,25,25,16,0,edgeCount
76,113,161,graphml/Deltacom.graphml,2,,clustered,0.6;-0.3,27,27,13,14,0,27,14,27,27,14,0,edgeCount
75,113,161,graphml/Deltacom.graphml,2,,clustered,0.6;-0.3,3,7,3,0,0,3,0,3,3,0,0,edgeCount
74,113,161,graphml/Deltacom.graphml,2,,clustered,0.6;-0.3,12,12,11,1,0,25,14,25,25,14,0,edgeCount
73,113,161,graphml/Deltacom.graphml,2,,clustered,0.6;-0.3,-1,-1,-1,0,0,-1,0,-1,-1,0,0,edgeCount
72,113,161,graphml/Deltacom.graphml,2,,clustered,0.6;-0.3,-1,-1,-1,0,0,-1,0,-1,-1,0,0,edgeCount
71,113,161,graphml/Deltacom.graphml,2,,clustered,0.6;-0.3,53,53,21,32,0,53,32,53,53,32,0,edgeCount
70,113,161,graphml/Deltacom.graphml,2,,clustered,0.6;-0.3,-1,-1,-1,0,0,-1,0,-1,-1,0,0,edgeCount
69,113,161,graphml/Deltacom.graphml,2,,clustered,0.6;-0.3,10,10,10,0,0,10,0,10,10,0,0,edgeCount
68,113,161,graphml/Deltacom.graphml,2,,clustered,0.6;-0.3,60,18,11,49,10,-1,-12,57,53,46,10,edgeCount
67,113,161,graphml/Deltacom.graphml,2,,clustered,0.6;-0.3,-1,-1,-1,0,0,-1,0,-1,-1,0,0,edgeCount
66,113,161,graphml/Deltacom.graphml,2,,clustered,0.6;-0.3,33,27,11,22,0,11,0,11,11,0,0,edgeCount
65,113,161,graphml/Deltacom.graphml,1,,clustered,0.6;-0.3,13,13,13,0,0,13,0,13,13,0,0,edgeCount
64,113,161,graphml/Deltacom.graphml,2,,clustered,0.6;-0.3,5,5,5,0,0,5,0,5,5,0,0,edgeCount
63,113,161,graphml/Deltacom.graphml,2,,clustered,0.6;-0.3,-1,-1,6,-7,0,-1,-7,-1,-1,-7,0,edgeCount
62,113,161,graphml/Deltacom.graphml,1,,clustered,0.6;-0.3,17,17,17,0,0,17,0,17,17,0,0,edgeCount
61,113,161,graphml/Deltacom.graphml,2,,clustered,0.6;-0.3,11,11,7,4,0,11,4,11,11,4,0,edgeCount
60,113,161,graphml/Deltacom.graphml,1,,clustered,0.6;-0.3,-1,-1,-1,0,0,-1,0,-1,-1,0,0,edgeCount
59,113,161,graphml/Deltacom.graphml,3,,clustered,0.6;-0.3,59,23,9,50,2,-1,-10,41,41,32,2,edgeCount
58,113,161,graphml/Deltacom.graphml,2,,clustered,0.6;-0.3,27,29,10,17,0,27,17,27,27,17,0,edgeCount
57,113,161,graphml/Deltacom.graphml,2,,clustered,0.6;-0.3,5,5,5,0,0,5,0,5,5,0,0,edgeCount
56,113,161,graphml/Deltacom.graphml,1,,clustered,0.6;-0.3,-1,-1,7,-8,0,-1,-8,-1,-1,-8,0,edgeCount
55,113,161,graphml/Deltacom.graphml,3,,clustered,0.6;-0.3,53,7,6,47,0,7,1,7,7,1,0,edgeCount
54,113,161,graphml/Deltacom.graphml,2,,clustered,0.6;-0.3,6,6,6,0,0,6,0,6,6,0,0,edgeCount
53,113,161,graphml/Deltacom.graphml,2,,clustered,0.6;-0.3,44,24,12,32,4,-1,-13,44,22,32,4,edgeCount
52,113,161,graphml/Deltacom.graphml,2,,clustered,0.6;-0.3,51,15,9,42,0,-1,-10,-1,-1,-10,0,edgeCount
51,113,161,graphml/Deltacom.graphml,1,,clustered,0.6;-0.3,14,14,14,0,8,14,0,14,14,0,8,edgeCount
50,113,161,graphml/Deltacom.graphml,2,,clustered,0.6;-0.3,50,28,14,36,6,-1,-15,14,14,0,4,edgeCount
49,113,161,graphml/Deltacom.graphml,2,,clustered,0.6;-0.3,37,19,9,28,4,-1,-10,41,29,32,4,edgeCount
48,113,161,graphml/Deltacom.graphml,3,,clustered,0.6;-0.3,6,35,5,1,4,12,7,12,12,7,4,edgeCount
47,113,161,graphml/Deltacom.graphml,2,,clustered,0.6;-0.3,-1,-1,-1,0,0,-1,0,-1,-1,0,0,edgeCount
46,113,161,graphml/Deltacom.graphml,2,,clustered,0.6;-0.3,-1,-1,-1,0,0,-1,0,-1,-1,0,0,edgeCount
45,113,161,graphml/Deltacom.graphml,2,,clustered,0.6;-0.3,9,12,7,2,2,17,10,17,17,10,2,edgeCount
44,113,161,graphml/Deltacom.graphml,2,,clustered,0.6;-0.3,8,8,4,4,0,8,4,8,8,4,0,edgeCount
43,113,161,graphml/Deltacom.graphml,1,,clustered,0.6;-0.3,6,6,6,0,6,6,0,6,6,0,6,edgeCount
42,113,161,graphml/Deltacom.graphml,2,,clustered,0.6;-0.3,35,35,9,26,4,-1,-10,-1,-1,-10,4,edgeCount
41,113,161,graphml/Deltacom.graphml,1,,clustered,0.6;-0.3,13,13,13,0,0,13,0,13,13,0,0,edgeCount
40,113,161,graphml/Deltacom.graphml,1,,clustered,0.6;-0.3,9,9,9,0,0,9,0,9,9,0,0,edgeCount
39,113,161,graphml/Deltacom.graphml,2,,clustered,0.6;-0.3,-1,-1,15,-16,0,-1,-16,-1,-1,-16,0,edgeCount
38,113,161,graphml/Deltacom.graphml,3,,clustered,0.6;-0.3,12,13,8,4,0,32,24,32,32,24,0,edgeCount
37,113,161,graphml/Deltacom.graphml,2,,clustered,0.6;-0.3,19,7,7,12,0,7,0,7,7,0,0,edgeCount
36,113,161,graphml/Deltacom.graphml,2,,clustered,0.6;-0.3,-1,-1,-1,0,0,-1,0,-1,-1,0,0,edgeCount
35,113,161,graphml/Deltacom.graphml,2,,clustered,0.6;-0.3,12,12,12,0,0,12,0,12,12,0,0,edgeCount
34,113,161,graphml/Deltacom.graphml,1,,clustered,0.6;-0.3,-1,-1,-1,0,0,-1,0,-1,-1,0,0,edgeCount
33,113,161,graphml/Deltacom.graphml,2,,clustered,0.6;-0.3,11,39,9,2,2,9,0,9,9,0,2,edgeCount
32,113,161,graphml/Deltacom.graphml,2,,clustered,0.6;-0.3,42,24,10,32,0,10,0,10,10,0,0,edgeCount
31,113,161,graphml/Deltacom.graphml,1,,clustered,0.6;-0.3,12,12,12,0,2,12,0,12,12,0,2,edgeCount
30,113,161,graphml/Deltacom.graphml,3,,clustered,0.6;-0.3,-1,-1,9,-10,4,-1,-10,-1,-1,-10,4,edgeCount
29,113,161,graphml/Deltacom.graphml,3,,clustered,0.6;-0.3,34,35,12,22,0,48,36,48,48,36,0,edgeCount
28,113,161,graphml/Deltacom.graphml,2,,clustered,0.6;-0.3,36,18,10,26,6,-1,-11,-1,-1,-11,6,edgeCount
27,113,161,graphml/Deltacom.graphml,2,,clustered,0.6;-0.3,10,52,9,1,0,26,17,26,26,17,0,edgeCount
26,113,161,graphml/Deltacom.graphml,2,,clustered,0.6;-0.3,8,8,8,0,2,8,0,8,8,0,2,edgeCount
25,113,161,graphml/Deltacom.graphml,2,,clustered,0.6;-0.3,-1,-1,-1,0,2,-1,0,-1,-1,0,2,edgeCount
24,113,161,graphml/Deltacom.graphml,2,,clustered,0.6;-0.3,9,16,7,2,4,13,6,13,55,6,4,edgeCount
23,113,161,graphml/Deltacom.graphml,3,,clustered,0.6;-0.3,9,13,9,0,0,21,12,21,21,12,0,edgeCount
22,113,161,graphml/Deltacom.graphml,2,,clustered,0.6;-0.3,6,4,4,2,2,14,10,14,14,10,2,edgeCount
21,113,161,graphml/Deltacom.graphml,1,,clustered,0.6;-0.3,-1,-1,-1,0,0,-1,0,-1,-1,0,0,edgeCount
20,113,161,graphml/Deltacom.graphml,2,,clustered,0.6;-0.3,10,10,9,1,0,10,1,10,10,1,0,edgeCount
19,113,161,graphml/Deltacom.graphml,1,,clustered,0.6;-0.3,-1,-1,-1,0,2,-1,0,-1,-1,0,2,edgeCount
18,113,161,graphml/Deltacom.graphml,1,,clustered,0.6;-0.3,-1,-1,6,-7,2,-1,-7,-1,-1,-7,2,edgeCount
17,113,161,graphml/Deltacom.graphml,2,,clustered,0.6;-0.3,14,8,8,6,0,21,13,21,21,13,0,edgeCount
16,113,161,graphml/Deltacom.graphml,2,,clustered,0.6;-0.3,11,11,10,1,0,11,1,11,11,1,0,edgeCount
15,113,161,graphml/Deltacom.graphml,2,,clustered,0.6;-0.3,5,15,5,0,2,5,0,5,15,0,2,edgeCount
14,113,161,graphml/Deltacom.graphml,2,,clustered,0.6;-0.3,33,37,7,26,6,-1,-8,19,7,12,6,edgeCount
13,113,161,graphml/Deltacom.graphml,1,,clustered,0.6;-0.3,5,5,5,0,0,5,0,5,5,0,0,edgeCount
12,113,161,graphml/Deltacom.graphml,4,,clustered,0.6;-0.3,11,10,7,4,2,27,20,27,27,20,2,edgeCount
11,113,161,graphml/Deltacom.graphml,3,,clustered,0.6;-0.3,25,18,8,17,2,31,23,31,33,23,2,edgeCount
10,113,161,graphml/Deltacom.graphml,1,,clustered,0.6;-0.3,-1,-1,-1,0,0,-1,0,-1,-1,0,0,edgeCount
9,113,161,graphml/Deltacom.graphml,3,,clustered,0.6;-0.3,7,6,6,1,0,6,0,6,6,0,0,edgeCount
8,113,161,graphml/Deltacom.graphml,2,,clustered,0.6;-0.3,19,47,16,3,2,47,31,19,47,3,2,edgeCount
7,113,161,graphml/Deltacom.graphml,4,,clustered,0.6;-0.3,13,13,7,6,0,13,6,13,13,6,0,edgeCount
6,113,161,graphml/Deltacom.graphml,3,,clustered,0.6;-0.3,12,19,5,7,0,5,0,5,5,0,0,edgeCount
5,113,161,graphml/Deltacom.graphml,2,,clustered,0.6;-0.3,39,29,10,29,2,-1,-11,42,20,32,2,edgeCount
4,113,161,graphml/Deltacom.graphml,2,,clustered,0.6;-0.3,13,47,11,2,0,37,26,13,13,2,0,edgeCount
3,113,161,graphml/Deltacom.graphml,1,,clustered,0.6;-0.3,-1,-1,-1,0,0,-1,0,-1,-1,0,0,edgeCount
2,113,161,graphml/Deltacom.graphml,3,,clustered,0.6;-0.3,5,4,4,1,0,4,0,4,4,0,0,edgeCount
1,113,161,graphml/Deltacom.graphml,3,,clustered,0.6;-0.3,-1,-1,-1,0,0,-1,0,-1,-1,0,0,edgeCount
