rep,nrNodes,nrEdges,edgeProb,nrPaths,nrFails,failureModel,failurePercent,hopsRanked,hopsUnranked,spLength,stretch_mult,nodeAdditions,hopsPath,stretch_path,hopsRankedOne,hopsUnrankedOne,stretch_one,overallNodeAdditionsOne,treeChoice
1000,113,161,graphml/Deltacom.graphml,2,,clustered,0.3;-0.3,5,5,5,0,0,5,0,5,5,0,0,edgeCount
999,113,161,graphml/Deltacom.graphml,2,,clustered,0.3;-0.3,5,5,4,1,0,6,2,6,5,2,0,edgeCount
998,113,161,graphml/Deltacom.graphml,2,,clustered,0.3;-0.3,14,12,12,2,0,12,0,12,12,0,0,edgeCount
997,113,161,graphml/Deltacom.graphml,2,,clustered,0.3;-0.3,17,16,15,2,4,45,30,16,16,1,4,edgeCount
996,113,161,graphml/Deltacom.graphml,2,,clustered,0.3;-0.3,8,8,5,3,0,8,3,8,8,3,0,edgeCount
995,113,161,graphml/Deltacom.graphml,2,,clustered,0.3;-0.3,12,14,10,2,2,10,0,10,10,0,2,edgeCount
994,113,161,graphml/Deltacom.graphml,2,,clustered,0.3;-0.3,12,12,12,0,0,12,0,12,12,0,0,edgeCount
993,113,161,graphml/Deltacom.graphml,2,,clustered,0.3;-0.3,9,9,7,2,0,9,2,9,9,2,0,edgeCount
992,113,161,graphml/Deltacom.graphml,2,,clustered,0.3;-0.3,3,3,3,0,2,3,0,3,3,0,2,edgeCount
991,113,161,graphml/Deltacom.graphml,1,,clustered,0.3;-0.3,14,14,14,0,0,14,0,14,14,0,0,edgeCount
990,113,161,graphml/Deltacom.graphml,1,,clustered,0.3;-0.3,9,9,9,0,0,9,0,9,9,0,0,edgeCount
989,113,161,graphml/Deltacom.graphml,3,,clustered,0.3;-0.3,4,10,4,0,4,8,4,8,8,4,2,edgeCount
988,113,161,graphml/Deltacom.graphml,2,,clustered,0.3;-0.3,8,3,3,5,2,3,0,3,3,0,2,edgeCount
987,113,161,graphml/Deltacom.graphml,1,,clustered,0.3;-0.3,10,10,10,0,2,10,0,10,10,0,2,edgeCount
986,113,161,graphml/Deltacom.graphml,2,,clustered,0.3;-0.3,12,19,6,6,0,6,0,6,6,0,0,edgeCount
985,113,161,graphml/Deltacom.graphml,2,,clustered,0.3;-0.3,10,6,6,4,0,6,0,6,6,0,0,edgeCount
984,113,161,graphml/Deltacom.graphml,2,,clustered,0.3;-0.3,9,7,6,3,2,6,0,6,6,0,2,edgeCount
983,113,161,graphml/Deltacom.graphml,2,,clustered,0.3;-0.3,5,6,5,0,0,5,0,5,5,0,0,edgeCount
982,113,161,graphml/Deltacom.graphml,2,,clustered,0.3;-0.3,14,14,14,0,0,14,0,14,14,0,0,edgeCount
981,113,161,graphml/Deltacom.graphml,2,,clustered,0.3;-0.3,7,11,4,3,0,4,0,4,4,0,0,edgeCount
980,113,161,graphml/Deltacom.graphml,1,,clustered,0.3;-0.3,16,16,16,0,2,16,0,16,16,0,2,edgeCount
979,113,161,graphml/Deltacom.graphml,1,,clustered,0.3;-0.3,6,6,6,0,0,6,0,6,6,0,0,edgeCount
978,113,161,graphml/Deltacom.graphml,2,,clustered,0.3;-0.3,9,9,5,4,2,5,0,5,5,0,2,edgeCount
977,113,161,graphml/Deltacom.graphml,2,,clustered,0.3;-0.3,15,15,12,3,0,15,3,15,15,3,0,edgeCount
976,113,161,graphml/Deltacom.graphml,2,,clustered,0.3;-0.3,8,8,5,3,0,8,3,8,8,3,0,edgeCount
975,113,161,graphml/Deltacom.graphml,3,,clustered,0.3;-0.3,21,17,5,16,8,6,1,6,6,1,8,edgeCount
974,113,161,graphml/Deltacom.graphml,3,,clustered,0.3;-0.3,4,12,3,1,4,10,7,10,10,7,4,edgeCount
973,113,161,graphml/Deltacom.graphml,2,,clustered,0.3;-0.3,6,13,3,3,0,3,0,3,3,0,0,edgeCount
972,113,161,graphml/Deltacom.graphml,2,,clustered,0.3;-0.3,4,2,2,2,6,2,0,2,2,0,6,edgeCount
971,113,161,graphml/Deltacom.graphml,3,,clustered,0.3;-0.3,8,8,7,1,0,8,1,8,8,1,0,edgeCount
970,113,161,graphml/Deltacom.graphml,2,,clustered,0.3;-0.3,4,4,4,0,0,4,0,4,4,0,0,edgeCount
969,113,161,graphml/Deltacom.graphml,1,,clustered,0.3;-0.3,15,15,15,0,0,15,0,15,15,0,0,edgeCount
968,113,161,graphml/Deltacom.graphml,2,,clustered,0.3;-0.3,6,11,3,3,0,3,0,3,3,0,0,edgeCount
967,113,161,graphml/Deltacom.graphml,1,,clustered,0.3;-0.3,11,11,11,0,6,11,0,11,11,0,6,edgeCount
966,113,161,graphml/Deltacom.graphml,4,,clustered,0.3;-0.3,20,6,5,15,0,6,1,6,6,1,0,edgeCount
965,113,161,graphml/Deltacom.graphml,2,,clustered,0.3;-0.3,9,9,8,1,0,9,1,9,9,1,0,edgeCount
964,113,161,graphml/Deltacom.graphml,2,,clustered,0.3;-0.3,14,14,14,0,0,14,0,14,14,0,0,edgeCount
963,113,161,graphml/Deltacom.graphml,2,,clustered,0.3;-0.3,7,6,4,3,0,4,0,4,4,0,0,edgeCount
962,113,161,graphml/Deltacom.graphml,2,,clustered,0.3;-0.3,6,4,4,2,0,4,0,4,4,0,0,edgeCount
961,113,161,graphml/Deltacom.graphml,3,,clustered,0.3;-0.3,6,6,6,0,0,6,0,6,6,0,0,edgeCount
960,113,161,graphml/Deltacom.graphml,3,,clustered,0.3;-0.3,9,14,7,2,0,7,0,7,7,0,0,edgeCount
959,113,161,graphml/Deltacom.graphml,4,,clustered,0.3;-0.3,8,8,6,2,2,12,6,12,12,6,2,edgeCount
958,113,161,graphml/Deltacom.graphml,2,,clustered,0.3;-0.3,8,5,5,3,2,5,0,5,5,0,2,edgeCount
957,113,161,graphml/Deltacom.graphml,2,,clustered,0.3;-0.3,13,9,9,4,0,9,0,9,9,0,0,edgeCount
956,113,161,graphml/Deltacom.graphml,2,,clustered,0.3;-0.3,11,11,11,0,0,11,0,11,11,0,0,edgeCount
955,113,161,graphml/Deltacom.graphml,2,,clustered,0.3;-0.3,2,4,2,0,0,2,0,2,2,0,0,edgeCount
954,113,161,graphml/Deltacom.graphml,2,,clustered,0.3;-0.3,7,11,4,3,2,4,0,4,4,0,2,edgeCount
953,113,161,graphml/Deltacom.graphml,2,,clustered,0.3;-0.3,8,8,8,0,0,8,0,8,8,0,0,edgeCount
952,113,161,graphml/Deltacom.graphml,3,,clustered,0.3;-0.3,5,11,5,0,10,5,0,5,5,0,10,edgeCount
951,113,161,graphml/Deltacom.graphml,2,,clustered,0.3;-0.3,9,9,9,0,0,9,0,9,9,0,0,edgeCount
950,113,161,graphml/Deltacom.graphml,2,,clustered,0.3;-0.3,19,30,16,3,6,16,0,16,16,0,4,edgeCount
949,113,161,graphml/Deltacom.graphml,2,,clustered,0.3;-0.3,7,7,7,0,0,9,2,7,7,0,0,edgeCount
948,113,161,graphml/Deltacom.graphml,1,,clustered,0.3;-0.3,18,18,18,0,4,18,0,18,18,0,4,edgeCount
947,113,161,graphml/Deltacom.graphml,1,,clustered,0.3;-0.3,5,5,5,0,0,5,0,5,5,0,0,edgeCount
946,113,161,graphml/Deltacom.graphml,2,,clustered,0.3;-0.3,10,9,8,2,2,9,1,9,9,1,2,edgeCount
945,113,161,graphml/Deltacom.graphml,2,,clustered,0.3;-0.3,8,8,6,2,0,8,2,8,8,2,0,edgeCount
944,113,161,graphml/Deltacom.graphml,2,,clustered,0.3;-0.3,16,16,6,10,4,6,0,6,12,0,4,edgeCount
943,113,161,graphml/Deltacom.graphml,1,,clustered,0.3;-0.3,7,7,7,0,0,7,0,7,7,0,0,edgeCount
942,113,161,graphml/Deltacom.graphml,1,,clustered,0.3;-0.3,4,5,4,0,4,4,0,4,5,0,4,edgeCount
941,113,161,graphml/Deltacom.graphml,2,,clustered,0.3;-0.3,7,7,7,0,0,7,0,7,7,0,0,edgeCount
940,113,161,graphml/Deltacom.graphml,3,,clustered,0.3;-0.3,3,3,2,1,0,3,1,3,3,1,0,edgeCount
939,113,161,graphml/Deltacom.graphml,3,,clustered,0.3;-0.3,10,9,7,3,0,8,1,8,8,1,0,edgeCount
938,113,161,graphml/Deltacom.graphml,2,,clustered,0.3;-0.3,10,10,10,0,0,10,0,10,10,0,0,edgeCount
937,113,161,graphml/Deltacom.graphml,2,,clustered,0.3;-0.3,15,15,9,6,2,9,0,9,9,0,2,edgeCount
936,113,161,graphml/Deltacom.graphml,1,,clustered,0.3;-0.3,9,9,9,0,2,9,0,9,9,0,2,edgeCount
935,113,161,graphml/Deltacom.graphml,2,,clustered,0.3;-0.3,15,15,13,2,0,15,2,15,15,2,0,edgeCount
934,113,161,graphml/Deltacom.graphml,2,,clustered,0.3;-0.3,24,23,8,16,4,8,0,8,8,0,4,edgeCount
933,113,161,graphml/Deltacom.graphml,3,,clustered,0.3;-0.3,9,13,9,0,2,23,14,23,23,14,2,edgeCount
932,113,161,graphml/Deltacom.graphml,2,,clustered,0.3;-0.3,22,8,7,15,6,8,1,8,10,1,6,edgeCount
931,113,161,graphml/Deltacom.graphml,1,,clustered,0.3;-0.3,7,7,7,0,0,7,0,7,7,0,0,edgeCount
930,113,161,graphml/Deltacom.graphml,3,,clustered,0.3;-0.3,4,3,3,1,0,3,0,3,3,0,0,edgeCount
929,113,161,graphml/Deltacom.graphml,2,,clustered,0.3;-0.3,5,4,4,1,0,4,0,4,4,0,0,edgeCount
928,113,161,graphml/Deltacom.graphml,2,,clustered,0.3;-0.3,8,12,7,1,4,7,0,7,7,0,4,edgeCount
927,113,161,graphml/Deltacom.graphml,1,,clustered,0.3;-0.3,4,5,4,0,2,4,0,4,5,0,2,edgeCount
926,113,161,graphml/Deltacom.graphml,1,,clustered,0.3;-0.3,5,5,5,0,0,5,0,5,5,0,0,edgeCount
925,113,161,graphml/Deltacom.graphml,1,,clustered,0.3;-0.3,9,12,9,0,2,9,0,9,12,0,2,edgeCount
924,113,161,graphml/Deltacom.graphml,2,,clustered,0.3;-0.3,14,24,13,1,2,13,0,13,13,0,2,edgeCount
923,113,161,graphml/Deltacom.graphml,1,,clustered,0.3;-0.3,10,10,10,0,2,10,0,10,10,0,2,edgeCount
922,113,161,graphml/Deltacom.graphml,4,,clustered,0.3;-0.3,2,2,2,0,0,2,0,2,2,0,0,edgeCount
921,113,161,graphml/Deltacom.graphml,2,,clustered,0.3;-0.3,12,20,6,6,6,6,0,6,6,0,4,edgeCount
920,113,161,graphml/Deltacom.graphml,2,,clustered,0.3;-0.3,9,9,9,0,0,9,0,9,9,0,0,edgeCount
919,113,161,graphml/Deltacom.graphml,2,,clustered,0.3;-0.3,16,23,12,4,2,12,0,12,12,0,2,edgeCount
918,113,161,graphml/Deltacom.graphml,2,,clustered,0.3;-0.3,9,7,7,2,0,7,0,7,7,0,0,edgeCount
917,113,161,graphml/Deltacom.graphml,2,,clustered,0.3;-0.3,18,13,9,9,6,9,0,9,9,0,4,edgeCount
916,113,161,graphml/Deltacom.graphml,2,,clustered,0.3;-0.3,20,20,19,1,0,20,1,20,20,1,0,edgeCount
915,113,161,graphml/Deltacom.graphml,2,,clustered,0.3;-0.3,10,9,9,1,0,9,0,9,9,0,0,edgeCount
914,113,161,graphml/Deltacom.graphml,2,,clustered,0.3;-0.3,9,6,6,3,0,6,0,6,6,0,0,edgeCount
913,113,161,graphml/Deltacom.graphml,1,,clustered,0.3;-0.3,11,11,11,0,2,11,0,11,11,0,2,edgeCount
912,113,161,graphml/Deltacom.graphml,2,,clustered,0.3;-0.3,4,4,4,0,0,4,0,4,4,0,0,edgeCount
911,113,161,graphml/Deltacom.graphml,2,,clustered,0.3;-0.3,7,12,3,4,12,3,0,3,3,0,12,edgeCount
910,113,161,graphml/Deltacom.graphml,4,,clustered,0.3;-0.3,3,3,3,0,0,3,0,3,3,0,0,edgeCount
909,113,161,graphml/Deltacom.graphml,2,,clustered,0.3;-0.3,9,11,5,4,4,5,0,5,5,0,2,edgeCount
908,113,161,graphml/Deltacom.graphml,2,,clustered,0.3;-0.3,19,18,12,7,0,12,0,12,12,0,0,edgeCount
907,113,161,graphml/Deltacom.graphml,4,,clustered,0.3;-0.3,11,11,8,3,0,11,3,11,11,3,0,edgeCount
906,113,161,graphml/Deltacom.graphml,2,,clustered,0.3;-0.3,7,8,5,2,0,6,1,6,6,1,0,edgeCount
905,113,161,graphml/Deltacom.graphml,2,,clustered,0.3;-0.3,7,5,4,3,0,5,1,5,5,1,0,edgeCount
904,113,161,graphml/Deltacom.graphml,2,,clustered,0.3;-0.3,9,14,5,4,2,5,0,5,5,0,2,edgeCount
903,113,161,graphml/Deltacom.graphml,3,,clustered,0.3;-0.3,4,3,3,1,0,3,0,3,3,0,0,edgeCount
902,113,161,graphml/Deltacom.graphml,2,,clustered,0.3;-0.3,10,12,8,2,0,9,1,9,9,1,0,edgeCount
901,113,161,graphml/Deltacom.graphml,1,,clustered,0.3;-0.3,6,6,6,0,0,6,0,6,6,0,0,edgeCount
900,113,161,graphml/Deltacom.graphml,2,,clustered,0.3;-0.3,10,4,4,6,0,4,0,4,4,0,0,edgeCount
899,113,161,graphml/Deltacom.graphml,4,,clustered,0.3;-0.3,16,8,7,9,8,28,21,28,8,21,8,edgeCount
898,113,161,graphml/Deltacom.graphml,2,,clustered,0.3;-0.3,9,9,9,0,0,9,0,9,9,0,0,edgeCount
897,113,161,graphml/Deltacom.graphml,3,,clustered,0.3;-0.3,6,6,6,0,0,9,3,6,6,0,0,edgeCount
896,113,161,graphml/Deltacom.graphml,2,,clustered,0.3;-0.3,8,6,6,2,0,6,0,6,6,0,0,edgeCount
895,113,161,graphml/Deltacom.graphml,3,,clustered,0.3;-0.3,6,5,3,3,0,6,3,6,5,3,0,edgeCount
894,113,161,graphml/Deltacom.graphml,1,,clustered,0.3;-0.3,4,4,4,0,0,4,0,4,4,0,0,edgeCount
893,113,161,graphml/Deltacom.graphml,2,,clustered,0.3;-0.3,6,3,3,3,0,3,0,3,3,0,0,edgeCount
892,113,161,graphml/Deltacom.graphml,2,,clustered,0.3;-0.3,9,6,6,3,2,6,0,6,6,0,2,edgeCount
891,113,161,graphml/Deltacom.graphml,2,,clustered,0.3;-0.3,10,12,8,2,2,8,0,8,8,0,2,edgeCount
890,113,161,graphml/Deltacom.graphml,2,,clustered,0.3;-0.3,11,7,7,4,0,7,0,7,7,0,0,edgeCount
889,113,161,graphml/Deltacom.graphml,2,,clustered,0.3;-0.3,10,4,4,6,0,4,0,4,4,0,0,edgeCount
888,113,161,graphml/Deltacom.graphml,2,,clustered,0.3;-0.3,18,18,18,0,4,52,34,52,22,34,4,edgeCount
887,113,161,graphml/Deltacom.graphml,1,,clustered,0.3;-0.3,12,12,12,0,6,12,0,12,12,0,6,edgeCount
886,113,161,graphml/Deltacom.graphml,2,,clustered,0.3;-0.3,16,16,15,1,2,16,1,16,16,1,2,edgeCount
885,113,161,graphml/Deltacom.graphml,2,,clustered,0.3;-0.3,8,8,8,0,2,8,0,8,8,0,2,edgeCount
884,113,161,graphml/Deltacom.graphml,2,,clustered,0.3;-0.3,8,9,5,3,2,8,3,5,5,0,2,edgeCount
883,113,161,graphml/Deltacom.graphml,2,,clustered,0.3;-0.3,7,4,4,3,0,4,0,4,4,0,0,edgeCount
882,113,161,graphml/Deltacom.graphml,2,,clustered,0.3;-0.3,6,4,4,2,0,4,0,4,4,0,0,edgeCount
881,113,161,graphml/Deltacom.graphml,2,,clustered,0.3;-0.3,10,8,6,4,2,8,2,8,8,2,2,edgeCount
880,113,161,graphml/Deltacom.graphml,3,,clustered,0.3;-0.3,9,9,7,2,0,9,2,9,9,2,0,edgeCount
879,113,161,graphml/Deltacom.graphml,2,,clustered,0.3;-0.3,13,7,7,6,0,7,0,7,7,0,0,edgeCount
878,113,161,graphml/Deltacom.graphml,4,,clustered,0.3;-0.3,24,5,5,19,0,5,0,5,5,0,0,edgeCount
877,113,161,graphml/Deltacom.graphml,2,,clustered,0.3;-0.3,11,11,11,0,2,11,0,11,11,0,2,edgeCount
876,113,161,graphml/Deltacom.graphml,3,,clustered,0.3;-0.3,5,14,4,1,0,4,0,4,4,0,0,edgeCount
875,113,161,graphml/Deltacom.graphml,2,,clustered,0.3;-0.3,8,8,8,0,0,8,0,8,8,0,0,edgeCount
874,113,161,graphml/Deltacom.graphml,2,,clustered,0.3;-0.3,6,6,6,0,0,6,0,6,6,0,0,edgeCount
873,113,161,graphml/Deltacom.graphml,2,,clustered,0.3;-0.3,47,15,15,32,4,15,0,15,15,0,4,edgeCount
872,113,161,graphml/Deltacom.graphml,2,,clustered,0.3;-0.3,3,3,3,0,2,3,0,3,3,0,2,edgeCount
871,113,161,graphml/Deltacom.graphml,2,,clustered,0.3;-0.3,10,7,7,3,4,7,0,7,7,0,4,edgeCount
870,113,161,graphml/Deltacom.graphml,2,,clustered,0.3;-0.3,3,3,3,0,0,3,0,3,3,0,0,edgeCount
869,113,161,graphml/Deltacom.graphml,3,,clustered,0.3;-0.3,6,6,5,1,0,6,1,6,6,1,0,edgeCount
868,113,161,graphml/Deltacom.graphml,2,,clustered,0.3;-0.3,5,5,5,0,0,6,1,5,5,0,0,edgeCount
867,113,161,graphml/Deltacom.graphml,3,,clustered,0.3;-0.3,4,4,2,2,0,2,0,2,2,0,0,edgeCount
866,113,161,graphml/Deltacom.graphml,2,,clustered,0.3;-0.3,7,12,5,2,10,6,1,6,6,1,10,edgeCount
865,113,161,graphml/Deltacom.graphml,2,,clustered,0.3;-0.3,5,10,4,1,4,4,0,5,10,1,4,edgeCount
864,113,161,graphml/Deltacom.graphml,3,,clustered,0.3;-0.3,7,7,7,0,0,7,0,7,7,0,0,edgeCount
863,113,161,graphml/Deltacom.graphml,2,,clustered,0.3;-0.3,10,10,10,0,0,10,0,10,10,0,0,edgeCount
862,113,161,graphml/Deltacom.graphml,1,,clustered,0.3;-0.3,5,5,5,0,0,5,0,5,5,0,0,edgeCount
861,113,161,graphml/Deltacom.graphml,2,,clustered,0.3;-0.3,9,7,7,2,2,7,0,7,7,0,2,edgeCount
860,113,161,graphml/Deltacom.graphml,2,,clustered,0.3;-0.3,10,10,10,0,2,10,0,10,10,0,2,edgeCount
859,113,161,graphml/Deltacom.graphml,3,,clustered,0.3;-0.3,7,6,6,1,0,6,0,6,6,0,0,edgeCount
858,113,161,graphml/Deltacom.graphml,2,,clustered,0.3;-0.3,10,5,5,5,0,5,0,5,5,0,0,edgeCount
857,113,161,graphml/Deltacom.graphml,2,,clustered,0.3;-0.3,7,10,4,3,0,4,0,4,4,0,0,edgeCount
856,113,161,graphml/Deltacom.graphml,2,,clustered,0.3;-0.3,8,7,6,2,0,7,1,7,7,1,0,edgeCount
855,113,161,graphml/Deltacom.graphml,2,,clustered,0.3;-0.3,13,7,7,6,6,19,12,19,20,12,6,edgeCount
854,113,161,graphml/Deltacom.graphml,2,,clustered,0.3;-0.3,7,6,5,2,4,15,10,15,15,10,4,edgeCount
853,113,161,graphml/Deltacom.graphml,2,,clustered,0.3;-0.3,8,9,5,3,2,5,0,8,5,3,2,edgeCount
852,113,161,graphml/Deltacom.graphml,2,,clustered,0.3;-0.3,6,6,6,0,0,6,0,6,6,0,0,edgeCount
851,113,161,graphml/Deltacom.graphml,1,,clustered,0.3;-0.3,3,3,3,0,6,3,0,3,3,0,6,edgeCount
850,113,161,graphml/Deltacom.graphml,2,,clustered,0.3;-0.3,9,9,7,2,0,9,2,9,9,2,0,edgeCount
849,113,161,graphml/Deltacom.graphml,3,,clustered,0.3;-0.3,15,15,7,8,2,15,8,15,15,8,2,edgeCount
848,113,161,graphml/Deltacom.graphml,3,,clustered,0.3;-0.3,8,7,6,2,0,7,1,7,7,1,0,edgeCount
847,113,161,graphml/Deltacom.graphml,2,,clustered,0.3;-0.3,7,12,3,4,2,3,0,3,3,0,2,edgeCount
846,113,161,graphml/Deltacom.graphml,2,,clustered,0.3;-0.3,8,15,7,1,0,7,0,7,7,0,0,edgeCount
845,113,161,graphml/Deltacom.graphml,2,,clustered,0.3;-0.3,18,25,12,6,6,42,30,12,12,0,4,edgeCount
844,113,161,graphml/Deltacom.graphml,2,,clustered,0.3;-0.3,16,16,16,0,0,16,0,16,16,0,0,edgeCount
843,113,161,graphml/Deltacom.graphml,2,,clustered,0.3;-0.3,15,15,12,3,0,15,3,15,15,3,0,edgeCount
842,113,161,graphml/Deltacom.graphml,2,,clustered,0.3;-0.3,7,13,6,1,4,11,5,11,24,5,4,edgeCount
841,113,161,graphml/Deltacom.graphml,2,,clustered,0.3;-0.3,8,8,8,0,0,8,0,8,8,0,0,edgeCount
840,113,161,graphml/Deltacom.graphml,1,,clustered,0.3;-0.3,12,12,12,0,6,12,0,12,12,0,6,edgeCount
839,113,161,graphml/Deltacom.graphml,4,,clustered,0.3;-0.3,6,7,6,0,0,6,0,6,6,0,0,edgeCount
838,113,161,graphml/Deltacom.graphml,3,,clustered,0.3;-0.3,7,7,7,0,0,7,0,7,7,0,0,edgeCount
837,113,161,graphml/Deltacom.graphml,4,,clustered,0.3;-0.3,8,7,3,5,0,8,5,8,7,5,0,edgeCount
836,113,161,graphml/Deltacom.graphml,2,,clustered,0.3;-0.3,8,8,8,0,4,22,14,22,15,14,4,edgeCount
835,113,161,graphml/Deltacom.graphml,2,,clustered,0.3;-0.3,14,17,9,5,2,9,0,9,9,0,2,edgeCount
834,113,161,graphml/Deltacom.graphml,2,,clustered,0.3;-0.3,9,9,7,2,0,9,2,9,9,2,0,edgeCount
833,113,161,graphml/Deltacom.graphml,3,,clustered,0.3;-0.3,9,19,6,3,2,7,1,6,6,0,2,edgeCount
832,113,161,graphml/Deltacom.graphml,4,,clustered,0.3;-0.3,17,17,5,12,0,17,12,17,17,12,0,edgeCount
831,113,161,graphml/Deltacom.graphml,2,,clustered,0.3;-0.3,17,23,13,4,2,13,0,13,13,0,2,edgeCount
830,113,161,graphml/Deltacom.graphml,2,,clustered,0.3;-0.3,9,9,7,2,0,9,2,9,9,2,0,edgeCount
829,113,161,graphml/Deltacom.graphml,2,,clustered,0.3;-0.3,7,11,4,3,2,4,0,4,4,0,2,edgeCount
828,113,161,graphml/Deltacom.graphml,4,,clustered,0.3;-0.3,8,7,5,3,2,7,2,7,7,2,2,edgeCount
827,113,161,graphml/Deltacom.graphml,2,,clustered,0.3;-0.3,11,10,4,7,0,4,0,4,4,0,0,edgeCount
826,113,161,graphml/Deltacom.graphml,1,,clustered,0.3;-0.3,7,7,7,0,4,7,0,7,7,0,4,edgeCount
825,113,161,graphml/Deltacom.graphml,3,,clustered,0.3;-0.3,5,11,3,2,0,4,1,4,4,1,0,edgeCount
824,113,161,graphml/Deltacom.graphml,2,,clustered,0.3;-0.3,7,13,5,2,4,6,1,5,5,0,2,edgeCount
823,113,161,graphml/Deltacom.graphml,2,,clustered,0.3;-0.3,11,7,7,4,0,7,0,7,7,0,0,edgeCount
822,113,161,graphml/Deltacom.graphml,1,,clustered,0.3;-0.3,11,11,11,0,2,11,0,11,11,0,2,edgeCount
821,113,161,graphml/Deltacom.graphml,3,,clustered,0.3;-0.3,6,3,3,3,0,3,0,3,3,0,0,edgeCount
820,113,161,graphml/Deltacom.graphml,2,,clustered,0.3;-0.3,14,13,13,1,2,13,0,13,13,0,2,edgeCount
819,113,161,graphml/Deltacom.graphml,2,,clustered,0.3;-0.3,28,10,9,19,4,10,1,10,10,1,4,edgeCount
818,113,161,graphml/Deltacom.graphml,2,,clustered,0.3;-0.3,6,6,5,1,0,6,1,6,6,1,0,edgeCount
817,113,161,graphml/Deltacom.graphml,2,,clustered,0.3;-0.3,9,4,4,5,0,4,0,4,4,0,0,edgeCount
816,113,161,graphml/Deltacom.graphml,1,,clustered,0.3;-0.3,12,12,12,0,4,12,0,12,12,0,4,edgeCount
815,113,161,graphml/Deltacom.graphml,2,,clustered,0.3;-0.3,8,8,8,0,0,8,0,8,8,0,0,edgeCount
814,113,161,graphml/Deltacom.graphml,3,,clustered,0.3;-0.3,6,6,5,1,0,6,1,6,6,1,0,edgeCount
813,113,161,graphml/Deltacom.graphml,2,,clustered,0.3;-0.3,7,8,7,0,0,7,0,7,7,0,0,edgeCount
812,113,161,graphml/Deltacom.graphml,2,,clustered,0.3;-0.3,5,5,4,1,0,5,1,5,5,1,0,edgeCount
811,113,161,graphml/Deltacom.graphml,3,,clustered,0.3;-0.3,26,25,7,19,2,9,2,25,25,18,2,edgeCount
810,113,161,graphml/Deltacom.graphml,2,,clustered,0.3;-0.3,5,12,4,1,0,4,0,4,4,0,0,edgeCount
809,113,161,graphml/Deltacom.graphml,1,,clustered,0.3;-0.3,12,12,12,0,0,12,0,12,12,0,0,edgeCount
808,113,161,graphml/Deltacom.graphml,1,,clustered,0.3;-0.3,6,6,6,0,6,6,0,6,6,0,6,edgeCount
807,113,161,graphml/Deltacom.graphml,2,,clustered,0.3;-0.3,14,12,12,2,2,12,0,12,12,0,2,edgeCount
806,113,161,graphml/Deltacom.graphml,2,,clustered,0.3;-0.3,10,10,10,0,0,10,0,10,10,0,0,edgeCount
805,113,161,graphml/Deltacom.graphml,2,,clustered,0.3;-0.3,10,10,10,0,0,10,0,10,10,0,0,edgeCount
804,113,161,graphml/Deltacom.graphml,2,,clustered,0.3;-0.3,21,18,17,4,0,18,1,18,18,1,0,edgeCount
803,113,161,graphml/Deltacom.graphml,2,,clustered,0.3;-0.3,10,10,10,0,0,10,0,10,10,0,0,edgeCount
802,113,161,graphml/Deltacom.graphml,2,,clustered,0.3;-0.3,9,16,4,5,0,4,0,4,4,0,0,edgeCount
801,113,161,graphml/Deltacom.graphml,2,,clustered,0.3;-0.3,8,8,8,0,0,8,0,8,8,0,0,edgeCount
800,113,161,graphml/Deltacom.graphml,1,,clustered,0.3;-0.3,4,4,4,0,2,4,0,4,4,0,2,edgeCount
799,113,161,graphml/Deltacom.graphml,2,,clustered,0.3;-0.3,4,3,3,1,0,3,0,3,3,0,0,edgeCount
798,113,161,graphml/Deltacom.graphml,2,,clustered,0.3;-0.3,5,14,4,1,0,4,0,4,4,0,0,edgeCount
797,113,161,graphml/Deltacom.graphml,2,,clustered,0.3;-0.3,3,4,3,0,0,3,0,3,3,0,0,edgeCount
796,113,161,graphml/Deltacom.graphml,2,,clustered,0.3;-0.3,12,12,11,1,0,12,1,12,12,1,0,edgeCount
795,113,161,graphml/Deltacom.graphml,2,,clustered,0.3;-0.3,7,7,7,0,0,7,0,7,7,0,0,edgeCount
794,113,161,graphml/Deltacom.graphml,1,,clustered,0.3;-0.3,6,6,6,0,0,6,0,6,6,0,0,edgeCount
793,113,161,graphml/Deltacom.graphml,2,,clustered,0.3;-0.3,9,13,5,4,2,7,2,7,7,2,2,edgeCount
792,113,161,graphml/Deltacom.graphml,2,,clustered,0.3;-0.3,3,3,3,0,0,4,1,3,3,0,0,edgeCount
791,113,161,graphml/Deltacom.graphml,4,,clustered,0.3;-0.3,11,13,7,4,0,9,2,9,9,2,0,edgeCount
790,113,161,graphml/Deltacom.graphml,2,,clustered,0.3;-0.3,6,6,6,0,0,6,0,6,6,0,0,edgeCount
789,113,161,graphml/Deltacom.graphml,2,,clustered,0.3;-0.3,5,5,4,1,2,5,1,5,5,1,2,edgeCount
788,113,161,graphml/Deltacom.graphml,3,,clustered,0.3;-0.3,7,4,4,3,0,4,0,4,4,0,0,edgeCount
787,113,161,graphml/Deltacom.graphml,2,,clustered,0.3;-0.3,10,15,7,3,0,7,0,7,7,0,0,edgeCount
786,113,161,graphml/Deltacom.graphml,2,,clustered,0.3;-0.3,6,3,3,3,0,3,0,3,3,0,0,edgeCount
785,113,161,graphml/Deltacom.graphml,2,,clustered,0.3;-0.3,14,17,9,5,2,9,0,9,9,0,2,edgeCount
784,113,161,graphml/Deltacom.graphml,3,,clustered,0.3;-0.3,10,15,8,2,0,8,0,8,8,0,0,edgeCount
783,113,161,graphml/Deltacom.graphml,3,,clustered,0.3;-0.3,8,9,6,2,0,7,1,7,7,1,0,edgeCount
782,113,161,graphml/Deltacom.graphml,2,,clustered,0.3;-0.3,6,4,4,2,0,4,0,4,4,0,0,edgeCount
781,113,161,graphml/Deltacom.graphml,2,,clustered,0.3;-0.3,9,20,6,3,2,6,0,6,6,0,2,edgeCount
780,113,161,graphml/Deltacom.graphml,2,,clustered,0.3;-0.3,9,17,6,3,4,6,0,6,6,0,2,edgeCount
779,113,161,graphml/Deltacom.graphml,2,,clustered,0.3;-0.3,5,3,3,2,0,3,0,3,3,0,0,edgeCount
778,113,161,graphml/Deltacom.graphml,3,,clustered,0.3;-0.3,5,5,5,0,0,5,0,5,5,0,0,edgeCount
777,113,161,graphml/Deltacom.graphml,2,,clustered,0.3;-0.3,5,12,4,1,0,4,0,4,4,0,0,edgeCount
776,113,161,graphml/Deltacom.graphml,2,,clustered,0.3;-0.3,6,6,6,0,0,6,0,6,6,0,0,edgeCount
775,113,161,graphml/Deltacom.graphml,1,,clustered,0.3;-0.3,3,3,3,0,0,3,0,3,3,0,0,edgeCount
774,113,161,graphml/Deltacom.graphml,2,,clustered,0.3;-0.3,13,13,12,1,0,13,1,13,13,1,0,edgeCount
773,113,161,graphml/Deltacom.graphml,2,,clustered,0.3;-0.3,5,5,5,0,2,5,0,5,5,0,2,edgeCount
772,113,161,graphml/Deltacom.graphml,2,,clustered,0.3;-0.3,3,6,3,0,0,3,0,3,3,0,0,edgeCount
771,113,161,graphml/Deltacom.graphml,3,,clustered,0.3;-0.3,7,7,4,3,0,6,2,6,6,2,0,edgeCount
770,113,161,graphml/Deltacom.graphml,1,,clustered,0.3;-0.3,9,9,9,0,0,9,0,9,9,0,0,edgeCount
769,113,161,graphml/Deltacom.graphml,2,,clustered,0.3;-0.3,3,3,3,0,0,3,0,3,3,0,0,edgeCount
768,113,161,graphml/Deltacom.graphml,2,,clustered,0.3;-0.3,14,17,7,7,0,7,0,7,7,0,0,edgeCount
767,113,161,graphml/Deltacom.graphml,2,,clustered,0.3;-0.3,12,12,12,0,0,12,0,12,12,0,0,edgeCount
766,113,161,graphml/Deltacom.graphml,2,,clustered,0.3;-0.3,8,8,7,1,0,8,1,8,8,1,0,edgeCount
765,113,161,graphml/Deltacom.graphml,4,,clustered,0.3;-0.3,6,8,5,1,0,14,9,14,14,9,0,edgeCount
764,113,161,graphml/Deltacom.graphml,2,,clustered,0.3;-0.3,8,8,8,0,0,10,2,8,8,0,0,edgeCount
763,113,161,graphml/Deltacom.graphml,3,,clustered,0.3;-0.3,3,3,3,0,4,4,1,4,3,1,2,edgeCount
762,113,161,graphml/Deltacom.graphml,2,,clustered,0.3;-0.3,5,5,5,0,0,5,0,5,5,0,0,edgeCount
761,113,161,graphml/Deltacom.graphml,2,,clustered,0.3;-0.3,13,15,5,8,4,5,0,5,5,0,4,edgeCount
760,113,161,graphml/Deltacom.graphml,3,,clustered,0.3;-0.3,4,4,4,0,0,4,0,4,4,0,0,edgeCount
759,113,161,graphml/Deltacom.graphml,1,,clustered,0.3;-0.3,3,3,3,0,0,3,0,3,3,0,0,edgeCount
758,113,161,graphml/Deltacom.graphml,2,,clustered,0.3;-0.3,6,6,6,0,0,6,0,6,6,0,0,edgeCount
757,113,161,graphml/Deltacom.graphml,3,,clustered,0.3;-0.3,6,3,3,3,0,3,0,3,3,0,0,edgeCount
756,113,161,graphml/Deltacom.graphml,3,,clustered,0.3;-0.3,5,4,4,1,0,4,0,4,4,0,0,edgeCount
755,113,161,graphml/Deltacom.graphml,2,,clustered,0.3;-0.3,6,6,5,1,0,7,2,6,6,1,0,edgeCount
754,113,161,graphml/Deltacom.graphml,2,,clustered,0.3;-0.3,9,7,6,3,0,7,1,7,7,1,0,edgeCount
753,113,161,graphml/Deltacom.graphml,2,,clustered,0.3;-0.3,5,12,4,1,0,5,1,5,5,1,0,edgeCount
752,113,161,graphml/Deltacom.graphml,1,,clustered,0.3;-0.3,6,6,6,0,0,6,0,6,6,0,0,edgeCount
751,113,161,graphml/Deltacom.graphml,2,,clustered,0.3;-0.3,11,11,9,2,0,11,2,11,11,2,0,edgeCount
750,113,161,graphml/Deltacom.graphml,2,,clustered,0.3;-0.3,2,2,2,0,2,2,0,2,2,0,2,edgeCount
749,113,161,graphml/Deltacom.graphml,2,,clustered,0.3;-0.3,12,12,11,1,0,12,1,12,12,1,0,edgeCount
748,113,161,graphml/Deltacom.graphml,2,,clustered,0.3;-0.3,10,10,10,0,0,10,0,10,10,0,0,edgeCount
747,113,161,graphml/Deltacom.graphml,3,,clustered,0.3;-0.3,8,16,8,0,4,22,14,22,22,14,4,edgeCount
746,113,161,graphml/Deltacom.graphml,2,,clustered,0.3;-0.3,8,8,8,0,0,8,0,8,8,0,0,edgeCount
745,113,161,graphml/Deltacom.graphml,2,,clustered,0.3;-0.3,8,5,5,3,4,5,0,5,5,0,4,edgeCount
744,113,161,graphml/Deltacom.graphml,2,,clustered,0.3;-0.3,6,6,6,0,0,6,0,6,6,0,0,edgeCount
743,113,161,graphml/Deltacom.graphml,2,,clustered,0.3;-0.3,23,16,7,16,4,7,0,7,7,0,4,edgeCount
742,113,161,graphml/Deltacom.graphml,2,,clustered,0.3;-0.3,5,3,3,2,0,3,0,3,3,0,0,edgeCount
741,113,161,graphml/Deltacom.graphml,2,,clustered,0.3;-0.3,2,2,2,0,0,2,0,2,2,0,0,edgeCount
740,113,161,graphml/Deltacom.graphml,3,,clustered,0.3;-0.3,9,13,4,5,2,5,1,4,4,0,2,edgeCount
739,113,161,graphml/Deltacom.graphml,2,,clustered,0.3;-0.3,2,2,2,0,2,2,0,2,2,0,2,edgeCount
738,113,161,graphml/Deltacom.graphml,1,,clustered,0.3;-0.3,4,4,4,0,0,4,0,4,4,0,0,edgeCount
737,113,161,graphml/Deltacom.graphml,1,,clustered,0.3;-0.3,5,8,5,0,4,5,0,5,8,0,4,edgeCount
736,113,161,graphml/Deltacom.graphml,3,,clustered,0.3;-0.3,9,8,8,1,0,8,0,8,8,0,0,edgeCount
735,113,161,graphml/Deltacom.graphml,2,,clustered,0.3;-0.3,10,10,2,8,0,2,0,2,2,0,0,edgeCount
734,113,161,graphml/Deltacom.graphml,2,,clustered,0.3;-0.3,13,13,12,1,0,13,1,13,13,1,0,edgeCount
733,113,161,graphml/Deltacom.graphml,3,,clustered,0.3;-0.3,10,10,10,0,4,10,0,10,10,0,4,edgeCount
732,113,161,graphml/Deltacom.graphml,1,,clustered,0.3;-0.3,8,8,8,0,0,8,0,8,8,0,0,edgeCount
731,113,161,graphml/Deltacom.graphml,2,,clustered,0.3;-0.3,8,8,6,2,4,8,2,8,8,2,4,edgeCount
730,113,161,graphml/Deltacom.graphml,2,,clustered,0.3;-0.3,3,3,3,0,2,3,0,3,3,0,2,edgeCount
729,113,161,graphml/Deltacom.graphml,2,,clustered,0.3;-0.3,5,5,4,1,0,5,1,5,5,1,0,edgeCount
728,113,161,graphml/Deltacom.graphml,3,,clustered,0.3;-0.3,8,7,6,2,2,7,1,7,7,1,2,edgeCount
727,113,161,graphml/Deltacom.graphml,1,,clustered,0.3;-0.3,6,16,6,0,8,6,0,6,16,0,8,edgeCount
726,113,161,graphml/Deltacom.graphml,2,,clustered,0.3;-0.3,15,15,15,0,2,15,0,15,15,0,2,edgeCount
725,113,161,graphml/Deltacom.graphml,2,,clustered,0.3;-0.3,10,16,8,2,0,8,0,8,8,0,0,edgeCount
724,113,161,graphml/Deltacom.graphml,2,,clustered,0.3;-0.3,15,16,11,4,2,13,2,13,13,2,2,edgeCount
723,113,161,graphml/Deltacom.graphml,2,,clustered,0.3;-0.3,5,5,5,0,0,5,0,5,5,0,0,edgeCount
722,113,161,graphml/Deltacom.graphml,2,,clustered,0.3;-0.3,11,17,7,4,0,9,2,9,9,2,0,edgeCount
721,113,161,graphml/Deltacom.graphml,2,,clustered,0.3;-0.3,12,15,9,3,2,9,0,9,9,0,2,edgeCount
720,113,161,graphml/Deltacom.graphml,2,,clustered,0.3;-0.3,10,10,10,0,2,10,0,10,10,0,2,edgeCount
719,113,161,graphml/Deltacom.graphml,2,,clustered,0.3;-0.3,16,16,16,0,4,16,0,16,16,0,4,edgeCount
718,113,161,graphml/Deltacom.graphml,2,,clustered,0.3;-0.3,15,15,13,2,0,15,2,15,15,2,0,edgeCount
717,113,161,graphml/Deltacom.graphml,1,,clustered,0.3;-0.3,7,7,7,0,0,7,0,7,7,0,0,edgeCount
716,113,161,graphml/Deltacom.graphml,2,,clustered,0.3;-0.3,6,6,5,1,2,6,1,6,19,1,2,edgeCount
715,113,161,graphml/Deltacom.graphml,2,,clustered,0.3;-0.3,10,12,6,4,0,6,0,6,6,0,0,edgeCount
714,113,161,graphml/Deltacom.graphml,1,,clustered,0.3;-0.3,5,5,5,0,0,5,0,5,5,0,0,edgeCount
713,113,161,graphml/Deltacom.graphml,3,,clustered,0.3;-0.3,4,4,4,0,0,4,0,4,4,0,0,edgeCount
712,113,161,graphml/Deltacom.graphml,2,,clustered,0.3;-0.3,12,12,12,0,0,12,0,12,12,0,0,edgeCount
711,113,161,graphml/Deltacom.graphml,2,,clustered,0.3;-0.3,7,5,5,2,0,5,0,5,5,0,0,edgeCount
710,113,161,graphml/Deltacom.graphml,4,,clustered,0.3;-0.3,4,4,4,0,0,4,0,4,4,0,0,edgeCount
709,113,161,graphml/Deltacom.graphml,1,,clustered,0.3;-0.3,12,12,12,0,8,12,0,12,12,0,8,edgeCount
708,113,161,graphml/Deltacom.graphml,2,,clustered,0.3;-0.3,7,7,6,1,0,7,1,7,7,1,0,edgeCount
707,113,161,graphml/Deltacom.graphml,3,,clustered,0.3;-0.3,4,4,4,0,0,4,0,4,4,0,0,edgeCount
706,113,161,graphml/Deltacom.graphml,2,,clustered,0.3;-0.3,13,13,13,0,2,13,0,13,13,0,2,edgeCount
705,113,161,graphml/Deltacom.graphml,2,,clustered,0.3;-0.3,6,6,6,0,0,6,0,6,6,0,0,edgeCount
704,113,161,graphml/Deltacom.graphml,2,,clustered,0.3;-0.3,7,17,7,0,4,19,12,19,24,12,4,edgeCount
703,113,161,graphml/Deltacom.graphml,2,,clustered,0.3;-0.3,15,12,12,3,0,12,0,12,12,0,0,edgeCount
702,113,161,graphml/Deltacom.graphml,2,,clustered,0.3;-0.3,9,16,6,3,2,7,1,7,7,1,2,edgeCount
701,113,161,graphml/Deltacom.graphml,2,,clustered,0.3;-0.3,13,13,13,0,0,13,0,13,13,0,0,edgeCount
700,113,161,graphml/Deltacom.graphml,3,,clustered,0.3;-0.3,6,15,4,2,0,4,0,4,4,0,0,edgeCount
699,113,161,graphml/Deltacom.graphml,2,,clustered,0.3;-0.3,9,5,5,4,0,5,0,5,5,0,0,edgeCount
698,113,161,graphml/Deltacom.graphml,2,,clustered,0.3;-0.3,4,10,3,1,4,3,0,3,3,0,4,edgeCount
697,113,161,graphml/Deltacom.graphml,2,,clustered,0.3;-0.3,12,10,10,2,2,10,0,10,10,0,2,edgeCount
696,113,161,graphml/Deltacom.graphml,2,,clustered,0.3;-0.3,2,2,2,0,0,2,0,2,2,0,0,edgeCount
695,113,161,graphml/Deltacom.graphml,2,,clustered,0.3;-0.3,11,11,10,1,0,11,1,11,11,1,0,edgeCount
694,113,161,graphml/Deltacom.graphml,2,,clustered,0.3;-0.3,4,4,4,0,0,4,0,4,4,0,0,edgeCount
693,113,161,graphml/Deltacom.graphml,3,,clustered,0.3;-0.3,2,2,2,0,8,2,0,2,2,0,8,edgeCount
692,113,161,graphml/Deltacom.graphml,2,,clustered,0.3;-0.3,8,12,5,3,2,5,0,5,5,0,2,edgeCount
691,113,161,graphml/Deltacom.graphml,1,,clustered,0.3;-0.3,12,12,12,0,2,12,0,12,12,0,2,edgeCount
690,113,161,graphml/Deltacom.graphml,2,,clustered,0.3;-0.3,8,8,5,3,0,8,3,8,8,3,0,edgeCount
689,113,161,graphml/Deltacom.graphml,1,,clustered,0.3;-0.3,3,3,3,0,0,3,0,3,3,0,0,edgeCount
688,113,161,graphml/Deltacom.graphml,2,,clustered,0.3;-0.3,6,6,6,0,0,6,0,6,6,0,0,edgeCount
687,113,161,graphml/Deltacom.graphml,2,,clustered,0.3;-0.3,13,9,3,10,4,3,0,3,3,0,4,edgeCount
686,113,161,graphml/Deltacom.graphml,2,,clustered,0.3;-0.3,12,10,10,2,0,10,0,10,10,0,0,edgeCount
685,113,161,graphml/Deltacom.graphml,3,,clustered,0.3;-0.3,10,6,6,4,0,6,0,6,6,0,0,edgeCount
684,113,161,graphml/Deltacom.graphml,2,,clustered,0.3;-0.3,7,7,7,0,0,7,0,7,7,0,0,edgeCount
683,113,161,graphml/Deltacom.graphml,2,,clustered,0.3;-0.3,9,7,6,3,0,7,1,7,7,1,0,edgeCount
682,113,161,graphml/Deltacom.graphml,3,,clustered,0.3;-0.3,6,19,5,1,0,6,1,6,6,1,0,edgeCount
681,113,161,graphml/Deltacom.graphml,2,,clustered,0.3;-0.3,11,9,9,2,2,9,0,9,9,0,2,edgeCount
680,113,161,graphml/Deltacom.graphml,1,,clustered,0.3;-0.3,11,11,11,0,2,11,0,11,11,0,2,edgeCount
679,113,161,graphml/Deltacom.graphml,4,,clustered,0.3;-0.3,8,6,4,4,2,6,2,6,6,2,2,edgeCount
678,113,161,graphml/Deltacom.graphml,3,,clustered,0.3;-0.3,4,4,4,0,0,4,0,4,4,0,0,edgeCount
677,113,161,graphml/Deltacom.graphml,2,,clustered,0.3;-0.3,9,15,7,2,2,7,0,7,7,0,2,edgeCount
676,113,161,graphml/Deltacom.graphml,2,,clustered,0.3;-0.3,8,9,5,3,6,14,9,10,10,5,6,edgeCount
675,113,161,graphml/Deltacom.graphml,3,,clustered,0.3;-0.3,4,4,4,0,0,4,0,4,4,0,0,edgeCount
674,113,161,graphml/Deltacom.graphml,2,,clustered,0.3;-0.3,6,7,4,2,0,5,1,5,5,1,0,edgeCount
673,113,161,graphml/Deltacom.graphml,1,,clustered,0.3;-0.3,5,5,5,0,2,5,0,5,5,0,2,edgeCount
672,113,161,graphml/Deltacom.graphml,2,,clustered,0.3;-0.3,16,15,14,2,0,15,1,15,15,1,0,edgeCount
671,113,161,graphml/Deltacom.graphml,2,,clustered,0.3;-0.3,14,14,14,0,2,14,0,14,14,0,2,edgeCount
670,113,161,graphml/Deltacom.graphml,1,,clustered,0.3;-0.3,18,18,18,0,4,18,0,18,18,0,4,edgeCount
669,113,161,graphml/Deltacom.graphml,2,,clustered,0.3;-0.3,14,17,9,5,2,9,0,9,9,0,2,edgeCount
668,113,161,graphml/Deltacom.graphml,2,,clustered,0.3;-0.3,5,5,5,0,2,5,0,5,8,0,2,edgeCount
667,113,161,graphml/Deltacom.graphml,1,,clustered,0.3;-0.3,4,6,4,0,6,4,0,4,6,0,6,edgeCount
666,113,161,graphml/Deltacom.graphml,1,,clustered,0.3;-0.3,6,6,6,0,2,6,0,6,6,0,2,edgeCount
665,113,161,graphml/Deltacom.graphml,2,,clustered,0.3;-0.3,8,7,7,1,0,7,0,7,7,0,0,edgeCount
664,113,161,graphml/Deltacom.graphml,2,,clustered,0.3;-0.3,47,15,15,32,4,15,0,15,15,0,4,edgeCount
663,113,161,graphml/Deltacom.graphml,2,,clustered,0.3;-0.3,9,11,8,1,0,8,0,8,8,0,0,edgeCount
662,113,161,graphml/Deltacom.graphml,2,,clustered,0.3;-0.3,12,12,9,3,0,9,0,9,9,0,0,edgeCount
661,113,161,graphml/Deltacom.graphml,2,,clustered,0.3;-0.3,11,7,7,4,2,7,0,7,7,0,2,edgeCount
660,113,161,graphml/Deltacom.graphml,2,,clustered,0.3;-0.3,11,11,7,4,6,7,0,7,7,0,4,edgeCount
659,113,161,graphml/Deltacom.graphml,2,,clustered,0.3;-0.3,7,7,7,0,0,7,0,7,7,0,0,edgeCount
658,113,161,graphml/Deltacom.graphml,2,,clustered,0.3;-0.3,4,4,4,0,0,4,0,4,4,0,0,edgeCount
657,113,161,graphml/Deltacom.graphml,2,,clustered,0.3;-0.3,11,11,8,3,0,8,0,8,8,0,0,edgeCount
656,113,161,graphml/Deltacom.graphml,3,,clustered,0.3;-0.3,6,5,5,1,0,5,0,5,5,0,0,edgeCount
655,113,161,graphml/Deltacom.graphml,3,,clustered,0.3;-0.3,3,3,3,0,0,3,0,3,3,0,0,edgeCount
654,113,161,graphml/Deltacom.graphml,4,,clustered,0.3;-0.3,5,5,3,2,0,5,2,5,5,2,0,edgeCount
653,113,161,graphml/Deltacom.graphml,2,,clustered,0.3;-0.3,8,8,8,0,0,8,0,8,8,0,0,edgeCount
652,113,161,graphml/Deltacom.graphml,1,,clustered,0.3;-0.3,14,14,14,0,2,14,0,14,14,0,2,edgeCount
651,113,161,graphml/Deltacom.graphml,1,,clustered,0.3;-0.3,7,8,7,0,4,7,0,7,8,0,4,edgeCount
650,113,161,graphml/Deltacom.graphml,2,,clustered,0.3;-0.3,7,7,5,2,0,5,0,5,5,0,0,edgeCount
649,113,161,graphml/Deltacom.graphml,2,,clustered,0.3;-0.3,16,15,13,3,2,15,2,16,15,3,2,edgeCount
648,113,161,graphml/Deltacom.graphml,2,,clustered,0.3;-0.3,11,11,11,0,0,11,0,11,11,0,0,edgeCount
647,113,161,graphml/Deltacom.graphml,2,,clustered,0.3;-0.3,6,6,6,0,0,6,0,6,6,0,0,edgeCount
646,113,161,graphml/Deltacom.graphml,3,,clustered,0.3;-0.3,7,7,7,0,0,7,0,7,7,0,0,edgeCount
645,113,161,graphml/Deltacom.graphml,2,,clustered,0.3;-0.3,13,13,12,1,0,13,1,13,13,1,0,edgeCount
644,113,161,graphml/Deltacom.graphml,3,,clustered,0.3;-0.3,3,3,2,1,0,2,0,3,2,1,0,edgeCount
643,113,161,graphml/Deltacom.graphml,1,,clustered,0.3;-0.3,7,7,7,0,6,7,0,7,7,0,6,edgeCount
642,113,161,graphml/Deltacom.graphml,2,,clustered,0.3;-0.3,7,7,7,0,0,7,0,7,7,0,0,edgeCount
641,113,161,graphml/Deltacom.graphml,2,,clustered,0.3;-0.3,7,6,6,1,2,6,0,6,6,0,2,edgeCount
640,113,161,graphml/Deltacom.graphml,2,,clustered,0.3;-0.3,9,7,7,2,0,7,0,7,7,0,0,edgeCount
639,113,161,graphml/Deltacom.graphml,2,,clustered,0.3;-0.3,8,8,8,0,0,8,0,8,8,0,0,edgeCount
638,113,161,graphml/Deltacom.graphml,1,,clustered,0.3;-0.3,13,13,13,0,2,13,0,13,13,0,2,edgeCount
637,113,161,graphml/Deltacom.graphml,2,,clustered,0.3;-0.3,9,9,5,4,0,9,4,9,9,4,0,edgeCount
636,113,161,graphml/Deltacom.graphml,2,,clustered,0.3;-0.3,2,2,2,0,0,2,0,2,2,0,0,edgeCount
635,113,161,graphml/Deltacom.graphml,1,,clustered,0.3;-0.3,13,28,13,0,2,13,0,13,28,0,2,edgeCount
634,113,161,graphml/Deltacom.graphml,1,,clustered,0.3;-0.3,20,20,20,0,2,20,0,20,20,0,2,edgeCount
633,113,161,graphml/Deltacom.graphml,2,,clustered,0.3;-0.3,7,7,7,0,2,7,0,7,7,0,2,edgeCount
632,113,161,graphml/Deltacom.graphml,3,,clustered,0.3;-0.3,6,6,6,0,0,6,0,6,6,0,0,edgeCount
631,113,161,graphml/Deltacom.graphml,2,,clustered,0.3;-0.3,7,5,5,2,4,6,1,7,5,2,4,edgeCount
630,113,161,graphml/Deltacom.graphml,2,,clustered,0.3;-0.3,14,13,12,2,0,13,1,13,13,1,0,edgeCount
629,113,161,graphml/Deltacom.graphml,1,,clustered,0.3;-0.3,11,11,11,0,0,11,0,11,11,0,0,edgeCount
628,113,161,graphml/Deltacom.graphml,4,,clustered,0.3;-0.3,3,2,2,1,0,2,0,3,2,1,0,edgeCount
627,113,161,graphml/Deltacom.graphml,3,,clustered,0.3;-0.3,8,8,5,3,0,8,3,8,8,3,0,edgeCount
626,113,161,graphml/Deltacom.graphml,2,,clustered,0.3;-0.3,7,7,7,0,0,7,0,7,7,0,0,edgeCount
625,113,161,graphml/Deltacom.graphml,2,,clustered,0.3;-0.3,5,5,5,0,0,5,0,5,5,0,0,edgeCount
624,113,161,graphml/Deltacom.graphml,4,,clustered,0.3;-0.3,15,7,5,10,0,5,0,5,7,0,0,edgeCount
623,113,161,graphml/Deltacom.graphml,2,,clustered,0.3;-0.3,14,14,14,0,0,14,0,14,14,0,0,edgeCount
622,113,161,graphml/Deltacom.graphml,2,,clustered,0.3;-0.3,13,21,8,5,0,8,0,8,8,0,0,edgeCount
621,113,161,graphml/Deltacom.graphml,2,,clustered,0.3;-0.3,7,7,7,0,0,7,0,7,7,0,0,edgeCount
620,113,161,graphml/Deltacom.graphml,2,,clustered,0.3;-0.3,14,7,7,7,0,7,0,7,7,0,0,edgeCount
619,113,161,graphml/Deltacom.graphml,2,,clustered,0.3;-0.3,8,7,5,3,0,7,2,7,7,2,0,edgeCount
618,113,161,graphml/Deltacom.graphml,3,,clustered,0.3;-0.3,12,3,3,9,2,3,0,3,3,0,2,edgeCount
617,113,161,graphml/Deltacom.graphml,3,,clustered,0.3;-0.3,7,5,5,2,0,6,1,6,5,1,0,edgeCount
616,113,161,graphml/Deltacom.graphml,2,,clustered,0.3;-0.3,12,11,9,3,0,10,1,10,10,1,0,edgeCount
615,113,161,graphml/Deltacom.graphml,1,,clustered,0.3;-0.3,5,8,5,0,4,5,0,5,8,0,4,edgeCount
614,113,161,graphml/Deltacom.graphml,3,,clustered,0.3;-0.3,8,7,6,2,0,7,1,7,7,1,0,edgeCount
613,113,161,graphml/Deltacom.graphml,1,,clustered,0.3;-0.3,7,7,7,0,0,7,0,7,7,0,0,edgeCount
612,113,161,graphml/Deltacom.graphml,2,,clustered,0.3;-0.3,7,7,6,1,4,7,1,7,7,1,4,edgeCount
611,113,161,graphml/Deltacom.graphml,2,,clustered,0.3;-0.3,9,9,7,2,2,9,2,9,9,2,2,edgeCount
610,113,161,graphml/Deltacom.graphml,2,,clustered,0.3;-0.3,8,14,7,1,2,7,0,7,7,0,2,edgeCount
609,113,161,graphml/Deltacom.graphml,2,,clustered,0.3;-0.3,10,10,9,1,0,10,1,10,10,1,0,edgeCount
608,113,161,graphml/Deltacom.graphml,2,,clustered,0.3;-0.3,11,11,9,2,2,11,2,11,11,2,2,edgeCount
607,113,161,graphml/Deltacom.graphml,2,,clustered,0.3;-0.3,3,3,3,0,0,3,0,3,3,0,0,edgeCount
606,113,161,graphml/Deltacom.graphml,3,,clustered,0.3;-0.3,9,9,9,0,0,9,0,9,9,0,0,edgeCount
605,113,161,graphml/Deltacom.graphml,2,,clustered,0.3;-0.3,13,6,6,7,2,6,0,6,6,0,2,edgeCount
604,113,161,graphml/Deltacom.graphml,2,,clustered,0.3;-0.3,16,16,16,0,0,16,0,16,16,0,0,edgeCount
603,113,161,graphml/Deltacom.graphml,2,,clustered,0.3;-0.3,4,12,3,1,4,3,0,3,3,0,4,edgeCount
602,113,161,graphml/Deltacom.graphml,2,,clustered,0.3;-0.3,7,6,6,1,0,6,0,6,6,0,0,edgeCount
601,113,161,graphml/Deltacom.graphml,2,,clustered,0.3;-0.3,4,4,4,0,0,4,0,4,4,0,0,edgeCount
600,113,161,graphml/Deltacom.graphml,2,,clustered,0.3;-0.3,13,18,7,6,0,7,0,7,7,0,0,edgeCount
599,113,161,graphml/Deltacom.graphml,1,,clustered,0.3;-0.3,8,14,8,0,6,8,0,8,14,0,6,edgeCount
598,113,161,graphml/Deltacom.graphml,2,,clustered,0.3;-0.3,7,3,3,4,10,3,0,3,3,0,10,edgeCount
597,113,161,graphml/Deltacom.graphml,2,,clustered,0.3;-0.3,9,16,6,3,6,6,0,9,16,3,6,edgeCount
596,113,161,graphml/Deltacom.graphml,2,,clustered,0.3;-0.3,5,6,4,1,4,9,5,9,9,5,4,edgeCount
595,113,161,graphml/Deltacom.graphml,2,,clustered,0.3;-0.3,13,13,11,2,0,13,2,13,13,2,0,edgeCount
594,113,161,graphml/Deltacom.graphml,2,,clustered,0.3;-0.3,8,5,5,3,0,5,0,5,5,0,0,edgeCount
593,113,161,graphml/Deltacom.graphml,2,,clustered,0.3;-0.3,17,17,15,2,0,17,2,17,17,2,0,edgeCount
592,113,161,graphml/Deltacom.graphml,2,,clustered,0.3;-0.3,11,11,11,0,0,11,0,11,11,0,0,edgeCount
591,113,161,graphml/Deltacom.graphml,2,,clustered,0.3;-0.3,10,10,9,1,0,10,1,10,10,1,0,edgeCount
590,113,161,graphml/Deltacom.graphml,1,,clustered,0.3;-0.3,14,14,14,0,0,14,0,14,14,0,0,edgeCount
589,113,161,graphml/Deltacom.graphml,2,,clustered,0.3;-0.3,11,13,10,1,0,10,0,10,10,0,0,edgeCount
588,113,161,graphml/Deltacom.graphml,1,,clustered,0.3;-0.3,18,32,18,0,2,18,0,18,32,0,2,edgeCount
587,113,161,graphml/Deltacom.graphml,3,,clustered,0.3;-0.3,7,7,7,0,4,7,0,7,7,0,4,edgeCount
586,113,161,graphml/Deltacom.graphml,2,,clustered,0.3;-0.3,11,11,10,1,0,11,1,11,11,1,0,edgeCount
585,113,161,graphml/Deltacom.graphml,2,,clustered,0.3;-0.3,7,7,7,0,2,7,0,7,7,0,2,edgeCount
584,113,161,graphml/Deltacom.graphml,2,,clustered,0.3;-0.3,5,15,4,1,4,5,1,4,4,0,4,edgeCount
583,113,161,graphml/Deltacom.graphml,2,,clustered,0.3;-0.3,12,12,12,0,0,12,0,12,12,0,0,edgeCount
582,113,161,graphml/Deltacom.graphml,3,,clustered,0.3;-0.3,9,12,7,2,2,7,0,7,7,0,2,edgeCount
581,113,161,graphml/Deltacom.graphml,1,,clustered,0.3;-0.3,8,8,8,0,0,8,0,8,8,0,0,edgeCount
580,113,161,graphml/Deltacom.graphml,2,,clustered,0.3;-0.3,4,7,3,1,6,3,0,3,3,0,6,edgeCount
579,113,161,graphml/Deltacom.graphml,2,,clustered,0.3;-0.3,6,6,6,0,0,6,0,6,6,0,0,edgeCount
578,113,161,graphml/Deltacom.graphml,2,,clustered,0.3;-0.3,17,17,17,0,0,17,0,17,17,0,0,edgeCount
577,113,161,graphml/Deltacom.graphml,3,,clustered,0.3;-0.3,4,4,4,0,0,5,1,4,4,0,0,edgeCount
576,113,161,graphml/Deltacom.graphml,2,,clustered,0.3;-0.3,12,12,12,0,0,12,0,12,12,0,0,edgeCount
575,113,161,graphml/Deltacom.graphml,1,,clustered,0.3;-0.3,12,12,12,0,0,12,0,12,12,0,0,edgeCount
574,113,161,graphml/Deltacom.graphml,2,,clustered,0.3;-0.3,9,5,5,4,2,5,0,5,5,0,2,edgeCount
573,113,161,graphml/Deltacom.graphml,1,,clustered,0.3;-0.3,10,14,10,0,4,10,0,10,14,0,4,edgeCount
572,113,161,graphml/Deltacom.graphml,2,,clustered,0.3;-0.3,4,13,3,1,2,3,0,3,3,0,2,edgeCount
571,113,161,graphml/Deltacom.graphml,1,,clustered,0.3;-0.3,10,10,10,0,4,10,0,10,10,0,4,edgeCount
570,113,161,graphml/Deltacom.graphml,4,,clustered,0.3;-0.3,8,8,8,0,0,9,1,8,8,0,0,edgeCount
569,113,161,graphml/Deltacom.graphml,2,,clustered,0.3;-0.3,12,12,11,1,0,12,1,12,12,1,0,edgeCount
568,113,161,graphml/Deltacom.graphml,1,,clustered,0.3;-0.3,11,11,11,0,6,11,0,11,11,0,6,edgeCount
567,113,161,graphml/Deltacom.graphml,3,,clustered,0.3;-0.3,4,4,2,2,0,2,0,2,2,0,0,edgeCount
566,113,161,graphml/Deltacom.graphml,2,,clustered,0.3;-0.3,8,8,8,0,0,8,0,8,8,0,0,edgeCount
565,113,161,graphml/Deltacom.graphml,2,,clustered,0.3;-0.3,11,11,11,0,0,11,0,11,11,0,0,edgeCount
564,113,161,graphml/Deltacom.graphml,2,,clustered,0.3;-0.3,14,13,12,2,2,13,1,13,13,1,2,edgeCount
563,113,161,graphml/Deltacom.graphml,2,,clustered,0.3;-0.3,12,17,9,3,0,9,0,9,9,0,0,edgeCount
562,113,161,graphml/Deltacom.graphml,2,,clustered,0.3;-0.3,10,7,7,3,2,7,0,7,7,0,2,edgeCount
561,113,161,graphml/Deltacom.graphml,2,,clustered,0.3;-0.3,6,6,6,0,0,6,0,6,6,0,0,edgeCount
560,113,161,graphml/Deltacom.graphml,1,,clustered,0.3;-0.3,11,11,11,0,4,11,0,11,11,0,4,edgeCount
559,113,161,graphml/Deltacom.graphml,2,,clustered,0.3;-0.3,31,16,9,22,12,9,0,9,9,0,12,edgeCount
558,113,161,graphml/Deltacom.graphml,2,,clustered,0.3;-0.3,10,10,9,1,0,10,1,10,10,1,0,edgeCount
557,113,161,graphml/Deltacom.graphml,2,,clustered,0.3;-0.3,6,6,6,0,0,6,0,6,6,0,0,edgeCount
556,113,161,graphml/Deltacom.graphml,2,,clustered,0.3;-0.3,10,8,8,2,2,8,0,8,8,0,2,edgeCount
555,113,161,graphml/Deltacom.graphml,2,,clustered,0.3;-0.3,12,14,10,2,2,10,0,10,10,0,2,edgeCount
554,113,161,graphml/Deltacom.graphml,2,,clustered,0.3;-0.3,7,4,4,3,6,4,0,4,4,0,6,edgeCount
553,113,161,graphml/Deltacom.graphml,1,,clustered,0.3;-0.3,15,15,15,0,0,15,0,15,15,0,0,edgeCount
552,113,161,graphml/Deltacom.graphml,2,,clustered,0.3;-0.3,5,5,4,1,0,5,1,5,5,1,0,edgeCount
551,113,161,graphml/Deltacom.graphml,1,,clustered,0.3;-0.3,16,16,16,0,2,16,0,16,16,0,2,edgeCount
550,113,161,graphml/Deltacom.graphml,1,,clustered,0.3;-0.3,9,9,9,0,6,9,0,9,9,0,6,edgeCount
549,113,161,graphml/Deltacom.graphml,3,,clustered,0.3;-0.3,26,7,7,19,4,7,0,7,7,0,4,edgeCount
548,113,161,graphml/Deltacom.graphml,2,,clustered,0.3;-0.3,14,14,11,3,0,14,3,14,14,3,0,edgeCount
547,113,161,graphml/Deltacom.graphml,1,,clustered,0.3;-0.3,12,12,12,0,0,12,0,12,12,0,0,edgeCount
546,113,161,graphml/Deltacom.graphml,2,,clustered,0.3;-0.3,10,19,9,1,4,26,17,26,29,17,4,edgeCount
545,113,161,graphml/Deltacom.graphml,3,,clustered,0.3;-0.3,3,3,3,0,0,4,1,4,3,1,0,edgeCount
544,113,161,graphml/Deltacom.graphml,3,,clustered,0.3;-0.3,8,7,7,1,2,8,1,7,7,0,2,edgeCount
543,113,161,graphml/Deltacom.graphml,1,,clustered,0.3;-0.3,11,11,11,0,0,11,0,11,11,0,0,edgeCount
542,113,161,graphml/Deltacom.graphml,3,,clustered,0.3;-0.3,23,5,5,18,4,5,0,5,5,0,4,edgeCount
541,113,161,graphml/Deltacom.graphml,2,,clustered,0.3;-0.3,10,10,10,0,0,10,0,10,10,0,0,edgeCount
540,113,161,graphml/Deltacom.graphml,2,,clustered,0.3;-0.3,40,18,10,30,4,12,2,12,12,2,4,edgeCount
539,113,161,graphml/Deltacom.graphml,2,,clustered,0.3;-0.3,8,4,4,4,2,4,0,8,4,4,2,edgeCount
538,113,161,graphml/Deltacom.graphml,2,,clustered,0.3;-0.3,12,12,10,2,6,13,3,13,12,3,4,edgeCount
537,113,161,graphml/Deltacom.graphml,2,,clustered,0.3;-0.3,14,21,10,4,0,11,1,11,11,1,0,edgeCount
536,113,161,graphml/Deltacom.graphml,3,,clustered,0.3;-0.3,7,7,6,1,0,7,1,7,7,1,0,edgeCount
535,113,161,graphml/Deltacom.graphml,2,,clustered,0.3;-0.3,6,6,6,0,0,6,0,6,6,0,0,edgeCount
534,113,161,graphml/Deltacom.graphml,2,,clustered,0.3;-0.3,10,9,9,1,2,9,0,9,9,0,2,edgeCount
533,113,161,graphml/Deltacom.graphml,2,,clustered,0.3;-0.3,5,6,4,1,0,4,0,4,4,0,0,edgeCount
532,113,161,graphml/Deltacom.graphml,2,,clustered,0.3;-0.3,5,5,5,0,0,6,1,5,5,0,0,edgeCount
531,113,161,graphml/Deltacom.graphml,1,,clustered,0.3;-0.3,8,8,8,0,4,8,0,8,8,0,4,edgeCount
530,113,161,graphml/Deltacom.graphml,2,,clustered,0.3;-0.3,13,22,11,2,4,33,22,33,33,22,4,edgeCount
529,113,161,graphml/Deltacom.graphml,1,,clustered,0.3;-0.3,10,10,5,5,6,-1,-6,10,10,5,6,edgeCount
528,113,161,graphml/Deltacom.graphml,4,,clustered,0.3;-0.3,6,6,6,0,0,7,1,6,6,0,0,edgeCount
527,113,161,graphml/Deltacom.graphml,2,,clustered,0.3;-0.3,8,20,7,1,2,7,0,7,7,0,2,edgeCount
526,113,161,graphml/Deltacom.graphml,3,,clustered,0.3;-0.3,7,7,6,1,0,7,1,7,7,1,0,edgeCount
525,113,161,graphml/Deltacom.graphml,2,,clustered,0.3;-0.3,2,2,2,0,0,2,0,2,2,0,0,edgeCount
524,113,161,graphml/Deltacom.graphml,2,,clustered,0.3;-0.3,13,9,9,4,0,9,0,9,9,0,0,edgeCount
523,113,161,graphml/Deltacom.graphml,2,,clustered,0.3;-0.3,21,22,16,5,2,16,0,16,16,0,2,edgeCount
522,113,161,graphml/Deltacom.graphml,1,,clustered,0.3;-0.3,6,6,6,0,6,6,0,6,6,0,6,edgeCount
521,113,161,graphml/Deltacom.graphml,3,,clustered,0.3;-0.3,9,16,3,6,2,3,0,3,3,0,2,edgeCount
520,113,161,graphml/Deltacom.graphml,2,,clustered,0.3;-0.3,8,14,6,2,2,6,0,6,6,0,2,edgeCount
519,113,161,graphml/Deltacom.graphml,2,,clustered,0.3;-0.3,6,7,6,0,0,6,0,6,6,0,0,edgeCount
518,113,161,graphml/Deltacom.graphml,2,,clustered,0.3;-0.3,7,10,5,2,2,5,0,5,5,0,2,edgeCount
517,113,161,graphml/Deltacom.graphml,2,,clustered,0.3;-0.3,3,3,3,0,0,3,0,3,3,0,0,edgeCount
516,113,161,graphml/Deltacom.graphml,2,,clustered,0.3;-0.3,9,16,8,1,2,8,0,8,8,0,2,edgeCount
515,113,161,graphml/Deltacom.graphml,2,,clustered,0.3;-0.3,10,14,10,0,0,10,0,10,10,0,0,edgeCount
514,113,161,graphml/Deltacom.graphml,2,,clustered,0.3;-0.3,16,16,16,0,0,16,0,16,16,0,0,edgeCount
513,113,161,graphml/Deltacom.graphml,2,,clustered,0.3;-0.3,7,10,6,1,6,15,9,15,15,9,6,edgeCount
512,113,161,graphml/Deltacom.graphml,2,,clustered,0.3;-0.3,9,8,7,2,0,8,1,8,8,1,0,edgeCount
511,113,161,graphml/Deltacom.graphml,3,,clustered,0.3;-0.3,8,8,8,0,0,8,0,8,8,0,0,edgeCount
510,113,161,graphml/Deltacom.graphml,2,,clustered,0.3;-0.3,7,5,4,3,6,4,0,4,4,0,6,edgeCount
509,113,161,graphml/Deltacom.graphml,1,,clustered,0.3;-0.3,11,11,11,0,2,11,0,11,11,0,2,edgeCount
508,113,161,graphml/Deltacom.graphml,1,,clustered,0.3;-0.3,14,14,14,0,2,14,0,14,14,0,2,edgeCount
507,113,161,graphml/Deltacom.graphml,1,,clustered,0.3;-0.3,14,14,14,0,2,14,0,14,14,0,2,edgeCount
506,113,161,graphml/Deltacom.graphml,1,,clustered,0.3;-0.3,10,10,10,0,4,10,0,10,10,0,4,edgeCount
505,113,161,graphml/Deltacom.graphml,1,,clustered,0.3;-0.3,7,7,7,0,0,7,0,7,7,0,0,edgeCount
504,113,161,graphml/Deltacom.graphml,1,,clustered,0.3;-0.3,13,13,13,0,0,13,0,13,13,0,0,edgeCount
503,113,161,graphml/Deltacom.graphml,2,,clustered,0.3;-0.3,7,7,7,0,2,7,0,7,7,0,2,edgeCount
502,113,161,graphml/Deltacom.graphml,2,,clustered,0.3;-0.3,9,9,5,4,0,6,1,6,6,1,0,edgeCount
501,113,161,graphml/Deltacom.graphml,2,,clustered,0.3;-0.3,12,12,10,2,0,12,2,12,12,2,0,edgeCount
500,113,161,graphml/Deltacom.graphml,3,,clustered,0.3;-0.3,7,20,5,2,0,6,1,6,6,1,0,edgeCount
499,113,161,graphml/Deltacom.graphml,4,,clustered,0.3;-0.3,12,14,6,6,0,30,24,30,30,24,0,edgeCount
498,113,161,graphml/Deltacom.graphml,2,,clustered,0.3;-0.3,8,8,6,2,4,9,3,9,15,3,2,edgeCount
497,113,161,graphml/Deltacom.graphml,2,,clustered,0.3;-0.3,5,5,5,0,0,5,0,5,5,0,0,edgeCount
496,113,161,graphml/Deltacom.graphml,3,,clustered,0.3;-0.3,7,7,7,0,0,7,0,7,7,0,0,edgeCount
495,113,161,graphml/Deltacom.graphml,1,,clustered,0.3;-0.3,14,14,14,0,2,14,0,14,14,0,2,edgeCount
494,113,161,graphml/Deltacom.graphml,1,,clustered,0.3;-0.3,8,8,8,0,0,8,0,8,8,0,0,edgeCount
493,113,161,graphml/Deltacom.graphml,4,,clustered,0.3;-0.3,5,3,3,2,2,3,0,3,3,0,2,edgeCount
492,113,161,graphml/Deltacom.graphml,3,,clustered,0.3;-0.3,5,5,5,0,0,5,0,5,5,0,0,edgeCount
491,113,161,graphml/Deltacom.graphml,1,,clustered,0.3;-0.3,4,4,4,0,6,-1,-5,4,4,0,6,edgeCount
490,113,161,graphml/Deltacom.graphml,1,,clustered,0.3;-0.3,10,10,10,0,2,10,0,10,10,0,2,edgeCount
489,113,161,graphml/Deltacom.graphml,2,,clustered,0.3;-0.3,8,8,7,1,0,8,1,8,8,1,0,edgeCount
488,113,161,graphml/Deltacom.graphml,2,,clustered,0.3;-0.3,6,6,5,1,0,6,1,6,6,1,0,edgeCount
487,113,161,graphml/Deltacom.graphml,1,,clustered,0.3;-0.3,13,13,13,0,0,13,0,13,13,0,0,edgeCount
486,113,161,graphml/Deltacom.graphml,3,,clustered,0.3;-0.3,8,7,7,1,2,8,1,7,7,0,2,edgeCount
485,113,161,graphml/Deltacom.graphml,2,,clustered,0.3;-0.3,4,4,4,0,0,4,0,4,4,0,0,edgeCount
484,113,161,graphml/Deltacom.graphml,2,,clustered,0.3;-0.3,5,5,5,0,0,5,0,5,5,0,0,edgeCount
483,113,161,graphml/Deltacom.graphml,2,,clustered,0.3;-0.3,6,3,3,3,0,3,0,3,3,0,0,edgeCount
482,113,161,graphml/Deltacom.graphml,2,,clustered,0.3;-0.3,10,10,10,0,0,10,0,10,10,0,0,edgeCount
481,113,161,graphml/Deltacom.graphml,1,,clustered,0.3;-0.3,11,11,11,0,2,11,0,11,11,0,2,edgeCount
480,113,161,graphml/Deltacom.graphml,2,,clustered,0.3;-0.3,14,14,11,3,0,14,3,14,14,3,0,edgeCount
479,113,161,graphml/Deltacom.graphml,1,,clustered,0.3;-0.3,11,11,11,0,2,11,0,11,11,0,2,edgeCount
478,113,161,graphml/Deltacom.graphml,2,,clustered,0.3;-0.3,6,3,3,3,0,3,0,3,3,0,0,edgeCount
477,113,161,graphml/Deltacom.graphml,2,,clustered,0.3;-0.3,12,12,12,0,0,12,0,12,12,0,0,edgeCount
476,113,161,graphml/Deltacom.graphml,2,,clustered,0.3;-0.3,5,5,5,0,0,5,0,5,5,0,0,edgeCount
475,113,161,graphml/Deltacom.graphml,2,,clustered,0.3;-0.3,18,25,12,6,6,13,1,12,12,0,4,edgeCount
474,113,161,graphml/Deltacom.graphml,2,,clustered,0.3;-0.3,7,12,5,2,0,5,0,5,5,0,0,edgeCount
473,113,161,graphml/Deltacom.graphml,2,,clustered,0.3;-0.3,9,6,6,3,0,6,0,6,6,0,0,edgeCount
472,113,161,graphml/Deltacom.graphml,1,,clustered,0.3;-0.3,11,11,11,0,2,11,0,11,11,0,2,edgeCount
471,113,161,graphml/Deltacom.graphml,3,,clustered,0.3;-0.3,11,7,7,4,0,7,0,7,7,0,0,edgeCount
470,113,161,graphml/Deltacom.graphml,2,,clustered,0.3;-0.3,18,4,4,14,6,4,0,4,4,0,6,edgeCount
469,113,161,graphml/Deltacom.graphml,2,,clustered,0.3;-0.3,10,6,6,4,0,6,0,6,6,0,0,edgeCount
468,113,161,graphml/Deltacom.graphml,3,,clustered,0.3;-0.3,4,3,3,1,4,3,0,3,3,0,4,edgeCount
467,113,161,graphml/Deltacom.graphml,2,,clustered,0.3;-0.3,8,7,5,3,0,7,2,7,7,2,0,edgeCount
466,113,161,graphml/Deltacom.graphml,2,,clustered,0.3;-0.3,11,11,10,1,0,11,1,11,11,1,0,edgeCount
465,113,161,graphml/Deltacom.graphml,1,,clustered,0.3;-0.3,13,13,13,0,0,13,0,13,13,0,0,edgeCount
464,113,161,graphml/Deltacom.graphml,3,,clustered,0.3;-0.3,6,5,5,1,2,16,11,5,5,0,2,edgeCount
463,113,161,graphml/Deltacom.graphml,1,,clustered,0.3;-0.3,9,12,9,0,2,9,0,9,12,0,2,edgeCount
462,113,161,graphml/Deltacom.graphml,4,,clustered,0.3;-0.3,25,9,8,17,2,26,18,26,26,18,2,edgeCount
461,113,161,graphml/Deltacom.graphml,1,,clustered,0.3;-0.3,13,13,13,0,0,13,0,13,13,0,0,edgeCount
460,113,161,graphml/Deltacom.graphml,2,,clustered,0.3;-0.3,9,9,9,0,0,9,0,9,9,0,0,edgeCount
459,113,161,graphml/Deltacom.graphml,3,,clustered,0.3;-0.3,10,6,6,4,0,6,0,6,6,0,0,edgeCount
458,113,161,graphml/Deltacom.graphml,3,,clustered,0.3;-0.3,8,6,6,2,0,6,0,6,6,0,0,edgeCount
457,113,161,graphml/Deltacom.graphml,1,,clustered,0.3;-0.3,9,9,9,0,0,9,0,9,9,0,0,edgeCount
456,113,161,graphml/Deltacom.graphml,1,,clustered,0.3;-0.3,20,20,20,0,2,20,0,20,20,0,2,edgeCount
455,113,161,graphml/Deltacom.graphml,1,,clustered,0.3;-0.3,8,8,8,0,0,8,0,8,8,0,0,edgeCount
454,113,161,graphml/Deltacom.graphml,2,,clustered,0.3;-0.3,15,13,13,2,0,13,0,13,13,0,0,edgeCount
453,113,161,graphml/Deltacom.graphml,1,,clustered,0.3;-0.3,4,4,4,0,2,4,0,4,4,0,2,edgeCount
452,113,161,graphml/Deltacom.graphml,3,,clustered,0.3;-0.3,13,24,8,5,2,9,1,9,9,1,2,edgeCount
451,113,161,graphml/Deltacom.graphml,3,,clustered,0.3;-0.3,5,5,2,3,0,2,0,2,2,0,0,edgeCount
450,113,161,graphml/Deltacom.graphml,1,,clustered,0.3;-0.3,9,9,9,0,0,9,0,9,9,0,0,edgeCount
449,113,161,graphml/Deltacom.graphml,2,,clustered,0.3;-0.3,18,8,6,12,4,6,0,6,6,0,4,edgeCount
448,113,161,graphml/Deltacom.graphml,2,,clustered,0.3;-0.3,6,6,6,0,2,6,0,6,6,0,2,edgeCount
447,113,161,graphml/Deltacom.graphml,1,,clustered,0.3;-0.3,13,13,13,0,2,13,0,13,13,0,2,edgeCount
446,113,161,graphml/Deltacom.graphml,2,,clustered,0.3;-0.3,8,12,5,3,2,6,1,6,6,1,2,edgeCount
445,113,161,graphml/Deltacom.graphml,2,,clustered,0.3;-0.3,11,11,11,0,0,11,0,11,11,0,0,edgeCount
444,113,161,graphml/Deltacom.graphml,1,,clustered,0.3;-0.3,15,15,15,0,4,15,0,15,15,0,4,edgeCount
443,113,161,graphml/Deltacom.graphml,4,,clustered,0.3;-0.3,10,10,8,2,6,10,2,10,10,2,6,edgeCount
442,113,161,graphml/Deltacom.graphml,4,,clustered,0.3;-0.3,5,5,5,0,0,5,0,5,5,0,0,edgeCount
441,113,161,graphml/Deltacom.graphml,2,,clustered,0.3;-0.3,10,9,9,1,0,9,0,9,9,0,0,edgeCount
440,113,161,graphml/Deltacom.graphml,3,,clustered,0.3;-0.3,5,9,4,1,0,5,1,5,5,1,0,edgeCount
439,113,161,graphml/Deltacom.graphml,2,,clustered,0.3;-0.3,2,2,2,0,0,2,0,2,2,0,0,edgeCount
438,113,161,graphml/Deltacom.graphml,2,,clustered,0.3;-0.3,9,12,8,1,4,19,11,9,12,1,4,edgeCount
437,113,161,graphml/Deltacom.graphml,2,,clustered,0.3;-0.3,12,10,8,4,4,8,0,8,8,0,4,edgeCount
436,113,161,graphml/Deltacom.graphml,2,,clustered,0.3;-0.3,11,7,7,4,4,7,0,7,7,0,4,edgeCount
435,113,161,graphml/Deltacom.graphml,1,,clustered,0.3;-0.3,14,14,14,0,0,14,0,14,14,0,0,edgeCount
434,113,161,graphml/Deltacom.graphml,2,,clustered,0.3;-0.3,5,4,4,1,0,4,0,4,4,0,0,edgeCount
433,113,161,graphml/Deltacom.graphml,2,,clustered,0.3;-0.3,11,11,9,2,0,11,2,11,11,2,0,edgeCount
432,113,161,graphml/Deltacom.graphml,2,,clustered,0.3;-0.3,5,5,5,0,0,5,0,5,5,0,0,edgeCount
431,113,161,graphml/Deltacom.graphml,2,,clustered,0.3;-0.3,13,13,13,0,2,13,0,13,13,0,2,edgeCount
430,113,161,graphml/Deltacom.graphml,2,,clustered,0.3;-0.3,13,13,13,0,2,13,0,13,13,0,2,edgeCount
429,113,161,graphml/Deltacom.graphml,2,,clustered,0.3;-0.3,10,19,8,2,0,8,0,8,8,0,0,edgeCount
428,113,161,graphml/Deltacom.graphml,1,,clustered,0.3;-0.3,9,9,9,0,0,9,0,9,9,0,0,edgeCount
427,113,161,graphml/Deltacom.graphml,1,,clustered,0.3;-0.3,12,12,12,0,0,12,0,12,12,0,0,edgeCount
426,113,161,graphml/Deltacom.graphml,2,,clustered,0.3;-0.3,17,24,11,6,10,11,0,11,11,0,10,edgeCount
425,113,161,graphml/Deltacom.graphml,4,,clustered,0.3;-0.3,2,2,2,0,0,2,0,2,2,0,0,edgeCount
424,113,161,graphml/Deltacom.graphml,1,,clustered,0.3;-0.3,2,2,2,0,0,2,0,2,2,0,0,edgeCount
423,113,161,graphml/Deltacom.graphml,2,,clustered,0.3;-0.3,19,19,19,0,0,19,0,19,19,0,0,edgeCount
422,113,161,graphml/Deltacom.graphml,2,,clustered,0.3;-0.3,9,9,9,0,0,9,0,9,9,0,0,edgeCount
421,113,161,graphml/Deltacom.graphml,2,,clustered,0.3;-0.3,10,4,4,6,4,5,1,4,4,0,4,edgeCount
420,113,161,graphml/Deltacom.graphml,1,,clustered,0.3;-0.3,4,4,4,0,0,4,0,4,4,0,0,edgeCount
419,113,161,graphml/Deltacom.graphml,1,,clustered,0.3;-0.3,5,5,5,0,2,5,0,5,5,0,2,edgeCount
418,113,161,graphml/Deltacom.graphml,1,,clustered,0.3;-0.3,8,8,8,0,0,8,0,8,8,0,0,edgeCount
417,113,161,graphml/Deltacom.graphml,2,,clustered,0.3;-0.3,7,7,7,0,0,7,0,7,7,0,0,edgeCount
416,113,161,graphml/Deltacom.graphml,4,,clustered,0.3;-0.3,30,9,7,23,0,9,2,9,9,2,0,edgeCount
415,113,161,graphml/Deltacom.graphml,3,,clustered,0.3;-0.3,3,3,3,0,2,3,0,3,3,0,2,edgeCount
414,113,161,graphml/Deltacom.graphml,2,,clustered,0.3;-0.3,10,9,8,2,4,9,1,9,9,1,2,edgeCount
413,113,161,graphml/Deltacom.graphml,3,,clustered,0.3;-0.3,11,8,8,3,2,27,19,8,8,0,2,edgeCount
412,113,161,graphml/Deltacom.graphml,2,,clustered,0.3;-0.3,2,2,2,0,0,2,0,2,2,0,0,edgeCount
411,113,161,graphml/Deltacom.graphml,1,,clustered,0.3;-0.3,7,8,7,0,6,7,0,7,8,0,6,edgeCount
410,113,161,graphml/Deltacom.graphml,3,,clustered,0.3;-0.3,5,5,4,1,0,5,1,5,5,1,0,edgeCount
409,113,161,graphml/Deltacom.graphml,1,,clustered,0.3;-0.3,3,3,3,0,0,3,0,3,3,0,0,edgeCount
408,113,161,graphml/Deltacom.graphml,2,,clustered,0.3;-0.3,10,5,5,5,0,5,0,5,5,0,0,edgeCount
407,113,161,graphml/Deltacom.graphml,2,,clustered,0.3;-0.3,10,4,4,6,0,4,0,4,4,0,0,edgeCount
406,113,161,graphml/Deltacom.graphml,3,,clustered,0.3;-0.3,9,9,6,3,0,9,3,9,9,3,0,edgeCount
405,113,161,graphml/Deltacom.graphml,4,,clustered,0.3;-0.3,11,11,8,3,0,11,3,11,11,3,0,edgeCount
404,113,161,graphml/Deltacom.graphml,1,,clustered,0.3;-0.3,8,8,8,0,0,8,0,8,8,0,0,edgeCount
403,113,161,graphml/Deltacom.graphml,3,,clustered,0.3;-0.3,9,7,6,3,0,7,1,7,7,1,0,edgeCount
402,113,161,graphml/Deltacom.graphml,3,,clustered,0.3;-0.3,5,9,3,2,0,3,0,3,3,0,0,edgeCount
401,113,161,graphml/Deltacom.graphml,4,,clustered,0.3;-0.3,7,5,5,2,0,5,0,5,5,0,0,edgeCount
400,113,161,graphml/Deltacom.graphml,2,,clustered,0.3;-0.3,9,10,9,0,0,9,0,9,9,0,0,edgeCount
399,113,161,graphml/Deltacom.graphml,1,,clustered,0.3;-0.3,10,10,10,0,0,10,0,10,10,0,0,edgeCount
398,113,161,graphml/Deltacom.graphml,2,,clustered,0.3;-0.3,8,8,8,0,2,8,0,8,8,0,2,edgeCount
397,113,161,graphml/Deltacom.graphml,1,,clustered,0.3;-0.3,4,4,4,0,0,4,0,4,4,0,0,edgeCount
396,113,161,graphml/Deltacom.graphml,1,,clustered,0.3;-0.3,13,13,13,0,0,13,0,13,13,0,0,edgeCount
395,113,161,graphml/Deltacom.graphml,2,,clustered,0.3;-0.3,10,13,7,3,10,7,0,7,7,0,10,edgeCount
394,113,161,graphml/Deltacom.graphml,3,,clustered,0.3;-0.3,12,3,3,9,2,3,0,3,3,0,2,edgeCount
393,113,161,graphml/Deltacom.graphml,2,,clustered,0.3;-0.3,4,4,4,0,0,4,0,4,4,0,0,edgeCount
392,113,161,graphml/Deltacom.graphml,3,,clustered,0.3;-0.3,8,8,8,0,0,8,0,8,8,0,0,edgeCount
391,113,161,graphml/Deltacom.graphml,4,,clustered,0.3;-0.3,8,8,4,4,0,8,4,8,8,4,0,edgeCount
390,113,161,graphml/Deltacom.graphml,2,,clustered,0.3;-0.3,13,8,8,5,2,8,0,8,8,0,2,edgeCount
389,113,161,graphml/Deltacom.graphml,2,,clustered,0.3;-0.3,7,4,4,3,0,4,0,4,4,0,0,edgeCount
388,113,161,graphml/Deltacom.graphml,2,,clustered,0.3;-0.3,7,5,5,2,2,5,0,7,5,2,2,edgeCount
387,113,161,graphml/Deltacom.graphml,1,,clustered,0.3;-0.3,5,5,5,0,0,5,0,5,5,0,0,edgeCount
386,113,161,graphml/Deltacom.graphml,2,,clustered,0.3;-0.3,2,2,2,0,0,2,0,2,2,0,0,edgeCount
385,113,161,graphml/Deltacom.graphml,3,,clustered,0.3;-0.3,6,6,6,0,0,6,0,6,6,0,0,edgeCount
384,113,161,graphml/Deltacom.graphml,2,,clustered,0.3;-0.3,11,11,11,0,0,11,0,11,11,0,0,edgeCount
383,113,161,graphml/Deltacom.graphml,3,,clustered,0.3;-0.3,6,3,3,3,0,3,0,3,3,0,0,edgeCount
382,113,161,graphml/Deltacom.graphml,2,,clustered,0.3;-0.3,8,6,6,2,0,6,0,6,6,0,0,edgeCount
381,113,161,graphml/Deltacom.graphml,2,,clustered,0.3;-0.3,17,26,14,3,2,14,0,14,14,0,2,edgeCount
380,113,161,graphml/Deltacom.graphml,2,,clustered,0.3;-0.3,14,19,12,2,4,13,1,13,13,1,4,edgeCount
379,113,161,graphml/Deltacom.graphml,2,,clustered,0.3;-0.3,8,4,4,4,4,4,0,8,4,4,4,edgeCount
378,113,161,graphml/Deltacom.graphml,2,,clustered,0.3;-0.3,11,11,9,2,2,11,2,11,11,2,2,edgeCount
377,113,161,graphml/Deltacom.graphml,2,,clustered,0.3;-0.3,24,8,7,17,4,8,1,8,8,1,4,edgeCount
376,113,161,graphml/Deltacom.graphml,3,,clustered,0.3;-0.3,8,16,5,3,0,6,1,6,6,1,0,edgeCount
375,113,161,graphml/Deltacom.graphml,2,,clustered,0.3;-0.3,3,2,2,1,6,2,0,2,2,0,6,edgeCount
374,113,161,graphml/Deltacom.graphml,2,,clustered,0.3;-0.3,8,6,4,4,0,6,2,6,6,2,0,edgeCount
373,113,161,graphml/Deltacom.graphml,2,,clustered,0.3;-0.3,3,2,2,1,0,2,0,3,2,1,0,edgeCount
372,113,161,graphml/Deltacom.graphml,2,,clustered,0.3;-0.3,16,15,13,3,2,15,2,16,15,3,2,edgeCount
371,113,161,graphml/Deltacom.graphml,4,,clustered,0.3;-0.3,9,11,7,2,2,21,14,21,21,14,2,edgeCount
370,113,161,graphml/Deltacom.graphml,2,,clustered,0.3;-0.3,5,5,5,0,0,5,0,5,5,0,0,edgeCount
369,113,161,graphml/Deltacom.graphml,3,,clustered,0.3;-0.3,4,16,4,0,0,4,0,4,4,0,0,edgeCount
368,113,161,graphml/Deltacom.graphml,2,,clustered,0.3;-0.3,5,6,5,0,0,5,0,5,5,0,0,edgeCount
367,113,161,graphml/Deltacom.graphml,2,,clustered,0.3;-0.3,7,7,7,0,2,7,0,7,7,0,2,edgeCount
366,113,161,graphml/Deltacom.graphml,2,,clustered,0.3;-0.3,5,6,5,0,0,5,0,5,5,0,0,edgeCount
365,113,161,graphml/Deltacom.graphml,1,,clustered,0.3;-0.3,8,8,8,0,8,8,0,8,8,0,8,edgeCount
364,113,161,graphml/Deltacom.graphml,2,,clustered,0.3;-0.3,4,4,4,0,0,4,0,4,4,0,0,edgeCount
363,113,161,graphml/Deltacom.graphml,2,,clustered,0.3;-0.3,9,13,3,6,12,3,0,3,3,0,12,edgeCount
362,113,161,graphml/Deltacom.graphml,3,,clustered,0.3;-0.3,4,4,4,0,0,4,0,4,4,0,0,edgeCount
361,113,161,graphml/Deltacom.graphml,1,,clustered,0.3;-0.3,6,6,6,0,0,6,0,6,6,0,0,edgeCount
360,113,161,graphml/Deltacom.graphml,2,,clustered,0.3;-0.3,5,8,4,1,0,4,0,4,4,0,0,edgeCount
359,113,161,graphml/Deltacom.graphml,2,,clustered,0.3;-0.3,10,9,7,3,0,8,1,8,8,1,0,edgeCount
358,113,161,graphml/Deltacom.graphml,1,,clustered,0.3;-0.3,12,12,12,0,0,12,0,12,12,0,0,edgeCount
357,113,161,graphml/Deltacom.graphml,3,,clustered,0.3;-0.3,9,12,8,1,0,8,0,8,8,0,0,edgeCount
356,113,161,graphml/Deltacom.graphml,2,,clustered,0.3;-0.3,17,17,17,0,0,17,0,17,17,0,0,edgeCount
355,113,161,graphml/Deltacom.graphml,2,,clustered,0.3;-0.3,19,19,13,6,2,13,0,13,13,0,2,edgeCount
354,113,161,graphml/Deltacom.graphml,2,,clustered,0.3;-0.3,2,2,2,0,0,2,0,2,2,0,0,edgeCount
353,113,161,graphml/Deltacom.graphml,2,,clustered,0.3;-0.3,10,9,9,1,2,10,1,10,10,1,2,edgeCount
352,113,161,graphml/Deltacom.graphml,3,,clustered,0.3;-0.3,10,11,5,5,4,5,0,5,5,0,4,edgeCount
351,113,161,graphml/Deltacom.graphml,2,,clustered,0.3;-0.3,11,9,9,2,2,9,0,9,9,0,2,edgeCount
350,113,161,graphml/Deltacom.graphml,2,,clustered,0.3;-0.3,9,9,9,0,0,9,0,9,9,0,0,edgeCount
349,113,161,graphml/Deltacom.graphml,1,,clustered,0.3;-0.3,6,6,6,0,0,6,0,6,6,0,0,edgeCount
348,113,161,graphml/Deltacom.graphml,1,,clustered,0.3;-0.3,8,8,8,0,4,8,0,8,8,0,4,edgeCount
347,113,161,graphml/Deltacom.graphml,3,,clustered,0.3;-0.3,7,16,7,0,4,13,6,15,13,8,4,edgeCount
346,113,161,graphml/Deltacom.graphml,2,,clustered,0.3;-0.3,2,5,2,0,0,2,0,2,2,0,0,edgeCount
345,113,161,graphml/Deltacom.graphml,2,,clustered,0.3;-0.3,7,3,3,4,2,3,0,3,3,0,2,edgeCount
344,113,161,graphml/Deltacom.graphml,3,,clustered,0.3;-0.3,9,9,7,2,0,8,1,8,8,1,0,edgeCount
343,113,161,graphml/Deltacom.graphml,3,,clustered,0.3;-0.3,8,7,7,1,0,7,0,7,7,0,0,edgeCount
342,113,161,graphml/Deltacom.graphml,4,,clustered,0.3;-0.3,7,7,4,3,2,19,15,7,7,3,2,edgeCount
341,113,161,graphml/Deltacom.graphml,2,,clustered,0.3;-0.3,2,2,2,0,0,2,0,2,2,0,0,edgeCount
340,113,161,graphml/Deltacom.graphml,2,,clustered,0.3;-0.3,12,12,12,0,0,12,0,12,12,0,0,edgeCount
339,113,161,graphml/Deltacom.graphml,2,,clustered,0.3;-0.3,5,4,4,1,6,4,0,4,4,0,6,edgeCount
338,113,161,graphml/Deltacom.graphml,1,,clustered,0.3;-0.3,4,4,4,0,0,4,0,4,4,0,0,edgeCount
337,113,161,graphml/Deltacom.graphml,2,,clustered,0.3;-0.3,7,17,5,2,0,6,1,6,6,1,0,edgeCount
336,113,161,graphml/Deltacom.graphml,3,,clustered,0.3;-0.3,5,2,2,3,0,3,1,2,2,0,0,edgeCount
335,113,161,graphml/Deltacom.graphml,2,,clustered,0.3;-0.3,10,10,10,0,0,10,0,10,10,0,0,edgeCount
334,113,161,graphml/Deltacom.graphml,1,,clustered,0.3;-0.3,13,13,13,0,0,13,0,13,13,0,0,edgeCount
333,113,161,graphml/Deltacom.graphml,3,,clustered,0.3;-0.3,5,5,5,0,4,7,2,7,5,2,4,edgeCount
332,113,161,graphml/Deltacom.graphml,2,,clustered,0.3;-0.3,12,28,8,4,6,28,20,28,28,20,6,edgeCount
331,113,161,graphml/Deltacom.graphml,2,,clustered,0.3;-0.3,8,5,5,3,0,5,0,5,5,0,0,edgeCount
330,113,161,graphml/Deltacom.graphml,3,,clustered,0.3;-0.3,11,13,8,3,0,10,2,10,10,2,0,edgeCount
329,113,161,graphml/Deltacom.graphml,3,,clustered,0.3;-0.3,4,4,4,0,0,5,1,5,4,1,0,edgeCount
328,113,161,graphml/Deltacom.graphml,2,,clustered,0.3;-0.3,15,14,14,1,0,14,0,14,14,0,0,edgeCount
327,113,161,graphml/Deltacom.graphml,2,,clustered,0.3;-0.3,15,15,15,0,0,15,0,15,15,0,0,edgeCount
326,113,161,graphml/Deltacom.graphml,3,,clustered,0.3;-0.3,9,10,7,2,2,7,0,7,7,0,2,edgeCount
325,113,161,graphml/Deltacom.graphml,2,,clustered,0.3;-0.3,9,15,9,0,0,9,0,9,9,0,0,edgeCount
324,113,161,graphml/Deltacom.graphml,2,,clustered,0.3;-0.3,4,8,4,0,4,8,4,8,8,4,4,edgeCount
323,113,161,graphml/Deltacom.graphml,3,,clustered,0.3;-0.3,4,3,3,1,0,3,0,3,3,0,0,edgeCount
322,113,161,graphml/Deltacom.graphml,3,,clustered,0.3;-0.3,5,4,3,2,0,4,1,4,4,1,0,edgeCount
321,113,161,graphml/Deltacom.graphml,2,,clustered,0.3;-0.3,5,4,4,1,4,4,0,4,4,0,4,edgeCount
320,113,161,graphml/Deltacom.graphml,2,,clustered,0.3;-0.3,18,18,18,0,0,18,0,18,18,0,0,edgeCount
319,113,161,graphml/Deltacom.graphml,2,,clustered,0.3;-0.3,6,4,4,2,0,4,0,4,4,0,0,edgeCount
318,113,161,graphml/Deltacom.graphml,2,,clustered,0.3;-0.3,13,13,12,1,0,15,3,13,13,1,0,edgeCount
317,113,161,graphml/Deltacom.graphml,3,,clustered,0.3;-0.3,5,5,5,0,0,8,3,8,5,3,0,edgeCount
316,113,161,graphml/Deltacom.graphml,2,,clustered,0.3;-0.3,27,21,7,20,4,7,0,7,7,0,4,edgeCount
315,113,161,graphml/Deltacom.graphml,3,,clustered,0.3;-0.3,5,5,5,0,0,5,0,5,5,0,0,edgeCount
314,113,161,graphml/Deltacom.graphml,2,,clustered,0.3;-0.3,18,22,14,4,0,14,0,14,14,0,0,edgeCount
313,113,161,graphml/Deltacom.graphml,2,,clustered,0.3;-0.3,11,11,7,4,6,7,0,7,7,0,6,edgeCount
312,113,161,graphml/Deltacom.graphml,3,,clustered,0.3;-0.3,5,5,4,1,0,5,1,5,5,1,0,edgeCount
311,113,161,graphml/Deltacom.graphml,3,,clustered,0.3;-0.3,2,2,2,0,0,2,0,2,2,0,0,edgeCount
310,113,161,graphml/Deltacom.graphml,2,,clustered,0.3;-0.3,7,13,5,2,0,5,0,5,5,0,0,edgeCount
309,113,161,graphml/Deltacom.graphml,1,,clustered,0.3;-0.3,6,7,6,0,4,6,0,6,7,0,4,edgeCount
308,113,161,graphml/Deltacom.graphml,2,,clustered,0.3;-0.3,4,4,4,0,0,4,0,4,4,0,0,edgeCount
307,113,161,graphml/Deltacom.graphml,4,,clustered,0.3;-0.3,8,8,6,2,0,8,2,8,8,2,0,edgeCount
306,113,161,graphml/Deltacom.graphml,2,,clustered,0.3;-0.3,12,11,11,1,0,11,0,11,11,0,0,edgeCount
305,113,161,graphml/Deltacom.graphml,3,,clustered,0.3;-0.3,7,14,4,3,2,5,1,5,5,1,2,edgeCount
304,113,161,graphml/Deltacom.graphml,2,,clustered,0.3;-0.3,8,7,7,1,0,7,0,7,7,0,0,edgeCount
303,113,161,graphml/Deltacom.graphml,2,,clustered,0.3;-0.3,19,19,19,0,0,19,0,19,19,0,0,edgeCount
302,113,161,graphml/Deltacom.graphml,1,,clustered,0.3;-0.3,5,5,5,0,0,5,0,5,5,0,0,edgeCount
301,113,161,graphml/Deltacom.graphml,2,,clustered,0.3;-0.3,13,13,13,0,0,15,2,13,13,0,0,edgeCount
300,113,161,graphml/Deltacom.graphml,1,,clustered,0.3;-0.3,16,16,16,0,0,16,0,16,16,0,0,edgeCount
299,113,161,graphml/Deltacom.graphml,2,,clustered,0.3;-0.3,8,8,8,0,0,8,0,8,8,0,0,edgeCount
298,113,161,graphml/Deltacom.graphml,2,,clustered,0.3;-0.3,6,6,6,0,0,6,0,6,6,0,0,edgeCount
297,113,161,graphml/Deltacom.graphml,2,,clustered,0.3;-0.3,8,8,8,0,0,10,2,8,8,0,0,edgeCount
296,113,161,graphml/Deltacom.graphml,1,,clustered,0.3;-0.3,14,14,14,0,0,14,0,14,14,0,0,edgeCount
295,113,161,graphml/Deltacom.graphml,4,,clustered,0.3;-0.3,9,27,7,2,2,21,14,21,21,14,2,edgeCount
294,113,161,graphml/Deltacom.graphml,1,,clustered,0.3;-0.3,9,9,9,0,0,9,0,9,9,0,0,edgeCount
293,113,161,graphml/Deltacom.graphml,1,,clustered,0.3;-0.3,8,8,8,0,0,8,0,8,8,0,0,edgeCount
292,113,161,graphml/Deltacom.graphml,2,,clustered,0.3;-0.3,4,4,4,0,0,6,2,4,4,0,0,edgeCount
291,113,161,graphml/Deltacom.graphml,2,,clustered,0.3;-0.3,10,10,10,0,0,10,0,10,10,0,0,edgeCount
290,113,161,graphml/Deltacom.graphml,2,,clustered,0.3;-0.3,6,9,6,0,0,6,0,6,6,0,0,edgeCount
289,113,161,graphml/Deltacom.graphml,2,,clustered,0.3;-0.3,3,3,3,0,2,3,0,3,3,0,2,edgeCount
288,113,161,graphml/Deltacom.graphml,1,,clustered,0.3;-0.3,17,17,17,0,2,17,0,17,17,0,2,edgeCount
287,113,161,graphml/Deltacom.graphml,2,,clustered,0.3;-0.3,14,22,11,3,6,36,25,36,47,25,4,edgeCount
286,113,161,graphml/Deltacom.graphml,2,,clustered,0.3;-0.3,7,15,4,3,6,6,2,7,15,3,6,edgeCount
285,113,161,graphml/Deltacom.graphml,2,,clustered,0.3;-0.3,17,17,17,0,0,17,0,17,17,0,0,edgeCount
284,113,161,graphml/Deltacom.graphml,3,,clustered,0.3;-0.3,8,14,7,1,4,18,11,18,18,11,4,edgeCount
283,113,161,graphml/Deltacom.graphml,2,,clustered,0.3;-0.3,20,23,14,6,6,15,1,14,14,0,6,edgeCount
282,113,161,graphml/Deltacom.graphml,2,,clustered,0.3;-0.3,16,16,16,0,0,16,0,16,16,0,0,edgeCount
281,113,161,graphml/Deltacom.graphml,2,,clustered,0.3;-0.3,19,20,15,4,4,43,28,19,19,4,4,edgeCount
280,113,161,graphml/Deltacom.graphml,2,,clustered,0.3;-0.3,5,5,5,0,0,5,0,5,5,0,0,edgeCount
279,113,161,graphml/Deltacom.graphml,1,,clustered,0.3;-0.3,10,10,10,0,0,10,0,10,10,0,0,edgeCount
278,113,161,graphml/Deltacom.graphml,2,,clustered,0.3;-0.3,8,8,8,0,0,8,0,8,8,0,0,edgeCount
277,113,161,graphml/Deltacom.graphml,2,,clustered,0.3;-0.3,8,2,2,6,4,2,0,2,2,0,4,edgeCount
276,113,161,graphml/Deltacom.graphml,2,,clustered,0.3;-0.3,9,9,9,0,0,9,0,9,9,0,0,edgeCount
275,113,161,graphml/Deltacom.graphml,3,,clustered,0.3;-0.3,9,8,8,1,2,8,0,8,8,0,2,edgeCount
274,113,161,graphml/Deltacom.graphml,1,,clustered,0.3;-0.3,11,11,11,0,6,11,0,11,11,0,6,edgeCount
273,113,161,graphml/Deltacom.graphml,2,,clustered,0.3;-0.3,13,11,11,2,4,11,0,11,11,0,4,edgeCount
272,113,161,graphml/Deltacom.graphml,2,,clustered,0.3;-0.3,4,4,4,0,0,4,0,4,4,0,0,edgeCount
271,113,161,graphml/Deltacom.graphml,3,,clustered,0.3;-0.3,2,2,2,0,0,2,0,2,2,0,0,edgeCount
270,113,161,graphml/Deltacom.graphml,2,,clustered,0.3;-0.3,4,4,4,0,0,4,0,4,4,0,0,edgeCount
269,113,161,graphml/Deltacom.graphml,2,,clustered,0.3;-0.3,9,7,7,2,0,7,0,7,7,0,0,edgeCount
268,113,161,graphml/Deltacom.graphml,1,,clustered,0.3;-0.3,12,12,12,0,0,12,0,12,12,0,0,edgeCount
267,113,161,graphml/Deltacom.graphml,3,,clustered,0.3;-0.3,11,17,7,4,2,8,1,8,8,1,2,edgeCount
266,113,161,graphml/Deltacom.graphml,2,,clustered,0.3;-0.3,8,9,7,1,0,8,1,8,8,1,0,edgeCount
265,113,161,graphml/Deltacom.graphml,2,,clustered,0.3;-0.3,7,14,5,2,0,5,0,5,5,0,0,edgeCount
264,113,161,graphml/Deltacom.graphml,2,,clustered,0.3;-0.3,10,14,10,0,0,10,0,10,10,0,0,edgeCount
263,113,161,graphml/Deltacom.graphml,2,,clustered,0.3;-0.3,9,20,6,3,2,6,0,6,6,0,2,edgeCount
262,113,161,graphml/Deltacom.graphml,1,,clustered,0.3;-0.3,11,11,11,0,4,11,0,11,11,0,4,edgeCount
261,113,161,graphml/Deltacom.graphml,2,,clustered,0.3;-0.3,2,2,2,0,0,2,0,2,2,0,0,edgeCount
260,113,161,graphml/Deltacom.graphml,2,,clustered,0.3;-0.3,6,6,5,1,4,6,1,6,20,1,4,edgeCount
259,113,161,graphml/Deltacom.graphml,2,,clustered,0.3;-0.3,5,5,5,0,0,6,1,6,5,1,0,edgeCount
258,113,161,graphml/Deltacom.graphml,2,,clustered,0.3;-0.3,7,7,7,0,0,7,0,7,7,0,0,edgeCount
257,113,161,graphml/Deltacom.graphml,2,,clustered,0.3;-0.3,13,13,13,0,0,13,0,13,13,0,0,edgeCount
256,113,161,graphml/Deltacom.graphml,4,,clustered,0.3;-0.3,6,6,6,0,0,6,0,6,6,0,0,edgeCount
255,113,161,graphml/Deltacom.graphml,2,,clustered,0.3;-0.3,11,8,8,3,0,8,0,8,8,0,0,edgeCount
254,113,161,graphml/Deltacom.graphml,1,,clustered,0.3;-0.3,5,5,5,0,0,5,0,5,5,0,0,edgeCount
253,113,161,graphml/Deltacom.graphml,1,,clustered,0.3;-0.3,6,6,6,0,2,6,0,6,6,0,2,edgeCount
252,113,161,graphml/Deltacom.graphml,2,,clustered,0.3;-0.3,2,2,2,0,0,2,0,2,2,0,0,edgeCount
251,113,161,graphml/Deltacom.graphml,2,,clustered,0.3;-0.3,17,17,16,1,0,17,1,17,17,1,0,edgeCount
250,113,161,graphml/Deltacom.graphml,3,,clustered,0.3;-0.3,8,16,5,3,0,6,1,5,5,0,0,edgeCount
249,113,161,graphml/Deltacom.graphml,4,,clustered,0.3;-0.3,14,14,8,6,0,14,6,14,14,6,0,edgeCount
248,113,161,graphml/Deltacom.graphml,3,,clustered,0.3;-0.3,4,14,4,0,0,4,0,4,4,0,0,edgeCount
247,113,161,graphml/Deltacom.graphml,2,,clustered,0.3;-0.3,12,16,7,5,12,18,11,18,18,11,12,edgeCount
246,113,161,graphml/Deltacom.graphml,2,,clustered,0.3;-0.3,13,10,10,3,2,10,0,13,10,3,2,edgeCount
245,113,161,graphml/Deltacom.graphml,3,,clustered,0.3;-0.3,7,5,5,2,0,5,0,5,5,0,0,edgeCount
244,113,161,graphml/Deltacom.graphml,2,,clustered,0.3;-0.3,12,12,10,2,6,13,3,13,12,3,4,edgeCount
243,113,161,graphml/Deltacom.graphml,1,,clustered,0.3;-0.3,8,8,8,0,0,8,0,8,8,0,0,edgeCount
242,113,161,graphml/Deltacom.graphml,1,,clustered,0.3;-0.3,19,19,19,0,0,19,0,19,19,0,0,edgeCount
241,113,161,graphml/Deltacom.graphml,2,,clustered,0.3;-0.3,5,9,5,0,2,5,0,5,16,0,2,edgeCount
240,113,161,graphml/Deltacom.graphml,3,,clustered,0.3;-0.3,8,8,8,0,0,9,1,8,8,0,0,edgeCount
239,113,161,graphml/Deltacom.graphml,3,,clustered,0.3;-0.3,9,7,6,3,0,7,1,7,7,1,0,edgeCount
238,113,161,graphml/Deltacom.graphml,3,,clustered,0.3;-0.3,3,3,3,0,2,3,0,3,3,0,2,edgeCount
237,113,161,graphml/Deltacom.graphml,3,,clustered,0.3;-0.3,34,18,9,25,2,10,1,30,10,21,2,edgeCount
236,113,161,graphml/Deltacom.graphml,3,,clustered,0.3;-0.3,8,5,5,3,0,8,3,8,5,3,0,edgeCount
235,113,161,graphml/Deltacom.graphml,3,,clustered,0.3;-0.3,8,12,5,3,0,5,0,5,5,0,0,edgeCount
234,113,161,graphml/Deltacom.graphml,2,,clustered,0.3;-0.3,6,6,6,0,0,8,2,6,6,0,0,edgeCount
233,113,161,graphml/Deltacom.graphml,1,,clustered,0.3;-0.3,5,5,5,0,0,5,0,5,5,0,0,edgeCount
232,113,161,graphml/Deltacom.graphml,2,,clustered,0.3;-0.3,12,9,8,4,2,9,1,9,9,1,2,edgeCount
231,113,161,graphml/Deltacom.graphml,2,,clustered,0.3;-0.3,3,3,3,0,0,3,0,3,3,0,0,edgeCount
230,113,161,graphml/Deltacom.graphml,3,,clustered,0.3;-0.3,6,4,4,2,0,4,0,4,4,0,0,edgeCount
229,113,161,graphml/Deltacom.graphml,2,,clustered,0.3;-0.3,9,13,5,4,0,5,0,5,5,0,0,edgeCount
228,113,161,graphml/Deltacom.graphml,1,,clustered,0.3;-0.3,15,15,15,0,2,15,0,15,15,0,2,edgeCount
227,113,161,graphml/Deltacom.graphml,2,,clustered,0.3;-0.3,10,20,10,0,8,10,0,10,10,0,6,edgeCount
226,113,161,graphml/Deltacom.graphml,1,,clustered,0.3;-0.3,15,15,15,0,0,15,0,15,15,0,0,edgeCount
225,113,161,graphml/Deltacom.graphml,2,,clustered,0.3;-0.3,18,18,18,0,2,18,0,18,18,0,2,edgeCount
224,113,161,graphml/Deltacom.graphml,2,,clustered,0.3;-0.3,11,11,11,0,0,11,0,11,11,0,0,edgeCount
223,113,161,graphml/Deltacom.graphml,2,,clustered,0.3;-0.3,9,13,9,0,4,23,14,23,25,14,4,edgeCount
222,113,161,graphml/Deltacom.graphml,2,,clustered,0.3;-0.3,4,4,4,0,0,4,0,4,4,0,0,edgeCount
221,113,161,graphml/Deltacom.graphml,2,,clustered,0.3;-0.3,7,7,7,0,0,7,0,7,7,0,0,edgeCount
220,113,161,graphml/Deltacom.graphml,2,,clustered,0.3;-0.3,11,11,11,0,0,11,0,11,11,0,0,edgeCount
219,113,161,graphml/Deltacom.graphml,1,,clustered,0.3;-0.3,9,9,9,0,4,9,0,9,9,0,4,edgeCount
218,113,161,graphml/Deltacom.graphml,1,,clustered,0.3;-0.3,8,8,8,0,0,8,0,8,8,0,0,edgeCount
217,113,161,graphml/Deltacom.graphml,3,,clustered,0.3;-0.3,8,16,7,1,2,7,0,7,7,0,2,edgeCount
216,113,161,graphml/Deltacom.graphml,1,,clustered,0.3;-0.3,8,8,8,0,0,8,0,8,8,0,0,edgeCount
215,113,161,graphml/Deltacom.graphml,3,,clustered,0.3;-0.3,8,8,6,2,0,8,2,8,8,2,0,edgeCount
214,113,161,graphml/Deltacom.graphml,1,,clustered,0.3;-0.3,9,9,9,0,2,9,0,9,9,0,2,edgeCount
213,113,161,graphml/Deltacom.graphml,2,,clustered,0.3;-0.3,6,6,6,0,0,6,0,6,6,0,0,edgeCount
212,113,161,graphml/Deltacom.graphml,2,,clustered,0.3;-0.3,9,4,4,5,2,4,0,4,4,0,2,edgeCount
211,113,161,graphml/Deltacom.graphml,1,,clustered,0.3;-0.3,10,10,10,0,0,10,0,10,10,0,0,edgeCount
210,113,161,graphml/Deltacom.graphml,2,,clustered,0.3;-0.3,13,8,8,5,0,8,0,8,8,0,0,edgeCount
209,113,161,graphml/Deltacom.graphml,2,,clustered,0.3;-0.3,5,3,3,2,0,3,0,3,3,0,0,edgeCount
208,113,161,graphml/Deltacom.graphml,3,,clustered,0.3;-0.3,8,9,6,2,0,6,0,6,6,0,0,edgeCount
207,113,161,graphml/Deltacom.graphml,1,,clustered,0.3;-0.3,12,12,12,0,4,12,0,12,12,0,4,edgeCount
206,113,161,graphml/Deltacom.graphml,2,,clustered,0.3;-0.3,10,23,7,3,0,8,1,8,8,1,0,edgeCount
205,113,161,graphml/Deltacom.graphml,3,,clustered,0.3;-0.3,6,6,6,0,0,6,0,6,6,0,0,edgeCount
204,113,161,graphml/Deltacom.graphml,1,,clustered,0.3;-0.3,14,14,14,0,4,14,0,14,14,0,4,edgeCount
203,113,161,graphml/Deltacom.graphml,2,,clustered,0.3;-0.3,6,7,6,0,0,6,0,6,6,0,0,edgeCount
202,113,161,graphml/Deltacom.graphml,3,,clustered,0.3;-0.3,4,4,4,0,4,10,6,4,4,0,4,edgeCount
201,113,161,graphml/Deltacom.graphml,2,,clustered,0.3;-0.3,7,5,5,2,0,5,0,5,5,0,0,edgeCount
200,113,161,graphml/Deltacom.graphml,2,,clustered,0.3;-0.3,8,8,7,1,2,8,1,8,8,1,2,edgeCount
199,113,161,graphml/Deltacom.graphml,3,,clustered,0.3;-0.3,12,13,9,3,0,11,2,11,11,2,0,edgeCount
198,113,161,graphml/Deltacom.graphml,2,,clustered,0.3;-0.3,10,7,7,3,6,7,0,7,7,0,6,edgeCount
197,113,161,graphml/Deltacom.graphml,2,,clustered,0.3;-0.3,11,11,3,8,2,3,0,3,3,0,2,edgeCount
196,113,161,graphml/Deltacom.graphml,2,,clustered,0.3;-0.3,4,4,4,0,0,4,0,4,4,0,0,edgeCount
195,113,161,graphml/Deltacom.graphml,2,,clustered,0.3;-0.3,22,24,15,7,4,15,0,15,15,0,2,edgeCount
194,113,161,graphml/Deltacom.graphml,2,,clustered,0.3;-0.3,10,10,10,0,0,10,0,10,10,0,0,edgeCount
193,113,161,graphml/Deltacom.graphml,3,,clustered,0.3;-0.3,4,4,4,0,2,4,0,4,4,0,2,edgeCount
192,113,161,graphml/Deltacom.graphml,1,,clustered,0.3;-0.3,9,9,9,0,0,9,0,9,9,0,0,edgeCount
191,113,161,graphml/Deltacom.graphml,4,,clustered,0.3;-0.3,6,6,4,2,6,6,2,6,6,2,6,edgeCount
190,113,161,graphml/Deltacom.graphml,2,,clustered,0.3;-0.3,15,15,13,2,0,15,2,15,15,2,0,edgeCount
189,113,161,graphml/Deltacom.graphml,2,,clustered,0.3;-0.3,13,12,8,5,0,8,0,8,8,0,0,edgeCount
188,113,161,graphml/Deltacom.graphml,1,,clustered,0.3;-0.3,8,8,8,0,2,8,0,8,8,0,2,edgeCount
187,113,161,graphml/Deltacom.graphml,2,,clustered,0.3;-0.3,23,5,5,18,4,5,0,5,5,0,4,edgeCount
186,113,161,graphml/Deltacom.graphml,2,,clustered,0.3;-0.3,5,5,5,0,0,5,0,5,5,0,0,edgeCount
185,113,161,graphml/Deltacom.graphml,2,,clustered,0.3;-0.3,8,7,7,1,2,7,0,7,7,0,2,edgeCount
184,113,161,graphml/Deltacom.graphml,2,,clustered,0.3;-0.3,16,16,16,0,0,16,0,16,16,0,0,edgeCount
183,113,161,graphml/Deltacom.graphml,3,,clustered,0.3;-0.3,6,5,4,2,0,5,1,5,5,1,0,edgeCount
182,113,161,graphml/Deltacom.graphml,2,,clustered,0.3;-0.3,10,10,10,0,0,10,0,10,10,0,0,edgeCount
181,113,161,graphml/Deltacom.graphml,1,,clustered,0.3;-0.3,5,5,5,0,0,5,0,5,5,0,0,edgeCount
180,113,161,graphml/Deltacom.graphml,3,,clustered,0.3;-0.3,9,11,5,4,2,7,2,7,7,2,2,edgeCount
179,113,161,graphml/Deltacom.graphml,3,,clustered,0.3;-0.3,6,6,5,1,0,7,2,7,6,2,0,edgeCount
178,113,161,graphml/Deltacom.graphml,4,,clustered,0.3;-0.3,9,15,6,3,0,8,2,8,8,2,0,edgeCount
177,113,161,graphml/Deltacom.graphml,3,,clustered,0.3;-0.3,5,5,5,0,0,5,0,5,5,0,0,edgeCount
176,113,161,graphml/Deltacom.graphml,2,,clustered,0.3;-0.3,10,10,10,0,2,10,0,10,10,0,2,edgeCount
175,113,161,graphml/Deltacom.graphml,2,,clustered,0.3;-0.3,9,12,7,2,4,8,1,8,8,1,4,edgeCount
174,113,161,graphml/Deltacom.graphml,3,,clustered,0.3;-0.3,8,11,7,1,2,16,9,16,16,9,2,edgeCount
173,113,161,graphml/Deltacom.graphml,4,,clustered,0.3;-0.3,6,6,5,1,0,6,1,6,6,1,0,edgeCount
172,113,161,graphml/Deltacom.graphml,2,,clustered,0.3;-0.3,2,4,2,0,0,2,0,2,2,0,0,edgeCount
171,113,161,graphml/Deltacom.graphml,2,,clustered,0.3;-0.3,3,3,3,0,0,3,0,3,3,0,0,edgeCount
170,113,161,graphml/Deltacom.graphml,2,,clustered,0.3;-0.3,5,5,5,0,0,5,0,5,5,0,0,edgeCount
169,113,161,graphml/Deltacom.graphml,2,,clustered,0.3;-0.3,7,4,4,3,0,4,0,4,4,0,0,edgeCount
168,113,161,graphml/Deltacom.graphml,3,,clustered,0.3;-0.3,9,17,6,3,0,7,1,7,7,1,0,edgeCount
167,113,161,graphml/Deltacom.graphml,2,,clustered,0.3;-0.3,6,6,6,0,0,6,0,6,6,0,0,edgeCount
166,113,161,graphml/Deltacom.graphml,1,,clustered,0.3;-0.3,5,5,5,0,0,5,0,5,5,0,0,edgeCount
165,113,161,graphml/Deltacom.graphml,2,,clustered,0.3;-0.3,9,2,2,7,6,2,0,2,2,0,6,edgeCount
164,113,161,graphml/Deltacom.graphml,1,,clustered,0.3;-0.3,8,8,8,0,2,8,0,8,8,0,2,edgeCount
163,113,161,graphml/Deltacom.graphml,1,,clustered,0.3;-0.3,8,8,8,0,0,8,0,8,8,0,0,edgeCount
162,113,161,graphml/Deltacom.graphml,2,,clustered,0.3;-0.3,3,3,3,0,0,3,0,3,3,0,0,edgeCount
161,113,161,graphml/Deltacom.graphml,2,,clustered,0.3;-0.3,14,11,7,7,0,7,0,7,7,0,0,edgeCount
160,113,161,graphml/Deltacom.graphml,3,,clustered,0.3;-0.3,9,26,7,2,4,25,18,25,25,18,4,edgeCount
159,113,161,graphml/Deltacom.graphml,3,,clustered,0.3;-0.3,9,5,5,4,2,19,14,5,5,0,2,edgeCount
158,113,161,graphml/Deltacom.graphml,2,,clustered,0.3;-0.3,13,13,13,0,2,13,0,13,13,0,2,edgeCount
157,113,161,graphml/Deltacom.graphml,2,,clustered,0.3;-0.3,8,8,5,3,2,8,3,8,8,3,2,edgeCount
156,113,161,graphml/Deltacom.graphml,2,,clustered,0.3;-0.3,3,4,3,0,0,3,0,3,3,0,0,edgeCount
155,113,161,graphml/Deltacom.graphml,3,,clustered,0.3;-0.3,10,6,6,4,2,6,0,6,6,0,2,edgeCount
154,113,161,graphml/Deltacom.graphml,1,,clustered,0.3;-0.3,13,13,13,0,0,13,0,13,13,0,0,edgeCount
153,113,161,graphml/Deltacom.graphml,2,,clustered,0.3;-0.3,13,13,10,3,0,13,3,13,13,3,0,edgeCount
152,113,161,graphml/Deltacom.graphml,1,,clustered,0.3;-0.3,5,7,5,0,6,5,0,5,7,0,6,edgeCount
151,113,161,graphml/Deltacom.graphml,3,,clustered,0.3;-0.3,3,3,3,0,2,3,0,3,3,0,2,edgeCount
150,113,161,graphml/Deltacom.graphml,2,,clustered,0.3;-0.3,4,4,4,0,12,8,4,8,14,4,12,edgeCount
149,113,161,graphml/Deltacom.graphml,2,,clustered,0.3;-0.3,19,24,14,5,4,14,0,14,14,0,4,edgeCount
148,113,161,graphml/Deltacom.graphml,2,,clustered,0.3;-0.3,14,14,10,4,0,10,0,10,10,0,0,edgeCount
147,113,161,graphml/Deltacom.graphml,2,,clustered,0.3;-0.3,21,17,17,4,0,17,0,17,17,0,0,edgeCount
146,113,161,graphml/Deltacom.graphml,2,,clustered,0.3;-0.3,13,13,12,1,0,13,1,13,13,1,0,edgeCount
145,113,161,graphml/Deltacom.graphml,3,,clustered,0.3;-0.3,6,11,5,1,0,5,0,5,5,0,0,edgeCount
144,113,161,graphml/Deltacom.graphml,1,,clustered,0.3;-0.3,13,13,13,0,0,13,0,13,13,0,0,edgeCount
143,113,161,graphml/Deltacom.graphml,2,,clustered,0.3;-0.3,8,13,4,4,0,5,1,5,5,1,0,edgeCount
142,113,161,graphml/Deltacom.graphml,3,,clustered,0.3;-0.3,14,16,7,7,4,7,0,7,7,0,4,edgeCount
141,113,161,graphml/Deltacom.graphml,3,,clustered,0.3;-0.3,4,4,4,0,0,5,1,5,4,1,0,edgeCount
140,113,161,graphml/Deltacom.graphml,3,,clustered,0.3;-0.3,4,4,2,2,0,2,0,2,2,0,0,edgeCount
139,113,161,graphml/Deltacom.graphml,2,,clustered,0.3;-0.3,8,12,4,4,4,5,1,4,4,0,2,edgeCount
138,113,161,graphml/Deltacom.graphml,3,,clustered,0.3;-0.3,9,9,9,0,0,9,0,9,9,0,0,edgeCount
137,113,161,graphml/Deltacom.graphml,1,,clustered,0.3;-0.3,9,9,9,0,0,9,0,9,9,0,0,edgeCount
136,113,161,graphml/Deltacom.graphml,2,,clustered,0.3;-0.3,5,5,5,0,0,6,1,5,5,0,0,edgeCount
135,113,161,graphml/Deltacom.graphml,2,,clustered,0.3;-0.3,12,12,12,0,2,12,0,12,12,0,2,edgeCount
134,113,161,graphml/Deltacom.graphml,2,,clustered,0.3;-0.3,13,13,11,2,0,13,2,13,13,2,0,edgeCount
133,113,161,graphml/Deltacom.graphml,2,,clustered,0.3;-0.3,10,15,4,6,0,4,0,4,4,0,0,edgeCount
132,113,161,graphml/Deltacom.graphml,3,,clustered,0.3;-0.3,19,5,4,15,4,5,1,5,5,1,4,edgeCount
131,113,161,graphml/Deltacom.graphml,2,,clustered,0.3;-0.3,13,13,13,0,0,13,0,13,13,0,0,edgeCount
130,113,161,graphml/Deltacom.graphml,2,,clustered,0.3;-0.3,10,10,9,1,0,10,1,10,10,1,0,edgeCount
129,113,161,graphml/Deltacom.graphml,3,,clustered,0.3;-0.3,7,7,7,0,0,7,0,7,7,0,0,edgeCount
128,113,161,graphml/Deltacom.graphml,4,,clustered,0.3;-0.3,8,6,4,4,0,19,15,19,19,15,0,edgeCount
127,113,161,graphml/Deltacom.graphml,2,,clustered,0.3;-0.3,4,4,4,0,0,4,0,4,4,0,0,edgeCount
126,113,161,graphml/Deltacom.graphml,2,,clustered,0.3;-0.3,14,13,13,1,2,13,0,13,13,0,2,edgeCount
125,113,161,graphml/Deltacom.graphml,2,,clustered,0.3;-0.3,3,3,3,0,0,3,0,3,3,0,0,edgeCount
124,113,161,graphml/Deltacom.graphml,2,,clustered,0.3;-0.3,10,7,7,3,0,7,0,7,7,0,0,edgeCount
123,113,161,graphml/Deltacom.graphml,2,,clustered,0.3;-0.3,4,4,4,0,2,4,0,4,4,0,2,edgeCount
122,113,161,graphml/Deltacom.graphml,2,,clustered,0.3;-0.3,16,16,15,1,0,16,1,16,16,1,0,edgeCount
121,113,161,graphml/Deltacom.graphml,3,,clustered,0.3;-0.3,4,4,4,0,0,4,0,4,4,0,0,edgeCount
120,113,161,graphml/Deltacom.graphml,2,,clustered,0.3;-0.3,14,9,9,5,0,9,0,9,9,0,0,edgeCount
119,113,161,graphml/Deltacom.graphml,2,,clustered,0.3;-0.3,13,9,9,4,2,9,0,9,9,0,2,edgeCount
118,113,161,graphml/Deltacom.graphml,2,,clustered,0.3;-0.3,14,14,14,0,0,14,0,14,14,0,0,edgeCount
117,113,161,graphml/Deltacom.graphml,2,,clustered,0.3;-0.3,9,3,3,6,6,3,0,3,3,0,6,edgeCount
116,113,161,graphml/Deltacom.graphml,1,,clustered,0.3;-0.3,9,9,9,0,0,9,0,9,9,0,0,edgeCount
115,113,161,graphml/Deltacom.graphml,3,,clustered,0.3;-0.3,9,11,7,2,4,21,14,21,21,14,4,edgeCount
114,113,161,graphml/Deltacom.graphml,2,,clustered,0.3;-0.3,11,11,11,0,0,11,0,11,11,0,0,edgeCount
113,113,161,graphml/Deltacom.graphml,2,,clustered,0.3;-0.3,6,6,6,0,0,6,0,6,6,0,0,edgeCount
112,113,161,graphml/Deltacom.graphml,1,,clustered,0.3;-0.3,11,11,11,0,0,11,0,11,11,0,0,edgeCount
111,113,161,graphml/Deltacom.graphml,2,,clustered,0.3;-0.3,7,20,7,0,2,7,0,7,7,0,2,edgeCount
110,113,161,graphml/Deltacom.graphml,3,,clustered,0.3;-0.3,9,13,4,5,2,6,2,6,6,2,2,edgeCount
109,113,161,graphml/Deltacom.graphml,4,,clustered,0.3;-0.3,8,13,5,3,0,7,2,7,7,2,0,edgeCount
108,113,161,graphml/Deltacom.graphml,2,,clustered,0.3;-0.3,7,6,6,1,0,6,0,6,6,0,0,edgeCount
107,113,161,graphml/Deltacom.graphml,2,,clustered,0.3;-0.3,8,8,7,1,0,8,1,8,8,1,0,edgeCount
106,113,161,graphml/Deltacom.graphml,2,,clustered,0.3;-0.3,18,18,16,2,0,18,2,18,18,2,0,edgeCount
105,113,161,graphml/Deltacom.graphml,3,,clustered,0.3;-0.3,7,7,7,0,0,7,0,7,7,0,0,edgeCount
104,113,161,graphml/Deltacom.graphml,2,,clustered,0.3;-0.3,3,3,3,0,0,3,0,3,3,0,0,edgeCount
103,113,161,graphml/Deltacom.graphml,3,,clustered,0.3;-0.3,7,4,4,3,4,4,0,4,4,0,4,edgeCount
102,113,161,graphml/Deltacom.graphml,2,,clustered,0.3;-0.3,8,15,6,2,0,6,0,6,6,0,0,edgeCount
101,113,161,graphml/Deltacom.graphml,2,,clustered,0.3;-0.3,7,5,5,2,4,5,0,5,5,0,4,edgeCount
100,113,161,graphml/Deltacom.graphml,1,,clustered,0.3;-0.3,3,3,3,0,0,3,0,3,3,0,0,edgeCount
99,113,161,graphml/Deltacom.graphml,3,,clustered,0.3;-0.3,6,5,4,2,0,4,0,4,4,0,0,edgeCount
98,113,161,graphml/Deltacom.graphml,2,,clustered,0.3;-0.3,10,10,9,1,0,10,1,10,10,1,0,edgeCount
97,113,161,graphml/Deltacom.graphml,1,,clustered,0.3;-0.3,7,7,7,0,6,7,0,7,7,0,6,edgeCount
96,113,161,graphml/Deltacom.graphml,1,,clustered,0.3;-0.3,16,16,16,0,2,16,0,16,16,0,2,edgeCount
95,113,161,graphml/Deltacom.graphml,3,,clustered,0.3;-0.3,10,10,9,1,4,10,1,10,10,1,4,edgeCount
94,113,161,graphml/Deltacom.graphml,2,,clustered,0.3;-0.3,5,11,4,1,4,11,7,11,14,7,4,edgeCount
93,113,161,graphml/Deltacom.graphml,2,,clustered,0.3;-0.3,5,3,3,2,0,3,0,3,3,0,0,edgeCount
92,113,161,graphml/Deltacom.graphml,2,,clustered,0.3;-0.3,9,17,8,1,2,8,0,8,8,0,2,edgeCount
91,113,161,graphml/Deltacom.graphml,2,,clustered,0.3;-0.3,4,4,4,0,0,4,0,4,4,0,0,edgeCount
90,113,161,graphml/Deltacom.graphml,2,,clustered,0.3;-0.3,7,7,7,0,0,7,0,7,7,0,0,edgeCount
89,113,161,graphml/Deltacom.graphml,2,,clustered,0.3;-0.3,10,13,7,3,0,8,1,8,8,1,0,edgeCount
88,113,161,graphml/Deltacom.graphml,2,,clustered,0.3;-0.3,2,2,2,0,0,2,0,2,2,0,0,edgeCount
87,113,161,graphml/Deltacom.graphml,2,,clustered,0.3;-0.3,6,9,4,2,2,4,0,4,4,0,2,edgeCount
86,113,161,graphml/Deltacom.graphml,2,,clustered,0.3;-0.3,9,6,6,3,4,6,0,6,6,0,4,edgeCount
85,113,161,graphml/Deltacom.graphml,3,,clustered,0.3;-0.3,7,7,7,0,0,7,0,7,7,0,0,edgeCount
84,113,161,graphml/Deltacom.graphml,1,,clustered,0.3;-0.3,10,10,10,0,0,10,0,10,10,0,0,edgeCount
83,113,161,graphml/Deltacom.graphml,2,,clustered,0.3;-0.3,13,13,11,2,0,13,2,13,13,2,0,edgeCount
82,113,161,graphml/Deltacom.graphml,2,,clustered,0.3;-0.3,5,5,5,0,0,5,0,5,5,0,0,edgeCount
81,113,161,graphml/Deltacom.graphml,2,,clustered,0.3;-0.3,10,6,6,4,0,6,0,6,6,0,0,edgeCount
80,113,161,graphml/Deltacom.graphml,2,,clustered,0.3;-0.3,8,8,8,0,0,8,0,8,8,0,0,edgeCount
79,113,161,graphml/Deltacom.graphml,2,,clustered,0.3;-0.3,36,13,7,29,12,-1,-8,30,27,23,12,edgeCount
78,113,161,graphml/Deltacom.graphml,3,,clustered,0.3;-0.3,5,2,2,3,0,3,1,2,2,0,0,edgeCount
77,113,161,graphml/Deltacom.graphml,2,,clustered,0.3;-0.3,11,11,11,0,4,11,0,11,11,0,4,edgeCount
76,113,161,graphml/Deltacom.graphml,2,,clustered,0.3;-0.3,8,8,5,3,0,5,0,5,5,0,0,edgeCount
75,113,161,graphml/Deltacom.graphml,2,,clustered,0.3;-0.3,14,14,14,0,0,14,0,14,14,0,0,edgeCount
74,113,161,graphml/Deltacom.graphml,1,,clustered,0.3;-0.3,4,4,4,0,0,4,0,4,4,0,0,edgeCount
73,113,161,graphml/Deltacom.graphml,2,,clustered,0.3;-0.3,12,14,10,2,2,10,0,10,10,0,2,edgeCount
72,113,161,graphml/Deltacom.graphml,2,,clustered,0.3;-0.3,7,7,7,0,2,7,0,7,7,0,2,edgeCount
71,113,161,graphml/Deltacom.graphml,1,,clustered,0.3;-0.3,6,6,6,0,0,6,0,6,6,0,0,edgeCount
70,113,161,graphml/Deltacom.graphml,3,,clustered,0.3;-0.3,7,7,7,0,0,7,0,7,7,0,0,edgeCount
69,113,161,graphml/Deltacom.graphml,4,,clustered,0.3;-0.3,9,9,7,2,0,23,16,23,23,16,0,edgeCount
68,113,161,graphml/Deltacom.graphml,3,,clustered,0.3;-0.3,7,7,7,0,0,7,0,7,7,0,0,edgeCount
67,113,161,graphml/Deltacom.graphml,1,,clustered,0.3;-0.3,13,13,13,0,2,13,0,13,13,0,2,edgeCount
66,113,161,graphml/Deltacom.graphml,3,,clustered,0.3;-0.3,5,5,5,0,0,6,1,6,5,1,0,edgeCount
65,113,161,graphml/Deltacom.graphml,2,,clustered,0.3;-0.3,14,16,10,4,2,10,0,10,10,0,2,edgeCount
64,113,161,graphml/Deltacom.graphml,1,,clustered,0.3;-0.3,9,13,9,0,6,9,0,9,13,0,6,edgeCount
63,113,161,graphml/Deltacom.graphml,3,,clustered,0.3;-0.3,8,8,7,1,0,8,1,8,8,1,0,edgeCount
62,113,161,graphml/Deltacom.graphml,1,,clustered,0.3;-0.3,2,2,2,0,0,2,0,2,2,0,0,edgeCount
61,113,161,graphml/Deltacom.graphml,2,,clustered,0.3;-0.3,19,24,13,6,2,13,0,13,13,0,2,edgeCount
60,113,161,graphml/Deltacom.graphml,2,,clustered,0.3;-0.3,17,17,14,3,0,17,3,17,17,3,0,edgeCount
59,113,161,graphml/Deltacom.graphml,2,,clustered,0.3;-0.3,3,5,3,0,2,3,0,3,3,0,2,edgeCount
58,113,161,graphml/Deltacom.graphml,2,,clustered,0.3;-0.3,7,7,7,0,0,7,0,7,7,0,0,edgeCount
57,113,161,graphml/Deltacom.graphml,4,,clustered,0.3;-0.3,5,5,5,0,0,5,0,5,5,0,0,edgeCount
56,113,161,graphml/Deltacom.graphml,1,,clustered,0.3;-0.3,5,5,5,0,0,5,0,5,5,0,0,edgeCount
55,113,161,graphml/Deltacom.graphml,2,,clustered,0.3;-0.3,11,10,10,1,0,10,0,10,10,0,0,edgeCount
54,113,161,graphml/Deltacom.graphml,2,,clustered,0.3;-0.3,7,7,7,0,0,7,0,7,7,0,0,edgeCount
53,113,161,graphml/Deltacom.graphml,2,,clustered,0.3;-0.3,5,5,4,1,2,5,1,5,11,1,2,edgeCount
52,113,161,graphml/Deltacom.graphml,1,,clustered,0.3;-0.3,6,6,6,0,4,6,0,6,6,0,4,edgeCount
51,113,161,graphml/Deltacom.graphml,2,,clustered,0.3;-0.3,7,5,5,2,0,5,0,5,5,0,0,edgeCount
50,113,161,graphml/Deltacom.graphml,2,,clustered,0.3;-0.3,7,10,6,1,0,7,1,7,7,1,0,edgeCount
49,113,161,graphml/Deltacom.graphml,2,,clustered,0.3;-0.3,9,9,9,0,0,9,0,9,9,0,0,edgeCount
48,113,161,graphml/Deltacom.graphml,3,,clustered,0.3;-0.3,6,6,5,1,2,6,1,6,6,1,2,edgeCount
47,113,161,graphml/Deltacom.graphml,2,,clustered,0.3;-0.3,3,3,3,0,0,3,0,3,3,0,0,edgeCount
46,113,161,graphml/Deltacom.graphml,2,,clustered,0.3;-0.3,7,11,7,0,0,7,0,7,7,0,0,edgeCount
45,113,161,graphml/Deltacom.graphml,2,,clustered,0.3;-0.3,21,19,18,3,6,49,31,18,18,0,4,edgeCount
44,113,161,graphml/Deltacom.graphml,2,,clustered,0.3;-0.3,6,6,6,0,0,6,0,6,6,0,0,edgeCount
43,113,161,graphml/Deltacom.graphml,1,,clustered,0.3;-0.3,7,7,7,0,4,7,0,7,7,0,4,edgeCount
42,113,161,graphml/Deltacom.graphml,1,,clustered,0.3;-0.3,8,8,8,0,0,8,0,8,8,0,0,edgeCount
41,113,161,graphml/Deltacom.graphml,2,,clustered,0.3;-0.3,4,4,4,0,0,4,0,4,4,0,0,edgeCount
40,113,161,graphml/Deltacom.graphml,3,,clustered,0.3;-0.3,22,14,6,16,2,6,0,6,6,0,2,edgeCount
39,113,161,graphml/Deltacom.graphml,3,,clustered,0.3;-0.3,13,7,7,6,2,7,0,7,7,0,2,edgeCount
38,113,161,graphml/Deltacom.graphml,1,,clustered,0.3;-0.3,11,11,11,0,0,11,0,11,11,0,0,edgeCount
37,113,161,graphml/Deltacom.graphml,3,,clustered,0.3;-0.3,7,4,4,3,4,4,0,4,4,0,4,edgeCount
36,113,161,graphml/Deltacom.graphml,3,,clustered,0.3;-0.3,10,8,7,3,0,8,1,8,8,1,0,edgeCount
35,113,161,graphml/Deltacom.graphml,1,,clustered,0.3;-0.3,7,7,7,0,0,7,0,7,7,0,0,edgeCount
34,113,161,graphml/Deltacom.graphml,4,,clustered,0.3;-0.3,12,9,8,4,2,30,22,12,12,4,2,edgeCount
33,113,161,graphml/Deltacom.graphml,2,,clustered,0.3;-0.3,6,6,2,4,0,2,0,2,2,0,0,edgeCount
32,113,161,graphml/Deltacom.graphml,3,,clustered,0.3;-0.3,8,16,8,0,2,8,0,8,8,0,2,edgeCount
31,113,161,graphml/Deltacom.graphml,3,,clustered,0.3;-0.3,3,3,3,0,0,3,0,3,3,0,0,edgeCount
30,113,161,graphml/Deltacom.graphml,4,,clustered,0.3;-0.3,12,11,7,5,0,12,5,12,11,5,0,edgeCount
29,113,161,graphml/Deltacom.graphml,2,,clustered,0.3;-0.3,17,14,13,4,2,14,1,14,14,1,2,edgeCount
28,113,161,graphml/Deltacom.graphml,1,,clustered,0.3;-0.3,14,14,14,0,0,14,0,14,14,0,0,edgeCount
27,113,161,graphml/Deltacom.graphml,2,,clustered,0.3;-0.3,12,12,12,0,0,12,0,12,12,0,0,edgeCount
26,113,161,graphml/Deltacom.graphml,2,,clustered,0.3;-0.3,16,14,10,6,2,10,0,10,10,0,2,edgeCount
25,113,161,graphml/Deltacom.graphml,2,,clustered,0.3;-0.3,10,15,10,0,8,10,0,10,10,0,6,edgeCount
24,113,161,graphml/Deltacom.graphml,1,,clustered,0.3;-0.3,14,14,14,0,2,14,0,14,14,0,2,edgeCount
23,113,161,graphml/Deltacom.graphml,2,,clustered,0.3;-0.3,10,10,10,0,0,10,0,10,10,0,0,edgeCount
22,113,161,graphml/Deltacom.graphml,2,,clustered,0.3;-0.3,3,3,3,0,0,3,0,3,3,0,0,edgeCount
21,113,161,graphml/Deltacom.graphml,2,,clustered,0.3;-0.3,5,5,5,0,0,5,0,5,5,0,0,edgeCount
20,113,161,graphml/Deltacom.graphml,2,,clustered,0.3;-0.3,13,13,13,0,2,13,0,13,13,0,2,edgeCount
19,113,161,graphml/Deltacom.graphml,1,,clustered,0.3;-0.3,10,10,10,0,4,10,0,10,10,0,4,edgeCount
18,113,161,graphml/Deltacom.graphml,1,,clustered,0.3;-0.3,8,8,8,0,6,-1,-9,8,8,0,6,edgeCount
17,113,161,graphml/Deltacom.graphml,1,,clustered,0.3;-0.3,6,6,6,0,0,6,0,6,6,0,0,edgeCount
16,113,161,graphml/Deltacom.graphml,1,,clustered,0.3;-0.3,8,8,8,0,0,8,0,8,8,0,0,edgeCount
15,113,161,graphml/Deltacom.graphml,1,,clustered,0.3;-0.3,4,6,4,0,4,4,0,4,6,0,4,edgeCount
14,113,161,graphml/Deltacom.graphml,2,,clustered,0.3;-0.3,6,6,6,0,2,6,0,6,6,0,2,edgeCount
13,113,161,graphml/Deltacom.graphml,3,,clustered,0.3;-0.3,7,7,4,3,0,6,2,6,6,2,0,edgeCount
12,113,161,graphml/Deltacom.graphml,2,,clustered,0.3;-0.3,13,13,11,2,0,13,2,13,13,2,0,edgeCount
11,113,161,graphml/Deltacom.graphml,2,,clustered,0.3;-0.3,8,19,7,1,2,8,1,8,8,1,2,edgeCount
10,113,161,graphml/Deltacom.graphml,2,,clustered,0.3;-0.3,9,9,8,1,0,11,3,9,9,1,0,edgeCount
9,113,161,graphml/Deltacom.graphml,2,,clustered,0.3;-0.3,15,15,15,0,0,15,0,15,15,0,0,edgeCount
8,113,161,graphml/Deltacom.graphml,3,,clustered,0.3;-0.3,2,2,2,0,0,2,0,2,2,0,0,edgeCount
7,113,161,graphml/Deltacom.graphml,2,,clustered,0.3;-0.3,6,8,4,2,0,4,0,4,4,0,0,edgeCount
6,113,161,graphml/Deltacom.graphml,2,,clustered,0.3;-0.3,11,11,11,0,2,11,0,11,11,0,2,edgeCount
5,113,161,graphml/Deltacom.graphml,1,,clustered,0.3;-0.3,13,13,13,0,2,13,0,13,13,0,2,edgeCount
4,113,161,graphml/Deltacom.graphml,2,,clustered,0.3;-0.3,11,11,10,1,0,11,1,11,11,1,0,edgeCount
3,113,161,graphml/Deltacom.graphml,1,,clustered,0.3;-0.3,9,9,9,0,2,9,0,9,9,0,2,edgeCount
2,113,161,graphml/Deltacom.graphml,1,,clustered,0.3;-0.3,5,5,5,0,0,5,0,5,5,0,0,edgeCount
1,113,161,graphml/Deltacom.graphml,2,,clustered,0.3;-0.3,6,6,6,0,0,6,0,6,6,0,0,edgeCount
