rep,nrNodes,nrEdges,edgeProb,nrPaths,nrFails,failureModel,failurePercent,hopsRanked,hopsUnranked,spLength,stretch_mult,nodeAdditions,hopsPath,stretch_path,hopsRankedOne,hopsUnrankedOne,stretch_one,overallNodeAdditionsOne,treeChoice
500,25,56,graphml/AttMpls.graphml,4,36,random,-1,-1,-1,-1,0,0,-1,0,-1,-1,0,0,edgeCount
499,25,56,graphml/AttMpls.graphml,3,24,random,-1,-1,-1,-1,0,10,-1,0,-1,-1,0,6,edgeCount
498,25,56,graphml/AttMpls.graphml,4,36,random,-1,-1,-1,-1,0,0,-1,0,-1,-1,0,0,edgeCount
497,25,56,graphml/AttMpls.graphml,2,12,random,-1,3,4,3,0,22,3,0,3,3,0,14,edgeCount
496,25,56,graphml/AttMpls.graphml,3,24,random,-1,-1,-1,6,-7,0,-1,-7,-1,-1,-7,0,edgeCount
495,25,56,graphml/AttMpls.graphml,3,24,random,-1,7,4,4,3,6,-1,-5,-1,-1,-5,4,edgeCount
494,25,56,graphml/AttMpls.graphml,2,12,random,-1,5,5,3,2,0,-1,-4,-1,-1,-4,0,edgeCount
493,25,56,graphml/AttMpls.graphml,4,36,random,-1,-1,-1,-1,0,0,-1,0,-1,-1,0,0,edgeCount
492,25,56,graphml/AttMpls.graphml,2,12,random,-1,5,12,3,2,26,3,0,3,3,0,14,edgeCount
491,25,56,graphml/AttMpls.graphml,2,12,random,-1,3,3,3,0,16,3,0,3,3,0,10,edgeCount
490,25,56,graphml/AttMpls.graphml,2,12,random,-1,6,6,5,1,6,-1,-6,-1,-1,-6,4,edgeCount
489,25,56,graphml/AttMpls.graphml,2,12,random,-1,3,3,3,0,12,-1,-4,-1,-1,-4,6,edgeCount
488,25,56,graphml/AttMpls.graphml,4,36,random,-1,-1,-1,-1,0,0,-1,0,-1,-1,0,0,edgeCount
487,25,56,graphml/AttMpls.graphml,2,12,random,-1,5,5,5,0,2,8,3,7,5,2,2,edgeCount
486,25,56,graphml/AttMpls.graphml,2,12,random,-1,3,3,3,0,0,5,2,5,5,2,0,edgeCount
485,25,56,graphml/AttMpls.graphml,4,36,random,-1,3,3,3,0,14,3,0,3,3,0,10,edgeCount
484,25,56,graphml/AttMpls.graphml,4,36,random,-1,-1,-1,-1,0,4,-1,0,-1,-1,0,2,edgeCount
483,25,56,graphml/AttMpls.graphml,2,12,random,-1,5,6,4,1,4,4,0,4,4,0,2,edgeCount
482,25,56,graphml/AttMpls.graphml,2,12,random,-1,-1,-1,6,-7,2,-1,-7,10,8,4,2,edgeCount
481,25,56,graphml/AttMpls.graphml,2,12,random,-1,4,10,4,0,0,8,4,8,4,4,0,edgeCount
480,25,56,graphml/AttMpls.graphml,4,36,random,-1,-1,-1,-1,0,0,-1,0,-1,-1,0,0,edgeCount
479,25,56,graphml/AttMpls.graphml,2,12,random,-1,4,6,4,0,4,-1,-5,-1,-1,-5,2,edgeCount
478,25,56,graphml/AttMpls.graphml,2,12,random,-1,5,7,3,2,0,3,0,3,3,0,0,edgeCount
477,25,56,graphml/AttMpls.graphml,2,12,random,-1,3,3,3,0,0,3,0,3,3,0,0,edgeCount
476,25,56,graphml/AttMpls.graphml,3,24,random,-1,6,6,4,2,4,4,0,6,6,2,2,edgeCount
475,25,56,graphml/AttMpls.graphml,3,24,random,-1,5,9,3,2,8,-1,-4,7,5,4,8,edgeCount
474,25,56,graphml/AttMpls.graphml,2,12,random,-1,-1,-1,4,-5,0,-1,-5,-1,-1,-5,0,edgeCount
473,25,56,graphml/AttMpls.graphml,2,12,random,-1,3,3,2,1,2,2,0,2,2,0,2,edgeCount
472,25,56,graphml/AttMpls.graphml,3,24,random,-1,4,2,2,2,10,2,0,2,2,0,6,edgeCount
471,25,56,graphml/AttMpls.graphml,2,12,random,-1,6,7,4,2,4,10,6,10,10,6,2,edgeCount
470,25,56,graphml/AttMpls.graphml,4,36,random,-1,3,7,3,0,0,5,2,3,5,0,0,edgeCount
469,25,56,graphml/AttMpls.graphml,2,12,random,-1,4,4,4,0,6,4,0,4,4,0,4,edgeCount
468,25,56,graphml/AttMpls.graphml,3,24,random,-1,-1,-1,-1,0,0,-1,0,-1,-1,0,0,edgeCount
467,25,56,graphml/AttMpls.graphml,5,48,random,-1,-1,-1,-1,0,2,-1,0,-1,-1,0,2,edgeCount
466,25,56,graphml/AttMpls.graphml,2,12,random,-1,4,4,4,0,12,4,0,4,4,0,6,edgeCount
465,25,56,graphml/AttMpls.graphml,2,12,random,-1,5,3,3,2,2,3,0,3,3,0,2,edgeCount
464,25,56,graphml/AttMpls.graphml,4,36,random,-1,3,3,3,0,2,-1,-4,5,3,2,2,edgeCount
463,25,56,graphml/AttMpls.graphml,2,12,random,-1,3,7,3,0,6,3,0,3,3,0,4,edgeCount
462,25,56,graphml/AttMpls.graphml,2,12,random,-1,9,3,3,6,0,3,0,3,3,0,0,edgeCount
461,25,56,graphml/AttMpls.graphml,4,36,random,-1,-1,-1,12,-13,6,-1,-13,-1,-1,-13,2,edgeCount
460,25,56,graphml/AttMpls.graphml,4,36,random,-1,-1,-1,6,-7,2,-1,-7,-1,-1,-7,2,edgeCount
459,25,56,graphml/AttMpls.graphml,5,48,random,-1,-1,-1,-1,0,2,-1,0,-1,-1,0,2,edgeCount
458,25,56,graphml/AttMpls.graphml,3,24,random,-1,-1,-1,-1,0,0,-1,0,-1,-1,0,0,edgeCount
457,25,56,graphml/AttMpls.graphml,3,24,random,-1,-1,-1,4,-5,0,-1,-5,-1,-1,-5,0,edgeCount
456,25,56,graphml/AttMpls.graphml,5,48,random,-1,-1,-1,-1,0,14,-1,0,-1,-1,0,10,edgeCount
455,25,56,graphml/AttMpls.graphml,2,12,random,-1,9,6,3,6,26,3,0,3,3,0,14,edgeCount
454,25,56,graphml/AttMpls.graphml,2,12,random,-1,5,5,4,1,2,5,1,5,5,1,2,edgeCount
453,25,56,graphml/AttMpls.graphml,3,24,random,-1,-1,-1,7,-8,0,-1,-8,-1,-1,-8,0,edgeCount
452,25,56,graphml/AttMpls.graphml,2,12,random,-1,4,4,4,0,26,4,0,4,4,0,16,edgeCount
451,25,56,graphml/AttMpls.graphml,4,36,random,-1,-1,-1,-1,0,18,-1,0,-1,-1,0,12,edgeCount
450,25,56,graphml/AttMpls.graphml,2,12,random,-1,4,4,4,0,2,4,0,4,4,0,2,edgeCount
449,25,56,graphml/AttMpls.graphml,2,12,random,-1,4,10,4,0,6,4,0,4,5,0,4,edgeCount
448,25,56,graphml/AttMpls.graphml,4,36,random,-1,-1,-1,-1,0,0,-1,0,-1,-1,0,0,edgeCount
447,25,56,graphml/AttMpls.graphml,2,12,random,-1,2,2,2,0,0,2,0,2,2,0,0,edgeCount
446,25,56,graphml/AttMpls.graphml,3,24,random,-1,-1,-1,-1,0,0,-1,0,-1,-1,0,0,edgeCount
445,25,56,graphml/AttMpls.graphml,4,36,random,-1,10,10,4,6,14,-1,-5,-1,-1,-5,10,edgeCount
444,25,56,graphml/AttMpls.graphml,3,24,random,-1,4,6,4,0,0,6,2,6,6,2,0,edgeCount
443,25,56,graphml/AttMpls.graphml,4,36,random,-1,3,3,3,0,12,3,0,3,3,0,6,edgeCount
442,25,56,graphml/AttMpls.graphml,2,12,random,-1,-1,-1,3,-4,2,-1,-4,-1,-1,-4,2,edgeCount
441,25,56,graphml/AttMpls.graphml,2,12,random,-1,-1,-1,4,-5,6,-1,-5,11,9,7,4,edgeCount
440,25,56,graphml/AttMpls.graphml,4,36,random,-1,-1,-1,-1,0,0,-1,0,-1,-1,0,0,edgeCount
439,25,56,graphml/AttMpls.graphml,4,36,random,-1,-1,-1,-1,0,4,-1,0,-1,-1,0,4,edgeCount
438,25,56,graphml/AttMpls.graphml,5,48,random,-1,-1,-1,-1,0,0,-1,0,-1,-1,0,0,edgeCount
437,25,56,graphml/AttMpls.graphml,3,24,random,-1,2,3,2,0,14,3,1,2,2,0,8,edgeCount
436,25,56,graphml/AttMpls.graphml,2,12,random,-1,-1,-1,-1,0,0,-1,0,-1,-1,0,0,edgeCount
435,25,56,graphml/AttMpls.graphml,3,24,random,-1,5,3,3,2,8,3,0,3,3,0,6,edgeCount
434,25,56,graphml/AttMpls.graphml,2,12,random,-1,4,4,3,1,2,-1,-4,-1,-1,-4,2,edgeCount
433,25,56,graphml/AttMpls.graphml,2,12,random,-1,-1,-1,-1,0,0,-1,0,-1,-1,0,0,edgeCount
432,25,56,graphml/AttMpls.graphml,2,12,random,-1,4,13,4,0,4,6,2,6,14,2,2,edgeCount
431,25,56,graphml/AttMpls.graphml,3,24,random,-1,5,3,3,2,0,3,0,3,3,0,0,edgeCount
430,25,56,graphml/AttMpls.graphml,3,24,random,-1,7,3,3,4,0,-1,-4,3,3,0,0,edgeCount
429,25,56,graphml/AttMpls.graphml,3,24,random,-1,5,2,2,3,10,2,0,2,2,0,4,edgeCount
428,25,56,graphml/AttMpls.graphml,2,12,random,-1,4,8,4,0,0,8,4,8,4,4,0,edgeCount
427,25,56,graphml/AttMpls.graphml,5,48,random,-1,-1,-1,-1,0,2,-1,0,-1,-1,0,2,edgeCount
426,25,56,graphml/AttMpls.graphml,3,24,random,-1,-1,-1,4,-5,0,-1,-5,-1,-1,-5,0,edgeCount
425,25,56,graphml/AttMpls.graphml,2,12,random,-1,4,4,3,1,8,-1,-4,-1,-1,-4,4,edgeCount
424,25,56,graphml/AttMpls.graphml,2,12,random,-1,-1,-1,-1,0,10,-1,0,-1,-1,0,6,edgeCount
423,25,56,graphml/AttMpls.graphml,4,36,random,-1,12,4,4,8,2,-1,-5,-1,-1,-5,2,edgeCount
422,25,56,graphml/AttMpls.graphml,2,12,random,-1,5,5,3,2,0,-1,-4,-1,-1,-4,0,edgeCount
421,25,56,graphml/AttMpls.graphml,2,12,random,-1,4,4,4,0,0,4,0,4,4,0,0,edgeCount
420,25,56,graphml/AttMpls.graphml,3,24,random,-1,-1,-1,-1,0,2,-1,0,-1,-1,0,2,edgeCount
419,25,56,graphml/AttMpls.graphml,3,24,random,-1,-1,-1,5,-6,4,-1,-6,8,8,3,2,edgeCount
418,25,56,graphml/AttMpls.graphml,2,12,random,-1,12,12,4,8,0,8,4,8,8,4,0,edgeCount
417,25,56,graphml/AttMpls.graphml,5,48,random,-1,-1,-1,-1,0,0,-1,0,-1,-1,0,0,edgeCount
416,25,56,graphml/AttMpls.graphml,4,36,random,-1,-1,-1,-1,0,0,-1,0,-1,-1,0,0,edgeCount
415,25,56,graphml/AttMpls.graphml,2,12,random,-1,8,8,4,4,0,-1,-5,-1,-1,-5,0,edgeCount
414,25,56,graphml/AttMpls.graphml,2,12,random,-1,5,4,3,2,12,3,0,3,3,0,6,edgeCount
413,25,56,graphml/AttMpls.graphml,5,48,random,-1,-1,-1,-1,0,2,-1,0,-1,-1,0,2,edgeCount
412,25,56,graphml/AttMpls.graphml,2,12,random,-1,3,5,3,0,0,3,0,3,3,0,0,edgeCount
411,25,56,graphml/AttMpls.graphml,2,12,random,-1,4,4,4,0,0,4,0,4,4,0,0,edgeCount
410,25,56,graphml/AttMpls.graphml,2,12,random,-1,9,6,5,4,2,5,0,5,5,0,2,edgeCount
409,25,56,graphml/AttMpls.graphml,3,24,random,-1,3,3,2,1,0,2,0,3,2,1,0,edgeCount
408,25,56,graphml/AttMpls.graphml,3,24,random,-1,-1,-1,4,-5,0,-1,-5,-1,-1,-5,0,edgeCount
407,25,56,graphml/AttMpls.graphml,2,12,random,-1,11,6,5,6,2,5,0,5,5,0,2,edgeCount
406,25,56,graphml/AttMpls.graphml,2,12,random,-1,4,5,3,1,0,3,0,3,3,0,0,edgeCount
405,25,56,graphml/AttMpls.graphml,3,24,random,-1,5,3,3,2,10,-1,-4,-1,-1,-4,6,edgeCount
404,25,56,graphml/AttMpls.graphml,3,24,random,-1,-1,-1,7,-8,2,-1,-8,-1,-1,-8,2,edgeCount
403,25,56,graphml/AttMpls.graphml,2,12,random,-1,6,4,4,2,12,-1,-5,-1,-1,-5,6,edgeCount
402,25,56,graphml/AttMpls.graphml,3,24,random,-1,-1,-1,3,-4,0,-1,-4,-1,-1,-4,0,edgeCount
401,25,56,graphml/AttMpls.graphml,4,36,random,-1,2,2,2,0,4,2,0,2,2,0,2,edgeCount
400,25,56,graphml/AttMpls.graphml,3,24,random,-1,5,3,3,2,0,3,0,3,3,0,0,edgeCount
399,25,56,graphml/AttMpls.graphml,4,36,random,-1,-1,-1,4,-5,0,-1,-5,-1,-1,-5,0,edgeCount
398,25,56,graphml/AttMpls.graphml,5,48,random,-1,-1,-1,-1,0,0,-1,0,-1,-1,0,0,edgeCount
397,25,56,graphml/AttMpls.graphml,4,36,random,-1,-1,-1,-1,0,16,-1,0,-1,-1,0,10,edgeCount
396,25,56,graphml/AttMpls.graphml,3,24,random,-1,-1,-1,5,-6,8,-1,-6,10,10,5,6,edgeCount
395,25,56,graphml/AttMpls.graphml,3,24,random,-1,-1,-1,6,-7,4,-1,-7,-1,-1,-7,4,edgeCount
394,25,56,graphml/AttMpls.graphml,4,36,random,-1,-1,-1,-1,0,0,-1,0,-1,-1,0,0,edgeCount
393,25,56,graphml/AttMpls.graphml,3,24,random,-1,-1,-1,-1,0,22,-1,0,-1,-1,0,14,edgeCount
392,25,56,graphml/AttMpls.graphml,2,12,random,-1,5,5,4,1,12,-1,-5,-1,-1,-5,6,edgeCount
391,25,56,graphml/AttMpls.graphml,4,36,random,-1,-1,-1,-1,0,0,-1,0,-1,-1,0,0,edgeCount
390,25,56,graphml/AttMpls.graphml,5,48,random,-1,-1,-1,-1,0,0,-1,0,-1,-1,0,0,edgeCount
389,25,56,graphml/AttMpls.graphml,5,48,random,-1,-1,-1,-1,0,0,-1,0,-1,-1,0,0,edgeCount
388,25,56,graphml/AttMpls.graphml,2,12,random,-1,-1,-1,4,-5,0,-1,-5,-1,-1,-5,0,edgeCount
387,25,56,graphml/AttMpls.graphml,2,12,random,-1,2,2,2,0,14,2,0,2,2,0,14,edgeCount
386,25,56,graphml/AttMpls.graphml,3,24,random,-1,-1,-1,6,-7,4,-1,-7,-1,-1,-7,2,edgeCount
385,25,56,graphml/AttMpls.graphml,5,48,random,-1,-1,-1,-1,0,0,-1,0,-1,-1,0,0,edgeCount
384,25,56,graphml/AttMpls.graphml,3,24,random,-1,4,4,4,0,0,4,0,4,4,0,0,edgeCount
383,25,56,graphml/AttMpls.graphml,4,36,random,-1,-1,-1,-1,0,0,-1,0,-1,-1,0,0,edgeCount
382,25,56,graphml/AttMpls.graphml,2,12,random,-1,4,4,3,1,12,6,3,6,10,3,6,edgeCount
381,25,56,graphml/AttMpls.graphml,2,12,random,-1,13,13,5,8,0,5,0,5,5,0,0,edgeCount
380,25,56,graphml/AttMpls.graphml,5,48,random,-1,-1,-1,-1,0,2,-1,0,-1,-1,0,2,edgeCount
379,25,56,graphml/AttMpls.graphml,2,12,random,-1,3,3,3,0,0,5,2,3,5,0,0,edgeCount
378,25,56,graphml/AttMpls.graphml,5,48,random,-1,-1,-1,-1,0,16,-1,0,-1,-1,0,10,edgeCount
377,25,56,graphml/AttMpls.graphml,2,12,random,-1,4,7,3,1,0,3,0,3,3,0,0,edgeCount
376,25,56,graphml/AttMpls.graphml,3,24,random,-1,6,6,4,2,0,4,0,4,6,0,0,edgeCount
375,25,56,graphml/AttMpls.graphml,3,24,random,-1,-1,-1,5,-6,0,-1,-6,-1,-1,-6,0,edgeCount
374,25,56,graphml/AttMpls.graphml,4,36,random,-1,7,3,3,4,12,-1,-4,-1,-1,-4,6,edgeCount
373,25,56,graphml/AttMpls.graphml,5,48,random,-1,-1,-1,-1,0,2,-1,0,-1,-1,0,2,edgeCount
372,25,56,graphml/AttMpls.graphml,3,24,random,-1,-1,-1,-1,0,22,-1,0,-1,-1,0,12,edgeCount
371,25,56,graphml/AttMpls.graphml,2,12,random,-1,4,2,2,2,4,2,0,2,2,0,4,edgeCount
370,25,56,graphml/AttMpls.graphml,4,36,random,-1,3,3,3,0,16,3,0,3,3,0,10,edgeCount
369,25,56,graphml/AttMpls.graphml,2,12,random,-1,-1,-1,-1,0,14,-1,0,-1,-1,0,10,edgeCount
368,25,56,graphml/AttMpls.graphml,3,24,random,-1,-1,-1,-1,0,0,-1,0,-1,-1,0,0,edgeCount
367,25,56,graphml/AttMpls.graphml,4,36,random,-1,-1,-1,4,-5,0,-1,-5,-1,-1,-5,0,edgeCount
366,25,56,graphml/AttMpls.graphml,2,12,random,-1,2,4,2,0,0,2,0,2,2,0,0,edgeCount
365,25,56,graphml/AttMpls.graphml,3,24,random,-1,-1,-1,4,-5,0,-1,-5,-1,-1,-5,0,edgeCount
364,25,56,graphml/AttMpls.graphml,2,12,random,-1,-1,-1,-1,0,2,-1,0,-1,-1,0,2,edgeCount
363,25,56,graphml/AttMpls.graphml,2,12,random,-1,4,4,4,0,12,-1,-5,-1,-1,-5,8,edgeCount
362,25,56,graphml/AttMpls.graphml,5,48,random,-1,-1,-1,-1,0,0,-1,0,-1,-1,0,0,edgeCount
361,25,56,graphml/AttMpls.graphml,2,12,random,-1,14,10,4,10,6,-1,-5,8,4,4,6,edgeCount
360,25,56,graphml/AttMpls.graphml,3,24,random,-1,3,3,2,1,0,2,0,2,2,0,0,edgeCount
359,25,56,graphml/AttMpls.graphml,2,12,random,-1,4,12,4,0,0,10,6,10,10,6,0,edgeCount
358,25,56,graphml/AttMpls.graphml,5,48,random,-1,-1,-1,-1,0,2,-1,0,-1,-1,0,2,edgeCount
357,25,56,graphml/AttMpls.graphml,3,24,random,-1,-1,-1,-1,0,0,-1,0,-1,-1,0,0,edgeCount
356,25,56,graphml/AttMpls.graphml,2,12,random,-1,3,3,3,0,6,-1,-4,3,3,0,4,edgeCount
355,25,56,graphml/AttMpls.graphml,5,48,random,-1,-1,-1,-1,0,0,-1,0,-1,-1,0,0,edgeCount
354,25,56,graphml/AttMpls.graphml,2,12,random,-1,4,4,4,0,6,5,1,4,4,0,4,edgeCount
353,25,56,graphml/AttMpls.graphml,3,24,random,-1,-1,-1,-1,0,22,-1,0,-1,-1,0,12,edgeCount
352,25,56,graphml/AttMpls.graphml,2,12,random,-1,-1,-1,4,-5,0,-1,-5,-1,-1,-5,0,edgeCount
351,25,56,graphml/AttMpls.graphml,2,12,random,-1,-1,-1,4,-5,0,-1,-5,-1,-1,-5,0,edgeCount
350,25,56,graphml/AttMpls.graphml,5,48,random,-1,-1,-1,-1,0,14,-1,0,-1,-1,0,10,edgeCount
349,25,56,graphml/AttMpls.graphml,2,12,random,-1,-1,-1,4,-5,2,-1,-5,-1,-1,-5,2,edgeCount
348,25,56,graphml/AttMpls.graphml,2,12,random,-1,2,2,2,0,0,2,0,2,2,0,0,edgeCount
347,25,56,graphml/AttMpls.graphml,2,12,random,-1,6,6,2,4,0,2,0,6,2,4,0,edgeCount
346,25,56,graphml/AttMpls.graphml,2,12,random,-1,-1,-1,4,-5,8,-1,-5,-1,-1,-5,4,edgeCount
345,25,56,graphml/AttMpls.graphml,4,36,random,-1,3,3,3,0,0,-1,-4,5,3,2,0,edgeCount
344,25,56,graphml/AttMpls.graphml,2,12,random,-1,6,6,5,1,0,-1,-6,-1,-1,-6,0,edgeCount
343,25,56,graphml/AttMpls.graphml,3,24,random,-1,3,3,3,0,0,3,0,3,3,0,0,edgeCount
342,25,56,graphml/AttMpls.graphml,2,12,random,-1,-1,-1,5,-6,0,-1,-6,-1,-1,-6,0,edgeCount
341,25,56,graphml/AttMpls.graphml,2,12,random,-1,3,3,3,0,0,5,2,3,5,0,0,edgeCount
340,25,56,graphml/AttMpls.graphml,2,12,random,-1,4,4,4,0,12,4,0,4,4,0,6,edgeCount
339,25,56,graphml/AttMpls.graphml,4,36,random,-1,-1,-1,-1,0,0,-1,0,-1,-1,0,0,edgeCount
338,25,56,graphml/AttMpls.graphml,3,24,random,-1,8,6,5,3,0,-1,-6,-1,-1,-6,0,edgeCount
337,25,56,graphml/AttMpls.graphml,3,24,random,-1,9,9,5,4,4,-1,-6,-1,-1,-6,2,edgeCount
336,25,56,graphml/AttMpls.graphml,4,36,random,-1,-1,-1,-1,0,0,-1,0,-1,-1,0,0,edgeCount
335,25,56,graphml/AttMpls.graphml,2,12,random,-1,-1,-1,-1,0,4,-1,0,-1,-1,0,4,edgeCount
334,25,56,graphml/AttMpls.graphml,2,12,random,-1,3,3,2,1,2,2,0,2,2,0,2,edgeCount
333,25,56,graphml/AttMpls.graphml,2,12,random,-1,6,14,5,1,0,14,9,14,14,9,0,edgeCount
332,25,56,graphml/AttMpls.graphml,2,12,random,-1,3,3,2,1,4,2,0,2,2,0,4,edgeCount
331,25,56,graphml/AttMpls.graphml,4,36,random,-1,-1,-1,-1,0,0,-1,0,-1,-1,0,0,edgeCount
330,25,56,graphml/AttMpls.graphml,4,36,random,-1,-1,-1,3,-4,0,-1,-4,-1,-1,-4,0,edgeCount
329,25,56,graphml/AttMpls.graphml,2,12,random,-1,3,3,3,0,0,3,0,3,3,0,0,edgeCount
328,25,56,graphml/AttMpls.graphml,4,36,random,-1,-1,-1,-1,0,0,-1,0,-1,-1,0,0,edgeCount
327,25,56,graphml/AttMpls.graphml,2,12,random,-1,2,2,2,0,14,2,0,2,2,0,14,edgeCount
326,25,56,graphml/AttMpls.graphml,5,48,random,-1,-1,-1,-1,0,8,-1,0,-1,-1,0,4,edgeCount
325,25,56,graphml/AttMpls.graphml,3,24,random,-1,14,5,5,9,4,-1,-6,-1,-1,-6,4,edgeCount
324,25,56,graphml/AttMpls.graphml,3,24,random,-1,-1,-1,-1,0,12,-1,0,-1,-1,0,4,edgeCount
323,25,56,graphml/AttMpls.graphml,3,24,random,-1,3,3,3,0,14,-1,-4,-1,-1,-4,14,edgeCount
322,25,56,graphml/AttMpls.graphml,2,12,random,-1,-1,-1,3,-4,0,-1,-4,-1,-1,-4,0,edgeCount
321,25,56,graphml/AttMpls.graphml,2,12,random,-1,5,5,5,0,6,5,0,5,5,0,4,edgeCount
320,25,56,graphml/AttMpls.graphml,3,24,random,-1,3,3,3,0,0,3,0,3,3,0,0,edgeCount
319,25,56,graphml/AttMpls.graphml,5,48,random,-1,-1,-1,-1,0,0,-1,0,-1,-1,0,0,edgeCount
318,25,56,graphml/AttMpls.graphml,3,24,random,-1,2,2,2,0,0,2,0,2,2,0,0,edgeCount
317,25,56,graphml/AttMpls.graphml,5,48,random,-1,-1,-1,-1,0,14,-1,0,-1,-1,0,10,edgeCount
316,25,56,graphml/AttMpls.graphml,3,24,random,-1,10,2,2,8,6,2,0,2,2,0,4,edgeCount
315,25,56,graphml/AttMpls.graphml,4,36,random,-1,-1,-1,-1,0,0,-1,0,-1,-1,0,0,edgeCount
314,25,56,graphml/AttMpls.graphml,2,12,random,-1,5,5,4,1,0,-1,-5,-1,-1,-5,0,edgeCount
313,25,56,graphml/AttMpls.graphml,4,36,random,-1,-1,-1,5,-6,4,-1,-6,-1,-1,-6,2,edgeCount
312,25,56,graphml/AttMpls.graphml,2,12,random,-1,2,2,2,0,0,2,0,2,2,0,0,edgeCount
311,25,56,graphml/AttMpls.graphml,2,12,random,-1,7,7,4,3,4,-1,-5,-1,-1,-5,2,edgeCount
310,25,56,graphml/AttMpls.graphml,4,36,random,-1,4,10,3,1,2,7,4,7,7,4,2,edgeCount
309,25,56,graphml/AttMpls.graphml,3,24,random,-1,3,6,3,0,14,5,2,5,5,2,8,edgeCount
308,25,56,graphml/AttMpls.graphml,3,24,random,-1,-1,-1,5,-6,0,-1,-6,-1,-1,-6,0,edgeCount
307,25,56,graphml/AttMpls.graphml,2,12,random,-1,4,4,3,1,0,-1,-4,-1,-1,-4,0,edgeCount
306,25,56,graphml/AttMpls.graphml,4,36,random,-1,-1,-1,-1,0,0,-1,0,-1,-1,0,0,edgeCount
305,25,56,graphml/AttMpls.graphml,3,24,random,-1,6,10,4,2,14,-1,-5,-1,-1,-5,8,edgeCount
304,25,56,graphml/AttMpls.graphml,2,12,random,-1,3,3,2,1,2,2,0,2,2,0,2,edgeCount
303,25,56,graphml/AttMpls.graphml,2,12,random,-1,6,6,2,4,0,2,0,6,2,4,0,edgeCount
302,25,56,graphml/AttMpls.graphml,3,24,random,-1,4,2,2,2,10,2,0,2,2,0,4,edgeCount
301,25,56,graphml/AttMpls.graphml,5,48,random,-1,-1,-1,-1,0,0,-1,0,-1,-1,0,0,edgeCount
300,25,56,graphml/AttMpls.graphml,3,24,random,-1,5,5,3,2,0,-1,-4,-1,-1,-4,0,edgeCount
299,25,56,graphml/AttMpls.graphml,2,12,random,-1,6,8,4,2,8,-1,-5,8,8,4,4,edgeCount
298,25,56,graphml/AttMpls.graphml,4,36,random,-1,3,3,3,0,0,-1,-4,3,3,0,0,edgeCount
297,25,56,graphml/AttMpls.graphml,5,48,random,-1,-1,-1,-1,0,2,-1,0,-1,-1,0,2,edgeCount
296,25,56,graphml/AttMpls.graphml,3,24,random,-1,3,5,2,1,0,3,1,3,3,1,0,edgeCount
295,25,56,graphml/AttMpls.graphml,3,24,random,-1,-1,-1,7,-8,0,-1,-8,-1,-1,-8,0,edgeCount
294,25,56,graphml/AttMpls.graphml,2,12,random,-1,-1,-1,4,-5,8,-1,-5,-1,-1,-5,4,edgeCount
293,25,56,graphml/AttMpls.graphml,2,12,random,-1,5,5,3,2,2,3,0,3,3,0,2,edgeCount
292,25,56,graphml/AttMpls.graphml,2,12,random,-1,2,2,2,0,12,2,0,2,2,0,6,edgeCount
291,25,56,graphml/AttMpls.graphml,4,36,random,-1,-1,-1,-1,0,12,-1,0,-1,-1,0,6,edgeCount
290,25,56,graphml/AttMpls.graphml,4,36,random,-1,-1,-1,4,-5,0,-1,-5,-1,-1,-5,0,edgeCount
289,25,56,graphml/AttMpls.graphml,2,12,random,-1,3,3,2,1,0,2,0,2,2,0,0,edgeCount
288,25,56,graphml/AttMpls.graphml,4,36,random,-1,-1,-1,-1,0,12,-1,0,-1,-1,0,6,edgeCount
287,25,56,graphml/AttMpls.graphml,2,12,random,-1,2,2,2,0,0,3,1,2,2,0,0,edgeCount
286,25,56,graphml/AttMpls.graphml,2,12,random,-1,8,8,3,5,0,-1,-4,-1,-1,-4,0,edgeCount
285,25,56,graphml/AttMpls.graphml,4,36,random,-1,-1,-1,-1,0,6,-1,0,-1,-1,0,2,edgeCount
284,25,56,graphml/AttMpls.graphml,2,12,random,-1,2,2,2,0,0,2,0,2,2,0,0,edgeCount
283,25,56,graphml/AttMpls.graphml,2,12,random,-1,-1,-1,5,-6,0,-1,-6,-1,-1,-6,0,edgeCount
282,25,56,graphml/AttMpls.graphml,4,36,random,-1,-1,-1,4,-5,0,-1,-5,-1,-1,-5,0,edgeCount
281,25,56,graphml/AttMpls.graphml,3,24,random,-1,-1,-1,5,-6,0,-1,-6,-1,-1,-6,0,edgeCount
280,25,56,graphml/AttMpls.graphml,2,12,random,-1,2,2,2,0,0,2,0,2,2,0,0,edgeCount
279,25,56,graphml/AttMpls.graphml,3,24,random,-1,-1,-1,3,-4,0,-1,-4,-1,-1,-4,0,edgeCount
278,25,56,graphml/AttMpls.graphml,3,24,random,-1,3,5,3,0,22,3,0,3,3,0,12,edgeCount
277,25,56,graphml/AttMpls.graphml,4,36,random,-1,-1,-1,-1,0,6,-1,0,-1,-1,0,4,edgeCount
276,25,56,graphml/AttMpls.graphml,2,12,random,-1,4,4,2,2,14,2,0,2,2,0,14,edgeCount
275,25,56,graphml/AttMpls.graphml,3,24,random,-1,4,12,4,0,0,8,4,8,4,4,0,edgeCount
274,25,56,graphml/AttMpls.graphml,4,36,random,-1,-1,-1,-1,0,2,-1,0,-1,-1,0,2,edgeCount
273,25,56,graphml/AttMpls.graphml,2,12,random,-1,6,5,5,1,0,8,3,8,8,3,0,edgeCount
272,25,56,graphml/AttMpls.graphml,2,12,random,-1,2,2,2,0,0,2,0,2,2,0,0,edgeCount
271,25,56,graphml/AttMpls.graphml,3,24,random,-1,7,3,3,4,10,-1,-4,-1,-1,-4,6,edgeCount
270,25,56,graphml/AttMpls.graphml,3,24,random,-1,-1,-1,7,-8,0,-1,-8,-1,-1,-8,0,edgeCount
269,25,56,graphml/AttMpls.graphml,4,36,random,-1,3,3,3,0,16,-1,-4,5,3,2,10,edgeCount
268,25,56,graphml/AttMpls.graphml,2,12,random,-1,5,5,5,0,0,5,0,5,5,0,0,edgeCount
267,25,56,graphml/AttMpls.graphml,2,12,random,-1,-1,-1,6,-7,0,-1,-7,-1,-1,-7,0,edgeCount
266,25,56,graphml/AttMpls.graphml,4,36,random,-1,-1,-1,-1,0,0,-1,0,-1,-1,0,0,edgeCount
265,25,56,graphml/AttMpls.graphml,3,24,random,-1,8,4,3,5,0,4,1,4,4,1,0,edgeCount
264,25,56,graphml/AttMpls.graphml,3,24,random,-1,-1,-1,6,-7,0,-1,-7,-1,-1,-7,0,edgeCount
263,25,56,graphml/AttMpls.graphml,4,36,random,-1,-1,-1,-1,0,4,-1,0,-1,-1,0,4,edgeCount
262,25,56,graphml/AttMpls.graphml,2,12,random,-1,3,3,2,1,0,2,0,3,2,1,0,edgeCount
261,25,56,graphml/AttMpls.graphml,3,24,random,-1,-1,-1,5,-6,0,-1,-6,-1,-1,-6,0,edgeCount
260,25,56,graphml/AttMpls.graphml,3,24,random,-1,-1,-1,-1,0,0,-1,0,-1,-1,0,0,edgeCount
259,25,56,graphml/AttMpls.graphml,5,48,random,-1,-1,-1,-1,0,2,-1,0,-1,-1,0,2,edgeCount
258,25,56,graphml/AttMpls.graphml,4,36,random,-1,-1,-1,-1,0,0,-1,0,-1,-1,0,0,edgeCount
257,25,56,graphml/AttMpls.graphml,3,24,random,-1,-1,-1,-1,0,0,-1,0,-1,-1,0,0,edgeCount
256,25,56,graphml/AttMpls.graphml,3,24,random,-1,2,2,2,0,10,2,0,2,2,0,6,edgeCount
255,25,56,graphml/AttMpls.graphml,2,12,random,-1,-1,-1,5,-6,2,-1,-6,-1,-1,-6,2,edgeCount
254,25,56,graphml/AttMpls.graphml,3,24,random,-1,2,4,2,0,0,3,1,2,4,0,0,edgeCount
253,25,56,graphml/AttMpls.graphml,4,36,random,-1,-1,-1,4,-5,0,-1,-5,-1,-1,-5,0,edgeCount
252,25,56,graphml/AttMpls.graphml,3,24,random,-1,-1,-1,3,-4,10,-1,-4,-1,-1,-4,4,edgeCount
251,25,56,graphml/AttMpls.graphml,5,48,random,-1,-1,-1,-1,0,0,-1,0,-1,-1,0,0,edgeCount
250,25,56,graphml/AttMpls.graphml,4,36,random,-1,-1,-1,-1,0,4,-1,0,-1,-1,0,4,edgeCount
249,25,56,graphml/AttMpls.graphml,3,24,random,-1,-1,-1,4,-5,10,-1,-5,-1,-1,-5,4,edgeCount
248,25,56,graphml/AttMpls.graphml,2,12,random,-1,-1,-1,5,-6,0,-1,-6,-1,-1,-6,0,edgeCount
247,25,56,graphml/AttMpls.graphml,3,24,random,-1,2,2,2,0,0,3,1,2,2,0,0,edgeCount
246,25,56,graphml/AttMpls.graphml,2,12,random,-1,-1,-1,5,-6,6,-1,-6,-1,-1,-6,4,edgeCount
245,25,56,graphml/AttMpls.graphml,5,48,random,-1,-1,-1,-1,0,8,-1,0,-1,-1,0,4,edgeCount
244,25,56,graphml/AttMpls.graphml,4,36,random,-1,5,5,3,2,0,3,0,3,5,0,0,edgeCount
243,25,56,graphml/AttMpls.graphml,3,24,random,-1,8,12,4,4,0,10,6,10,10,6,0,edgeCount
242,25,56,graphml/AttMpls.graphml,3,24,random,-1,-1,-1,6,-7,8,-1,-7,6,6,0,6,edgeCount
241,25,56,graphml/AttMpls.graphml,2,12,random,-1,3,4,3,0,0,3,0,3,3,0,0,edgeCount
240,25,56,graphml/AttMpls.graphml,2,12,random,-1,2,2,2,0,14,2,0,2,2,0,14,edgeCount
239,25,56,graphml/AttMpls.graphml,3,24,random,-1,-1,-1,4,-5,4,-1,-5,-1,-1,-5,2,edgeCount
238,25,56,graphml/AttMpls.graphml,2,12,random,-1,8,8,3,5,0,-1,-4,-1,-1,-4,0,edgeCount
237,25,56,graphml/AttMpls.graphml,3,24,random,-1,4,3,2,2,0,-1,-3,6,6,4,0,edgeCount
236,25,56,graphml/AttMpls.graphml,3,24,random,-1,-1,-1,-1,0,0,-1,0,-1,-1,0,0,edgeCount
235,25,56,graphml/AttMpls.graphml,5,48,random,-1,-1,-1,-1,0,0,-1,0,-1,-1,0,0,edgeCount
234,25,56,graphml/AttMpls.graphml,4,36,random,-1,-1,-1,4,-5,14,-1,-5,-1,-1,-5,10,edgeCount
233,25,56,graphml/AttMpls.graphml,2,12,random,-1,-1,-1,-1,0,0,-1,0,-1,-1,0,0,edgeCount
232,25,56,graphml/AttMpls.graphml,3,24,random,-1,9,3,3,6,4,-1,-4,5,3,2,2,edgeCount
231,25,56,graphml/AttMpls.graphml,4,36,random,-1,-1,-1,6,-7,0,-1,-7,-1,-1,-7,0,edgeCount
230,25,56,graphml/AttMpls.graphml,3,24,random,-1,-1,-1,-1,0,10,-1,0,-1,-1,0,6,edgeCount
229,25,56,graphml/AttMpls.graphml,3,24,random,-1,-1,-1,5,-6,10,-1,-6,13,13,8,6,edgeCount
228,25,56,graphml/AttMpls.graphml,2,12,random,-1,3,3,3,0,0,-1,-4,-1,-1,-4,0,edgeCount
227,25,56,graphml/AttMpls.graphml,3,24,random,-1,-1,-1,5,-6,0,-1,-6,-1,-1,-6,0,edgeCount
226,25,56,graphml/AttMpls.graphml,3,24,random,-1,-1,-1,-1,0,0,-1,0,-1,-1,0,0,edgeCount
225,25,56,graphml/AttMpls.graphml,2,12,random,-1,-1,-1,5,-6,12,-1,-6,-1,-1,-6,6,edgeCount
224,25,56,graphml/AttMpls.graphml,3,24,random,-1,-1,-1,-1,0,0,-1,0,-1,-1,0,0,edgeCount
223,25,56,graphml/AttMpls.graphml,3,24,random,-1,4,3,3,1,10,3,0,3,3,0,6,edgeCount
222,25,56,graphml/AttMpls.graphml,4,36,random,-1,2,2,2,0,0,-1,-3,2,2,0,0,edgeCount
221,25,56,graphml/AttMpls.graphml,2,12,random,-1,8,8,5,3,0,-1,-6,-1,-1,-6,0,edgeCount
220,25,56,graphml/AttMpls.graphml,2,12,random,-1,8,8,3,5,0,6,3,6,6,3,0,edgeCount
219,25,56,graphml/AttMpls.graphml,4,36,random,-1,-1,-1,-1,0,4,-1,0,-1,-1,0,2,edgeCount
218,25,56,graphml/AttMpls.graphml,4,36,random,-1,-1,-1,-1,0,0,-1,0,-1,-1,0,0,edgeCount
217,25,56,graphml/AttMpls.graphml,5,48,random,-1,-1,-1,-1,0,0,-1,0,-1,-1,0,0,edgeCount
216,25,56,graphml/AttMpls.graphml,2,12,random,-1,4,9,3,1,0,3,0,3,3,0,0,edgeCount
215,25,56,graphml/AttMpls.graphml,2,12,random,-1,4,5,4,0,0,4,0,4,4,0,0,edgeCount
214,25,56,graphml/AttMpls.graphml,2,12,random,-1,3,2,2,1,26,2,0,2,2,0,16,edgeCount
213,25,56,graphml/AttMpls.graphml,3,24,random,-1,-1,-1,3,-4,0,-1,-4,-1,-1,-4,0,edgeCount
212,25,56,graphml/AttMpls.graphml,2,12,random,-1,2,2,2,0,0,2,0,2,2,0,0,edgeCount
211,25,56,graphml/AttMpls.graphml,2,12,random,-1,2,2,2,0,0,2,0,2,2,0,0,edgeCount
210,25,56,graphml/AttMpls.graphml,4,36,random,-1,2,2,2,0,16,2,0,2,2,0,10,edgeCount
209,25,56,graphml/AttMpls.graphml,3,24,random,-1,-1,-1,4,-5,0,-1,-5,-1,-1,-5,0,edgeCount
208,25,56,graphml/AttMpls.graphml,4,36,random,-1,3,3,3,0,6,3,0,3,3,0,2,edgeCount
207,25,56,graphml/AttMpls.graphml,2,12,random,-1,2,2,2,0,0,2,0,2,2,0,0,edgeCount
206,25,56,graphml/AttMpls.graphml,2,12,random,-1,2,2,2,0,0,2,0,2,2,0,0,edgeCount
205,25,56,graphml/AttMpls.graphml,2,12,random,-1,-1,-1,4,-5,0,-1,-5,-1,-1,-5,0,edgeCount
204,25,56,graphml/AttMpls.graphml,4,36,random,-1,-1,-1,-1,0,0,-1,0,-1,-1,0,0,edgeCount
203,25,56,graphml/AttMpls.graphml,2,12,random,-1,4,3,3,1,0,3,0,3,3,0,0,edgeCount
202,25,56,graphml/AttMpls.graphml,4,36,random,-1,2,2,2,0,4,-1,-3,2,2,0,2,edgeCount
201,25,56,graphml/AttMpls.graphml,3,24,random,-1,3,11,3,0,0,7,4,7,7,4,0,edgeCount
200,25,56,graphml/AttMpls.graphml,3,24,random,-1,-1,-1,4,-5,0,-1,-5,-1,-1,-5,0,edgeCount
199,25,56,graphml/AttMpls.graphml,2,12,random,-1,-1,-1,5,-6,0,-1,-6,-1,-1,-6,0,edgeCount
198,25,56,graphml/AttMpls.graphml,3,24,random,-1,4,4,2,2,14,2,0,2,2,0,14,edgeCount
197,25,56,graphml/AttMpls.graphml,4,36,random,-1,-1,-1,6,-7,0,-1,-7,-1,-1,-7,0,edgeCount
196,25,56,graphml/AttMpls.graphml,4,36,random,-1,2,2,2,0,0,2,0,2,2,0,0,edgeCount
195,25,56,graphml/AttMpls.graphml,2,12,random,-1,4,5,4,0,0,4,0,4,4,0,0,edgeCount
194,25,56,graphml/AttMpls.graphml,3,24,random,-1,5,5,5,0,0,-1,-6,7,5,2,0,edgeCount
193,25,56,graphml/AttMpls.graphml,4,36,random,-1,-1,-1,-1,0,0,-1,0,-1,-1,0,0,edgeCount
192,25,56,graphml/AttMpls.graphml,2,12,random,-1,16,6,6,10,2,-1,-7,14,14,8,2,edgeCount
191,25,56,graphml/AttMpls.graphml,2,12,random,-1,-1,-1,-1,0,0,-1,0,-1,-1,0,0,edgeCount
190,25,56,graphml/AttMpls.graphml,2,12,random,-1,4,4,4,0,0,4,0,4,4,0,0,edgeCount
189,25,56,graphml/AttMpls.graphml,2,12,random,-1,-1,-1,-1,0,0,-1,0,-1,-1,0,0,edgeCount
188,25,56,graphml/AttMpls.graphml,2,12,random,-1,4,4,4,0,0,4,0,4,4,0,0,edgeCount
187,25,56,graphml/AttMpls.graphml,4,36,random,-1,-1,-1,-1,0,0,-1,0,-1,-1,0,0,edgeCount
186,25,56,graphml/AttMpls.graphml,4,36,random,-1,-1,-1,-1,0,12,-1,0,-1,-1,0,6,edgeCount
185,25,56,graphml/AttMpls.graphml,2,12,random,-1,4,3,3,1,0,3,0,3,3,0,0,edgeCount
184,25,56,graphml/AttMpls.graphml,2,12,random,-1,3,3,3,0,0,3,0,3,3,0,0,edgeCount
183,25,56,graphml/AttMpls.graphml,2,12,random,-1,3,3,3,0,0,3,0,3,3,0,0,edgeCount
182,25,56,graphml/AttMpls.graphml,2,12,random,-1,4,8,4,0,6,4,0,4,7,0,4,edgeCount
181,25,56,graphml/AttMpls.graphml,2,12,random,-1,4,4,4,0,0,4,0,4,4,0,0,edgeCount
180,25,56,graphml/AttMpls.graphml,2,12,random,-1,-1,-1,5,-6,0,-1,-6,-1,-1,-6,0,edgeCount
179,25,56,graphml/AttMpls.graphml,2,12,random,-1,3,3,3,0,0,6,3,6,6,3,0,edgeCount
178,25,56,graphml/AttMpls.graphml,3,24,random,-1,3,3,3,0,10,4,1,3,3,0,4,edgeCount
177,25,56,graphml/AttMpls.graphml,2,12,random,-1,6,2,2,4,22,2,0,2,2,0,14,edgeCount
176,25,56,graphml/AttMpls.graphml,2,12,random,-1,-1,-1,4,-5,0,-1,-5,-1,-1,-5,0,edgeCount
175,25,56,graphml/AttMpls.graphml,2,12,random,-1,3,4,3,0,0,4,1,4,4,1,0,edgeCount
174,25,56,graphml/AttMpls.graphml,2,12,random,-1,14,14,5,9,2,-1,-6,-1,-1,-6,2,edgeCount
173,25,56,graphml/AttMpls.graphml,2,12,random,-1,-1,-1,-1,0,0,-1,0,-1,-1,0,0,edgeCount
172,25,56,graphml/AttMpls.graphml,2,12,random,-1,2,2,2,0,0,2,0,2,2,0,0,edgeCount
171,25,56,graphml/AttMpls.graphml,4,36,random,-1,-1,-1,-1,0,0,-1,0,-1,-1,0,0,edgeCount
170,25,56,graphml/AttMpls.graphml,2,12,random,-1,4,12,4,0,0,10,6,10,10,6,0,edgeCount
169,25,56,graphml/AttMpls.graphml,4,36,random,-1,-1,-1,-1,0,0,-1,0,-1,-1,0,0,edgeCount
168,25,56,graphml/AttMpls.graphml,3,24,random,-1,9,3,3,6,0,3,0,3,3,0,0,edgeCount
167,25,56,graphml/AttMpls.graphml,3,24,random,-1,3,5,3,0,0,3,0,3,3,0,0,edgeCount
166,25,56,graphml/AttMpls.graphml,2,12,random,-1,2,2,2,0,8,3,1,2,6,0,4,edgeCount
165,25,56,graphml/AttMpls.graphml,2,12,random,-1,2,2,2,0,12,2,0,2,2,0,6,edgeCount
164,25,56,graphml/AttMpls.graphml,4,36,random,-1,-1,-1,-1,0,6,-1,0,-1,-1,0,2,edgeCount
163,25,56,graphml/AttMpls.graphml,4,36,random,-1,-1,-1,4,-5,18,-1,-5,-1,-1,-5,10,edgeCount
162,25,56,graphml/AttMpls.graphml,2,12,random,-1,4,4,4,0,2,8,4,8,5,4,2,edgeCount
161,25,56,graphml/AttMpls.graphml,4,36,random,-1,-1,-1,-1,0,0,-1,0,-1,-1,0,0,edgeCount
160,25,56,graphml/AttMpls.graphml,2,12,random,-1,5,3,3,2,12,3,0,3,3,0,8,edgeCount
159,25,56,graphml/AttMpls.graphml,5,48,random,-1,-1,-1,-1,0,0,-1,0,-1,-1,0,0,edgeCount
158,25,56,graphml/AttMpls.graphml,2,12,random,-1,6,4,3,3,0,-1,-4,-1,-1,-4,0,edgeCount
157,25,56,graphml/AttMpls.graphml,4,36,random,-1,-1,-1,-1,0,0,-1,0,-1,-1,0,0,edgeCount
156,25,56,graphml/AttMpls.graphml,2,12,random,-1,-1,-1,5,-6,0,-1,-6,-1,-1,-6,0,edgeCount
155,25,56,graphml/AttMpls.graphml,3,24,random,-1,2,14,2,0,0,5,3,4,4,2,0,edgeCount
154,25,56,graphml/AttMpls.graphml,5,48,random,-1,-1,-1,-1,0,0,-1,0,-1,-1,0,0,edgeCount
153,25,56,graphml/AttMpls.graphml,3,24,random,-1,-1,-1,5,-6,8,-1,-6,11,11,6,4,edgeCount
152,25,56,graphml/AttMpls.graphml,4,36,random,-1,11,3,3,8,6,-1,-4,5,3,2,2,edgeCount
151,25,56,graphml/AttMpls.graphml,3,24,random,-1,2,2,2,0,8,2,0,2,2,0,4,edgeCount
150,25,56,graphml/AttMpls.graphml,4,36,random,-1,-1,-1,6,-7,0,-1,-7,-1,-1,-7,0,edgeCount
149,25,56,graphml/AttMpls.graphml,3,24,random,-1,-1,-1,6,-7,0,-1,-7,-1,-1,-7,0,edgeCount
148,25,56,graphml/AttMpls.graphml,3,24,random,-1,4,8,3,1,0,-1,-4,-1,-1,-4,0,edgeCount
147,25,56,graphml/AttMpls.graphml,3,24,random,-1,-1,-1,6,-7,0,-1,-7,-1,-1,-7,0,edgeCount
146,25,56,graphml/AttMpls.graphml,3,24,random,-1,-1,-1,7,-8,0,-1,-8,-1,-1,-8,0,edgeCount
145,25,56,graphml/AttMpls.graphml,2,12,random,-1,2,2,2,0,0,2,0,2,2,0,0,edgeCount
144,25,56,graphml/AttMpls.graphml,3,24,random,-1,4,9,4,0,0,8,4,8,4,4,0,edgeCount
143,25,56,graphml/AttMpls.graphml,2,12,random,-1,3,4,3,0,0,3,0,3,3,0,0,edgeCount
142,25,56,graphml/AttMpls.graphml,3,24,random,-1,-1,-1,3,-4,0,-1,-4,-1,-1,-4,0,edgeCount
141,25,56,graphml/AttMpls.graphml,4,36,random,-1,-1,-1,-1,0,0,-1,0,-1,-1,0,0,edgeCount
140,25,56,graphml/AttMpls.graphml,2,12,random,-1,6,4,4,2,0,-1,-5,-1,-1,-5,0,edgeCount
139,25,56,graphml/AttMpls.graphml,2,12,random,-1,8,4,4,4,0,-1,-5,-1,-1,-5,0,edgeCount
138,25,56,graphml/AttMpls.graphml,2,12,random,-1,3,3,3,0,0,3,0,3,3,0,0,edgeCount
137,25,56,graphml/AttMpls.graphml,2,12,random,-1,6,8,5,1,0,8,3,8,8,3,0,edgeCount
136,25,56,graphml/AttMpls.graphml,5,48,random,-1,-1,-1,-1,0,2,-1,0,-1,-1,0,2,edgeCount
135,25,56,graphml/AttMpls.graphml,4,36,random,-1,-1,-1,6,-7,0,-1,-7,-1,-1,-7,0,edgeCount
134,25,56,graphml/AttMpls.graphml,2,12,random,-1,2,2,2,0,0,2,0,2,2,0,0,edgeCount
133,25,56,graphml/AttMpls.graphml,5,48,random,-1,-1,-1,-1,0,0,-1,0,-1,-1,0,0,edgeCount
132,25,56,graphml/AttMpls.graphml,4,36,random,-1,-1,-1,-1,0,2,-1,0,-1,-1,0,2,edgeCount
131,25,56,graphml/AttMpls.graphml,4,36,random,-1,2,5,2,0,0,2,0,2,2,0,0,edgeCount
130,25,56,graphml/AttMpls.graphml,2,12,random,-1,2,2,2,0,0,2,0,2,2,0,0,edgeCount
129,25,56,graphml/AttMpls.graphml,3,24,random,-1,-1,-1,5,-6,0,-1,-6,-1,-1,-6,0,edgeCount
128,25,56,graphml/AttMpls.graphml,3,24,random,-1,-1,-1,5,-6,0,-1,-6,-1,-1,-6,0,edgeCount
127,25,56,graphml/AttMpls.graphml,2,12,random,-1,-1,-1,3,-4,22,-1,-4,-1,-1,-4,14,edgeCount
126,25,56,graphml/AttMpls.graphml,2,12,random,-1,3,7,3,0,14,3,0,3,3,0,14,edgeCount
125,25,56,graphml/AttMpls.graphml,2,12,random,-1,11,5,5,6,8,-1,-6,-1,-1,-6,6,edgeCount
124,25,56,graphml/AttMpls.graphml,2,12,random,-1,7,7,4,3,0,5,1,5,5,1,0,edgeCount
123,25,56,graphml/AttMpls.graphml,3,24,random,-1,5,3,3,2,2,3,0,3,3,0,2,edgeCount
122,25,56,graphml/AttMpls.graphml,4,36,random,-1,-1,-1,9,-10,0,-1,-10,-1,-1,-10,0,edgeCount
121,25,56,graphml/AttMpls.graphml,5,48,random,-1,-1,-1,-1,0,2,-1,0,-1,-1,0,2,edgeCount
120,25,56,graphml/AttMpls.graphml,2,12,random,-1,-1,-1,4,-5,0,-1,-5,-1,-1,-5,0,edgeCount
119,25,56,graphml/AttMpls.graphml,2,12,random,-1,7,5,5,2,0,-1,-6,-1,-1,-6,0,edgeCount
118,25,56,graphml/AttMpls.graphml,3,24,random,-1,8,2,2,6,6,2,0,2,2,0,4,edgeCount
117,25,56,graphml/AttMpls.graphml,2,12,random,-1,4,2,2,2,16,2,0,2,2,0,10,edgeCount
116,25,56,graphml/AttMpls.graphml,3,24,random,-1,2,2,2,0,0,2,0,2,2,0,0,edgeCount
115,25,56,graphml/AttMpls.graphml,4,36,random,-1,4,2,2,2,6,2,0,2,2,0,2,edgeCount
114,25,56,graphml/AttMpls.graphml,2,12,random,-1,3,6,3,0,14,7,4,7,3,4,14,edgeCount
113,25,56,graphml/AttMpls.graphml,4,36,random,-1,-1,-1,5,-6,0,-1,-6,-1,-1,-6,0,edgeCount
112,25,56,graphml/AttMpls.graphml,4,36,random,-1,-1,-1,-1,0,0,-1,0,-1,-1,0,0,edgeCount
111,25,56,graphml/AttMpls.graphml,4,36,random,-1,-1,-1,-1,0,6,-1,0,-1,-1,0,2,edgeCount
110,25,56,graphml/AttMpls.graphml,3,24,random,-1,2,2,2,0,6,2,0,2,2,0,4,edgeCount
109,25,56,graphml/AttMpls.graphml,2,12,random,-1,4,4,3,1,0,4,1,4,4,1,0,edgeCount
108,25,56,graphml/AttMpls.graphml,4,36,random,-1,-1,-1,-1,0,6,-1,0,-1,-1,0,4,edgeCount
107,25,56,graphml/AttMpls.graphml,3,24,random,-1,-1,-1,-1,0,0,-1,0,-1,-1,0,0,edgeCount
106,25,56,graphml/AttMpls.graphml,2,12,random,-1,5,3,3,2,6,3,0,3,3,0,4,edgeCount
105,25,56,graphml/AttMpls.graphml,2,12,random,-1,3,6,3,0,0,3,0,3,3,0,0,edgeCount
104,25,56,graphml/AttMpls.graphml,2,12,random,-1,3,3,3,0,0,6,3,6,6,3,0,edgeCount
103,25,56,graphml/AttMpls.graphml,3,24,random,-1,11,11,5,6,0,-1,-6,-1,-1,-6,0,edgeCount
102,25,56,graphml/AttMpls.graphml,3,24,random,-1,-1,-1,-1,0,22,-1,0,-1,-1,0,14,edgeCount
101,25,56,graphml/AttMpls.graphml,3,24,random,-1,-1,-1,-1,0,0,-1,0,-1,-1,0,0,edgeCount
100,25,56,graphml/AttMpls.graphml,2,12,random,-1,4,2,2,2,12,2,0,2,2,0,8,edgeCount
99,25,56,graphml/AttMpls.graphml,2,12,random,-1,5,7,3,2,0,3,0,3,5,0,0,edgeCount
98,25,56,graphml/AttMpls.graphml,5,48,random,-1,-1,-1,-1,0,0,-1,0,-1,-1,0,0,edgeCount
97,25,56,graphml/AttMpls.graphml,5,48,random,-1,-1,-1,-1,0,8,-1,0,-1,-1,0,4,edgeCount
96,25,56,graphml/AttMpls.graphml,3,24,random,-1,3,3,3,0,18,5,2,5,5,2,12,edgeCount
95,25,56,graphml/AttMpls.graphml,4,36,random,-1,-1,-1,5,-6,2,-1,-6,-1,-1,-6,2,edgeCount
94,25,56,graphml/AttMpls.graphml,3,24,random,-1,3,3,3,0,0,-1,-4,-1,-1,-4,0,edgeCount
93,25,56,graphml/AttMpls.graphml,3,24,random,-1,2,2,2,0,0,2,0,2,2,0,0,edgeCount
92,25,56,graphml/AttMpls.graphml,5,48,random,-1,-1,-1,-1,0,0,-1,0,-1,-1,0,0,edgeCount
91,25,56,graphml/AttMpls.graphml,4,36,random,-1,-1,-1,-1,0,0,-1,0,-1,-1,0,0,edgeCount
90,25,56,graphml/AttMpls.graphml,3,24,random,-1,2,2,2,0,0,2,0,2,2,0,0,edgeCount
89,25,56,graphml/AttMpls.graphml,5,48,random,-1,-1,-1,-1,0,0,-1,0,-1,-1,0,0,edgeCount
88,25,56,graphml/AttMpls.graphml,5,48,random,-1,-1,-1,-1,0,2,-1,0,-1,-1,0,2,edgeCount
87,25,56,graphml/AttMpls.graphml,2,12,random,-1,-1,-1,-1,0,12,-1,0,-1,-1,0,8,edgeCount
86,25,56,graphml/AttMpls.graphml,3,24,random,-1,-1,-1,-1,0,0,-1,0,-1,-1,0,0,edgeCount
85,25,56,graphml/AttMpls.graphml,4,36,random,-1,-1,-1,-1,0,6,-1,0,-1,-1,0,2,edgeCount
84,25,56,graphml/AttMpls.graphml,2,12,random,-1,3,3,3,0,0,3,0,3,3,0,0,edgeCount
83,25,56,graphml/AttMpls.graphml,3,24,random,-1,-1,-1,3,-4,0,-1,-4,-1,-1,-4,0,edgeCount
82,25,56,graphml/AttMpls.graphml,4,36,random,-1,-1,-1,-1,0,6,-1,0,-1,-1,0,2,edgeCount
81,25,56,graphml/AttMpls.graphml,3,24,random,-1,-1,-1,3,-4,4,-1,-4,-1,-1,-4,2,edgeCount
80,25,56,graphml/AttMpls.graphml,3,24,random,-1,-1,-1,-1,0,0,-1,0,-1,-1,0,0,edgeCount
79,25,56,graphml/AttMpls.graphml,4,36,random,-1,-1,-1,3,-4,0,-1,-4,-1,-1,-4,0,edgeCount
78,25,56,graphml/AttMpls.graphml,3,24,random,-1,3,3,3,0,0,-1,-4,3,3,0,0,edgeCount
77,25,56,graphml/AttMpls.graphml,4,36,random,-1,2,2,2,0,4,2,0,2,2,0,4,edgeCount
76,25,56,graphml/AttMpls.graphml,3,24,random,-1,3,3,3,0,0,3,0,3,3,0,0,edgeCount
75,25,56,graphml/AttMpls.graphml,2,12,random,-1,2,2,2,0,14,2,0,2,2,0,14,edgeCount
74,25,56,graphml/AttMpls.graphml,5,48,random,-1,-1,-1,-1,0,2,-1,0,-1,-1,0,2,edgeCount
73,25,56,graphml/AttMpls.graphml,2,12,random,-1,3,11,3,0,12,-1,-4,5,5,2,6,edgeCount
72,25,56,graphml/AttMpls.graphml,4,36,random,-1,-1,-1,4,-5,16,-1,-5,-1,-1,-5,10,edgeCount
71,25,56,graphml/AttMpls.graphml,2,12,random,-1,4,4,4,0,0,4,0,4,4,0,0,edgeCount
70,25,56,graphml/AttMpls.graphml,4,36,random,-1,-1,-1,6,-7,0,-1,-7,-1,-1,-7,0,edgeCount
69,25,56,graphml/AttMpls.graphml,3,24,random,-1,5,9,3,2,8,-1,-4,-1,-1,-4,6,edgeCount
68,25,56,graphml/AttMpls.graphml,5,48,random,-1,-1,-1,-1,0,2,-1,0,-1,-1,0,2,edgeCount
67,25,56,graphml/AttMpls.graphml,2,12,random,-1,-1,-1,-1,0,0,-1,0,-1,-1,0,0,edgeCount
66,25,56,graphml/AttMpls.graphml,2,12,random,-1,7,9,3,4,12,3,0,3,3,0,6,edgeCount
65,25,56,graphml/AttMpls.graphml,2,12,random,-1,3,3,2,1,2,2,0,2,2,0,2,edgeCount
64,25,56,graphml/AttMpls.graphml,5,48,random,-1,-1,-1,-1,0,2,-1,0,-1,-1,0,2,edgeCount
63,25,56,graphml/AttMpls.graphml,3,24,random,-1,-1,-1,3,-4,0,-1,-4,-1,-1,-4,0,edgeCount
62,25,56,graphml/AttMpls.graphml,2,12,random,-1,3,3,3,0,0,3,0,3,3,0,0,edgeCount
61,25,56,graphml/AttMpls.graphml,3,24,random,-1,3,3,3,0,10,3,0,3,3,0,4,edgeCount
60,25,56,graphml/AttMpls.graphml,2,12,random,-1,2,2,2,0,0,2,0,2,2,0,0,edgeCount
59,25,56,graphml/AttMpls.graphml,3,24,random,-1,-1,-1,-1,0,0,-1,0,-1,-1,0,0,edgeCount
58,25,56,graphml/AttMpls.graphml,4,36,random,-1,-1,-1,-1,0,0,-1,0,-1,-1,0,0,edgeCount
57,25,56,graphml/AttMpls.graphml,4,36,random,-1,-1,-1,-1,0,0,-1,0,-1,-1,0,0,edgeCount
56,25,56,graphml/AttMpls.graphml,2,12,random,-1,4,4,4,0,22,4,0,4,4,0,14,edgeCount
55,25,56,graphml/AttMpls.graphml,3,24,random,-1,5,3,3,2,0,3,0,3,3,0,0,edgeCount
54,25,56,graphml/AttMpls.graphml,3,24,random,-1,3,3,2,1,22,2,0,2,2,0,14,edgeCount
53,25,56,graphml/AttMpls.graphml,4,36,random,-1,-1,-1,-1,0,0,-1,0,-1,-1,0,0,edgeCount
52,25,56,graphml/AttMpls.graphml,2,12,random,-1,3,3,3,0,22,3,0,3,3,0,14,edgeCount
51,25,56,graphml/AttMpls.graphml,5,48,random,-1,-1,-1,-1,0,0,-1,0,-1,-1,0,0,edgeCount
50,25,56,graphml/AttMpls.graphml,2,12,random,-1,3,3,3,0,8,3,0,3,3,0,6,edgeCount
49,25,56,graphml/AttMpls.graphml,4,36,random,-1,-1,-1,7,-8,0,-1,-8,-1,-1,-8,0,edgeCount
48,25,56,graphml/AttMpls.graphml,4,36,random,-1,2,2,2,0,4,2,0,2,2,0,4,edgeCount
47,25,56,graphml/AttMpls.graphml,3,24,random,-1,-1,-1,-1,0,0,-1,0,-1,-1,0,0,edgeCount
46,25,56,graphml/AttMpls.graphml,3,24,random,-1,-1,-1,3,-4,0,-1,-4,-1,-1,-4,0,edgeCount
45,25,56,graphml/AttMpls.graphml,3,24,random,-1,-1,-1,-1,0,0,-1,0,-1,-1,0,0,edgeCount
44,25,56,graphml/AttMpls.graphml,5,48,random,-1,-1,-1,-1,0,0,-1,0,-1,-1,0,0,edgeCount
43,25,56,graphml/AttMpls.graphml,2,12,random,-1,3,3,3,0,0,-1,-4,-1,-1,-4,0,edgeCount
42,25,56,graphml/AttMpls.graphml,2,12,random,-1,3,7,3,0,4,-1,-4,3,3,0,2,edgeCount
41,25,56,graphml/AttMpls.graphml,3,24,random,-1,5,9,3,2,0,3,0,3,3,0,0,edgeCount
40,25,56,graphml/AttMpls.graphml,3,24,random,-1,-1,-1,-1,0,4,-1,0,-1,-1,0,2,edgeCount
39,25,56,graphml/AttMpls.graphml,2,12,random,-1,-1,-1,5,-6,2,-1,-6,13,11,8,2,edgeCount
38,25,56,graphml/AttMpls.graphml,4,36,random,-1,4,2,2,2,18,2,0,2,2,0,10,edgeCount
37,25,56,graphml/AttMpls.graphml,3,24,random,-1,-1,-1,4,-5,2,-1,-5,-1,-1,-5,2,edgeCount
36,25,56,graphml/AttMpls.graphml,3,24,random,-1,-1,-1,4,-5,0,-1,-5,-1,-1,-5,0,edgeCount
35,25,56,graphml/AttMpls.graphml,2,12,random,-1,3,5,3,0,0,3,0,3,3,0,0,edgeCount
34,25,56,graphml/AttMpls.graphml,4,36,random,-1,6,6,2,4,0,2,0,6,2,4,0,edgeCount
33,25,56,graphml/AttMpls.graphml,2,12,random,-1,16,14,4,12,4,-1,-5,10,10,6,2,edgeCount
32,25,56,graphml/AttMpls.graphml,3,24,random,-1,-1,-1,6,-7,0,-1,-7,-1,-1,-7,0,edgeCount
31,25,56,graphml/AttMpls.graphml,2,12,random,-1,-1,-1,-1,0,4,-1,0,-1,-1,0,2,edgeCount
30,25,56,graphml/AttMpls.graphml,3,24,random,-1,-1,-1,-1,0,2,-1,0,-1,-1,0,2,edgeCount
29,25,56,graphml/AttMpls.graphml,4,36,random,-1,-1,-1,4,-5,0,-1,-5,-1,-1,-5,0,edgeCount
28,25,56,graphml/AttMpls.graphml,2,12,random,-1,2,2,2,0,0,2,0,2,2,0,0,edgeCount
27,25,56,graphml/AttMpls.graphml,2,12,random,-1,6,4,4,2,0,4,0,4,4,0,0,edgeCount
26,25,56,graphml/AttMpls.graphml,4,36,random,-1,3,3,3,0,0,3,0,3,3,0,0,edgeCount
25,25,56,graphml/AttMpls.graphml,2,12,random,-1,3,6,3,0,6,7,4,7,3,4,6,edgeCount
24,25,56,graphml/AttMpls.graphml,2,12,random,-1,5,5,5,0,2,5,0,5,5,0,2,edgeCount
23,25,56,graphml/AttMpls.graphml,2,12,random,-1,4,7,3,1,4,4,1,3,3,0,2,edgeCount
22,25,56,graphml/AttMpls.graphml,2,12,random,-1,2,2,2,0,12,2,0,2,2,0,6,edgeCount
21,25,56,graphml/AttMpls.graphml,3,24,random,-1,-1,-1,4,-5,0,-1,-5,-1,-1,-5,0,edgeCount
20,25,56,graphml/AttMpls.graphml,3,24,random,-1,4,3,3,1,8,3,0,3,3,0,4,edgeCount
19,25,56,graphml/AttMpls.graphml,2,12,random,-1,4,5,3,1,0,3,0,3,3,0,0,edgeCount
18,25,56,graphml/AttMpls.graphml,4,36,random,-1,-1,-1,-1,0,8,-1,0,-1,-1,0,4,edgeCount
17,25,56,graphml/AttMpls.graphml,3,24,random,-1,2,2,2,0,0,2,0,6,2,4,0,edgeCount
16,25,56,graphml/AttMpls.graphml,3,24,random,-1,4,6,4,0,8,8,4,8,8,4,4,edgeCount
15,25,56,graphml/AttMpls.graphml,4,36,random,-1,5,7,3,2,0,5,2,5,5,2,0,edgeCount
14,25,56,graphml/AttMpls.graphml,3,24,random,-1,5,3,3,2,2,-1,-4,-1,-1,-4,2,edgeCount
13,25,56,graphml/AttMpls.graphml,2,12,random,-1,4,2,2,2,12,2,0,2,2,0,8,edgeCount
12,25,56,graphml/AttMpls.graphml,4,36,random,-1,-1,-1,-1,0,0,-1,0,-1,-1,0,0,edgeCount
11,25,56,graphml/AttMpls.graphml,5,48,random,-1,-1,-1,-1,0,0,-1,0,-1,-1,0,0,edgeCount
10,25,56,graphml/AttMpls.graphml,2,12,random,-1,5,5,4,1,2,5,1,5,5,1,2,edgeCount
9,25,56,graphml/AttMpls.graphml,2,12,random,-1,-1,-1,7,-8,0,-1,-8,-1,-1,-8,0,edgeCount
8,25,56,graphml/AttMpls.graphml,2,12,random,-1,7,3,3,4,22,3,0,3,3,0,14,edgeCount
7,25,56,graphml/AttMpls.graphml,2,12,random,-1,-1,-1,-1,0,0,-1,0,-1,-1,0,0,edgeCount
6,25,56,graphml/AttMpls.graphml,5,48,random,-1,-1,-1,-1,0,2,-1,0,-1,-1,0,2,edgeCount
5,25,56,graphml/AttMpls.graphml,3,24,random,-1,3,5,3,0,8,-1,-4,-1,-1,-4,4,edgeCount
4,25,56,graphml/AttMpls.graphml,3,24,random,-1,6,4,3,3,0,8,5,8,6,5,0,edgeCount
3,25,56,graphml/AttMpls.graphml,2,12,random,-1,4,4,4,0,0,4,0,4,4,0,0,edgeCount
2,25,56,graphml/AttMpls.graphml,5,48,random,-1,-1,-1,-1,0,2,-1,0,-1,-1,0,2,edgeCount
1,25,56,graphml/AttMpls.graphml,4,36,random,-1,-1,-1,-1,0,18,-1,0,-1,-1,0,12,edgeCount
