rep,nrNodes,nrEdges,edgeProb,nrPaths,nrFails,failureModel,failurePercent,hopsRanked,hopsUnranked,spLength,stretch_mult,nodeAdditions,hopsPath,stretch_path,hopsRankedOne,hopsUnrankedOne,stretch_one,overallNodeAdditionsOne,treeChoice
1000,100,248,0.05,5,4,clustered,0.5;-0.15,19,19,5,14,16,-1,-6,-1,-1,-6,6,average
999,100,248,0.05,4,3,clustered,0.5;-0.15,4,22,4,0,0,10,6,10,10,6,0,average
998,100,241,0.05,3,2,clustered,0.5;-0.15,5,5,5,0,0,5,0,5,5,0,0,average
997,100,263,0.05,6,5,clustered,0.5;-0.15,14,6,5,9,4,-1,-6,-1,-1,-6,2,average
995,100,240,0.05,5,4,clustered,0.5;-0.15,26,34,6,20,0,-1,-7,-1,-1,-7,0,average
993,100,258,0.05,3,2,clustered,0.5;-0.15,5,5,3,2,22,-1,-4,-1,-1,-4,8,average
992,100,235,0.05,7,6,clustered,0.5;-0.15,8,8,4,4,0,-1,-5,-1,-1,-5,0,average
991,100,261,0.05,3,2,clustered,0.5;-0.15,21,9,5,16,24,-1,-6,-1,-1,-6,12,average
989,100,224,0.05,2,1,clustered,0.5;-0.15,32,32,6,26,14,-1,-7,-1,-1,-7,8,average
988,100,288,0.05,5,4,clustered,0.5;-0.15,-1,-1,7,-8,0,-1,-8,-1,-1,-8,0,average
987,100,219,0.05,4,3,clustered,0.5;-0.15,11,9,4,7,8,-1,-5,-1,-1,-5,4,average
986,100,258,0.05,3,2,clustered,0.5;-0.15,-1,-1,5,-6,12,-1,-6,-1,-1,-6,4,average
985,100,268,0.05,5,4,clustered,0.5;-0.15,28,42,4,24,14,16,12,14,24,10,6,average
984,100,229,0.05,2,1,clustered,0.5;-0.15,5,13,5,0,0,-1,-6,-1,-1,-6,0,average
983,100,245,0.05,3,2,clustered,0.5;-0.15,20,20,4,16,8,8,4,8,8,4,4,average
982,100,248,0.05,2,1,clustered,0.5;-0.15,4,6,4,0,0,4,0,4,4,0,0,average
981,100,244,0.05,5,4,clustered,0.5;-0.15,49,25,3,46,16,-1,-4,-1,-1,-4,6,average
980,100,264,0.05,5,4,clustered,0.5;-0.15,-1,-1,6,-7,8,-1,-7,-1,-1,-7,4,average
979,100,219,0.05,4,3,clustered,0.5;-0.15,13,19,4,9,0,7,3,13,13,9,0,average
978,100,240,0.05,5,4,clustered,0.5;-0.15,26,22,4,22,0,-1,-5,-1,-1,-5,0,average
977,100,235,0.05,3,2,clustered,0.5;-0.15,15,13,6,9,28,-1,-7,-1,-1,-7,12,average
975,100,254,0.05,4,3,clustered,0.5;-0.15,2,2,2,0,0,2,0,2,2,0,0,average
974,100,246,0.05,6,5,clustered,0.5;-0.15,-1,-1,4,-5,16,-1,-5,-1,-1,-5,6,average
973,100,267,0.05,7,6,clustered,0.5;-0.15,-1,-1,5,-6,0,-1,-6,-1,-1,-6,0,average
971,100,273,0.05,7,6,clustered,0.5;-0.15,-1,-1,3,-4,0,-1,-4,-1,-1,-4,0,average
970,100,239,0.05,4,3,clustered,0.5;-0.15,15,16,4,11,0,4,0,4,4,0,0,average
969,100,211,0.05,4,3,clustered,0.5;-0.15,-1,-1,6,-7,0,-1,-7,-1,-1,-7,0,average
968,100,246,0.05,4,3,clustered,0.5;-0.15,-1,-1,3,-4,0,-1,-4,-1,-1,-4,0,average
966,100,220,0.05,3,2,clustered,0.5;-0.15,26,28,5,21,2,-1,-6,16,16,11,2,average
963,100,233,0.05,2,1,clustered,0.5;-0.15,9,15,5,4,20,-1,-6,11,15,6,10,average
960,100,254,0.05,2,1,clustered,0.5;-0.15,4,4,4,0,0,4,0,4,4,0,0,average
959,100,254,0.05,5,4,clustered,0.5;-0.15,41,29,5,36,0,-1,-6,-1,-1,-6,0,average
958,100,240,0.05,5,4,clustered,0.5;-0.15,24,30,4,20,0,-1,-5,-1,-1,-5,0,average
955,100,242,0.05,2,1,clustered,0.5;-0.15,-1,-1,4,-5,8,-1,-5,-1,-1,-5,4,average
954,100,271,0.05,1,0,clustered,0.5;-0.15,4,4,4,0,0,4,0,4,4,0,0,average
953,100,270,0.05,4,3,clustered,0.5;-0.15,54,25,5,49,12,15,10,15,15,10,4,average
952,100,242,0.05,6,5,clustered,0.5;-0.15,29,29,5,24,4,11,6,11,19,6,2,average
950,100,251,0.05,3,2,clustered,0.5;-0.15,3,3,3,0,4,3,0,3,3,0,2,average
949,100,255,0.05,4,3,clustered,0.5;-0.15,11,23,5,6,6,-1,-6,13,13,8,2,average
948,100,234,0.05,1,0,clustered,0.5;-0.15,-1,-1,6,-7,6,-1,-7,-1,-1,-7,6,average
946,100,232,0.05,3,2,clustered,0.5;-0.15,-1,-1,5,-6,0,-1,-6,-1,-1,-6,0,average
945,100,222,0.05,3,2,clustered,0.5;-0.15,-1,-1,5,-6,4,-1,-6,-1,-1,-6,2,average
943,100,212,0.05,3,2,clustered,0.5;-0.15,-1,-1,5,-6,0,-1,-6,-1,-1,-6,0,average
942,100,234,0.05,5,4,clustered,0.5;-0.15,29,29,5,24,0,23,18,15,15,10,0,average
941,100,249,0.05,4,3,clustered,0.5;-0.15,15,35,4,11,0,17,13,17,17,13,0,average
939,100,215,0.05,6,5,clustered,0.5;-0.15,-1,-1,6,-7,2,-1,-7,-1,-1,-7,2,average
938,100,255,0.05,2,1,clustered,0.5;-0.15,30,26,5,25,8,-1,-6,-1,-1,-6,4,average
937,100,234,0.05,5,4,clustered,0.5;-0.15,10,10,4,6,0,-1,-5,-1,-1,-5,0,average
934,100,255,0.05,5,4,clustered,0.5;-0.15,41,55,5,36,4,19,14,19,19,14,2,average
933,100,221,0.05,1,0,clustered,0.5;-0.15,-1,-1,5,-6,8,-1,-6,-1,-1,-6,8,average
932,100,246,0.05,3,2,clustered,0.5;-0.15,3,9,3,0,0,7,4,7,7,4,0,average
931,100,264,0.05,5,4,clustered,0.5;-0.15,11,59,4,7,4,-1,-5,-1,-1,-5,2,average
930,100,262,0.05,4,3,clustered,0.5;-0.15,4,20,4,0,0,10,6,10,10,6,0,average
929,100,229,0.05,4,3,clustered,0.5;-0.15,46,42,5,41,6,-1,-6,16,12,11,2,average
928,100,262,0.05,5,4,clustered,0.5;-0.15,28,8,4,24,22,8,4,8,8,4,8,average
926,100,275,0.05,5,4,clustered,0.5;-0.15,-1,-1,5,-6,0,-1,-6,-1,-1,-6,0,average
925,100,254,0.05,2,1,clustered,0.5;-0.15,-1,-1,6,-7,0,-1,-7,-1,-1,-7,0,average
924,100,225,0.05,4,3,clustered,0.5;-0.15,8,8,4,4,0,8,4,8,8,4,0,average
923,100,228,0.05,4,3,clustered,0.5;-0.15,-1,-1,6,-7,0,-1,-7,-1,-1,-7,0,average
922,100,274,0.05,3,2,clustered,0.5;-0.15,-1,-1,6,-7,14,-1,-7,-1,-1,-7,6,average
921,100,241,0.05,3,2,clustered,0.5;-0.15,-1,-1,3,-4,0,-1,-4,-1,-1,-4,0,average
919,100,227,0.05,4,3,clustered,0.5;-0.15,33,23,5,28,0,9,4,9,9,4,0,average
917,100,260,0.05,2,1,clustered,0.5;-0.15,6,8,4,2,12,-1,-5,-1,-1,-5,6,average
916,100,252,0.05,6,5,clustered,0.5;-0.15,8,36,4,4,0,14,10,14,14,10,0,average
914,100,244,0.05,5,4,clustered,0.5;-0.15,18,18,2,16,0,-1,-3,8,8,6,0,average
912,100,260,0.05,4,3,clustered,0.5;-0.15,17,9,5,12,20,-1,-6,-1,-1,-6,10,average
911,100,243,0.05,9,8,clustered,0.5;-0.15,-1,-1,3,-4,0,-1,-4,-1,-1,-4,0,average
910,100,270,0.05,7,6,clustered,0.5;-0.15,15,3,3,12,0,3,0,3,3,0,0,average
909,100,249,0.05,1,0,clustered,0.5;-0.15,4,8,4,0,2,4,0,4,8,0,2,average
908,100,262,0.05,3,2,clustered,0.5;-0.15,7,23,5,2,0,7,2,13,13,8,0,average
907,100,253,0.05,4,3,clustered,0.5;-0.15,9,19,5,4,4,-1,-6,-1,-1,-6,2,average
906,100,250,0.05,6,5,clustered,0.5;-0.15,7,17,3,4,0,11,8,11,11,8,0,average
905,100,257,0.05,4,3,clustered,0.5;-0.15,5,5,5,0,10,-1,-6,20,20,15,4,average
903,100,244,0.05,6,5,clustered,0.5;-0.15,26,26,6,20,0,-1,-7,-1,-1,-7,0,average
902,100,220,0.05,4,3,clustered,0.5;-0.15,15,15,4,11,0,-1,-5,-1,-1,-5,0,average
899,100,254,0.05,5,4,clustered,0.5;-0.15,-1,-1,4,-5,12,-1,-5,-1,-1,-5,6,average
898,100,253,0.05,3,2,clustered,0.5;-0.15,-1,-1,4,-5,0,-1,-5,-1,-1,-5,0,average
897,100,254,0.05,3,2,clustered,0.5;-0.15,8,3,3,5,0,3,0,3,3,0,0,average
896,100,236,0.05,3,2,clustered,0.5;-0.15,-1,-1,4,-5,12,-1,-5,-1,-1,-5,4,average
895,100,212,0.05,2,1,clustered,0.5;-0.15,-1,-1,6,-7,0,-1,-7,-1,-1,-7,0,average
894,100,224,0.05,5,4,clustered,0.5;-0.15,5,19,3,2,0,5,2,5,5,2,0,average
891,100,241,0.05,3,2,clustered,0.5;-0.15,-1,-1,5,-6,0,-1,-6,-1,-1,-6,0,average
886,100,256,0.05,3,2,clustered,0.5;-0.15,-1,-1,6,-7,8,-1,-7,-1,-1,-7,4,average
885,100,273,0.05,5,4,clustered,0.5;-0.15,11,17,3,8,0,11,8,11,11,8,0,average
883,100,249,0.05,4,3,clustered,0.5;-0.15,-1,-1,4,-5,0,-1,-5,-1,-1,-5,0,average
882,100,250,0.05,8,7,clustered,0.5;-0.15,41,35,4,37,8,-1,-5,-1,-1,-5,4,average
881,100,265,0.05,1,0,clustered,0.5;-0.15,-1,-1,5,-6,8,-1,-6,-1,-1,-6,8,average
880,100,267,0.05,2,1,clustered,0.5;-0.15,-1,-1,5,-6,0,-1,-6,-1,-1,-6,0,average
877,100,287,0.05,2,1,clustered,0.5;-0.15,19,19,2,17,26,2,0,2,2,0,14,average
876,100,247,0.05,5,4,clustered,0.5;-0.15,-1,-1,6,-7,12,-1,-7,-1,-1,-7,4,average
875,100,238,0.05,5,4,clustered,0.5;-0.15,-1,-1,5,-6,26,-1,-6,-1,-1,-6,14,average
874,100,254,0.05,5,4,clustered,0.5;-0.15,2,2,2,0,0,2,0,2,2,0,0,average
873,100,254,0.05,2,1,clustered,0.5;-0.15,-1,-1,5,-6,20,-1,-6,-1,-1,-6,10,average
872,100,223,0.05,3,2,clustered,0.5;-0.15,3,3,3,0,4,3,0,3,3,0,2,average
870,100,259,0.05,4,3,clustered,0.5;-0.15,25,29,5,20,0,-1,-6,-1,-1,-6,0,average
869,100,240,0.05,2,1,clustered,0.5;-0.15,-1,-1,4,-5,20,-1,-5,-1,-1,-5,10,average
868,100,251,0.05,2,1,clustered,0.5;-0.15,-1,-1,6,-7,4,-1,-7,-1,-1,-7,2,average
867,100,257,0.05,4,3,clustered,0.5;-0.15,-1,-1,6,-7,16,-1,-7,-1,-1,-7,6,average
866,100,226,0.05,4,3,clustered,0.5;-0.15,-1,-1,5,-6,0,-1,-6,-1,-1,-6,0,average
863,100,258,0.05,4,3,clustered,0.5;-0.15,5,10,4,1,0,4,0,4,4,0,0,average
862,100,246,0.05,5,4,clustered,0.5;-0.15,24,20,5,19,0,-1,-6,-1,-1,-6,0,average
861,100,212,0.05,3,2,clustered,0.5;-0.15,26,12,4,22,0,-1,-5,-1,-1,-5,0,average
859,100,251,0.05,7,6,clustered,0.5;-0.15,-1,-1,4,-5,6,-1,-5,-1,-1,-5,2,average
857,100,261,0.05,3,2,clustered,0.5;-0.15,-1,-1,5,-6,22,-1,-6,-1,-1,-6,8,average
856,100,267,0.05,5,4,clustered,0.5;-0.15,-1,-1,4,-5,0,-1,-5,-1,-1,-5,0,average
855,100,245,0.05,4,3,clustered,0.5;-0.15,-1,-1,5,-6,0,-1,-6,-1,-1,-6,0,average
853,100,243,0.05,1,0,clustered,0.5;-0.15,4,12,4,0,8,4,0,4,12,0,8,average
851,100,235,0.05,4,3,clustered,0.5;-0.15,20,10,5,15,18,-1,-6,-1,-1,-6,8,average
850,100,252,0.05,5,4,clustered,0.5;-0.15,32,30,4,28,0,-1,-5,-1,-1,-5,0,average
849,100,258,0.05,3,2,clustered,0.5;-0.15,15,3,3,12,0,3,0,3,3,0,0,average
847,100,257,0.05,2,1,clustered,0.5;-0.15,3,3,3,0,4,3,0,3,3,0,2,average
845,100,225,0.05,1,0,clustered,0.5;-0.15,5,5,5,0,0,5,0,5,5,0,0,average
843,100,231,0.05,4,3,clustered,0.5;-0.15,-1,-1,5,-6,12,-1,-6,-1,-1,-6,6,average
842,100,271,0.05,7,6,clustered,0.5;-0.15,2,2,2,0,6,2,0,2,2,0,2,average
841,100,239,0.05,6,5,clustered,0.5;-0.15,8,18,4,4,4,8,4,8,8,4,2,average
840,100,253,0.05,5,4,clustered,0.5;-0.15,-1,-1,4,-5,0,-1,-5,-1,-1,-5,0,average
839,100,240,0.05,3,2,clustered,0.5;-0.15,28,6,6,22,10,-1,-7,-1,-1,-7,6,average
838,100,261,0.05,4,3,clustered,0.5;-0.15,8,12,4,4,0,12,8,12,12,8,0,average
836,100,245,0.05,4,3,clustered,0.5;-0.15,-1,-1,5,-6,0,-1,-6,-1,-1,-6,0,average
835,100,232,0.05,4,3,clustered,0.5;-0.15,21,53,5,16,16,-1,-6,17,17,12,8,average
834,100,236,0.05,2,1,clustered,0.5;-0.15,-1,-1,4,-5,12,-1,-5,-1,-1,-5,6,average
833,100,236,0.05,2,1,clustered,0.5;-0.15,40,16,6,34,12,-1,-7,-1,-1,-7,6,average
832,100,262,0.05,7,6,clustered,0.5;-0.15,-1,-1,4,-5,0,-1,-5,-1,-1,-5,0,average
831,100,265,0.05,3,2,clustered,0.5;-0.15,-1,-1,6,-7,6,-1,-7,-1,-1,-7,4,average
828,100,251,0.05,2,1,clustered,0.5;-0.15,-1,-1,6,-7,12,-1,-7,-1,-1,-7,6,average
827,100,254,0.05,5,4,clustered,0.5;-0.15,2,2,2,0,0,2,0,2,2,0,0,average
826,100,245,0.05,7,6,clustered,0.5;-0.15,3,3,3,0,0,3,0,3,3,0,0,average
825,100,249,0.05,2,1,clustered,0.5;-0.15,-1,-1,5,-6,8,-1,-6,-1,-1,-6,4,average
824,100,252,0.05,2,1,clustered,0.5;-0.15,17,18,5,12,20,-1,-6,21,21,16,10,average
822,100,259,0.05,2,1,clustered,0.5;-0.15,6,6,5,1,24,-1,-6,9,6,4,12,average
821,100,257,0.05,3,2,clustered,0.5;-0.15,-1,-1,6,-7,0,-1,-7,-1,-1,-7,0,average
820,100,228,0.05,2,1,clustered,0.5;-0.15,-1,-1,4,-5,0,-1,-5,-1,-1,-5,0,average
818,100,257,0.05,3,2,clustered,0.5;-0.15,-1,-1,4,-5,8,-1,-5,-1,-1,-5,4,average
817,100,257,0.05,3,2,clustered,0.5;-0.15,17,12,4,13,0,9,5,9,9,5,0,average
816,100,228,0.05,1,0,clustered,0.5;-0.15,-1,-1,6,-7,6,-1,-7,-1,-1,-7,6,average
815,100,236,0.05,4,3,clustered,0.5;-0.15,17,9,6,11,4,-1,-7,19,9,13,2,average
813,100,263,0.05,5,4,clustered,0.5;-0.15,50,50,4,46,16,10,6,10,10,6,6,average
812,100,234,0.05,4,3,clustered,0.5;-0.15,8,44,4,4,26,-1,-5,-1,-1,-5,12,average
811,100,274,0.05,6,5,clustered,0.5;-0.15,-1,-1,5,-6,28,-1,-6,-1,-1,-6,10,average
810,100,261,0.05,2,1,clustered,0.5;-0.15,14,20,4,10,0,4,0,4,4,0,0,average
808,100,266,0.05,4,3,clustered,0.5;-0.15,3,9,3,0,0,5,2,3,3,0,0,average
807,100,236,0.05,2,1,clustered,0.5;-0.15,7,10,5,2,8,-1,-6,7,7,2,4,average
806,100,250,0.05,4,3,clustered,0.5;-0.15,23,33,5,18,10,-1,-6,-1,-1,-6,4,average
805,100,245,0.05,4,3,clustered,0.5;-0.15,-1,-1,5,-6,6,-1,-6,-1,-1,-6,2,average
804,100,251,0.05,4,3,clustered,0.5;-0.15,10,16,6,4,24,-1,-7,-1,-1,-7,8,average
802,100,263,0.05,4,3,clustered,0.5;-0.15,33,23,4,29,24,-1,-5,-1,-1,-5,10,average
801,100,261,0.05,5,4,clustered,0.5;-0.15,-1,-1,4,-5,12,-1,-5,-1,-1,-5,6,average
800,100,236,0.05,4,3,clustered,0.5;-0.15,9,31,5,4,8,-1,-6,11,11,6,4,average
799,100,234,0.05,3,2,clustered,0.5;-0.15,4,17,4,0,0,10,6,4,4,0,0,average
798,100,244,0.05,4,3,clustered,0.5;-0.15,-1,-1,6,-7,0,-1,-7,-1,-1,-7,0,average
796,100,237,0.05,3,2,clustered,0.5;-0.15,11,38,5,6,8,-1,-6,16,14,11,4,average
795,100,250,0.05,5,4,clustered,0.5;-0.15,10,10,4,6,0,-1,-5,-1,-1,-5,0,average
794,100,234,0.05,1,0,clustered,0.5;-0.15,-1,-1,5,-6,0,-1,-6,-1,-1,-6,0,average
791,100,225,0.05,4,3,clustered,0.5;-0.15,7,19,5,2,0,-1,-6,-1,-1,-6,0,average
790,100,237,0.05,2,1,clustered,0.5;-0.15,4,22,4,0,14,8,4,8,8,4,8,average
789,100,254,0.05,5,4,clustered,0.5;-0.15,3,3,3,0,6,3,0,3,3,0,2,average
787,100,241,0.05,4,3,clustered,0.5;-0.15,-1,-1,4,-5,0,-1,-5,-1,-1,-5,0,average
786,100,237,0.05,5,4,clustered,0.5;-0.15,12,8,6,6,0,-1,-7,-1,-1,-7,0,average
784,100,238,0.05,3,2,clustered,0.5;-0.15,-1,-1,4,-5,14,-1,-5,-1,-1,-5,6,average
783,100,246,0.05,2,1,clustered,0.5;-0.15,6,3,3,3,16,3,0,3,3,0,8,average
781,100,284,0.05,5,4,clustered,0.5;-0.15,7,27,5,2,0,-1,-6,-1,-1,-6,0,average
778,100,233,0.05,4,3,clustered,0.5;-0.15,19,41,5,14,0,-1,-6,-1,-1,-6,0,average
777,100,242,0.05,2,1,clustered,0.5;-0.15,4,12,4,0,8,4,0,4,4,0,4,average
776,100,243,0.05,1,0,clustered,0.5;-0.15,5,5,5,0,0,5,0,5,5,0,0,average
775,100,222,0.05,3,2,clustered,0.5;-0.15,-1,-1,5,-6,4,-1,-6,-1,-1,-6,2,average
774,100,245,0.05,3,2,clustered,0.5;-0.15,14,18,4,10,0,6,2,6,6,2,0,average
772,100,255,0.05,1,0,clustered,0.5;-0.15,9,15,5,4,4,-1,-6,9,15,4,4,average
771,100,242,0.05,5,4,clustered,0.5;-0.15,24,56,4,20,12,-1,-5,-1,-1,-5,4,average
770,100,263,0.05,5,4,clustered,0.5;-0.15,-1,-1,4,-5,0,-1,-5,-1,-1,-5,0,average
769,100,228,0.05,3,2,clustered,0.5;-0.15,3,3,3,0,0,3,0,3,3,0,0,average
768,100,259,0.05,4,3,clustered,0.5;-0.15,-1,-1,6,-7,4,-1,-7,-1,-1,-7,2,average
767,100,250,0.05,1,0,clustered,0.5;-0.15,-1,-1,5,-6,0,-1,-6,-1,-1,-6,0,average
766,100,228,0.05,4,3,clustered,0.5;-0.15,42,14,5,37,0,-1,-6,-1,-1,-6,0,average
765,100,242,0.05,1,0,clustered,0.5;-0.15,3,3,3,0,0,3,0,3,3,0,0,average
763,100,263,0.05,6,5,clustered,0.5;-0.15,-1,-1,5,-6,0,-1,-6,-1,-1,-6,0,average
760,100,248,0.05,6,5,clustered,0.5;-0.15,2,2,2,0,0,2,0,2,2,0,0,average
759,100,239,0.05,3,2,clustered,0.5;-0.15,-1,-1,6,-7,0,-1,-7,-1,-1,-7,0,average
758,100,246,0.05,3,2,clustered,0.5;-0.15,-1,-1,5,-6,0,-1,-6,-1,-1,-6,0,average
757,100,272,0.05,5,4,clustered,0.5;-0.15,45,13,5,40,0,-1,-6,-1,-1,-6,0,average
754,100,262,0.05,3,2,clustered,0.5;-0.15,18,22,4,14,0,4,0,8,8,4,0,average
753,100,263,0.05,5,4,clustered,0.5;-0.15,21,21,5,16,0,-1,-6,-1,-1,-6,0,average
752,100,251,0.05,5,4,clustered,0.5;-0.15,3,3,3,0,0,3,0,3,3,0,0,average
750,100,267,0.05,3,2,clustered,0.5;-0.15,-1,-1,6,-7,46,-1,-7,-1,-1,-7,18,average
749,100,275,0.05,3,2,clustered,0.5;-0.15,19,19,5,14,16,9,4,9,9,4,6,average
748,100,232,0.05,3,2,clustered,0.5;-0.15,3,3,3,0,0,3,0,3,3,0,0,average
746,100,283,0.05,3,2,clustered,0.5;-0.15,21,21,4,17,0,-1,-5,-1,-1,-5,0,average
745,100,243,0.05,3,2,clustered,0.5;-0.15,-1,-1,5,-6,0,-1,-6,-1,-1,-6,0,average
744,100,227,0.05,3,2,clustered,0.5;-0.15,8,8,6,2,0,-1,-7,-1,-1,-7,0,average
743,100,230,0.05,4,3,clustered,0.5;-0.15,40,22,5,35,12,-1,-6,-1,-1,-6,4,average
741,100,253,0.05,7,6,clustered,0.5;-0.15,-1,-1,5,-6,4,-1,-6,-1,-1,-6,2,average
740,100,258,0.05,5,4,clustered,0.5;-0.15,-1,-1,5,-6,16,-1,-6,-1,-1,-6,6,average
739,100,241,0.05,3,2,clustered,0.5;-0.15,18,6,4,14,8,-1,-5,-1,-1,-5,4,average
738,100,247,0.05,4,3,clustered,0.5;-0.15,-1,-1,6,-7,4,-1,-7,-1,-1,-7,2,average
737,100,255,0.05,5,4,clustered,0.5;-0.15,-1,-1,5,-6,0,-1,-6,-1,-1,-6,0,average
736,100,259,0.05,6,5,clustered,0.5;-0.15,24,6,4,20,2,6,2,6,6,2,2,average
735,100,231,0.05,6,5,clustered,0.5;-0.15,7,29,5,2,6,11,6,11,11,6,4,average
733,100,256,0.05,5,4,clustered,0.5;-0.15,11,29,5,6,4,19,14,19,19,14,2,average
732,100,244,0.05,3,2,clustered,0.5;-0.15,24,20,4,20,0,-1,-5,-1,-1,-5,0,average
728,100,273,0.05,3,2,clustered,0.5;-0.15,6,12,4,2,0,10,6,10,10,6,0,average
727,100,255,0.05,5,4,clustered,0.5;-0.15,14,14,5,9,10,-1,-6,-1,-1,-6,4,average
726,100,225,0.05,4,3,clustered,0.5;-0.15,27,27,6,21,6,-1,-7,-1,-1,-7,2,average
725,100,227,0.05,1,0,clustered,0.5;-0.15,5,5,5,0,6,5,0,5,5,0,6,average
722,100,262,0.05,4,3,clustered,0.5;-0.15,-1,-1,5,-6,0,-1,-6,-1,-1,-6,0,average
721,100,249,0.05,2,1,clustered,0.5;-0.15,8,10,4,4,0,6,2,6,6,2,0,average
720,100,273,0.05,3,2,clustered,0.5;-0.15,5,33,5,0,0,-1,-6,-1,-1,-6,0,average
719,100,216,0.05,5,4,clustered,0.5;-0.15,-1,-1,5,-6,0,-1,-6,-1,-1,-6,0,average
717,100,224,0.05,6,5,clustered,0.5;-0.15,24,38,4,20,0,-1,-5,-1,-1,-5,0,average
716,100,230,0.05,3,2,clustered,0.5;-0.15,8,10,4,4,0,-1,-5,-1,-1,-5,0,average
715,100,259,0.05,4,3,clustered,0.5;-0.15,-1,-1,5,-6,0,-1,-6,-1,-1,-6,0,average
714,100,257,0.05,5,4,clustered,0.5;-0.15,-1,-1,5,-6,0,-1,-6,-1,-1,-6,0,average
713,100,252,0.05,4,3,clustered,0.5;-0.15,28,6,4,24,0,8,4,6,6,2,0,average
711,100,221,0.05,3,2,clustered,0.5;-0.15,-1,-1,6,-7,0,-1,-7,-1,-1,-7,0,average
710,100,252,0.05,3,2,clustered,0.5;-0.15,11,11,4,7,0,-1,-5,-1,-1,-5,0,average
708,100,241,0.05,2,1,clustered,0.5;-0.15,-1,-1,4,-5,8,-1,-5,-1,-1,-5,4,average
707,100,277,0.05,5,4,clustered,0.5;-0.15,12,12,4,8,0,-1,-5,-1,-1,-5,0,average
704,100,223,0.05,4,3,clustered,0.5;-0.15,2,2,2,0,8,2,0,2,2,0,4,average
702,100,238,0.05,3,2,clustered,0.5;-0.15,-1,-1,6,-7,14,-1,-7,-1,-1,-7,8,average
701,100,284,0.05,2,1,clustered,0.5;-0.15,5,7,5,0,18,-1,-6,-1,-1,-6,12,average
700,100,268,0.05,5,4,clustered,0.5;-0.15,34,6,4,30,8,6,2,16,16,12,4,average
699,100,256,0.05,6,5,clustered,0.5;-0.15,14,12,5,9,0,-1,-6,-1,-1,-6,0,average
698,100,218,0.05,3,2,clustered,0.5;-0.15,4,6,4,0,0,6,2,6,6,2,0,average
697,100,221,0.05,4,3,clustered,0.5;-0.15,11,30,5,6,0,-1,-6,-1,-1,-6,0,average
696,100,252,0.05,3,2,clustered,0.5;-0.15,11,21,5,6,0,13,8,13,13,8,0,average
695,100,237,0.05,5,4,clustered,0.5;-0.15,2,2,2,0,0,2,0,2,2,0,0,average
694,100,209,0.05,3,2,clustered,0.5;-0.15,12,16,6,6,4,-1,-7,-1,-1,-7,2,average
693,100,275,0.05,6,5,clustered,0.5;-0.15,46,54,6,40,0,-1,-7,-1,-1,-7,0,average
690,100,239,0.05,3,2,clustered,0.5;-0.15,32,40,6,26,18,-1,-7,-1,-1,-7,8,average
689,100,248,0.05,5,4,clustered,0.5;-0.15,-1,-1,5,-6,0,-1,-6,-1,-1,-6,0,average
688,100,226,0.05,4,3,clustered,0.5;-0.15,23,39,5,18,0,-1,-6,-1,-1,-6,0,average
686,100,227,0.05,4,3,clustered,0.5;-0.15,4,28,4,0,16,10,6,10,10,6,8,average
684,100,250,0.05,5,4,clustered,0.5;-0.15,-1,-1,4,-5,0,-1,-5,-1,-1,-5,0,average
682,100,262,0.05,5,4,clustered,0.5;-0.15,21,35,5,16,0,15,10,19,19,14,0,average
681,100,261,0.05,3,2,clustered,0.5;-0.15,10,28,4,6,0,-1,-5,-1,-1,-5,0,average
680,100,238,0.05,3,2,clustered,0.5;-0.15,-1,-1,5,-6,10,-1,-6,-1,-1,-6,4,average
678,100,248,0.05,4,3,clustered,0.5;-0.15,-1,-1,5,-6,0,-1,-6,-1,-1,-6,0,average
677,100,258,0.05,5,4,clustered,0.5;-0.15,31,21,5,26,0,15,10,11,11,6,0,average
676,100,222,0.05,3,2,clustered,0.5;-0.15,2,2,2,0,0,2,0,2,2,0,0,average
675,100,258,0.05,4,3,clustered,0.5;-0.15,22,32,4,18,0,12,8,12,12,8,0,average
673,100,281,0.05,8,7,clustered,0.5;-0.15,7,7,3,4,6,3,0,5,5,2,2,average
672,100,276,0.05,1,0,clustered,0.5;-0.15,-1,-1,4,-5,0,-1,-5,-1,-1,-5,0,average
671,100,234,0.05,2,1,clustered,0.5;-0.15,16,8,6,10,16,-1,-7,18,8,12,8,average
670,100,249,0.05,6,5,clustered,0.5;-0.15,11,11,5,6,0,11,6,11,11,6,0,average
669,100,237,0.05,4,3,clustered,0.5;-0.15,22,34,4,18,0,-1,-5,-1,-1,-5,0,average
668,100,257,0.05,4,3,clustered,0.5;-0.15,20,16,5,15,0,-1,-6,-1,-1,-6,0,average
664,100,262,0.05,4,3,clustered,0.5;-0.15,5,3,3,2,0,3,0,3,3,0,0,average
663,100,238,0.05,6,5,clustered,0.5;-0.15,-1,-1,4,-5,0,-1,-5,-1,-1,-5,0,average
662,100,240,0.05,1,0,clustered,0.5;-0.15,4,4,4,0,0,4,0,4,4,0,0,average
660,100,223,0.05,2,1,clustered,0.5;-0.15,3,9,3,0,0,-1,-4,-1,-1,-4,0,average
659,100,253,0.05,4,3,clustered,0.5;-0.15,8,10,3,5,6,-1,-4,12,10,9,2,average
656,100,243,0.05,4,3,clustered,0.5;-0.15,9,11,5,4,0,11,6,11,11,6,0,average
655,100,260,0.05,4,3,clustered,0.5;-0.15,-1,-1,6,-7,0,-1,-7,-1,-1,-7,0,average
654,100,249,0.05,8,7,clustered,0.5;-0.15,-1,-1,5,-6,0,-1,-6,-1,-1,-6,0,average
651,100,248,0.05,5,4,clustered,0.5;-0.15,-1,-1,5,-6,8,-1,-6,-1,-1,-6,4,average
650,100,247,0.05,4,3,clustered,0.5;-0.15,-1,-1,7,-8,0,-1,-8,-1,-1,-8,0,average
649,100,234,0.05,4,3,clustered,0.5;-0.15,4,6,4,0,0,4,0,4,4,0,0,average
648,100,230,0.05,1,0,clustered,0.5;-0.15,-1,-1,5,-6,0,-1,-6,-1,-1,-6,0,average
647,100,251,0.05,5,4,clustered,0.5;-0.15,3,3,3,0,0,3,0,3,3,0,0,average
646,100,256,0.05,3,2,clustered,0.5;-0.15,5,19,5,0,0,13,8,13,13,8,0,average
645,100,232,0.05,2,1,clustered,0.5;-0.15,-1,-1,5,-6,0,-1,-6,-1,-1,-6,0,average
643,100,230,0.05,4,3,clustered,0.5;-0.15,-1,-1,5,-6,0,-1,-6,-1,-1,-6,0,average
641,100,214,0.05,2,1,clustered,0.5;-0.15,27,13,6,21,0,-1,-7,-1,-1,-7,0,average
640,100,255,0.05,4,3,clustered,0.5;-0.15,4,44,4,0,18,22,18,16,26,12,8,average
639,100,242,0.05,4,3,clustered,0.5;-0.15,7,13,4,3,0,-1,-5,-1,-1,-5,0,average
638,100,239,0.05,1,0,clustered,0.5;-0.15,-1,-1,7,-8,6,-1,-8,-1,-1,-8,6,average
637,100,276,0.05,4,3,clustered,0.5;-0.15,12,34,6,6,12,-1,-7,22,16,16,4,average
636,100,251,0.05,2,1,clustered,0.5;-0.15,33,7,5,28,14,-1,-6,-1,-1,-6,8,average
635,100,258,0.05,6,5,clustered,0.5;-0.15,-1,-1,5,-6,6,-1,-6,-1,-1,-6,2,average
634,100,263,0.05,7,6,clustered,0.5;-0.15,8,14,4,4,2,8,4,8,8,4,2,average
633,100,265,0.05,6,5,clustered,0.5;-0.15,5,21,3,2,22,3,0,5,5,2,8,average
632,100,252,0.05,2,1,clustered,0.5;-0.15,10,3,3,7,20,3,0,3,3,0,12,average
631,100,250,0.05,4,3,clustered,0.5;-0.15,18,18,4,14,12,-1,-5,10,10,6,6,average
630,100,254,0.05,4,3,clustered,0.5;-0.15,10,15,5,5,10,17,12,13,27,8,4,average
628,100,241,0.05,5,4,clustered,0.5;-0.15,23,15,6,17,14,-1,-7,15,15,9,6,average
627,100,240,0.05,5,4,clustered,0.5;-0.15,-1,-1,6,-7,0,-1,-7,-1,-1,-7,0,average
626,100,266,0.05,6,5,clustered,0.5;-0.15,3,3,3,0,0,3,0,3,3,0,0,average
625,100,257,0.05,4,3,clustered,0.5;-0.15,-1,-1,5,-6,8,-1,-6,-1,-1,-6,4,average
624,100,249,0.05,4,3,clustered,0.5;-0.15,-1,-1,5,-6,4,-1,-6,-1,-1,-6,2,average
623,100,241,0.05,5,4,clustered,0.5;-0.15,-1,-1,5,-6,6,-1,-6,-1,-1,-6,2,average
622,100,284,0.05,6,5,clustered,0.5;-0.15,11,7,3,8,16,5,2,5,5,2,6,average
621,100,264,0.05,7,6,clustered,0.5;-0.15,40,36,4,36,10,-1,-5,-1,-1,-5,4,average
620,100,222,0.05,5,4,clustered,0.5;-0.15,8,8,4,4,0,12,8,8,8,4,0,average
619,100,248,0.05,6,5,clustered,0.5;-0.15,-1,-1,5,-6,4,-1,-6,-1,-1,-6,2,average
617,100,256,0.05,6,5,clustered,0.5;-0.15,10,10,4,6,2,10,6,10,10,6,2,average
616,100,240,0.05,3,2,clustered,0.5;-0.15,8,4,4,4,0,4,0,4,4,0,0,average
614,100,237,0.05,6,5,clustered,0.5;-0.15,-1,-1,4,-5,0,-1,-5,-1,-1,-5,0,average
613,100,220,0.05,6,5,clustered,0.5;-0.15,-1,-1,5,-6,0,-1,-6,-1,-1,-6,0,average
611,100,260,0.05,2,1,clustered,0.5;-0.15,-1,-1,5,-6,0,-1,-6,-1,-1,-6,0,average
610,100,241,0.05,3,2,clustered,0.5;-0.15,10,8,4,6,20,-1,-5,-1,-1,-5,8,average
608,100,228,0.05,5,4,clustered,0.5;-0.15,6,26,4,2,12,8,4,8,8,4,8,average
607,100,253,0.05,6,5,clustered,0.5;-0.15,16,14,5,11,0,17,12,17,17,12,0,average
605,100,233,0.05,7,6,clustered,0.5;-0.15,2,2,2,0,0,2,0,2,2,0,0,average
604,100,263,0.05,4,3,clustered,0.5;-0.15,4,8,4,0,0,6,2,6,6,2,0,average
603,100,232,0.05,4,3,clustered,0.5;-0.15,39,31,5,34,16,-1,-6,-1,-1,-6,6,average
602,100,224,0.05,2,1,clustered,0.5;-0.15,9,15,3,6,0,3,0,3,3,0,0,average
601,100,258,0.05,6,5,clustered,0.5;-0.15,-1,-1,7,-8,0,-1,-8,-1,-1,-8,0,average
600,100,225,0.05,4,3,clustered,0.5;-0.15,10,10,4,6,0,10,6,10,10,6,0,average
599,100,253,0.05,3,2,clustered,0.5;-0.15,13,9,4,9,26,-1,-5,17,17,13,10,average
598,100,212,0.05,2,1,clustered,0.5;-0.15,-1,-1,5,-6,20,-1,-6,-1,-1,-6,10,average
597,100,247,0.05,3,2,clustered,0.5;-0.15,28,38,5,23,0,-1,-6,-1,-1,-6,0,average
596,100,285,0.05,3,2,clustered,0.5;-0.15,-1,-1,6,-7,0,-1,-7,-1,-1,-7,0,average
595,100,256,0.05,4,3,clustered,0.5;-0.15,3,3,3,0,0,3,0,3,3,0,0,average
594,100,255,0.05,6,5,clustered,0.5;-0.15,3,5,3,0,0,5,2,5,5,2,0,average
592,100,245,0.05,3,2,clustered,0.5;-0.15,4,4,4,0,0,4,0,4,4,0,0,average
591,100,223,0.05,3,2,clustered,0.5;-0.15,11,11,5,6,0,13,8,13,13,8,0,average
590,100,238,0.05,3,2,clustered,0.5;-0.15,31,9,5,26,0,-1,-6,-1,-1,-6,0,average
589,100,247,0.05,4,3,clustered,0.5;-0.15,13,17,5,8,0,17,12,17,17,12,0,average
588,100,233,0.05,6,5,clustered,0.5;-0.15,-1,-1,4,-5,4,-1,-5,-1,-1,-5,2,average
587,100,258,0.05,3,2,clustered,0.5;-0.15,8,8,4,4,12,8,4,8,8,4,6,average
585,100,236,0.05,4,3,clustered,0.5;-0.15,-1,-1,4,-5,0,-1,-5,-1,-1,-5,0,average
582,100,239,0.05,3,2,clustered,0.5;-0.15,19,19,4,15,30,-1,-5,-1,-1,-5,14,average
581,100,274,0.05,6,5,clustered,0.5;-0.15,-1,-1,6,-7,0,-1,-7,-1,-1,-7,0,average
578,100,260,0.05,3,2,clustered,0.5;-0.15,3,29,3,0,0,7,4,7,7,4,0,average
577,100,261,0.05,4,3,clustered,0.5;-0.15,14,10,4,10,0,-1,-5,-1,-1,-5,0,average
573,100,256,0.05,4,3,clustered,0.5;-0.15,46,12,6,40,0,-1,-7,-1,-1,-7,0,average
572,100,252,0.05,3,2,clustered,0.5;-0.15,-1,-1,4,-5,0,-1,-5,-1,-1,-5,0,average
571,100,258,0.05,4,3,clustered,0.5;-0.15,11,9,5,6,0,15,10,15,15,10,0,average
569,100,247,0.05,1,0,clustered,0.5;-0.15,-1,-1,6,-7,6,-1,-7,-1,-1,-7,6,average
568,100,251,0.05,4,3,clustered,0.5;-0.15,-1,-1,4,-5,0,-1,-5,-1,-1,-5,0,average
567,100,248,0.05,3,2,clustered,0.5;-0.15,-1,-1,5,-6,8,-1,-6,-1,-1,-6,4,average
566,100,226,0.05,6,5,clustered,0.5;-0.15,3,3,3,0,8,3,0,3,3,0,4,average
565,100,248,0.05,6,5,clustered,0.5;-0.15,-1,-1,6,-7,16,-1,-7,-1,-1,-7,6,average
564,100,217,0.05,5,4,clustered,0.5;-0.15,-1,-1,5,-6,4,-1,-6,-1,-1,-6,2,average
563,100,238,0.05,3,2,clustered,0.5;-0.15,-1,-1,4,-5,0,-1,-5,-1,-1,-5,0,average
562,100,250,0.05,3,2,clustered,0.5;-0.15,4,10,4,0,0,10,6,10,10,6,0,average
561,100,232,0.05,4,3,clustered,0.5;-0.15,-1,-1,6,-7,0,-1,-7,-1,-1,-7,0,average
559,100,248,0.05,4,3,clustered,0.5;-0.15,8,8,4,4,0,8,4,12,12,8,0,average
558,100,267,0.05,6,5,clustered,0.5;-0.15,34,10,4,30,0,10,6,10,10,6,0,average
557,100,256,0.05,6,5,clustered,0.5;-0.15,5,5,3,2,6,5,2,5,5,2,2,average
556,100,251,0.05,4,3,clustered,0.5;-0.15,-1,-1,6,-7,0,-1,-7,-1,-1,-7,0,average
555,100,268,0.05,6,5,clustered,0.5;-0.15,45,49,5,40,0,-1,-6,-1,-1,-6,0,average
554,100,238,0.05,3,2,clustered,0.5;-0.15,4,38,4,0,12,8,4,8,22,4,8,average
553,100,254,0.05,4,3,clustered,0.5;-0.15,8,12,4,4,4,4,0,4,4,0,2,average
552,100,251,0.05,6,5,clustered,0.5;-0.15,9,9,3,6,4,10,7,10,10,7,2,average
550,100,244,0.05,6,5,clustered,0.5;-0.15,-1,-1,7,-8,14,-1,-8,-1,-1,-8,8,average
549,100,242,0.05,1,0,clustered,0.5;-0.15,3,3,3,0,0,3,0,3,3,0,0,average
548,100,248,0.05,3,2,clustered,0.5;-0.15,-1,-1,7,-8,16,-1,-8,-1,-1,-8,6,average
546,100,242,0.05,6,5,clustered,0.5;-0.15,11,7,5,6,4,11,6,11,11,6,2,average
545,100,284,0.05,6,5,clustered,0.5;-0.15,2,2,2,0,0,2,0,2,2,0,0,average
542,100,250,0.05,3,2,clustered,0.5;-0.15,24,6,5,19,16,-1,-6,-1,-1,-6,6,average
540,100,241,0.05,3,2,clustered,0.5;-0.15,32,32,5,27,8,20,15,20,20,15,4,average
539,100,268,0.05,5,4,clustered,0.5;-0.15,4,30,4,0,0,8,4,8,8,4,0,average
538,100,222,0.05,5,4,clustered,0.5;-0.15,26,46,6,20,4,-1,-7,-1,-1,-7,2,average
537,100,231,0.05,5,4,clustered,0.5;-0.15,36,26,5,31,0,24,19,24,24,19,0,average
536,100,279,0.05,5,4,clustered,0.5;-0.15,-1,-1,6,-7,6,-1,-7,-1,-1,-7,2,average
535,100,260,0.05,6,5,clustered,0.5;-0.15,26,16,4,22,0,16,12,16,16,12,0,average
533,100,231,0.05,4,3,clustered,0.5;-0.15,8,23,4,4,32,-1,-5,14,24,10,16,average
532,100,245,0.05,5,4,clustered,0.5;-0.15,35,17,4,31,0,15,11,15,15,11,0,average
531,100,261,0.05,6,5,clustered,0.5;-0.15,24,24,4,20,0,16,12,12,12,8,0,average
530,100,269,0.05,4,3,clustered,0.5;-0.15,39,27,4,35,0,-1,-5,-1,-1,-5,0,average
529,100,259,0.05,3,2,clustered,0.5;-0.15,18,4,4,14,6,10,6,4,4,0,2,average
528,100,272,0.05,7,6,clustered,0.5;-0.15,21,8,4,17,6,6,2,8,8,4,2,average
527,100,256,0.05,3,2,clustered,0.5;-0.15,46,41,5,41,12,-1,-6,-1,-1,-6,4,average
526,100,237,0.05,4,3,clustered,0.5;-0.15,2,2,2,0,0,2,0,2,2,0,0,average
522,100,255,0.05,4,3,clustered,0.5;-0.15,-1,-1,5,-6,14,-1,-6,-1,-1,-6,6,average
521,100,234,0.05,3,2,clustered,0.5;-0.15,-1,-1,6,-7,4,-1,-7,-1,-1,-7,2,average
520,100,243,0.05,7,6,clustered,0.5;-0.15,2,2,2,0,0,2,0,2,2,0,0,average
519,100,255,0.05,3,2,clustered,0.5;-0.15,-1,-1,6,-7,0,-1,-7,-1,-1,-7,0,average
517,100,230,0.05,3,2,clustered,0.5;-0.15,15,9,4,11,0,4,0,14,14,10,0,average
516,100,264,0.05,2,1,clustered,0.5;-0.15,-1,-1,4,-5,12,-1,-5,-1,-1,-5,6,average
515,100,257,0.05,6,5,clustered,0.5;-0.15,3,3,3,0,0,3,0,3,3,0,0,average
514,100,258,0.05,3,2,clustered,0.5;-0.15,-1,-1,5,-6,28,-1,-6,-1,-1,-6,10,average
513,100,265,0.05,5,4,clustered,0.5;-0.15,5,5,3,2,0,5,2,5,5,2,0,average
512,100,242,0.05,5,4,clustered,0.5;-0.15,-1,-1,4,-5,0,-1,-5,-1,-1,-5,0,average
510,100,235,0.05,6,5,clustered,0.5;-0.15,-1,-1,4,-5,0,-1,-5,-1,-1,-5,0,average
509,100,275,0.05,6,5,clustered,0.5;-0.15,-1,-1,4,-5,4,-1,-5,-1,-1,-5,2,average
508,100,257,0.05,4,3,clustered,0.5;-0.15,20,20,4,16,0,4,0,8,8,4,0,average
506,100,254,0.05,5,4,clustered,0.5;-0.15,15,51,5,10,0,13,8,13,13,8,0,average
504,100,239,0.05,2,1,clustered,0.5;-0.15,-1,-1,6,-7,0,-1,-7,-1,-1,-7,0,average
502,100,262,0.05,5,4,clustered,0.5;-0.15,14,11,5,9,8,-1,-6,-1,-1,-6,4,average
501,100,237,0.05,4,3,clustered,0.5;-0.15,-1,-1,6,-7,16,-1,-7,-1,-1,-7,8,average
499,100,253,0.05,5,4,clustered,0.5;-0.15,24,4,4,20,18,4,0,4,4,0,6,average
498,100,244,0.05,3,2,clustered,0.5;-0.15,42,42,6,36,0,-1,-7,-1,-1,-7,0,average
497,100,242,0.05,5,4,clustered,0.5;-0.15,-1,-1,6,-7,8,-1,-7,-1,-1,-7,4,average
496,100,274,0.05,4,3,clustered,0.5;-0.15,26,30,4,22,4,-1,-5,-1,-1,-5,2,average
494,100,254,0.05,5,4,clustered,0.5;-0.15,31,47,5,26,0,17,12,17,17,12,0,average
493,100,218,0.05,5,4,clustered,0.5;-0.15,-1,-1,5,-6,4,-1,-6,-1,-1,-6,2,average
490,100,257,0.05,4,3,clustered,0.5;-0.15,24,20,4,20,0,8,4,8,8,4,0,average
489,100,262,0.05,6,5,clustered,0.5;-0.15,24,24,6,18,4,-1,-7,-1,-1,-7,2,average
488,100,257,0.05,4,3,clustered,0.5;-0.15,5,3,3,2,0,3,0,3,3,0,0,average
487,100,227,0.05,3,2,clustered,0.5;-0.15,16,16,6,10,0,-1,-7,-1,-1,-7,0,average
486,100,253,0.05,5,4,clustered,0.5;-0.15,44,48,4,40,12,-1,-5,-1,-1,-5,4,average
484,100,231,0.05,3,2,clustered,0.5;-0.15,20,6,4,16,0,10,6,10,10,6,0,average
482,100,228,0.05,3,2,clustered,0.5;-0.15,27,11,7,20,10,-1,-8,25,15,18,6,average
480,100,257,0.05,7,6,clustered,0.5;-0.15,-1,-1,4,-5,0,-1,-5,-1,-1,-5,0,average
478,100,238,0.05,4,3,clustered,0.5;-0.15,10,22,4,6,0,-1,-5,-1,-1,-5,0,average
476,100,265,0.05,2,1,clustered,0.5;-0.15,19,7,6,13,8,-1,-7,14,12,8,4,average
475,100,264,0.05,5,4,clustered,0.5;-0.15,42,76,4,38,16,-1,-5,-1,-1,-5,8,average
472,100,246,0.05,5,4,clustered,0.5;-0.15,-1,-1,5,-6,12,-1,-6,-1,-1,-6,4,average
470,100,248,0.05,3,2,clustered,0.5;-0.15,8,8,4,4,0,8,4,8,8,4,0,average
469,100,239,0.05,5,4,clustered,0.5;-0.15,20,24,5,15,0,-1,-6,-1,-1,-6,0,average
468,100,273,0.05,4,3,clustered,0.5;-0.15,6,4,4,2,10,4,0,12,14,8,4,average
466,100,250,0.05,3,2,clustered,0.5;-0.15,3,15,3,0,6,3,0,3,3,0,2,average
465,100,282,0.05,6,5,clustered,0.5;-0.15,3,3,3,0,10,3,0,3,3,0,4,average
464,100,250,0.05,3,2,clustered,0.5;-0.15,7,9,4,3,12,-1,-5,11,17,7,4,average
463,100,272,0.05,5,4,clustered,0.5;-0.15,3,3,3,0,0,3,0,3,3,0,0,average
462,100,265,0.05,5,4,clustered,0.5;-0.15,-1,-1,5,-6,0,-1,-6,-1,-1,-6,0,average
461,100,232,0.05,3,2,clustered,0.5;-0.15,12,26,5,7,0,-1,-6,-1,-1,-6,0,average
460,100,264,0.05,5,4,clustered,0.5;-0.15,-1,-1,4,-5,12,-1,-5,-1,-1,-5,4,average
459,100,238,0.05,2,1,clustered,0.5;-0.15,3,15,3,0,22,5,2,5,13,2,12,average
456,100,235,0.05,5,4,clustered,0.5;-0.15,9,45,4,5,0,-1,-5,-1,-1,-5,0,average
450,100,248,0.05,6,5,clustered,0.5;-0.15,8,8,4,4,2,12,8,8,8,4,2,average
447,100,260,0.05,6,5,clustered,0.5;-0.15,3,3,3,0,0,3,0,3,3,0,0,average
446,100,235,0.05,4,3,clustered,0.5;-0.15,-1,-1,6,-7,20,-1,-7,-1,-1,-7,8,average
445,100,238,0.05,3,2,clustered,0.5;-0.15,21,21,5,16,0,-1,-6,-1,-1,-6,0,average
442,100,259,0.05,5,4,clustered,0.5;-0.15,-1,-1,6,-7,0,-1,-7,-1,-1,-7,0,average
440,100,255,0.05,2,1,clustered,0.5;-0.15,3,9,3,0,12,3,0,3,9,0,6,average
439,100,244,0.05,3,2,clustered,0.5;-0.15,9,39,5,4,20,-1,-6,17,9,12,8,average
438,100,228,0.05,2,1,clustered,0.5;-0.15,-1,-1,6,-7,0,-1,-7,-1,-1,-7,0,average
437,100,246,0.05,5,4,clustered,0.5;-0.15,35,41,5,30,4,-1,-6,-1,-1,-6,2,average
436,100,228,0.05,6,5,clustered,0.5;-0.15,11,13,4,7,0,-1,-5,-1,-1,-5,0,average
435,100,289,0.05,2,1,clustered,0.5;-0.15,5,5,5,0,0,-1,-6,-1,-1,-6,0,average
434,100,246,0.05,3,2,clustered,0.5;-0.15,10,12,4,6,0,-1,-5,-1,-1,-5,0,average
433,100,234,0.05,2,1,clustered,0.5;-0.15,4,14,4,0,0,4,0,4,4,0,0,average
432,100,239,0.05,4,3,clustered,0.5;-0.15,-1,-1,5,-6,8,-1,-6,-1,-1,-6,4,average
431,100,255,0.05,6,5,clustered,0.5;-0.15,-1,-1,4,-5,0,-1,-5,-1,-1,-5,0,average
429,100,245,0.05,3,2,clustered,0.5;-0.15,-1,-1,5,-6,20,-1,-6,-1,-1,-6,8,average
425,100,234,0.05,1,0,clustered,0.5;-0.15,-1,-1,4,-5,0,-1,-5,-1,-1,-5,0,average
424,100,233,0.05,6,5,clustered,0.5;-0.15,19,21,4,15,0,15,11,19,19,15,0,average
423,100,237,0.05,4,3,clustered,0.5;-0.15,10,16,6,4,4,-1,-7,22,18,16,2,average
422,100,245,0.05,3,2,clustered,0.5;-0.15,2,2,2,0,16,2,0,2,2,0,8,average
420,100,256,0.05,2,1,clustered,0.5;-0.15,-1,-1,8,-9,18,-1,-9,-1,-1,-9,10,average
419,100,255,0.05,6,5,clustered,0.5;-0.15,-1,-1,5,-6,0,-1,-6,-1,-1,-6,0,average
417,100,284,0.05,6,5,clustered,0.5;-0.15,3,5,3,0,28,5,2,5,5,2,10,average
416,100,246,0.05,2,1,clustered,0.5;-0.15,4,4,4,0,0,6,2,6,6,2,0,average
415,100,223,0.05,5,4,clustered,0.5;-0.15,19,19,5,14,0,-1,-6,-1,-1,-6,0,average
414,100,246,0.05,4,3,clustered,0.5;-0.15,-1,-1,5,-6,8,-1,-6,-1,-1,-6,4,average
413,100,240,0.05,4,3,clustered,0.5;-0.15,37,33,5,32,0,-1,-6,-1,-1,-6,0,average
412,100,232,0.05,3,2,clustered,0.5;-0.15,44,44,5,39,0,-1,-6,-1,-1,-6,0,average
411,100,235,0.05,2,1,clustered,0.5;-0.15,4,4,3,1,0,-1,-4,-1,-1,-4,0,average
410,100,255,0.05,3,2,clustered,0.5;-0.15,10,10,4,6,0,-1,-5,-1,-1,-5,0,average
408,100,245,0.05,5,4,clustered,0.5;-0.15,42,8,4,38,0,8,4,8,8,4,0,average
407,100,255,0.05,6,5,clustered,0.5;-0.15,6,26,4,2,0,14,10,10,10,6,0,average
406,100,261,0.05,5,4,clustered,0.5;-0.15,-1,-1,6,-7,0,-1,-7,-1,-1,-7,0,average
405,100,247,0.05,3,2,clustered,0.5;-0.15,3,3,3,0,0,3,0,3,3,0,0,average
404,100,263,0.05,2,1,clustered,0.5;-0.15,-1,-1,4,-5,4,-1,-5,-1,-1,-5,2,average
403,100,256,0.05,2,1,clustered,0.5;-0.15,17,7,4,13,0,-1,-5,-1,-1,-5,0,average
401,100,221,0.05,5,4,clustered,0.5;-0.15,-1,-1,5,-6,24,-1,-6,-1,-1,-6,14,average
399,100,261,0.05,2,1,clustered,0.5;-0.15,13,13,5,8,0,7,2,7,7,2,0,average
398,100,236,0.05,4,3,clustered,0.5;-0.15,3,3,3,0,6,3,0,3,3,0,4,average
397,100,240,0.05,2,1,clustered,0.5;-0.15,3,7,3,0,0,3,0,3,3,0,0,average
396,100,237,0.05,4,3,clustered,0.5;-0.15,22,24,5,17,10,-1,-6,22,16,17,4,average
395,100,253,0.05,4,3,clustered,0.5;-0.15,29,45,4,25,0,17,13,17,17,13,0,average
394,100,221,0.05,2,1,clustered,0.5;-0.15,12,4,4,8,28,6,2,4,4,0,14,average
393,100,241,0.05,3,2,clustered,0.5;-0.15,-1,-1,6,-7,0,-1,-7,-1,-1,-7,0,average
392,100,239,0.05,1,0,clustered,0.5;-0.15,-1,-1,7,-8,10,-1,-8,-1,-1,-8,10,average
391,100,228,0.05,5,4,clustered,0.5;-0.15,31,35,5,26,0,-1,-6,-1,-1,-6,0,average
390,100,248,0.05,3,2,clustered,0.5;-0.15,-1,-1,7,-8,0,-1,-8,-1,-1,-8,0,average
389,100,207,0.05,4,3,clustered,0.5;-0.15,3,3,3,0,6,3,0,3,3,0,4,average
388,100,232,0.05,2,1,clustered,0.5;-0.15,-1,-1,5,-6,0,-1,-6,-1,-1,-6,0,average
387,100,258,0.05,4,3,clustered,0.5;-0.15,46,20,4,42,0,6,2,6,6,2,0,average
386,100,242,0.05,3,2,clustered,0.5;-0.15,24,6,4,20,0,6,2,6,6,2,0,average
385,100,242,0.05,3,2,clustered,0.5;-0.15,21,21,5,16,0,-1,-6,-1,-1,-6,0,average
384,100,268,0.05,2,1,clustered,0.5;-0.15,8,12,4,4,12,-1,-5,-1,-1,-5,6,average
383,100,259,0.05,3,2,clustered,0.5;-0.15,-1,-1,6,-7,0,-1,-7,-1,-1,-7,0,average
381,100,265,0.05,5,4,clustered,0.5;-0.15,19,13,4,15,0,10,6,10,10,6,0,average
379,100,229,0.05,4,3,clustered,0.5;-0.15,3,3,3,0,0,3,0,3,3,0,0,average
378,100,249,0.05,5,4,clustered,0.5;-0.15,-1,-1,6,-7,6,-1,-7,-1,-1,-7,2,average
375,100,252,0.05,5,4,clustered,0.5;-0.15,59,9,6,53,6,-1,-7,-1,-1,-7,2,average
374,100,241,0.05,4,3,clustered,0.5;-0.15,16,36,5,11,0,-1,-6,-1,-1,-6,0,average
373,100,232,0.05,3,2,clustered,0.5;-0.15,10,6,4,6,0,-1,-5,-1,-1,-5,0,average
372,100,254,0.05,3,2,clustered,0.5;-0.15,16,3,3,13,30,3,0,3,3,0,12,average
371,100,247,0.05,5,4,clustered,0.5;-0.15,2,2,2,0,0,2,0,2,2,0,0,average
369,100,237,0.05,3,2,clustered,0.5;-0.15,-1,-1,5,-6,0,-1,-6,-1,-1,-6,0,average
366,100,233,0.05,5,4,clustered,0.5;-0.15,23,11,5,18,2,-1,-6,-1,-1,-6,2,average
364,100,235,0.05,4,3,clustered,0.5;-0.15,-1,-1,6,-7,20,-1,-7,-1,-1,-7,8,average
363,100,259,0.05,3,2,clustered,0.5;-0.15,3,3,3,0,0,3,0,3,3,0,0,average
362,100,245,0.05,4,3,clustered,0.5;-0.15,23,27,5,18,6,13,8,7,17,2,2,average
360,100,245,0.05,4,3,clustered,0.5;-0.15,-1,-1,5,-6,0,-1,-6,-1,-1,-6,0,average
359,100,256,0.05,4,3,clustered,0.5;-0.15,12,18,4,8,22,-1,-5,16,12,12,10,average
358,100,264,0.05,2,1,clustered,0.5;-0.15,-1,-1,6,-7,16,-1,-7,-1,-1,-7,8,average
357,100,241,0.05,3,2,clustered,0.5;-0.15,19,19,5,14,12,-1,-6,-1,-1,-6,6,average
356,100,240,0.05,3,2,clustered,0.5;-0.15,-1,-1,6,-7,0,-1,-7,-1,-1,-7,0,average
355,100,245,0.05,3,2,clustered,0.5;-0.15,4,38,4,0,6,-1,-5,-1,-1,-5,2,average
354,100,246,0.05,4,3,clustered,0.5;-0.15,40,40,6,34,0,-1,-7,-1,-1,-7,0,average
353,100,238,0.05,4,3,clustered,0.5;-0.15,3,3,3,0,0,3,0,3,3,0,0,average
351,100,261,0.05,6,5,clustered,0.5;-0.15,-1,-1,6,-7,22,-1,-7,-1,-1,-7,8,average
349,100,267,0.05,5,4,clustered,0.5;-0.15,9,51,5,4,20,-1,-6,-1,-1,-6,8,average
347,100,264,0.05,3,2,clustered,0.5;-0.15,19,9,5,14,20,-1,-6,-1,-1,-6,8,average
346,100,267,0.05,2,1,clustered,0.5;-0.15,7,5,4,3,0,-1,-5,-1,-1,-5,0,average
345,100,263,0.05,5,4,clustered,0.5;-0.15,30,32,5,25,0,-1,-6,-1,-1,-6,0,average
344,100,272,0.05,4,3,clustered,0.5;-0.15,24,52,5,19,12,-1,-6,-1,-1,-6,4,average
343,100,223,0.05,2,1,clustered,0.5;-0.15,-1,-1,5,-6,0,-1,-6,-1,-1,-6,0,average
342,100,254,0.05,5,4,clustered,0.5;-0.15,15,15,4,11,0,-1,-5,-1,-1,-5,0,average
341,100,259,0.05,5,4,clustered,0.5;-0.15,53,9,5,48,12,19,14,9,9,4,4,average
340,100,252,0.05,1,0,clustered,0.5;-0.15,-1,-1,8,-9,4,-1,-9,-1,-1,-9,4,average
339,100,260,0.05,4,3,clustered,0.5;-0.15,13,33,5,8,0,-1,-6,-1,-1,-6,0,average
338,100,249,0.05,4,3,clustered,0.5;-0.15,18,64,5,13,2,-1,-6,-1,-1,-6,2,average
337,100,237,0.05,4,3,clustered,0.5;-0.15,15,21,5,10,4,-1,-6,19,19,14,2,average
335,100,250,0.05,2,1,clustered,0.5;-0.15,-1,-1,7,-8,8,-1,-8,-1,-1,-8,4,average
334,100,233,0.05,5,4,clustered,0.5;-0.15,2,2,2,0,0,2,0,2,2,0,0,average
333,100,262,0.05,4,3,clustered,0.5;-0.15,23,45,4,19,8,-1,-5,-1,-1,-5,4,average
332,100,235,0.05,3,2,clustered,0.5;-0.15,-1,-1,7,-8,10,-1,-8,-1,-1,-8,4,average
331,100,246,0.05,3,2,clustered,0.5;-0.15,2,2,2,0,0,2,0,2,2,0,0,average
330,100,278,0.05,3,2,clustered,0.5;-0.15,4,4,4,0,0,4,0,4,4,0,0,average
329,100,278,0.05,4,3,clustered,0.5;-0.15,4,10,4,0,6,4,0,4,4,0,4,average
326,100,251,0.05,5,4,clustered,0.5;-0.15,-1,-1,6,-7,0,-1,-7,-1,-1,-7,0,average
324,100,235,0.05,5,4,clustered,0.5;-0.15,4,8,4,0,6,18,14,4,20,0,4,average
322,100,251,0.05,6,5,clustered,0.5;-0.15,14,11,3,11,0,5,2,5,5,2,0,average
321,100,251,0.05,5,4,clustered,0.5;-0.15,3,3,3,0,0,3,0,3,3,0,0,average
320,100,254,0.05,5,4,clustered,0.5;-0.15,11,27,5,6,12,-1,-6,-1,-1,-6,4,average
319,100,240,0.05,5,4,clustered,0.5;-0.15,19,3,3,16,0,3,0,3,3,0,0,average
318,100,270,0.05,4,3,clustered,0.5;-0.15,11,11,4,7,10,-1,-5,17,19,13,4,average
317,100,222,0.05,3,2,clustered,0.5;-0.15,14,38,3,11,12,-1,-4,3,3,0,8,average
316,100,258,0.05,3,2,clustered,0.5;-0.15,-1,-1,4,-5,0,-1,-5,-1,-1,-5,0,average
314,100,248,0.05,2,1,clustered,0.5;-0.15,-1,-1,7,-8,0,-1,-8,-1,-1,-8,0,average
312,100,257,0.05,6,5,clustered,0.5;-0.15,11,13,3,8,12,17,14,17,17,14,4,average
310,100,276,0.05,6,5,clustered,0.5;-0.15,8,40,4,4,18,16,12,12,20,8,6,average
308,100,257,0.05,5,4,clustered,0.5;-0.15,4,4,4,0,0,10,6,4,4,0,0,average
305,100,210,0.05,4,3,clustered,0.5;-0.15,30,30,4,26,6,4,0,4,4,0,4,average
304,100,252,0.05,4,3,clustered,0.5;-0.15,-1,-1,7,-8,14,-1,-8,-1,-1,-8,8,average
302,100,262,0.05,4,3,clustered,0.5;-0.15,-1,-1,6,-7,12,-1,-7,-1,-1,-7,4,average
300,100,217,0.05,1,0,clustered,0.5;-0.15,9,13,7,2,8,-1,-8,9,13,2,8,average
299,100,242,0.05,4,3,clustered,0.5;-0.15,12,10,6,6,0,-1,-7,-1,-1,-7,0,average
298,100,261,0.05,4,3,clustered,0.5;-0.15,-1,-1,7,-8,6,-1,-8,-1,-1,-8,2,average
297,100,248,0.05,3,2,clustered,0.5;-0.15,7,11,5,2,0,-1,-6,-1,-1,-6,0,average
295,100,233,0.05,3,2,clustered,0.5;-0.15,32,27,6,26,22,-1,-7,14,9,8,10,average
294,100,240,0.05,3,2,clustered,0.5;-0.15,7,31,5,2,0,-1,-6,-1,-1,-6,0,average
293,100,247,0.05,2,1,clustered,0.5;-0.15,-1,-1,4,-5,0,-1,-5,-1,-1,-5,0,average
292,100,235,0.05,8,7,clustered,0.5;-0.15,-1,-1,4,-5,0,-1,-5,-1,-1,-5,0,average
291,100,257,0.05,3,2,clustered,0.5;-0.15,-1,-1,4,-5,0,-1,-5,-1,-1,-5,0,average
290,100,290,0.05,3,2,clustered,0.5;-0.15,12,18,4,8,0,6,2,6,6,2,0,average
288,100,243,0.05,3,2,clustered,0.5;-0.15,6,8,4,2,4,-1,-5,-1,-1,-5,2,average
287,100,250,0.05,4,3,clustered,0.5;-0.15,7,19,4,3,0,-1,-5,-1,-1,-5,0,average
286,100,252,0.05,3,2,clustered,0.5;-0.15,-1,-1,5,-6,0,-1,-6,-1,-1,-6,0,average
285,100,241,0.05,6,5,clustered,0.5;-0.15,8,8,3,5,12,14,11,8,8,5,6,average
283,100,257,0.05,3,2,clustered,0.5;-0.15,6,28,4,2,18,-1,-5,-1,-1,-5,6,average
282,100,253,0.05,3,2,clustered,0.5;-0.15,21,21,4,17,14,4,0,10,10,6,6,average
281,100,265,0.05,2,1,clustered,0.5;-0.15,6,6,4,2,0,9,5,9,9,5,0,average
279,100,230,0.05,3,2,clustered,0.5;-0.15,-1,-1,7,-8,4,-1,-8,-1,-1,-8,2,average
278,100,249,0.05,3,2,clustered,0.5;-0.15,21,24,5,16,0,18,13,18,18,13,0,average
277,100,235,0.05,5,4,clustered,0.5;-0.15,9,27,5,4,4,9,4,17,9,12,2,average
276,100,273,0.05,3,2,clustered,0.5;-0.15,-1,-1,6,-7,0,-1,-7,-1,-1,-7,0,average
275,100,249,0.05,2,1,clustered,0.5;-0.15,4,22,4,0,0,4,0,4,4,0,0,average
274,100,221,0.05,4,3,clustered,0.5;-0.15,-1,-1,6,-7,8,-1,-7,-1,-1,-7,4,average
273,100,244,0.05,5,4,clustered,0.5;-0.15,21,21,4,17,10,-1,-5,25,17,21,4,average
272,100,231,0.05,3,2,clustered,0.5;-0.15,-1,-1,5,-6,0,-1,-6,-1,-1,-6,0,average
271,100,241,0.05,1,0,clustered,0.5;-0.15,-1,-1,6,-7,4,-1,-7,-1,-1,-7,4,average
270,100,260,0.05,8,7,clustered,0.5;-0.15,-1,-1,5,-6,0,-1,-6,-1,-1,-6,0,average
269,100,249,0.05,1,0,clustered,0.5;-0.15,-1,-1,6,-7,6,-1,-7,-1,-1,-7,6,average
268,100,262,0.05,1,0,clustered,0.5;-0.15,9,6,5,4,8,-1,-6,9,6,4,8,average
267,100,262,0.05,3,2,clustered,0.5;-0.15,26,26,2,24,0,2,0,2,2,0,0,average
266,100,221,0.05,1,0,clustered,0.5;-0.15,3,3,3,0,0,3,0,3,3,0,0,average
265,100,260,0.05,3,2,clustered,0.5;-0.15,14,12,5,9,18,-1,-6,24,12,19,6,average
264,100,243,0.05,3,2,clustered,0.5;-0.15,-1,-1,5,-6,0,-1,-6,-1,-1,-6,0,average
262,100,243,0.05,4,3,clustered,0.5;-0.15,-1,-1,6,-7,10,-1,-7,-1,-1,-7,4,average
260,100,261,0.05,3,2,clustered,0.5;-0.15,3,7,3,0,0,3,0,3,3,0,0,average
257,100,267,0.05,3,2,clustered,0.5;-0.15,24,30,6,18,0,-1,-7,-1,-1,-7,0,average
255,100,229,0.05,3,2,clustered,0.5;-0.15,8,6,4,4,0,4,0,8,8,4,0,average
253,100,239,0.05,6,5,clustered,0.5;-0.15,59,19,4,55,0,-1,-5,-1,-1,-5,0,average
250,100,252,0.05,3,2,clustered,0.5;-0.15,3,3,3,0,0,3,0,3,3,0,0,average
249,100,256,0.05,4,3,clustered,0.5;-0.15,14,24,4,10,6,-1,-5,28,18,24,4,average
248,100,242,0.05,6,5,clustered,0.5;-0.15,-1,-1,7,-8,18,-1,-8,-1,-1,-8,8,average
247,100,270,0.05,3,2,clustered,0.5;-0.15,16,20,4,12,0,12,8,12,12,8,0,average
245,100,253,0.05,2,1,clustered,0.5;-0.15,-1,-1,5,-6,12,-1,-6,-1,-1,-6,6,average
243,100,238,0.05,6,5,clustered,0.5;-0.15,2,2,2,0,0,2,0,2,2,0,0,average
242,100,255,0.05,2,1,clustered,0.5;-0.15,18,6,4,14,0,4,0,4,4,0,0,average
240,100,249,0.05,7,6,clustered,0.5;-0.15,3,3,3,0,0,3,0,3,3,0,0,average
239,100,242,0.05,4,3,clustered,0.5;-0.15,12,6,5,7,0,-1,-6,-1,-1,-6,0,average
238,100,260,0.05,6,5,clustered,0.5;-0.15,19,39,5,14,14,-1,-6,-1,-1,-6,6,average
237,100,223,0.05,1,0,clustered,0.5;-0.15,-1,-1,7,-8,6,-1,-8,-1,-1,-8,6,average
236,100,245,0.05,6,5,clustered,0.5;-0.15,-1,-1,5,-6,0,-1,-6,-1,-1,-6,0,average
233,100,265,0.05,3,2,clustered,0.5;-0.15,-1,-1,3,-4,0,-1,-4,-1,-1,-4,0,average
232,100,255,0.05,3,2,clustered,0.5;-0.15,17,13,3,14,16,7,4,3,3,0,8,average
230,100,212,0.05,3,2,clustered,0.5;-0.15,-1,-1,6,-7,16,-1,-7,-1,-1,-7,10,average
229,100,244,0.05,4,3,clustered,0.5;-0.15,25,49,5,20,12,-1,-6,-1,-1,-6,6,average
228,100,266,0.05,6,5,clustered,0.5;-0.15,-1,-1,4,-5,0,-1,-5,-1,-1,-5,0,average
227,100,275,0.05,4,3,clustered,0.5;-0.15,29,47,5,24,0,17,12,17,17,12,0,average
226,100,246,0.05,3,2,clustered,0.5;-0.15,-1,-1,5,-6,16,-1,-6,-1,-1,-6,8,average
225,100,254,0.05,2,1,clustered,0.5;-0.15,20,20,5,15,20,-1,-6,29,7,24,10,average
220,100,258,0.05,7,6,clustered,0.5;-0.15,13,3,3,10,12,26,23,5,3,2,4,average
219,100,265,0.05,1,0,clustered,0.5;-0.15,-1,-1,5,-6,0,-1,-6,-1,-1,-6,0,average
218,100,269,0.05,2,1,clustered,0.5;-0.15,-1,-1,5,-6,0,-1,-6,-1,-1,-6,0,average
217,100,237,0.05,3,2,clustered,0.5;-0.15,5,5,3,2,0,-1,-4,-1,-1,-4,0,average
216,100,220,0.05,3,2,clustered,0.5;-0.15,-1,-1,4,-5,26,-1,-5,-1,-1,-5,12,average
215,100,246,0.05,4,3,clustered,0.5;-0.15,3,7,3,0,0,3,0,3,3,0,0,average
214,100,270,0.05,3,2,clustered,0.5;-0.15,7,19,5,2,0,-1,-6,-1,-1,-6,0,average
213,100,219,0.05,4,3,clustered,0.5;-0.15,-1,-1,4,-5,18,-1,-5,-1,-1,-5,10,average
211,100,232,0.05,3,2,clustered,0.5;-0.15,-1,-1,7,-8,8,-1,-8,-1,-1,-8,4,average
210,100,250,0.05,6,5,clustered,0.5;-0.15,-1,-1,5,-6,0,-1,-6,-1,-1,-6,0,average
208,100,243,0.05,5,4,clustered,0.5;-0.15,9,15,5,4,2,9,4,17,11,12,2,average
207,100,234,0.05,3,2,clustered,0.5;-0.15,-1,-1,5,-6,0,-1,-6,-1,-1,-6,0,average
206,100,271,0.05,6,5,clustered,0.5;-0.15,19,17,4,15,4,-1,-5,-1,-1,-5,2,average
205,100,247,0.05,6,5,clustered,0.5;-0.15,-1,-1,5,-6,4,-1,-6,-1,-1,-6,4,average
204,100,221,0.05,2,1,clustered,0.5;-0.15,11,21,6,5,24,-1,-7,13,19,7,12,average
202,100,260,0.05,8,7,clustered,0.5;-0.15,30,14,4,26,0,26,22,26,26,22,0,average
201,100,257,0.05,3,2,clustered,0.5;-0.15,27,19,5,22,0,-1,-6,-1,-1,-6,0,average
200,100,256,0.05,4,3,clustered,0.5;-0.15,4,6,4,0,0,6,2,6,6,2,0,average
199,100,245,0.05,5,4,clustered,0.5;-0.15,2,2,2,0,4,2,0,2,2,0,2,average
198,100,210,0.05,2,1,clustered,0.5;-0.15,6,6,4,2,0,8,4,8,8,4,0,average
197,100,284,0.05,5,4,clustered,0.5;-0.15,3,3,3,0,14,-1,-4,3,3,0,6,average
196,100,232,0.05,2,1,clustered,0.5;-0.15,11,11,5,6,8,-1,-6,7,9,2,4,average
195,100,239,0.05,4,3,clustered,0.5;-0.15,-1,-1,5,-6,14,-1,-6,-1,-1,-6,6,average
193,100,257,0.05,4,3,clustered,0.5;-0.15,18,6,5,13,2,-1,-6,-1,-1,-6,2,average
192,100,284,0.05,7,6,clustered,0.5;-0.15,-1,-1,4,-5,14,-1,-5,-1,-1,-5,6,average
191,100,239,0.05,8,7,clustered,0.5;-0.15,4,4,2,2,0,4,2,4,4,2,0,average
189,100,246,0.05,6,5,clustered,0.5;-0.15,3,3,3,0,0,3,0,3,3,0,0,average
186,100,265,0.05,3,2,clustered,0.5;-0.15,38,32,6,32,10,-1,-7,-1,-1,-7,6,average
183,100,242,0.05,4,3,clustered,0.5;-0.15,34,39,6,28,12,-1,-7,28,24,22,4,average
182,100,256,0.05,2,1,clustered,0.5;-0.15,-1,-1,6,-7,16,-1,-7,-1,-1,-7,8,average
181,100,261,0.05,5,4,clustered,0.5;-0.15,4,4,4,0,0,4,0,4,4,0,0,average
178,100,227,0.05,5,4,clustered,0.5;-0.15,34,28,3,31,0,-1,-4,-1,-1,-4,0,average
177,100,240,0.05,3,2,clustered,0.5;-0.15,3,3,3,0,0,3,0,3,3,0,0,average
176,100,234,0.05,3,2,clustered,0.5;-0.15,-1,-1,5,-6,0,-1,-6,-1,-1,-6,0,average
175,100,248,0.05,3,2,clustered,0.5;-0.15,-1,-1,6,-7,0,-1,-7,-1,-1,-7,0,average
174,100,246,0.05,6,5,clustered,0.5;-0.15,20,34,4,16,0,-1,-5,-1,-1,-5,0,average
173,100,243,0.05,2,1,clustered,0.5;-0.15,-1,-1,5,-6,0,-1,-6,-1,-1,-6,0,average
169,100,273,0.05,6,5,clustered,0.5;-0.15,47,47,5,42,0,13,8,21,21,16,0,average
168,100,278,0.05,8,7,clustered,0.5;-0.15,11,15,5,6,0,-1,-6,-1,-1,-6,0,average
167,100,251,0.05,4,3,clustered,0.5;-0.15,-1,-1,7,-8,8,-1,-8,-1,-1,-8,4,average
166,100,251,0.05,6,5,clustered,0.5;-0.15,19,31,5,14,4,-1,-6,-1,-1,-6,2,average
164,100,227,0.05,4,3,clustered,0.5;-0.15,-1,-1,5,-6,0,-1,-6,-1,-1,-6,0,average
163,100,248,0.05,4,3,clustered,0.5;-0.15,8,12,4,4,0,8,4,8,8,4,0,average
162,100,253,0.05,4,3,clustered,0.5;-0.15,-1,-1,4,-5,20,-1,-5,-1,-1,-5,8,average
161,100,232,0.05,4,3,clustered,0.5;-0.15,3,3,3,0,16,3,0,3,3,0,6,average
159,100,262,0.05,3,2,clustered,0.5;-0.15,22,16,4,18,0,10,6,4,4,0,0,average
158,100,242,0.05,4,3,clustered,0.5;-0.15,12,15,4,8,4,14,10,14,14,10,2,average
157,100,246,0.05,1,0,clustered,0.5;-0.15,2,2,2,0,0,2,0,2,2,0,0,average
155,100,253,0.05,7,6,clustered,0.5;-0.15,2,2,2,0,12,2,0,2,2,0,4,average
154,100,251,0.05,4,3,clustered,0.5;-0.15,16,21,5,11,0,19,14,19,19,14,0,average
153,100,254,0.05,5,4,clustered,0.5;-0.15,-1,-1,6,-7,28,-1,-7,-1,-1,-7,12,average
151,100,230,0.05,4,3,clustered,0.5;-0.15,6,6,2,4,0,2,0,2,2,0,0,average
148,100,264,0.05,4,3,clustered,0.5;-0.15,-1,-1,5,-6,10,-1,-6,-1,-1,-6,4,average
146,100,251,0.05,6,5,clustered,0.5;-0.15,5,5,3,2,0,5,2,5,5,2,0,average
145,100,227,0.05,1,0,clustered,0.5;-0.15,-1,-1,7,-8,12,-1,-8,-1,-1,-8,12,average
143,100,239,0.05,4,3,clustered,0.5;-0.15,15,11,5,10,2,24,19,16,16,11,2,average
142,100,248,0.05,3,2,clustered,0.5;-0.15,14,24,5,9,0,-1,-6,-1,-1,-6,0,average
141,100,260,0.05,5,4,clustered,0.5;-0.15,-1,-1,5,-6,22,-1,-6,-1,-1,-6,10,average
140,100,242,0.05,3,2,clustered,0.5;-0.15,14,14,6,8,0,-1,-7,-1,-1,-7,0,average
139,100,232,0.05,2,1,clustered,0.5;-0.15,-1,-1,6,-7,0,-1,-7,-1,-1,-7,0,average
138,100,246,0.05,2,1,clustered,0.5;-0.15,-1,-1,5,-6,8,-1,-6,-1,-1,-6,4,average
137,100,270,0.05,4,3,clustered,0.5;-0.15,8,6,4,4,6,8,4,8,8,4,2,average
136,100,243,0.05,3,2,clustered,0.5;-0.15,-1,-1,4,-5,0,-1,-5,-1,-1,-5,0,average
135,100,249,0.05,2,1,clustered,0.5;-0.15,11,11,6,5,18,-1,-7,13,11,7,10,average
134,100,249,0.05,3,2,clustered,0.5;-0.15,17,9,5,12,0,9,4,9,9,4,0,average
133,100,240,0.05,2,1,clustered,0.5;-0.15,-1,-1,5,-6,4,-1,-6,-1,-1,-6,2,average
132,100,226,0.05,5,4,clustered,0.5;-0.15,4,4,4,0,0,4,0,4,4,0,0,average
131,100,260,0.05,3,2,clustered,0.5;-0.15,34,16,5,29,6,-1,-6,-1,-1,-6,2,average
130,100,213,0.05,3,2,clustered,0.5;-0.15,4,4,4,0,0,4,0,4,4,0,0,average
128,100,279,0.05,5,4,clustered,0.5;-0.15,20,30,4,16,0,-1,-5,-1,-1,-5,0,average
127,100,254,0.05,7,6,clustered,0.5;-0.15,23,29,4,19,0,-1,-5,-1,-1,-5,0,average
126,100,233,0.05,2,1,clustered,0.5;-0.15,15,7,3,12,4,3,0,3,3,0,2,average
124,100,239,0.05,4,3,clustered,0.5;-0.15,46,26,4,42,0,-1,-5,-1,-1,-5,0,average
123,100,254,0.05,2,1,clustered,0.5;-0.15,3,9,3,0,0,3,0,3,3,0,0,average
122,100,252,0.05,5,4,clustered,0.5;-0.15,4,8,4,0,4,10,6,8,8,4,2,average
121,100,269,0.05,4,3,clustered,0.5;-0.15,27,27,4,23,0,15,11,15,15,11,0,average
120,100,240,0.05,7,6,clustered,0.5;-0.15,-1,-1,5,-6,0,-1,-6,-1,-1,-6,0,average
119,100,257,0.05,3,2,clustered,0.5;-0.15,-1,-1,5,-6,0,-1,-6,-1,-1,-6,0,average
117,100,253,0.05,3,2,clustered,0.5;-0.15,3,3,3,0,6,3,0,3,3,0,4,average
116,100,279,0.05,4,3,clustered,0.5;-0.15,15,3,3,12,16,3,0,3,3,0,6,average
113,100,250,0.05,7,6,clustered,0.5;-0.15,19,51,5,14,4,-1,-6,-1,-1,-6,2,average
112,100,234,0.05,4,3,clustered,0.5;-0.15,5,5,3,2,0,5,2,5,5,2,0,average
111,100,274,0.05,3,2,clustered,0.5;-0.15,-1,-1,6,-7,28,-1,-7,-1,-1,-7,10,average
110,100,234,0.05,2,1,clustered,0.5;-0.15,-1,-1,6,-7,8,-1,-7,-1,-1,-7,4,average
109,100,248,0.05,4,3,clustered,0.5;-0.15,-1,-1,6,-7,6,-1,-7,-1,-1,-7,2,average
108,100,234,0.05,7,6,clustered,0.5;-0.15,2,2,2,0,6,2,0,2,2,0,2,average
107,100,236,0.05,1,0,clustered,0.5;-0.15,4,4,4,0,0,4,0,4,4,0,0,average
106,100,246,0.05,3,2,clustered,0.5;-0.15,-1,-1,6,-7,8,-1,-7,-1,-1,-7,4,average
105,100,260,0.05,5,4,clustered,0.5;-0.15,7,7,4,3,6,-1,-5,13,13,9,4,average
104,100,255,0.05,4,3,clustered,0.5;-0.15,7,15,5,2,0,7,2,7,7,2,0,average
103,100,253,0.05,3,2,clustered,0.5;-0.15,-1,-1,5,-6,0,-1,-6,-1,-1,-6,0,average
102,100,258,0.05,3,2,clustered,0.5;-0.15,2,2,2,0,16,2,0,2,2,0,8,average
101,100,234,0.05,2,1,clustered,0.5;-0.15,5,31,5,0,14,9,4,9,9,4,8,average
100,100,272,0.05,2,1,clustered,0.5;-0.15,-1,-1,5,-6,0,-1,-6,-1,-1,-6,0,average
99,100,252,0.05,3,2,clustered,0.5;-0.15,30,30,5,25,0,14,9,14,14,9,0,average
98,100,213,0.05,3,2,clustered,0.5;-0.15,5,3,3,2,0,3,0,3,3,0,0,average
97,100,262,0.05,4,3,clustered,0.5;-0.15,40,20,6,34,0,14,8,14,14,8,0,average
96,100,225,0.05,4,3,clustered,0.5;-0.15,-1,-1,8,-9,8,-1,-9,-1,-1,-9,4,average
95,100,242,0.05,6,5,clustered,0.5;-0.15,6,6,4,2,4,6,2,6,6,2,2,average
94,100,255,0.05,5,4,clustered,0.5;-0.15,7,7,3,4,10,7,4,7,7,4,4,average
93,100,231,0.05,1,0,clustered,0.5;-0.15,5,5,5,0,10,-1,-6,5,5,0,10,average
91,100,239,0.05,2,1,clustered,0.5;-0.15,20,10,5,15,8,-1,-6,-1,-1,-6,4,average
89,100,238,0.05,5,4,clustered,0.5;-0.15,-1,-1,6,-7,0,-1,-7,-1,-1,-7,0,average
87,100,254,0.05,3,2,clustered,0.5;-0.15,5,9,5,0,16,5,0,5,9,0,6,average
86,100,238,0.05,5,4,clustered,0.5;-0.15,-1,-1,4,-5,6,-1,-5,-1,-1,-5,2,average
85,100,234,0.05,5,4,clustered,0.5;-0.15,3,11,3,0,4,3,0,3,3,0,2,average
84,100,259,0.05,2,1,clustered,0.5;-0.15,11,9,4,7,28,-1,-5,11,9,7,14,average
81,100,234,0.05,4,3,clustered,0.5;-0.15,-1,-1,6,-7,10,-1,-7,-1,-1,-7,4,average
79,100,238,0.05,3,2,clustered,0.5;-0.15,-1,-1,5,-6,16,-1,-6,-1,-1,-6,8,average
78,100,275,0.05,5,4,clustered,0.5;-0.15,4,40,4,0,0,4,0,4,4,0,0,average
77,100,255,0.05,3,2,clustered,0.5;-0.15,19,21,5,14,28,-1,-6,40,18,35,12,average
76,100,255,0.05,2,1,clustered,0.5;-0.15,18,4,4,14,0,4,0,4,4,0,0,average
74,100,246,0.05,5,4,clustered,0.5;-0.15,-1,-1,6,-7,14,-1,-7,-1,-1,-7,6,average
73,100,242,0.05,5,4,clustered,0.5;-0.15,42,24,5,37,0,-1,-6,-1,-1,-6,0,average
71,100,273,0.05,6,5,clustered,0.5;-0.15,6,6,4,2,10,12,8,6,6,2,4,average
70,100,250,0.05,2,1,clustered,0.5;-0.15,9,19,5,4,4,-1,-6,-1,-1,-6,2,average
69,100,259,0.05,5,4,clustered,0.5;-0.15,-1,-1,5,-6,16,-1,-6,-1,-1,-6,6,average
67,100,234,0.05,3,2,clustered,0.5;-0.15,5,5,5,0,0,5,0,5,5,0,0,average
65,100,229,0.05,2,1,clustered,0.5;-0.15,-1,-1,6,-7,18,-1,-7,-1,-1,-7,10,average
64,100,253,0.05,1,0,clustered,0.5;-0.15,-1,-1,7,-8,8,-1,-8,-1,-1,-8,8,average
63,100,253,0.05,4,3,clustered,0.5;-0.15,-1,-1,6,-7,12,-1,-7,-1,-1,-7,4,average
62,100,270,0.05,2,1,clustered,0.5;-0.15,-1,-1,6,-7,20,-1,-7,-1,-1,-7,10,average
61,100,227,0.05,3,2,clustered,0.5;-0.15,3,7,3,0,0,3,0,3,5,0,0,average
60,100,220,0.05,3,2,clustered,0.5;-0.15,-1,-1,7,-8,4,-1,-8,-1,-1,-8,2,average
59,100,224,0.05,6,5,clustered,0.5;-0.15,-1,-1,4,-5,0,-1,-5,-1,-1,-5,0,average
58,100,225,0.05,5,4,clustered,0.5;-0.15,18,15,5,13,0,-1,-6,-1,-1,-6,0,average
57,100,260,0.05,3,2,clustered,0.5;-0.15,21,21,5,16,0,15,10,15,15,10,0,average
54,100,254,0.05,5,4,clustered,0.5;-0.15,9,5,5,4,0,17,12,17,17,12,0,average
53,100,256,0.05,4,3,clustered,0.5;-0.15,-1,-1,6,-7,0,-1,-7,-1,-1,-7,0,average
50,100,245,0.05,4,3,clustered,0.5;-0.15,4,16,4,0,10,6,2,6,6,2,4,average
48,100,267,0.05,3,2,clustered,0.5;-0.15,16,12,6,10,12,-1,-7,-1,-1,-7,6,average
47,100,266,0.05,2,1,clustered,0.5;-0.15,-1,-1,5,-6,0,-1,-6,-1,-1,-6,0,average
46,100,244,0.05,4,3,clustered,0.5;-0.15,7,12,4,3,0,-1,-5,-1,-1,-5,0,average
45,100,244,0.05,4,3,clustered,0.5;-0.15,34,20,4,30,4,8,4,8,8,4,2,average
44,100,244,0.05,4,3,clustered,0.5;-0.15,8,4,4,4,8,4,0,4,4,0,4,average
42,100,255,0.05,5,4,clustered,0.5;-0.15,2,2,2,0,0,2,0,2,2,0,0,average
41,100,262,0.05,2,1,clustered,0.5;-0.15,-1,-1,4,-5,0,-1,-5,-1,-1,-5,0,average
39,100,260,0.05,6,5,clustered,0.5;-0.15,15,41,5,10,16,-1,-6,-1,-1,-6,6,average
37,100,252,0.05,3,2,clustered,0.5;-0.15,9,9,5,4,0,9,4,9,9,4,0,average
36,100,264,0.05,6,5,clustered,0.5;-0.15,16,12,5,11,0,-1,-6,-1,-1,-6,0,average
35,100,256,0.05,6,5,clustered,0.5;-0.15,3,3,3,0,10,3,0,3,3,0,4,average
33,100,265,0.05,1,0,clustered,0.5;-0.15,-1,-1,5,-6,0,-1,-6,-1,-1,-6,0,average
32,100,252,0.05,4,3,clustered,0.5;-0.15,-1,-1,6,-7,10,-1,-7,-1,-1,-7,4,average
31,100,263,0.05,6,5,clustered,0.5;-0.15,10,23,4,6,0,14,10,14,14,10,0,average
30,100,260,0.05,5,4,clustered,0.5;-0.15,4,4,4,0,0,4,0,4,4,0,0,average
29,100,228,0.05,5,4,clustered,0.5;-0.15,9,16,5,4,0,5,0,5,5,0,0,average
28,100,261,0.05,4,3,clustered,0.5;-0.15,6,26,4,2,28,-1,-5,-1,-1,-5,10,average
27,100,277,0.05,4,3,clustered,0.5;-0.15,17,13,5,12,24,-1,-6,-1,-1,-6,10,average
26,100,272,0.05,4,3,clustered,0.5;-0.15,-1,-1,5,-6,0,-1,-6,-1,-1,-6,0,average
24,100,265,0.05,2,1,clustered,0.5;-0.15,6,10,4,2,0,6,2,4,4,0,0,average
23,100,265,0.05,4,3,clustered,0.5;-0.15,32,14,5,27,0,-1,-6,-1,-1,-6,0,average
22,100,257,0.05,3,2,clustered,0.5;-0.15,5,5,5,0,10,11,6,5,21,0,4,average
21,100,259,0.05,5,4,clustered,0.5;-0.15,-1,-1,5,-6,0,-1,-6,-1,-1,-6,0,average
20,100,228,0.05,3,2,clustered,0.5;-0.15,10,6,6,4,12,-1,-7,22,10,16,4,average
19,100,235,0.05,3,2,clustered,0.5;-0.15,-1,-1,5,-6,12,-1,-6,-1,-1,-6,6,average
17,100,262,0.05,4,3,clustered,0.5;-0.15,19,43,5,14,6,-1,-6,-1,-1,-6,2,average
16,100,271,0.05,5,4,clustered,0.5;-0.15,10,12,4,6,16,-1,-5,-1,-1,-5,6,average
14,100,217,0.05,3,2,clustered,0.5;-0.15,-1,-1,6,-7,16,-1,-7,-1,-1,-7,8,average
12,100,259,0.05,2,1,clustered,0.5;-0.15,27,27,5,22,8,-1,-6,-1,-1,-6,4,average
11,100,236,0.05,3,2,clustered,0.5;-0.15,18,18,3,15,8,-1,-4,12,12,9,4,average
8,100,260,0.05,5,4,clustered,0.5;-0.15,12,18,5,7,0,-1,-6,-1,-1,-6,0,average
5,100,209,0.05,2,1,clustered,0.5;-0.15,-1,-1,7,-8,12,-1,-8,-1,-1,-8,8,average
4,100,236,0.05,4,3,clustered,0.5;-0.15,35,67,4,31,16,19,15,35,43,31,10,average
3,100,281,0.05,3,2,clustered,0.5;-0.15,17,17,3,14,0,3,0,3,3,0,0,average
2,100,281,0.05,2,1,clustered,0.5;-0.15,-1,-1,6,-7,28,-1,-7,-1,-1,-7,14,average
1,100,226,0.05,2,1,clustered,0.5;-0.15,21,21,5,16,38,-1,-6,21,17,16,22,average
