rep,nrNodes,nrEdges,edgeProb,nrPaths,nrFails,failureModel,failurePercent,hopsRanked,hopsUnranked,spLength,stretch_mult,nodeAdditions,hopsPath,stretch_path,hopsRankedOne,hopsUnrankedOne,stretch_one,overallNodeAdditionsOne,treeChoice
1000,25,56,graphml/AttMpls.graphml,2,1,clustered,0.7;-0.3,25,23,5,20,2,-1,-6,-1,-1,-6,2,edgeCount
998,25,56,graphml/AttMpls.graphml,2,1,clustered,0.7;-0.3,10,6,4,6,0,-1,-5,-1,-1,-5,0,edgeCount
996,25,56,graphml/AttMpls.graphml,2,1,clustered,0.7;-0.3,4,4,4,0,0,4,0,4,4,0,0,edgeCount
990,25,56,graphml/AttMpls.graphml,2,1,clustered,0.7;-0.3,3,3,3,0,0,5,2,3,5,0,0,edgeCount
989,25,56,graphml/AttMpls.graphml,5,4,clustered,0.7;-0.3,4,4,4,0,0,12,8,4,4,0,0,edgeCount
988,25,56,graphml/AttMpls.graphml,2,1,clustered,0.7;-0.3,3,5,3,0,0,3,0,3,3,0,0,edgeCount
986,25,56,graphml/AttMpls.graphml,3,2,clustered,0.7;-0.3,4,26,4,0,22,10,6,10,14,6,12,edgeCount
985,25,56,graphml/AttMpls.graphml,4,3,clustered,0.7;-0.3,-1,-1,5,-6,0,-1,-6,-1,-1,-6,0,edgeCount
984,25,56,graphml/AttMpls.graphml,5,4,clustered,0.7;-0.3,6,7,2,4,2,-1,-3,8,8,6,2,edgeCount
982,25,56,graphml/AttMpls.graphml,3,2,clustered,0.7;-0.3,4,20,4,0,0,8,4,8,8,4,0,edgeCount
981,25,56,graphml/AttMpls.graphml,2,1,clustered,0.7;-0.3,-1,-1,5,-6,24,-1,-6,9,5,4,16,edgeCount
980,25,56,graphml/AttMpls.graphml,2,1,clustered,0.7;-0.3,2,2,2,0,8,-1,-3,2,12,0,4,edgeCount
979,25,56,graphml/AttMpls.graphml,6,5,clustered,0.7;-0.3,8,14,3,5,12,12,9,12,12,9,6,edgeCount
977,25,56,graphml/AttMpls.graphml,3,2,clustered,0.7;-0.3,2,2,2,0,14,4,2,4,4,2,14,edgeCount
976,25,56,graphml/AttMpls.graphml,4,3,clustered,0.7;-0.3,8,2,2,6,14,2,0,2,2,0,10,edgeCount
975,25,56,graphml/AttMpls.graphml,4,3,clustered,0.7;-0.3,6,16,3,3,0,12,9,12,12,9,0,edgeCount
974,25,56,graphml/AttMpls.graphml,4,3,clustered,0.7;-0.3,2,2,2,0,0,4,2,4,4,2,0,edgeCount
972,25,56,graphml/AttMpls.graphml,4,3,clustered,0.7;-0.3,-1,-1,3,-4,0,-1,-4,-1,-1,-4,0,edgeCount
970,25,56,graphml/AttMpls.graphml,3,2,clustered,0.7;-0.3,9,5,5,4,0,-1,-6,-1,-1,-6,0,edgeCount
969,25,56,graphml/AttMpls.graphml,3,2,clustered,0.7;-0.3,6,6,2,4,0,2,0,2,2,0,0,edgeCount
968,25,56,graphml/AttMpls.graphml,4,3,clustered,0.7;-0.3,9,19,3,6,2,9,6,9,9,6,2,edgeCount
967,25,56,graphml/AttMpls.graphml,2,1,clustered,0.7;-0.3,-1,-1,3,-4,0,-1,-4,-1,-1,-4,0,edgeCount
966,25,56,graphml/AttMpls.graphml,2,1,clustered,0.7;-0.3,3,7,3,0,0,3,0,3,3,0,0,edgeCount
965,25,56,graphml/AttMpls.graphml,3,2,clustered,0.7;-0.3,15,7,4,11,0,5,1,5,7,1,0,edgeCount
964,25,56,graphml/AttMpls.graphml,3,2,clustered,0.7;-0.3,-1,-1,4,-5,8,-1,-5,-1,-1,-5,6,edgeCount
962,25,56,graphml/AttMpls.graphml,2,1,clustered,0.7;-0.3,-1,-1,6,-7,16,-1,-7,-1,-1,-7,16,edgeCount
961,25,56,graphml/AttMpls.graphml,2,1,clustered,0.7;-0.3,-1,-1,6,-7,14,-1,-7,-1,-1,-7,14,edgeCount
960,25,56,graphml/AttMpls.graphml,2,1,clustered,0.7;-0.3,6,6,6,0,6,6,0,6,12,0,4,edgeCount
958,25,56,graphml/AttMpls.graphml,4,3,clustered,0.7;-0.3,-1,-1,4,-5,0,-1,-5,-1,-1,-5,0,edgeCount
957,25,56,graphml/AttMpls.graphml,2,1,clustered,0.7;-0.3,5,5,3,2,8,5,2,5,5,2,4,edgeCount
956,25,56,graphml/AttMpls.graphml,2,1,clustered,0.7;-0.3,-1,-1,4,-5,2,-1,-5,-1,-1,-5,2,edgeCount
955,25,56,graphml/AttMpls.graphml,2,1,clustered,0.7;-0.3,-1,-1,4,-5,0,-1,-5,-1,-1,-5,0,edgeCount
954,25,56,graphml/AttMpls.graphml,3,2,clustered,0.7;-0.3,-1,-1,3,-4,0,-1,-4,-1,-1,-4,0,edgeCount
952,25,56,graphml/AttMpls.graphml,5,4,clustered,0.7;-0.3,-1,-1,3,-4,8,-1,-4,-1,-1,-4,4,edgeCount
950,25,56,graphml/AttMpls.graphml,4,3,clustered,0.7;-0.3,-1,-1,3,-4,0,-1,-4,-1,-1,-4,0,edgeCount
948,25,56,graphml/AttMpls.graphml,2,1,clustered,0.7;-0.3,-1,-1,7,-8,0,-1,-8,-1,-1,-8,0,edgeCount
944,25,56,graphml/AttMpls.graphml,2,1,clustered,0.7;-0.3,10,10,4,6,8,4,0,4,4,0,4,edgeCount
943,25,56,graphml/AttMpls.graphml,2,1,clustered,0.7;-0.3,-1,-1,6,-7,0,-1,-7,-1,-1,-7,0,edgeCount
942,25,56,graphml/AttMpls.graphml,3,2,clustered,0.7;-0.3,-1,-1,6,-7,2,-1,-7,-1,-1,-7,2,edgeCount
940,25,56,graphml/AttMpls.graphml,2,1,clustered,0.7;-0.3,10,4,4,6,26,-1,-5,6,4,2,16,edgeCount
939,25,56,graphml/AttMpls.graphml,2,1,clustered,0.7;-0.3,-1,-1,6,-7,22,-1,-7,-1,-1,-7,14,edgeCount
937,25,56,graphml/AttMpls.graphml,2,1,clustered,0.7;-0.3,3,7,3,0,2,-1,-4,5,7,2,2,edgeCount
936,25,56,graphml/AttMpls.graphml,4,3,clustered,0.7;-0.3,7,3,3,4,0,-1,-4,7,3,4,0,edgeCount
935,25,56,graphml/AttMpls.graphml,2,1,clustered,0.7;-0.3,2,2,2,0,0,2,0,2,2,0,0,edgeCount
933,25,56,graphml/AttMpls.graphml,2,1,clustered,0.7;-0.3,4,4,4,0,0,8,4,4,4,0,0,edgeCount
932,25,56,graphml/AttMpls.graphml,4,3,clustered,0.7;-0.3,-1,-1,4,-5,0,-1,-5,-1,-1,-5,0,edgeCount
931,25,56,graphml/AttMpls.graphml,2,1,clustered,0.7;-0.3,3,3,3,0,0,-1,-4,-1,-1,-4,0,edgeCount
930,25,56,graphml/AttMpls.graphml,3,2,clustered,0.7;-0.3,10,6,2,8,4,2,0,2,2,0,2,edgeCount
929,25,56,graphml/AttMpls.graphml,2,1,clustered,0.7;-0.3,-1,-1,5,-6,0,-1,-6,-1,-1,-6,0,edgeCount
928,25,56,graphml/AttMpls.graphml,2,1,clustered,0.7;-0.3,-1,-1,5,-6,0,-1,-6,-1,-1,-6,0,edgeCount
927,25,56,graphml/AttMpls.graphml,4,3,clustered,0.7;-0.3,12,8,3,9,18,6,3,6,6,3,10,edgeCount
923,25,56,graphml/AttMpls.graphml,3,2,clustered,0.7;-0.3,3,7,3,0,0,-1,-4,5,5,2,0,edgeCount
922,25,56,graphml/AttMpls.graphml,5,4,clustered,0.7;-0.3,12,12,4,8,0,-1,-5,10,10,6,0,edgeCount
921,25,56,graphml/AttMpls.graphml,5,4,clustered,0.7;-0.3,-1,-1,5,-6,2,-1,-6,-1,-1,-6,2,edgeCount
920,25,56,graphml/AttMpls.graphml,2,1,clustered,0.7;-0.3,9,5,5,4,4,-1,-6,-1,-1,-6,4,edgeCount
918,25,56,graphml/AttMpls.graphml,4,3,clustered,0.7;-0.3,4,3,3,1,0,3,0,3,3,0,0,edgeCount
917,25,56,graphml/AttMpls.graphml,3,2,clustered,0.7;-0.3,-1,-1,3,-4,0,-1,-4,-1,-1,-4,0,edgeCount
916,25,56,graphml/AttMpls.graphml,5,4,clustered,0.7;-0.3,-1,-1,3,-4,0,-1,-4,-1,-1,-4,0,edgeCount
915,25,56,graphml/AttMpls.graphml,4,3,clustered,0.7;-0.3,12,12,4,8,18,-1,-5,14,16,10,12,edgeCount
913,25,56,graphml/AttMpls.graphml,3,2,clustered,0.7;-0.3,15,3,3,12,0,3,0,3,3,0,0,edgeCount
910,25,56,graphml/AttMpls.graphml,2,1,clustered,0.7;-0.3,-1,-1,4,-5,8,-1,-5,-1,-1,-5,4,edgeCount
909,25,56,graphml/AttMpls.graphml,3,2,clustered,0.7;-0.3,11,5,3,8,4,-1,-4,-1,-1,-4,2,edgeCount
908,25,56,graphml/AttMpls.graphml,3,2,clustered,0.7;-0.3,4,19,3,1,22,12,9,8,24,5,12,edgeCount
906,25,56,graphml/AttMpls.graphml,3,2,clustered,0.7;-0.3,5,5,3,2,0,-1,-4,7,7,4,0,edgeCount
905,25,56,graphml/AttMpls.graphml,3,2,clustered,0.7;-0.3,-1,-1,4,-5,10,-1,-5,-1,-1,-5,4,edgeCount
903,25,56,graphml/AttMpls.graphml,3,2,clustered,0.7;-0.3,13,13,4,9,0,-1,-5,-1,-1,-5,0,edgeCount
902,25,56,graphml/AttMpls.graphml,3,2,clustered,0.7;-0.3,3,3,3,0,0,3,0,3,3,0,0,edgeCount
900,25,56,graphml/AttMpls.graphml,2,1,clustered,0.7;-0.3,-1,-1,4,-5,26,-1,-5,-1,-1,-5,14,edgeCount
899,25,56,graphml/AttMpls.graphml,2,1,clustered,0.7;-0.3,11,5,5,6,0,-1,-6,-1,-1,-6,0,edgeCount
898,25,56,graphml/AttMpls.graphml,4,3,clustered,0.7;-0.3,4,22,3,1,0,12,9,8,12,5,0,edgeCount
897,25,56,graphml/AttMpls.graphml,2,1,clustered,0.7;-0.3,4,4,4,0,0,4,0,4,4,0,0,edgeCount
896,25,56,graphml/AttMpls.graphml,3,2,clustered,0.7;-0.3,-1,-1,5,-6,4,-1,-6,-1,-1,-6,4,edgeCount
894,25,56,graphml/AttMpls.graphml,4,3,clustered,0.7;-0.3,-1,-1,4,-5,16,-1,-5,-1,-1,-5,10,edgeCount
893,25,56,graphml/AttMpls.graphml,3,2,clustered,0.7;-0.3,-1,-1,6,-7,6,-1,-7,-1,-1,-7,4,edgeCount
890,25,56,graphml/AttMpls.graphml,6,5,clustered,0.7;-0.3,20,12,2,18,0,2,0,8,2,6,0,edgeCount
888,25,56,graphml/AttMpls.graphml,4,3,clustered,0.7;-0.3,17,3,3,14,16,7,4,7,7,4,10,edgeCount
884,25,56,graphml/AttMpls.graphml,4,3,clustered,0.7;-0.3,-1,-1,6,-7,0,-1,-7,-1,-1,-7,0,edgeCount
881,25,56,graphml/AttMpls.graphml,2,1,clustered,0.7;-0.3,8,8,4,4,8,-1,-5,-1,-1,-5,4,edgeCount
880,25,56,graphml/AttMpls.graphml,3,2,clustered,0.7;-0.3,7,9,3,4,10,-1,-4,-1,-1,-4,4,edgeCount
877,25,56,graphml/AttMpls.graphml,3,2,clustered,0.7;-0.3,8,16,3,5,4,8,5,8,12,5,2,edgeCount
876,25,56,graphml/AttMpls.graphml,2,1,clustered,0.7;-0.3,3,5,3,0,2,-1,-4,5,5,2,2,edgeCount
875,25,56,graphml/AttMpls.graphml,2,1,clustered,0.7;-0.3,-1,-1,3,-4,0,-1,-4,-1,-1,-4,0,edgeCount
873,25,56,graphml/AttMpls.graphml,6,5,clustered,0.7;-0.3,19,3,3,16,12,-1,-4,-1,-1,-4,6,edgeCount
870,25,56,graphml/AttMpls.graphml,2,1,clustered,0.7;-0.3,-1,-1,5,-6,0,-1,-6,-1,-1,-6,0,edgeCount
869,25,56,graphml/AttMpls.graphml,4,3,clustered,0.7;-0.3,-1,-1,4,-5,0,-1,-5,-1,-1,-5,0,edgeCount
866,25,56,graphml/AttMpls.graphml,4,3,clustered,0.7;-0.3,-1,-1,5,-6,0,-1,-6,-1,-1,-6,0,edgeCount
864,25,56,graphml/AttMpls.graphml,3,2,clustered,0.7;-0.3,3,3,3,0,18,7,4,7,7,4,12,edgeCount
863,25,56,graphml/AttMpls.graphml,4,3,clustered,0.7;-0.3,2,2,2,0,0,2,0,2,2,0,0,edgeCount
862,25,56,graphml/AttMpls.graphml,9,8,clustered,0.7;-0.3,11,11,3,8,0,11,8,11,11,8,0,edgeCount
861,25,56,graphml/AttMpls.graphml,3,2,clustered,0.7;-0.3,-1,-1,3,-4,0,-1,-4,-1,-1,-4,0,edgeCount
860,25,56,graphml/AttMpls.graphml,3,2,clustered,0.7;-0.3,6,14,3,3,4,6,3,6,8,3,2,edgeCount
859,25,56,graphml/AttMpls.graphml,5,4,clustered,0.7;-0.3,17,27,5,12,2,17,12,17,13,12,2,edgeCount
857,25,56,graphml/AttMpls.graphml,4,3,clustered,0.7;-0.3,-1,-1,4,-5,0,-1,-5,-1,-1,-5,0,edgeCount
855,25,56,graphml/AttMpls.graphml,3,2,clustered,0.7;-0.3,11,5,5,6,0,-1,-6,-1,-1,-6,0,edgeCount
854,25,56,graphml/AttMpls.graphml,2,1,clustered,0.7;-0.3,9,5,4,5,8,8,4,8,8,4,4,edgeCount
853,25,56,graphml/AttMpls.graphml,3,2,clustered,0.7;-0.3,-1,-1,3,-4,8,-1,-4,-1,-1,-4,4,edgeCount
852,25,56,graphml/AttMpls.graphml,4,3,clustered,0.7;-0.3,8,4,3,5,0,6,3,10,6,7,0,edgeCount
851,25,56,graphml/AttMpls.graphml,2,1,clustered,0.7;-0.3,4,8,4,0,0,4,0,4,4,0,0,edgeCount
850,25,56,graphml/AttMpls.graphml,3,2,clustered,0.7;-0.3,12,6,6,6,2,12,6,12,6,6,2,edgeCount
848,25,56,graphml/AttMpls.graphml,3,2,clustered,0.7;-0.3,18,10,5,13,0,-1,-6,-1,-1,-6,0,edgeCount
847,25,56,graphml/AttMpls.graphml,2,1,clustered,0.7;-0.3,11,3,3,8,12,3,0,3,3,0,8,edgeCount
845,25,56,graphml/AttMpls.graphml,2,1,clustered,0.7;-0.3,-1,-1,5,-6,26,-1,-6,-1,-1,-6,16,edgeCount
844,25,56,graphml/AttMpls.graphml,5,4,clustered,0.7;-0.3,-1,-1,4,-5,0,-1,-5,-1,-1,-5,0,edgeCount
841,25,56,graphml/AttMpls.graphml,2,1,clustered,0.7;-0.3,18,6,5,13,12,-1,-6,7,7,2,8,edgeCount
839,25,56,graphml/AttMpls.graphml,2,1,clustered,0.7;-0.3,6,6,2,4,0,2,0,6,2,4,0,edgeCount
838,25,56,graphml/AttMpls.graphml,4,3,clustered,0.7;-0.3,-1,-1,6,-7,0,-1,-7,-1,-1,-7,0,edgeCount
837,25,56,graphml/AttMpls.graphml,5,4,clustered,0.7;-0.3,2,9,2,0,2,-1,-3,2,4,0,2,edgeCount
836,25,56,graphml/AttMpls.graphml,2,1,clustered,0.7;-0.3,-1,-1,5,-6,0,-1,-6,-1,-1,-6,0,edgeCount
835,25,56,graphml/AttMpls.graphml,2,1,clustered,0.7;-0.3,4,4,4,0,0,-1,-5,-1,-1,-5,0,edgeCount
834,25,56,graphml/AttMpls.graphml,2,1,clustered,0.7;-0.3,17,7,7,10,4,-1,-8,9,9,2,2,edgeCount
833,25,56,graphml/AttMpls.graphml,5,4,clustered,0.7;-0.3,-1,-1,4,-5,0,-1,-5,-1,-1,-5,0,edgeCount
831,25,56,graphml/AttMpls.graphml,2,1,clustered,0.7;-0.3,4,4,2,2,0,2,0,4,2,2,0,edgeCount
829,25,56,graphml/AttMpls.graphml,2,1,clustered,0.7;-0.3,-1,-1,6,-7,0,-1,-7,-1,-1,-7,0,edgeCount
828,25,56,graphml/AttMpls.graphml,3,2,clustered,0.7;-0.3,2,10,2,0,0,-1,-3,6,6,4,0,edgeCount
826,25,56,graphml/AttMpls.graphml,5,4,clustered,0.7;-0.3,6,6,2,4,0,2,0,2,2,0,0,edgeCount
825,25,56,graphml/AttMpls.graphml,3,2,clustered,0.7;-0.3,13,7,5,8,0,-1,-6,-1,-1,-6,0,edgeCount
823,25,56,graphml/AttMpls.graphml,2,1,clustered,0.7;-0.3,4,4,4,0,2,8,4,4,4,0,2,edgeCount
821,25,56,graphml/AttMpls.graphml,2,1,clustered,0.7;-0.3,-1,-1,5,-6,0,-1,-6,-1,-1,-6,0,edgeCount
820,25,56,graphml/AttMpls.graphml,4,3,clustered,0.7;-0.3,-1,-1,5,-6,2,-1,-6,-1,-1,-6,2,edgeCount
819,25,56,graphml/AttMpls.graphml,2,1,clustered,0.7;-0.3,-1,-1,6,-7,10,-1,-7,-1,-1,-7,6,edgeCount
818,25,56,graphml/AttMpls.graphml,4,3,clustered,0.7;-0.3,-1,-1,4,-5,0,-1,-5,-1,-1,-5,0,edgeCount
817,25,56,graphml/AttMpls.graphml,2,1,clustered,0.7;-0.3,-1,-1,5,-6,4,-1,-6,-1,-1,-6,4,edgeCount
816,25,56,graphml/AttMpls.graphml,2,1,clustered,0.7;-0.3,13,7,5,8,8,-1,-6,12,10,7,4,edgeCount
815,25,56,graphml/AttMpls.graphml,2,1,clustered,0.7;-0.3,14,14,5,9,0,14,9,14,14,9,0,edgeCount
811,25,56,graphml/AttMpls.graphml,2,1,clustered,0.7;-0.3,4,4,4,0,2,-1,-5,4,4,0,2,edgeCount
810,25,56,graphml/AttMpls.graphml,3,2,clustered,0.7;-0.3,-1,-1,3,-4,0,-1,-4,-1,-1,-4,0,edgeCount
809,25,56,graphml/AttMpls.graphml,2,1,clustered,0.7;-0.3,3,10,3,0,4,7,4,3,13,0,4,edgeCount
808,25,56,graphml/AttMpls.graphml,3,2,clustered,0.7;-0.3,4,8,3,1,8,10,7,10,10,7,4,edgeCount
807,25,56,graphml/AttMpls.graphml,3,2,clustered,0.7;-0.3,20,6,4,16,22,-1,-5,-1,-1,-5,12,edgeCount
806,25,56,graphml/AttMpls.graphml,5,4,clustered,0.7;-0.3,3,3,3,0,0,-1,-4,5,3,2,0,edgeCount
804,25,56,graphml/AttMpls.graphml,5,4,clustered,0.7;-0.3,-1,-1,4,-5,0,-1,-5,-1,-1,-5,0,edgeCount
803,25,56,graphml/AttMpls.graphml,2,1,clustered,0.7;-0.3,5,7,3,2,0,3,0,3,5,0,0,edgeCount
802,25,56,graphml/AttMpls.graphml,2,1,clustered,0.7;-0.3,13,7,5,8,12,-1,-6,-1,-1,-6,8,edgeCount
798,25,56,graphml/AttMpls.graphml,5,4,clustered,0.7;-0.3,-1,-1,4,-5,0,-1,-5,-1,-1,-5,0,edgeCount
795,25,56,graphml/AttMpls.graphml,2,1,clustered,0.7;-0.3,-1,-1,6,-7,4,-1,-7,-1,-1,-7,4,edgeCount
794,25,56,graphml/AttMpls.graphml,2,1,clustered,0.7;-0.3,6,6,2,4,0,2,0,6,2,4,0,edgeCount
793,25,56,graphml/AttMpls.graphml,3,2,clustered,0.7;-0.3,-1,-1,7,-8,0,-1,-8,-1,-1,-8,0,edgeCount
792,25,56,graphml/AttMpls.graphml,2,1,clustered,0.7;-0.3,3,3,3,0,0,3,0,3,3,0,0,edgeCount
789,25,56,graphml/AttMpls.graphml,2,1,clustered,0.7;-0.3,-1,-1,4,-5,0,-1,-5,-1,-1,-5,0,edgeCount
788,25,56,graphml/AttMpls.graphml,2,1,clustered,0.7;-0.3,11,11,5,6,6,-1,-6,-1,-1,-6,4,edgeCount
787,25,56,graphml/AttMpls.graphml,3,2,clustered,0.7;-0.3,-1,-1,3,-4,0,-1,-4,-1,-1,-4,0,edgeCount
786,25,56,graphml/AttMpls.graphml,4,3,clustered,0.7;-0.3,-1,-1,3,-4,0,-1,-4,-1,-1,-4,0,edgeCount
785,25,56,graphml/AttMpls.graphml,5,4,clustered,0.7;-0.3,4,4,2,2,0,2,0,2,2,0,0,edgeCount
784,25,56,graphml/AttMpls.graphml,2,1,clustered,0.7;-0.3,2,2,2,0,0,2,0,2,2,0,0,edgeCount
783,25,56,graphml/AttMpls.graphml,4,3,clustered,0.7;-0.3,-1,-1,5,-6,4,-1,-6,-1,-1,-6,2,edgeCount
782,25,56,graphml/AttMpls.graphml,2,1,clustered,0.7;-0.3,11,7,5,6,0,5,0,5,5,0,0,edgeCount
780,25,56,graphml/AttMpls.graphml,5,4,clustered,0.7;-0.3,3,3,3,0,0,-1,-4,3,3,0,0,edgeCount
779,25,56,graphml/AttMpls.graphml,2,1,clustered,0.7;-0.3,8,10,4,4,2,4,0,8,8,4,2,edgeCount
778,25,56,graphml/AttMpls.graphml,3,2,clustered,0.7;-0.3,3,3,2,1,0,3,1,3,3,1,0,edgeCount
775,25,56,graphml/AttMpls.graphml,2,1,clustered,0.7;-0.3,-1,-1,6,-7,4,-1,-7,-1,-1,-7,4,edgeCount
774,25,56,graphml/AttMpls.graphml,3,2,clustered,0.7;-0.3,9,15,3,6,8,-1,-4,5,5,2,6,edgeCount
773,25,56,graphml/AttMpls.graphml,3,2,clustered,0.7;-0.3,17,7,6,11,4,-1,-7,-1,-1,-7,2,edgeCount
771,25,56,graphml/AttMpls.graphml,2,1,clustered,0.7;-0.3,7,11,3,4,26,-1,-4,-1,-1,-4,14,edgeCount
770,25,56,graphml/AttMpls.graphml,3,2,clustered,0.7;-0.3,8,4,3,5,4,-1,-4,-1,-1,-4,2,edgeCount
767,25,56,graphml/AttMpls.graphml,4,3,clustered,0.7;-0.3,-1,-1,4,-5,8,-1,-5,-1,-1,-5,4,edgeCount
765,25,56,graphml/AttMpls.graphml,2,1,clustered,0.7;-0.3,-1,-1,4,-5,4,-1,-5,-1,-1,-5,4,edgeCount
764,25,56,graphml/AttMpls.graphml,5,4,clustered,0.7;-0.3,-1,-1,3,-4,0,-1,-4,-1,-1,-4,0,edgeCount
763,25,56,graphml/AttMpls.graphml,3,2,clustered,0.7;-0.3,6,4,4,2,8,6,2,6,8,2,8,edgeCount
761,25,56,graphml/AttMpls.graphml,3,2,clustered,0.7;-0.3,7,21,5,2,0,9,4,9,9,4,0,edgeCount
758,25,56,graphml/AttMpls.graphml,2,1,clustered,0.7;-0.3,4,4,3,1,0,6,3,6,6,3,0,edgeCount
756,25,56,graphml/AttMpls.graphml,2,1,clustered,0.7;-0.3,3,3,3,0,0,3,0,3,3,0,0,edgeCount
755,25,56,graphml/AttMpls.graphml,5,4,clustered,0.7;-0.3,8,6,2,6,0,2,0,8,2,6,0,edgeCount
754,25,56,graphml/AttMpls.graphml,2,1,clustered,0.7;-0.3,4,4,4,0,0,4,0,4,4,0,0,edgeCount
753,25,56,graphml/AttMpls.graphml,3,2,clustered,0.7;-0.3,13,7,3,10,22,-1,-4,12,10,9,12,edgeCount
750,25,56,graphml/AttMpls.graphml,2,1,clustered,0.7;-0.3,-1,-1,5,-6,2,-1,-6,-1,-1,-6,2,edgeCount
749,25,56,graphml/AttMpls.graphml,4,3,clustered,0.7;-0.3,25,15,4,21,6,-1,-5,-1,-1,-5,2,edgeCount
748,25,56,graphml/AttMpls.graphml,3,2,clustered,0.7;-0.3,3,3,3,0,0,3,0,3,3,0,0,edgeCount
747,25,56,graphml/AttMpls.graphml,5,4,clustered,0.7;-0.3,-1,-1,4,-5,0,-1,-5,-1,-1,-5,0,edgeCount
745,25,56,graphml/AttMpls.graphml,2,1,clustered,0.7;-0.3,3,3,3,0,2,3,0,3,3,0,2,edgeCount
742,25,56,graphml/AttMpls.graphml,3,2,clustered,0.7;-0.3,-1,-1,5,-6,0,-1,-6,-1,-1,-6,0,edgeCount
741,25,56,graphml/AttMpls.graphml,3,2,clustered,0.7;-0.3,-1,-1,5,-6,0,-1,-6,-1,-1,-6,0,edgeCount
739,25,56,graphml/AttMpls.graphml,6,5,clustered,0.7;-0.3,14,4,4,10,0,-1,-5,-1,-1,-5,0,edgeCount
738,25,56,graphml/AttMpls.graphml,4,3,clustered,0.7;-0.3,10,10,4,6,0,-1,-5,10,10,6,0,edgeCount
737,25,56,graphml/AttMpls.graphml,2,1,clustered,0.7;-0.3,4,10,3,1,0,8,5,8,8,5,0,edgeCount
736,25,56,graphml/AttMpls.graphml,2,1,clustered,0.7;-0.3,5,7,3,2,0,-1,-4,-1,-1,-4,0,edgeCount
735,25,56,graphml/AttMpls.graphml,3,2,clustered,0.7;-0.3,-1,-1,3,-4,0,-1,-4,-1,-1,-4,0,edgeCount
734,25,56,graphml/AttMpls.graphml,3,2,clustered,0.7;-0.3,-1,-1,5,-6,4,-1,-6,20,20,15,2,edgeCount
733,25,56,graphml/AttMpls.graphml,4,3,clustered,0.7;-0.3,12,2,2,10,2,2,0,2,2,0,2,edgeCount
732,25,56,graphml/AttMpls.graphml,4,3,clustered,0.7;-0.3,-1,-1,4,-5,8,-1,-5,-1,-1,-5,4,edgeCount
731,25,56,graphml/AttMpls.graphml,6,5,clustered,0.7;-0.3,12,10,4,8,0,12,8,12,10,8,0,edgeCount
730,25,56,graphml/AttMpls.graphml,2,1,clustered,0.7;-0.3,-1,-1,4,-5,0,-1,-5,-1,-1,-5,0,edgeCount
729,25,56,graphml/AttMpls.graphml,4,3,clustered,0.7;-0.3,-1,-1,4,-5,18,-1,-5,12,8,8,10,edgeCount
728,25,56,graphml/AttMpls.graphml,2,1,clustered,0.7;-0.3,5,5,5,0,6,-1,-6,-1,-1,-6,4,edgeCount
724,25,56,graphml/AttMpls.graphml,2,1,clustered,0.7;-0.3,10,6,6,4,6,-1,-7,-1,-1,-7,4,edgeCount
723,25,56,graphml/AttMpls.graphml,2,1,clustered,0.7;-0.3,-1,-1,5,-6,0,-1,-6,-1,-1,-6,0,edgeCount
722,25,56,graphml/AttMpls.graphml,4,3,clustered,0.7;-0.3,9,3,3,6,0,3,0,3,3,0,0,edgeCount
721,25,56,graphml/AttMpls.graphml,3,2,clustered,0.7;-0.3,4,8,4,0,0,6,2,6,6,2,0,edgeCount
719,25,56,graphml/AttMpls.graphml,3,2,clustered,0.7;-0.3,-1,-1,5,-6,12,-1,-6,-1,-1,-6,4,edgeCount
716,25,56,graphml/AttMpls.graphml,3,2,clustered,0.7;-0.3,26,16,5,21,2,-1,-6,-1,-1,-6,2,edgeCount
715,25,56,graphml/AttMpls.graphml,2,1,clustered,0.7;-0.3,2,2,2,0,0,2,0,2,2,0,0,edgeCount
712,25,56,graphml/AttMpls.graphml,4,3,clustered,0.7;-0.3,3,9,3,0,18,7,4,7,7,4,12,edgeCount
709,25,56,graphml/AttMpls.graphml,4,3,clustered,0.7;-0.3,13,5,5,8,0,19,14,19,27,14,0,edgeCount
708,25,56,graphml/AttMpls.graphml,2,1,clustered,0.7;-0.3,7,9,4,3,0,-1,-5,-1,-1,-5,0,edgeCount
706,25,56,graphml/AttMpls.graphml,2,1,clustered,0.7;-0.3,-1,-1,4,-5,0,-1,-5,-1,-1,-5,0,edgeCount
704,25,56,graphml/AttMpls.graphml,4,3,clustered,0.7;-0.3,-1,-1,8,-9,0,-1,-9,-1,-1,-9,0,edgeCount
702,25,56,graphml/AttMpls.graphml,4,3,clustered,0.7;-0.3,3,9,3,0,0,7,4,7,9,4,0,edgeCount
701,25,56,graphml/AttMpls.graphml,4,3,clustered,0.7;-0.3,-1,-1,4,-5,2,-1,-5,-1,-1,-5,2,edgeCount
700,25,56,graphml/AttMpls.graphml,2,1,clustered,0.7;-0.3,-1,-1,4,-5,0,-1,-5,-1,-1,-5,0,edgeCount
698,25,56,graphml/AttMpls.graphml,2,1,clustered,0.7;-0.3,3,3,3,0,8,3,0,3,3,0,4,edgeCount
697,25,56,graphml/AttMpls.graphml,2,1,clustered,0.7;-0.3,-1,-1,4,-5,14,-1,-5,-1,-1,-5,10,edgeCount
695,25,56,graphml/AttMpls.graphml,5,4,clustered,0.7;-0.3,29,19,4,25,0,-1,-5,-1,-1,-5,0,edgeCount
694,25,56,graphml/AttMpls.graphml,3,2,clustered,0.7;-0.3,-1,-1,8,-9,2,-1,-9,-1,-1,-9,2,edgeCount
693,25,56,graphml/AttMpls.graphml,2,1,clustered,0.7;-0.3,15,5,5,10,0,-1,-6,-1,-1,-6,0,edgeCount
692,25,56,graphml/AttMpls.graphml,4,3,clustered,0.7;-0.3,-1,-1,4,-5,0,-1,-5,-1,-1,-5,0,edgeCount
691,25,56,graphml/AttMpls.graphml,4,3,clustered,0.7;-0.3,11,5,3,8,0,3,0,3,3,0,0,edgeCount
690,25,56,graphml/AttMpls.graphml,3,2,clustered,0.7;-0.3,-1,-1,3,-4,0,-1,-4,-1,-1,-4,0,edgeCount
687,25,56,graphml/AttMpls.graphml,5,4,clustered,0.7;-0.3,25,5,4,21,0,-1,-5,-1,-1,-5,0,edgeCount
685,25,56,graphml/AttMpls.graphml,4,3,clustered,0.7;-0.3,-1,-1,4,-5,18,-1,-5,14,12,10,10,edgeCount
682,25,56,graphml/AttMpls.graphml,3,2,clustered,0.7;-0.3,-1,-1,4,-5,0,-1,-5,-1,-1,-5,0,edgeCount
681,25,56,graphml/AttMpls.graphml,4,3,clustered,0.7;-0.3,-1,-1,4,-5,0,-1,-5,-1,-1,-5,0,edgeCount
680,25,56,graphml/AttMpls.graphml,2,1,clustered,0.7;-0.3,10,8,4,6,0,8,4,8,8,4,0,edgeCount
679,25,56,graphml/AttMpls.graphml,2,1,clustered,0.7;-0.3,5,5,3,2,12,3,0,3,13,0,6,edgeCount
678,25,56,graphml/AttMpls.graphml,4,3,clustered,0.7;-0.3,-1,-1,6,-7,0,-1,-7,-1,-1,-7,0,edgeCount
675,25,56,graphml/AttMpls.graphml,2,1,clustered,0.7;-0.3,4,11,4,0,0,4,0,10,10,6,0,edgeCount
674,25,56,graphml/AttMpls.graphml,4,3,clustered,0.7;-0.3,6,6,4,2,2,-1,-5,-1,-1,-5,2,edgeCount
673,25,56,graphml/AttMpls.graphml,4,3,clustered,0.7;-0.3,12,6,5,7,0,14,9,14,14,9,0,edgeCount
672,25,56,graphml/AttMpls.graphml,3,2,clustered,0.7;-0.3,-1,-1,6,-7,0,-1,-7,-1,-1,-7,0,edgeCount
670,25,56,graphml/AttMpls.graphml,2,1,clustered,0.7;-0.3,3,5,3,0,0,3,0,3,3,0,0,edgeCount
669,25,56,graphml/AttMpls.graphml,3,2,clustered,0.7;-0.3,24,10,4,20,0,-1,-5,-1,-1,-5,0,edgeCount
668,25,56,graphml/AttMpls.graphml,2,1,clustered,0.7;-0.3,-1,-1,6,-7,6,-1,-7,14,6,8,4,edgeCount
667,25,56,graphml/AttMpls.graphml,2,1,clustered,0.7;-0.3,-1,-1,4,-5,0,-1,-5,-1,-1,-5,0,edgeCount
666,25,56,graphml/AttMpls.graphml,2,1,clustered,0.7;-0.3,-1,-1,6,-7,2,-1,-7,-1,-1,-7,2,edgeCount
665,25,56,graphml/AttMpls.graphml,4,3,clustered,0.7;-0.3,11,11,4,7,0,11,7,11,11,7,0,edgeCount
664,25,56,graphml/AttMpls.graphml,3,2,clustered,0.7;-0.3,8,10,3,5,4,6,3,6,14,3,2,edgeCount
663,25,56,graphml/AttMpls.graphml,3,2,clustered,0.7;-0.3,-1,-1,3,-4,6,-1,-4,-1,-1,-4,4,edgeCount
662,25,56,graphml/AttMpls.graphml,4,3,clustered,0.7;-0.3,5,14,4,1,2,17,13,17,23,13,2,edgeCount
661,25,56,graphml/AttMpls.graphml,3,2,clustered,0.7;-0.3,8,2,2,6,10,2,0,2,2,0,4,edgeCount
659,25,56,graphml/AttMpls.graphml,2,1,clustered,0.7;-0.3,8,4,4,4,0,4,0,4,4,0,0,edgeCount
657,25,56,graphml/AttMpls.graphml,3,2,clustered,0.7;-0.3,-1,-1,4,-5,4,-1,-5,-1,-1,-5,2,edgeCount
655,25,56,graphml/AttMpls.graphml,4,3,clustered,0.7;-0.3,-1,-1,6,-7,0,-1,-7,-1,-1,-7,0,edgeCount
653,25,56,graphml/AttMpls.graphml,4,3,clustered,0.7;-0.3,-1,-1,6,-7,0,-1,-7,-1,-1,-7,0,edgeCount
651,25,56,graphml/AttMpls.graphml,2,1,clustered,0.7;-0.3,-1,-1,4,-5,0,-1,-5,-1,-1,-5,0,edgeCount
650,25,56,graphml/AttMpls.graphml,3,2,clustered,0.7;-0.3,-1,-1,3,-4,0,-1,-4,-1,-1,-4,0,edgeCount
647,25,56,graphml/AttMpls.graphml,2,1,clustered,0.7;-0.3,-1,-1,5,-6,22,-1,-6,-1,-1,-6,14,edgeCount
645,25,56,graphml/AttMpls.graphml,4,3,clustered,0.7;-0.3,-1,-1,4,-5,0,-1,-5,-1,-1,-5,0,edgeCount
642,25,56,graphml/AttMpls.graphml,3,2,clustered,0.7;-0.3,9,3,3,6,4,3,0,3,3,0,2,edgeCount
641,25,56,graphml/AttMpls.graphml,2,1,clustered,0.7;-0.3,8,8,4,4,0,4,0,8,8,4,0,edgeCount
640,25,56,graphml/AttMpls.graphml,3,2,clustered,0.7;-0.3,12,2,2,10,22,2,0,2,2,0,14,edgeCount
637,25,56,graphml/AttMpls.graphml,2,1,clustered,0.7;-0.3,8,12,4,4,6,4,0,4,14,0,4,edgeCount
635,25,56,graphml/AttMpls.graphml,5,4,clustered,0.7;-0.3,-1,-1,4,-5,0,-1,-5,-1,-1,-5,0,edgeCount
634,25,56,graphml/AttMpls.graphml,3,2,clustered,0.7;-0.3,29,11,4,25,0,-1,-5,-1,-1,-5,0,edgeCount
632,25,56,graphml/AttMpls.graphml,2,1,clustered,0.7;-0.3,-1,-1,4,-5,0,-1,-5,-1,-1,-5,0,edgeCount
631,25,56,graphml/AttMpls.graphml,2,1,clustered,0.7;-0.3,6,16,5,1,0,-1,-6,-1,-1,-6,0,edgeCount
628,25,56,graphml/AttMpls.graphml,4,3,clustered,0.7;-0.3,9,3,3,6,0,-1,-4,-1,-1,-4,0,edgeCount
627,25,56,graphml/AttMpls.graphml,4,3,clustered,0.7;-0.3,3,3,3,0,6,3,0,3,3,0,4,edgeCount
624,25,56,graphml/AttMpls.graphml,2,1,clustered,0.7;-0.3,8,6,4,4,14,-1,-5,-1,-1,-5,10,edgeCount
623,25,56,graphml/AttMpls.graphml,4,3,clustered,0.7;-0.3,10,2,2,8,16,3,1,3,3,1,10,edgeCount
620,25,56,graphml/AttMpls.graphml,4,3,clustered,0.7;-0.3,9,5,3,6,16,5,2,5,5,2,10,edgeCount
619,25,56,graphml/AttMpls.graphml,2,1,clustered,0.7;-0.3,-1,-1,3,-4,2,-1,-4,-1,-1,-4,2,edgeCount
618,25,56,graphml/AttMpls.graphml,2,1,clustered,0.7;-0.3,9,5,5,4,0,-1,-6,-1,-1,-6,0,edgeCount
617,25,56,graphml/AttMpls.graphml,3,2,clustered,0.7;-0.3,12,12,3,9,0,8,5,8,10,5,0,edgeCount
616,25,56,graphml/AttMpls.graphml,2,1,clustered,0.7;-0.3,-1,-1,4,-5,16,-1,-5,-1,-1,-5,10,edgeCount
615,25,56,graphml/AttMpls.graphml,4,3,clustered,0.7;-0.3,3,3,3,0,0,5,2,3,5,0,0,edgeCount
613,25,56,graphml/AttMpls.graphml,2,1,clustered,0.7;-0.3,-1,-1,6,-7,0,-1,-7,-1,-1,-7,0,edgeCount
611,25,56,graphml/AttMpls.graphml,4,3,clustered,0.7;-0.3,-1,-1,4,-5,0,-1,-5,-1,-1,-5,0,edgeCount
610,25,56,graphml/AttMpls.graphml,4,3,clustered,0.7;-0.3,20,4,4,16,4,-1,-5,-1,-1,-5,4,edgeCount
609,25,56,graphml/AttMpls.graphml,4,3,clustered,0.7;-0.3,16,12,3,13,2,6,3,6,6,3,2,edgeCount
608,25,56,graphml/AttMpls.graphml,3,2,clustered,0.7;-0.3,5,4,4,1,0,4,0,4,4,0,0,edgeCount
606,25,56,graphml/AttMpls.graphml,2,1,clustered,0.7;-0.3,3,9,3,0,14,7,4,7,7,4,10,edgeCount
605,25,56,graphml/AttMpls.graphml,2,1,clustered,0.7;-0.3,2,2,2,0,14,2,0,2,2,0,14,edgeCount
604,25,56,graphml/AttMpls.graphml,3,2,clustered,0.7;-0.3,8,8,4,4,0,8,4,8,8,4,0,edgeCount
602,25,56,graphml/AttMpls.graphml,2,1,clustered,0.7;-0.3,7,9,5,2,8,-1,-6,9,15,4,6,edgeCount
601,25,56,graphml/AttMpls.graphml,2,1,clustered,0.7;-0.3,-1,-1,5,-6,0,-1,-6,-1,-1,-6,0,edgeCount
600,25,56,graphml/AttMpls.graphml,2,1,clustered,0.7;-0.3,-1,-1,5,-6,12,-1,-6,-1,-1,-6,6,edgeCount
599,25,56,graphml/AttMpls.graphml,2,1,clustered,0.7;-0.3,-1,-1,5,-6,0,-1,-6,-1,-1,-6,0,edgeCount
598,25,56,graphml/AttMpls.graphml,3,2,clustered,0.7;-0.3,-1,-1,5,-6,8,-1,-6,-1,-1,-6,4,edgeCount
597,25,56,graphml/AttMpls.graphml,2,1,clustered,0.7;-0.3,-1,-1,4,-5,0,-1,-5,-1,-1,-5,0,edgeCount
596,25,56,graphml/AttMpls.graphml,4,3,clustered,0.7;-0.3,-1,-1,5,-6,0,-1,-6,-1,-1,-6,0,edgeCount
594,25,56,graphml/AttMpls.graphml,2,1,clustered,0.7;-0.3,16,14,6,10,2,-1,-7,-1,-1,-7,2,edgeCount
593,25,56,graphml/AttMpls.graphml,4,3,clustered,0.7;-0.3,-1,-1,6,-7,18,-1,-7,-1,-1,-7,12,edgeCount
592,25,56,graphml/AttMpls.graphml,2,1,clustered,0.7;-0.3,7,7,3,4,0,3,0,3,3,0,0,edgeCount
588,25,56,graphml/AttMpls.graphml,2,1,clustered,0.7;-0.3,-1,-1,4,-5,0,-1,-5,-1,-1,-5,0,edgeCount
586,25,56,graphml/AttMpls.graphml,2,1,clustered,0.7;-0.3,-1,-1,3,-4,0,-1,-4,-1,-1,-4,0,edgeCount
583,25,56,graphml/AttMpls.graphml,3,2,clustered,0.7;-0.3,-1,-1,6,-7,0,-1,-7,-1,-1,-7,0,edgeCount
582,25,56,graphml/AttMpls.graphml,3,2,clustered,0.7;-0.3,-1,-1,4,-5,0,-1,-5,-1,-1,-5,0,edgeCount
581,25,56,graphml/AttMpls.graphml,2,1,clustered,0.7;-0.3,16,10,4,12,26,-1,-5,-1,-1,-5,14,edgeCount
579,25,56,graphml/AttMpls.graphml,4,3,clustered,0.7;-0.3,5,3,3,2,20,5,2,3,5,0,12,edgeCount
578,25,56,graphml/AttMpls.graphml,2,1,clustered,0.7;-0.3,4,4,2,2,10,2,0,2,4,0,6,edgeCount
577,25,56,graphml/AttMpls.graphml,3,2,clustered,0.7;-0.3,4,2,2,2,4,2,0,4,2,2,2,edgeCount
575,25,56,graphml/AttMpls.graphml,2,1,clustered,0.7;-0.3,4,16,4,0,8,-1,-5,-1,-1,-5,4,edgeCount
572,25,56,graphml/AttMpls.graphml,2,1,clustered,0.7;-0.3,5,5,4,1,8,-1,-5,10,8,6,4,edgeCount
571,25,56,graphml/AttMpls.graphml,2,1,clustered,0.7;-0.3,4,4,4,0,0,4,0,4,4,0,0,edgeCount
570,25,56,graphml/AttMpls.graphml,4,3,clustered,0.7;-0.3,-1,-1,3,-4,16,-1,-4,20,20,17,10,edgeCount
569,25,56,graphml/AttMpls.graphml,4,3,clustered,0.7;-0.3,8,7,3,5,0,10,7,10,10,7,0,edgeCount
568,25,56,graphml/AttMpls.graphml,2,1,clustered,0.7;-0.3,6,16,6,0,2,10,4,10,10,4,2,edgeCount
566,25,56,graphml/AttMpls.graphml,3,2,clustered,0.7;-0.3,12,10,4,8,8,-1,-5,-1,-1,-5,6,edgeCount
565,25,56,graphml/AttMpls.graphml,2,1,clustered,0.7;-0.3,-1,-1,4,-5,0,-1,-5,-1,-1,-5,0,edgeCount
563,25,56,graphml/AttMpls.graphml,4,3,clustered,0.7;-0.3,19,7,4,15,4,-1,-5,16,16,12,2,edgeCount
561,25,56,graphml/AttMpls.graphml,2,1,clustered,0.7;-0.3,12,4,4,8,0,4,0,4,4,0,0,edgeCount
559,25,56,graphml/AttMpls.graphml,3,2,clustered,0.7;-0.3,6,6,3,3,0,8,5,8,8,5,0,edgeCount
558,25,56,graphml/AttMpls.graphml,5,4,clustered,0.7;-0.3,8,5,3,5,0,-1,-4,10,10,7,0,edgeCount
557,25,56,graphml/AttMpls.graphml,4,3,clustered,0.7;-0.3,4,3,3,1,0,4,1,4,3,1,0,edgeCount
556,25,56,graphml/AttMpls.graphml,3,2,clustered,0.7;-0.3,13,3,3,10,8,3,0,3,3,0,4,edgeCount
555,25,56,graphml/AttMpls.graphml,5,4,clustered,0.7;-0.3,10,2,2,8,2,2,0,2,2,0,2,edgeCount
553,25,56,graphml/AttMpls.graphml,3,2,clustered,0.7;-0.3,17,5,5,12,0,-1,-6,-1,-1,-6,0,edgeCount
551,25,56,graphml/AttMpls.graphml,2,1,clustered,0.7;-0.3,2,2,2,0,0,2,0,2,2,0,0,edgeCount
550,25,56,graphml/AttMpls.graphml,5,4,clustered,0.7;-0.3,12,2,2,10,0,2,0,2,2,0,0,edgeCount
549,25,56,graphml/AttMpls.graphml,3,2,clustered,0.7;-0.3,5,4,2,3,10,2,0,2,2,0,6,edgeCount
544,25,56,graphml/AttMpls.graphml,2,1,clustered,0.7;-0.3,15,5,5,10,8,-1,-6,-1,-1,-6,4,edgeCount
543,25,56,graphml/AttMpls.graphml,3,2,clustered,0.7;-0.3,9,13,3,6,0,3,0,3,3,0,0,edgeCount
541,25,56,graphml/AttMpls.graphml,9,8,clustered,0.7;-0.3,-1,-1,6,-7,2,-1,-7,-1,-1,-7,2,edgeCount
540,25,56,graphml/AttMpls.graphml,2,1,clustered,0.7;-0.3,-1,-1,5,-6,0,-1,-6,-1,-1,-6,0,edgeCount
536,25,56,graphml/AttMpls.graphml,4,3,clustered,0.7;-0.3,3,11,3,0,0,9,6,7,13,4,0,edgeCount
532,25,56,graphml/AttMpls.graphml,3,2,clustered,0.7;-0.3,-1,-1,5,-6,0,-1,-6,-1,-1,-6,0,edgeCount
531,25,56,graphml/AttMpls.graphml,4,3,clustered,0.7;-0.3,20,14,4,16,0,-1,-5,-1,-1,-5,0,edgeCount
527,25,56,graphml/AttMpls.graphml,4,3,clustered,0.7;-0.3,-1,-1,5,-6,0,-1,-6,-1,-1,-6,0,edgeCount
524,25,56,graphml/AttMpls.graphml,4,3,clustered,0.7;-0.3,6,6,3,3,8,-1,-4,6,12,3,4,edgeCount
522,25,56,graphml/AttMpls.graphml,2,1,clustered,0.7;-0.3,11,11,5,6,0,9,4,9,9,4,0,edgeCount
521,25,56,graphml/AttMpls.graphml,5,4,clustered,0.7;-0.3,3,7,3,0,14,7,4,5,11,2,10,edgeCount
520,25,56,graphml/AttMpls.graphml,5,4,clustered,0.7;-0.3,-1,-1,4,-5,0,-1,-5,-1,-1,-5,0,edgeCount
517,25,56,graphml/AttMpls.graphml,6,5,clustered,0.7;-0.3,19,7,3,16,12,-1,-4,19,19,16,6,edgeCount
516,25,56,graphml/AttMpls.graphml,3,2,clustered,0.7;-0.3,14,4,2,12,0,2,0,2,2,0,0,edgeCount
515,25,56,graphml/AttMpls.graphml,2,1,clustered,0.7;-0.3,-1,-1,6,-7,12,-1,-7,-1,-1,-7,6,edgeCount
513,25,56,graphml/AttMpls.graphml,2,1,clustered,0.7;-0.3,19,9,5,14,0,-1,-6,-1,-1,-6,0,edgeCount
512,25,56,graphml/AttMpls.graphml,2,1,clustered,0.7;-0.3,-1,-1,7,-8,6,-1,-8,-1,-1,-8,4,edgeCount
506,25,56,graphml/AttMpls.graphml,9,8,clustered,0.7;-0.3,5,8,2,3,2,9,7,9,8,7,2,edgeCount
505,25,56,graphml/AttMpls.graphml,5,4,clustered,0.7;-0.3,-1,-1,5,-6,2,-1,-6,-1,-1,-6,2,edgeCount
504,25,56,graphml/AttMpls.graphml,2,1,clustered,0.7;-0.3,-1,-1,5,-6,0,-1,-6,-1,-1,-6,0,edgeCount
503,25,56,graphml/AttMpls.graphml,2,1,clustered,0.7;-0.3,9,5,5,4,0,11,6,11,11,6,0,edgeCount
502,25,56,graphml/AttMpls.graphml,4,3,clustered,0.7;-0.3,13,13,4,9,0,-1,-5,-1,-1,-5,0,edgeCount
499,25,56,graphml/AttMpls.graphml,4,3,clustered,0.7;-0.3,12,6,4,8,2,4,0,4,4,0,2,edgeCount
498,25,56,graphml/AttMpls.graphml,4,3,clustered,0.7;-0.3,-1,-1,3,-4,0,-1,-4,-1,-1,-4,0,edgeCount
496,25,56,graphml/AttMpls.graphml,4,3,clustered,0.7;-0.3,-1,-1,4,-5,12,-1,-5,-1,-1,-5,6,edgeCount
495,25,56,graphml/AttMpls.graphml,6,5,clustered,0.7;-0.3,26,4,4,22,8,-1,-5,-1,-1,-5,6,edgeCount
494,25,56,graphml/AttMpls.graphml,2,1,clustered,0.7;-0.3,5,3,3,2,2,-1,-4,5,5,2,2,edgeCount
493,25,56,graphml/AttMpls.graphml,4,3,clustered,0.7;-0.3,-1,-1,4,-5,4,-1,-5,-1,-1,-5,2,edgeCount
492,25,56,graphml/AttMpls.graphml,2,1,clustered,0.7;-0.3,5,5,3,2,0,-1,-4,-1,-1,-4,0,edgeCount
491,25,56,graphml/AttMpls.graphml,2,1,clustered,0.7;-0.3,6,6,4,2,0,-1,-5,-1,-1,-5,0,edgeCount
489,25,56,graphml/AttMpls.graphml,2,1,clustered,0.7;-0.3,4,8,4,0,26,-1,-5,-1,-1,-5,16,edgeCount
487,25,56,graphml/AttMpls.graphml,2,1,clustered,0.7;-0.3,23,11,5,18,12,-1,-6,-1,-1,-6,8,edgeCount
484,25,56,graphml/AttMpls.graphml,2,1,clustered,0.7;-0.3,6,2,2,4,16,2,0,2,2,0,10,edgeCount
480,25,56,graphml/AttMpls.graphml,4,3,clustered,0.7;-0.3,18,22,4,14,0,8,4,8,12,4,0,edgeCount
479,25,56,graphml/AttMpls.graphml,4,3,clustered,0.7;-0.3,-1,-1,6,-7,2,-1,-7,-1,-1,-7,2,edgeCount
477,25,56,graphml/AttMpls.graphml,4,3,clustered,0.7;-0.3,-1,-1,3,-4,12,-1,-4,11,11,8,6,edgeCount
476,25,56,graphml/AttMpls.graphml,3,2,clustered,0.7;-0.3,9,3,3,6,8,3,0,3,3,0,6,edgeCount
475,25,56,graphml/AttMpls.graphml,2,1,clustered,0.7;-0.3,3,3,3,0,0,3,0,3,3,0,0,edgeCount
473,25,56,graphml/AttMpls.graphml,2,1,clustered,0.7;-0.3,4,3,3,1,0,3,0,3,3,0,0,edgeCount
472,25,56,graphml/AttMpls.graphml,4,3,clustered,0.7;-0.3,10,4,2,8,0,2,0,4,2,2,0,edgeCount
471,25,56,graphml/AttMpls.graphml,3,2,clustered,0.7;-0.3,17,9,5,12,10,-1,-6,-1,-1,-6,6,edgeCount
470,25,56,graphml/AttMpls.graphml,5,4,clustered,0.7;-0.3,3,6,3,0,0,5,2,3,3,0,0,edgeCount
469,25,56,graphml/AttMpls.graphml,4,3,clustered,0.7;-0.3,5,7,3,2,4,5,2,5,19,2,4,edgeCount
468,25,56,graphml/AttMpls.graphml,5,4,clustered,0.7;-0.3,9,5,3,6,0,-1,-4,-1,-1,-4,0,edgeCount
467,25,56,graphml/AttMpls.graphml,4,3,clustered,0.7;-0.3,13,17,5,8,0,15,10,15,15,10,0,edgeCount
466,25,56,graphml/AttMpls.graphml,2,1,clustered,0.7;-0.3,7,11,4,3,2,-1,-5,-1,-1,-5,2,edgeCount
465,25,56,graphml/AttMpls.graphml,6,5,clustered,0.7;-0.3,-1,-1,4,-5,8,-1,-5,-1,-1,-5,6,edgeCount
464,25,56,graphml/AttMpls.graphml,3,2,clustered,0.7;-0.3,16,8,6,10,14,-1,-7,-1,-1,-7,8,edgeCount
461,25,56,graphml/AttMpls.graphml,2,1,clustered,0.7;-0.3,-1,-1,5,-6,0,-1,-6,-1,-1,-6,0,edgeCount
460,25,56,graphml/AttMpls.graphml,3,2,clustered,0.7;-0.3,-1,-1,3,-4,0,-1,-4,-1,-1,-4,0,edgeCount
456,25,56,graphml/AttMpls.graphml,2,1,clustered,0.7;-0.3,-1,-1,6,-7,0,-1,-7,-1,-1,-7,0,edgeCount
455,25,56,graphml/AttMpls.graphml,4,3,clustered,0.7;-0.3,-1,-1,5,-6,0,-1,-6,-1,-1,-6,0,edgeCount
453,25,56,graphml/AttMpls.graphml,4,3,clustered,0.7;-0.3,11,5,3,8,0,-1,-4,-1,-1,-4,0,edgeCount
451,25,56,graphml/AttMpls.graphml,3,2,clustered,0.7;-0.3,-1,-1,7,-8,0,-1,-8,-1,-1,-8,0,edgeCount
450,25,56,graphml/AttMpls.graphml,4,3,clustered,0.7;-0.3,-1,-1,5,-6,0,-1,-6,-1,-1,-6,0,edgeCount
448,25,56,graphml/AttMpls.graphml,3,2,clustered,0.7;-0.3,4,2,2,2,0,2,0,2,2,0,0,edgeCount
447,25,56,graphml/AttMpls.graphml,3,2,clustered,0.7;-0.3,17,17,7,10,0,-1,-8,-1,-1,-8,0,edgeCount
446,25,56,graphml/AttMpls.graphml,3,2,clustered,0.7;-0.3,14,12,3,11,0,4,1,4,8,1,0,edgeCount
443,25,56,graphml/AttMpls.graphml,2,1,clustered,0.7;-0.3,8,2,2,6,4,2,0,2,2,0,4,edgeCount
441,25,56,graphml/AttMpls.graphml,4,3,clustered,0.7;-0.3,3,7,3,0,0,3,0,3,7,0,0,edgeCount
438,25,56,graphml/AttMpls.graphml,2,1,clustered,0.7;-0.3,19,19,5,14,8,-1,-6,-1,-1,-6,4,edgeCount
436,25,56,graphml/AttMpls.graphml,4,3,clustered,0.7;-0.3,11,13,4,7,4,13,9,13,13,9,2,edgeCount
434,25,56,graphml/AttMpls.graphml,4,3,clustered,0.7;-0.3,6,8,4,2,16,-1,-5,-1,-1,-5,10,edgeCount
432,25,56,graphml/AttMpls.graphml,3,2,clustered,0.7;-0.3,-1,-1,4,-5,0,-1,-5,-1,-1,-5,0,edgeCount
431,25,56,graphml/AttMpls.graphml,2,1,clustered,0.7;-0.3,-1,-1,3,-4,0,-1,-4,-1,-1,-4,0,edgeCount
430,25,56,graphml/AttMpls.graphml,3,2,clustered,0.7;-0.3,8,4,4,4,22,-1,-5,-1,-1,-5,14,edgeCount
429,25,56,graphml/AttMpls.graphml,3,2,clustered,0.7;-0.3,-1,-1,4,-5,4,-1,-5,-1,-1,-5,2,edgeCount
427,25,56,graphml/AttMpls.graphml,3,2,clustered,0.7;-0.3,5,8,4,1,4,6,2,6,6,2,2,edgeCount
424,25,56,graphml/AttMpls.graphml,2,1,clustered,0.7;-0.3,13,11,5,8,8,-1,-6,-1,-1,-6,6,edgeCount
422,25,56,graphml/AttMpls.graphml,3,2,clustered,0.7;-0.3,2,2,2,0,10,2,0,2,2,0,4,edgeCount
418,25,56,graphml/AttMpls.graphml,5,4,clustered,0.7;-0.3,6,5,2,4,0,-1,-3,2,4,0,0,edgeCount
417,25,56,graphml/AttMpls.graphml,2,1,clustered,0.7;-0.3,-1,-1,6,-7,22,-1,-7,-1,-1,-7,14,edgeCount
414,25,56,graphml/AttMpls.graphml,2,1,clustered,0.7;-0.3,-1,-1,4,-5,0,-1,-5,-1,-1,-5,0,edgeCount
411,25,56,graphml/AttMpls.graphml,3,2,clustered,0.7;-0.3,9,9,3,6,14,-1,-4,-1,-1,-4,14,edgeCount
410,25,56,graphml/AttMpls.graphml,3,2,clustered,0.7;-0.3,12,16,3,9,22,-1,-4,-1,-1,-4,14,edgeCount
408,25,56,graphml/AttMpls.graphml,3,2,clustered,0.7;-0.3,-1,-1,4,-5,8,-1,-5,-1,-1,-5,4,edgeCount
407,25,56,graphml/AttMpls.graphml,2,1,clustered,0.7;-0.3,5,19,4,1,8,-1,-5,9,21,5,6,edgeCount
405,25,56,graphml/AttMpls.graphml,5,4,clustered,0.7;-0.3,-1,-1,6,-7,0,-1,-7,-1,-1,-7,0,edgeCount
404,25,56,graphml/AttMpls.graphml,2,1,clustered,0.7;-0.3,-1,-1,6,-7,4,-1,-7,-1,-1,-7,4,edgeCount
401,25,56,graphml/AttMpls.graphml,5,4,clustered,0.7;-0.3,3,3,3,0,0,3,0,3,3,0,0,edgeCount
399,25,56,graphml/AttMpls.graphml,2,1,clustered,0.7;-0.3,3,11,3,0,14,-1,-4,-1,-1,-4,10,edgeCount
398,25,56,graphml/AttMpls.graphml,2,1,clustered,0.7;-0.3,-1,-1,5,-6,2,-1,-6,-1,-1,-6,2,edgeCount
397,25,56,graphml/AttMpls.graphml,3,2,clustered,0.7;-0.3,-1,-1,4,-5,8,-1,-5,-1,-1,-5,4,edgeCount
396,25,56,graphml/AttMpls.graphml,5,4,clustered,0.7;-0.3,20,4,3,17,0,6,3,6,4,3,0,edgeCount
395,25,56,graphml/AttMpls.graphml,5,4,clustered,0.7;-0.3,4,5,2,2,2,5,3,5,5,3,2,edgeCount
393,25,56,graphml/AttMpls.graphml,2,1,clustered,0.7;-0.3,-1,-1,3,-4,0,-1,-4,-1,-1,-4,0,edgeCount
391,25,56,graphml/AttMpls.graphml,3,2,clustered,0.7;-0.3,8,14,4,4,20,-1,-5,-1,-1,-5,12,edgeCount
389,25,56,graphml/AttMpls.graphml,2,1,clustered,0.7;-0.3,-1,-1,5,-6,12,-1,-6,-1,-1,-6,6,edgeCount
387,25,56,graphml/AttMpls.graphml,5,4,clustered,0.7;-0.3,-1,-1,5,-6,0,-1,-6,-1,-1,-6,0,edgeCount
386,25,56,graphml/AttMpls.graphml,4,3,clustered,0.7;-0.3,-1,-1,7,-8,0,-1,-8,-1,-1,-8,0,edgeCount
385,25,56,graphml/AttMpls.graphml,3,2,clustered,0.7;-0.3,10,4,4,6,2,4,0,10,4,6,2,edgeCount
383,25,56,graphml/AttMpls.graphml,4,3,clustered,0.7;-0.3,10,10,5,5,0,-1,-6,-1,-1,-6,0,edgeCount
382,25,56,graphml/AttMpls.graphml,4,3,clustered,0.7;-0.3,26,4,4,22,0,-1,-5,-1,-1,-5,0,edgeCount
381,25,56,graphml/AttMpls.graphml,3,2,clustered,0.7;-0.3,4,6,4,0,10,-1,-5,6,6,2,4,edgeCount
380,25,56,graphml/AttMpls.graphml,5,4,clustered,0.7;-0.3,5,13,3,2,2,11,8,11,11,8,2,edgeCount
379,25,56,graphml/AttMpls.graphml,2,1,clustered,0.7;-0.3,24,8,4,20,12,-1,-5,-1,-1,-5,8,edgeCount
373,25,56,graphml/AttMpls.graphml,5,4,clustered,0.7;-0.3,9,11,3,6,10,-1,-4,-1,-1,-4,8,edgeCount
372,25,56,graphml/AttMpls.graphml,2,1,clustered,0.7;-0.3,3,5,3,0,2,3,0,3,3,0,2,edgeCount
370,25,56,graphml/AttMpls.graphml,3,2,clustered,0.7;-0.3,14,28,4,10,0,10,6,10,18,6,0,edgeCount
367,25,56,graphml/AttMpls.graphml,2,1,clustered,0.7;-0.3,-1,-1,4,-5,16,-1,-5,6,6,2,10,edgeCount
365,25,56,graphml/AttMpls.graphml,5,4,clustered,0.7;-0.3,4,8,3,1,8,4,1,4,8,1,4,edgeCount
363,25,56,graphml/AttMpls.graphml,4,3,clustered,0.7;-0.3,-1,-1,5,-6,2,-1,-6,-1,-1,-6,2,edgeCount
362,25,56,graphml/AttMpls.graphml,2,1,clustered,0.7;-0.3,-1,-1,5,-6,0,-1,-6,-1,-1,-6,0,edgeCount
361,25,56,graphml/AttMpls.graphml,3,2,clustered,0.7;-0.3,11,6,3,8,22,-1,-4,14,11,11,12,edgeCount
359,25,56,graphml/AttMpls.graphml,3,2,clustered,0.7;-0.3,7,5,4,3,12,-1,-5,-1,-1,-5,4,edgeCount
356,25,56,graphml/AttMpls.graphml,3,2,clustered,0.7;-0.3,-1,-1,5,-6,2,-1,-6,-1,-1,-6,2,edgeCount
355,25,56,graphml/AttMpls.graphml,5,4,clustered,0.7;-0.3,8,10,2,6,0,-1,-3,10,10,8,0,edgeCount
354,25,56,graphml/AttMpls.graphml,3,2,clustered,0.7;-0.3,27,9,5,22,2,-1,-6,-1,-1,-6,2,edgeCount
353,25,56,graphml/AttMpls.graphml,5,4,clustered,0.7;-0.3,7,10,3,4,2,-1,-4,9,7,6,2,edgeCount
351,25,56,graphml/AttMpls.graphml,2,1,clustered,0.7;-0.3,-1,-1,4,-5,12,-1,-5,-1,-1,-5,6,edgeCount
350,25,56,graphml/AttMpls.graphml,2,1,clustered,0.7;-0.3,3,3,3,0,0,3,0,3,3,0,0,edgeCount
349,25,56,graphml/AttMpls.graphml,4,3,clustered,0.7;-0.3,14,10,4,10,16,-1,-5,-1,-1,-5,10,edgeCount
348,25,56,graphml/AttMpls.graphml,4,3,clustered,0.7;-0.3,3,2,2,1,0,5,3,2,2,0,0,edgeCount
346,25,56,graphml/AttMpls.graphml,5,4,clustered,0.7;-0.3,-1,-1,4,-5,0,-1,-5,-1,-1,-5,0,edgeCount
344,25,56,graphml/AttMpls.graphml,5,4,clustered,0.7;-0.3,13,5,5,8,8,-1,-6,-1,-1,-6,4,edgeCount
343,25,56,graphml/AttMpls.graphml,4,3,clustered,0.7;-0.3,16,6,2,14,16,2,0,6,2,4,10,edgeCount
342,25,56,graphml/AttMpls.graphml,2,1,clustered,0.7;-0.3,3,5,3,0,0,3,0,3,3,0,0,edgeCount
336,25,56,graphml/AttMpls.graphml,2,1,clustered,0.7;-0.3,13,9,4,9,4,-1,-5,-1,-1,-5,2,edgeCount
335,25,56,graphml/AttMpls.graphml,2,1,clustered,0.7;-0.3,-1,-1,6,-7,2,-1,-7,-1,-1,-7,2,edgeCount
334,25,56,graphml/AttMpls.graphml,2,1,clustered,0.7;-0.3,-1,-1,4,-5,0,-1,-5,-1,-1,-5,0,edgeCount
333,25,56,graphml/AttMpls.graphml,3,2,clustered,0.7;-0.3,3,3,3,0,0,5,2,5,5,2,0,edgeCount
332,25,56,graphml/AttMpls.graphml,2,1,clustered,0.7;-0.3,8,10,3,5,0,4,1,4,4,1,0,edgeCount
331,25,56,graphml/AttMpls.graphml,4,3,clustered,0.7;-0.3,-1,-1,4,-5,0,-1,-5,-1,-1,-5,0,edgeCount
329,25,56,graphml/AttMpls.graphml,2,1,clustered,0.7;-0.3,6,6,2,4,0,2,0,6,2,4,0,edgeCount
327,25,56,graphml/AttMpls.graphml,3,2,clustered,0.7;-0.3,13,3,3,10,2,3,0,3,3,0,2,edgeCount
326,25,56,graphml/AttMpls.graphml,4,3,clustered,0.7;-0.3,17,11,3,14,0,3,0,3,3,0,0,edgeCount
324,25,56,graphml/AttMpls.graphml,3,2,clustered,0.7;-0.3,7,3,3,4,0,-1,-4,7,3,4,0,edgeCount
319,25,56,graphml/AttMpls.graphml,3,2,clustered,0.7;-0.3,6,2,2,4,4,-1,-3,2,2,0,2,edgeCount
318,25,56,graphml/AttMpls.graphml,2,1,clustered,0.7;-0.3,8,12,4,4,2,4,0,4,16,0,2,edgeCount
315,25,56,graphml/AttMpls.graphml,2,1,clustered,0.7;-0.3,6,15,5,1,14,-1,-6,17,17,12,8,edgeCount
314,25,56,graphml/AttMpls.graphml,2,1,clustered,0.7;-0.3,4,18,4,0,0,10,6,10,10,6,0,edgeCount
313,25,56,graphml/AttMpls.graphml,2,1,clustered,0.7;-0.3,8,6,4,4,16,-1,-5,10,8,6,10,edgeCount
312,25,56,graphml/AttMpls.graphml,2,1,clustered,0.7;-0.3,-1,-1,4,-5,0,-1,-5,-1,-1,-5,0,edgeCount
311,25,56,graphml/AttMpls.graphml,2,1,clustered,0.7;-0.3,-1,-1,4,-5,16,-1,-5,6,6,2,10,edgeCount
309,25,56,graphml/AttMpls.graphml,4,3,clustered,0.7;-0.3,2,6,2,0,20,4,2,6,4,4,12,edgeCount
308,25,56,graphml/AttMpls.graphml,2,1,clustered,0.7;-0.3,3,5,3,0,12,-1,-4,5,5,2,6,edgeCount
307,25,56,graphml/AttMpls.graphml,4,3,clustered,0.7;-0.3,13,7,4,9,0,-1,-5,-1,-1,-5,0,edgeCount
306,25,56,graphml/AttMpls.graphml,2,1,clustered,0.7;-0.3,12,8,5,7,0,-1,-6,-1,-1,-6,0,edgeCount
305,25,56,graphml/AttMpls.graphml,2,1,clustered,0.7;-0.3,12,4,4,8,12,-1,-5,-1,-1,-5,6,edgeCount
304,25,56,graphml/AttMpls.graphml,2,1,clustered,0.7;-0.3,-1,-1,5,-6,8,-1,-6,-1,-1,-6,4,edgeCount
303,25,56,graphml/AttMpls.graphml,2,1,clustered,0.7;-0.3,-1,-1,4,-5,0,-1,-5,-1,-1,-5,0,edgeCount
300,25,56,graphml/AttMpls.graphml,2,1,clustered,0.7;-0.3,4,10,3,1,0,4,1,4,4,1,0,edgeCount
297,25,56,graphml/AttMpls.graphml,2,1,clustered,0.7;-0.3,11,5,5,6,4,-1,-6,14,12,9,4,edgeCount
296,25,56,graphml/AttMpls.graphml,5,4,clustered,0.7;-0.3,22,2,2,20,2,2,0,2,2,0,2,edgeCount
294,25,56,graphml/AttMpls.graphml,2,1,clustered,0.7;-0.3,-1,-1,6,-7,0,-1,-7,-1,-1,-7,0,edgeCount
293,25,56,graphml/AttMpls.graphml,3,2,clustered,0.7;-0.3,10,4,4,6,4,-1,-5,-1,-1,-5,2,edgeCount
292,25,56,graphml/AttMpls.graphml,4,3,clustered,0.7;-0.3,-1,-1,4,-5,18,-1,-5,-1,-1,-5,10,edgeCount
291,25,56,graphml/AttMpls.graphml,2,1,clustered,0.7;-0.3,3,3,3,0,10,-1,-4,3,3,0,6,edgeCount
290,25,56,graphml/AttMpls.graphml,3,2,clustered,0.7;-0.3,12,14,4,8,2,-1,-5,-1,-1,-5,2,edgeCount
288,25,56,graphml/AttMpls.graphml,2,1,clustered,0.7;-0.3,6,10,5,1,0,12,7,12,12,7,0,edgeCount
285,25,56,graphml/AttMpls.graphml,4,3,clustered,0.7;-0.3,-1,-1,5,-6,4,-1,-6,-1,-1,-6,2,edgeCount
282,25,56,graphml/AttMpls.graphml,2,1,clustered,0.7;-0.3,4,4,4,0,26,-1,-5,4,12,0,16,edgeCount
281,25,56,graphml/AttMpls.graphml,3,2,clustered,0.7;-0.3,-1,-1,5,-6,10,-1,-6,-1,-1,-6,6,edgeCount
280,25,56,graphml/AttMpls.graphml,2,1,clustered,0.7;-0.3,7,19,5,2,0,13,8,13,13,8,0,edgeCount
279,25,56,graphml/AttMpls.graphml,5,4,clustered,0.7;-0.3,16,10,3,13,2,8,5,8,8,5,2,edgeCount
277,25,56,graphml/AttMpls.graphml,3,2,clustered,0.7;-0.3,-1,-1,4,-5,0,-1,-5,-1,-1,-5,0,edgeCount
275,25,56,graphml/AttMpls.graphml,5,4,clustered,0.7;-0.3,-1,-1,4,-5,2,-1,-5,-1,-1,-5,2,edgeCount
274,25,56,graphml/AttMpls.graphml,3,2,clustered,0.7;-0.3,8,10,4,4,4,-1,-5,-1,-1,-5,2,edgeCount
273,25,56,graphml/AttMpls.graphml,4,3,clustered,0.7;-0.3,18,5,5,13,0,-1,-6,24,12,19,0,edgeCount
271,25,56,graphml/AttMpls.graphml,4,3,clustered,0.7;-0.3,12,12,2,10,0,2,0,6,2,4,0,edgeCount
269,25,56,graphml/AttMpls.graphml,2,1,clustered,0.7;-0.3,3,8,3,0,0,7,4,7,7,4,0,edgeCount
268,25,56,graphml/AttMpls.graphml,4,3,clustered,0.7;-0.3,-1,-1,6,-7,0,-1,-7,-1,-1,-7,0,edgeCount
266,25,56,graphml/AttMpls.graphml,2,1,clustered,0.7;-0.3,-1,-1,6,-7,6,-1,-7,-1,-1,-7,4,edgeCount
265,25,56,graphml/AttMpls.graphml,2,1,clustered,0.7;-0.3,-1,-1,5,-6,0,-1,-6,-1,-1,-6,0,edgeCount
264,25,56,graphml/AttMpls.graphml,3,2,clustered,0.7;-0.3,-1,-1,5,-6,4,-1,-6,-1,-1,-6,2,edgeCount
263,25,56,graphml/AttMpls.graphml,4,3,clustered,0.7;-0.3,-1,-1,5,-6,0,-1,-6,-1,-1,-6,0,edgeCount
262,25,56,graphml/AttMpls.graphml,4,3,clustered,0.7;-0.3,11,3,3,8,2,3,0,3,3,0,2,edgeCount
261,25,56,graphml/AttMpls.graphml,2,1,clustered,0.7;-0.3,-1,-1,5,-6,4,-1,-6,7,7,2,4,edgeCount
259,25,56,graphml/AttMpls.graphml,2,1,clustered,0.7;-0.3,-1,-1,4,-5,10,-1,-5,-1,-1,-5,6,edgeCount
258,25,56,graphml/AttMpls.graphml,3,2,clustered,0.7;-0.3,14,14,4,10,8,-1,-5,15,13,11,4,edgeCount
257,25,56,graphml/AttMpls.graphml,3,2,clustered,0.7;-0.3,19,19,5,14,0,-1,-6,-1,-1,-6,0,edgeCount
254,25,56,graphml/AttMpls.graphml,3,2,clustered,0.7;-0.3,11,6,3,8,4,5,2,5,5,2,2,edgeCount
253,25,56,graphml/AttMpls.graphml,2,1,clustered,0.7;-0.3,13,13,4,9,0,-1,-5,-1,-1,-5,0,edgeCount
250,25,56,graphml/AttMpls.graphml,2,1,clustered,0.7;-0.3,-1,-1,7,-8,14,-1,-8,-1,-1,-8,10,edgeCount
249,25,56,graphml/AttMpls.graphml,2,1,clustered,0.7;-0.3,13,7,6,7,0,-1,-7,-1,-1,-7,0,edgeCount
248,25,56,graphml/AttMpls.graphml,4,3,clustered,0.7;-0.3,3,11,3,0,12,11,8,3,3,0,6,edgeCount
247,25,56,graphml/AttMpls.graphml,5,4,clustered,0.7;-0.3,23,9,3,20,16,-1,-4,-1,-1,-4,10,edgeCount
245,25,56,graphml/AttMpls.graphml,2,1,clustered,0.7;-0.3,-1,-1,4,-5,4,-1,-5,9,5,5,4,edgeCount
242,25,56,graphml/AttMpls.graphml,3,2,clustered,0.7;-0.3,7,3,3,4,10,3,0,3,3,0,4,edgeCount
240,25,56,graphml/AttMpls.graphml,4,3,clustered,0.7;-0.3,11,7,3,8,18,3,0,3,3,0,10,edgeCount
239,25,56,graphml/AttMpls.graphml,3,2,clustered,0.7;-0.3,-1,-1,4,-5,8,-1,-5,-1,-1,-5,6,edgeCount
237,25,56,graphml/AttMpls.graphml,4,3,clustered,0.7;-0.3,-1,-1,4,-5,0,-1,-5,-1,-1,-5,0,edgeCount
236,25,56,graphml/AttMpls.graphml,2,1,clustered,0.7;-0.3,-1,-1,5,-6,0,-1,-6,-1,-1,-6,0,edgeCount
234,25,56,graphml/AttMpls.graphml,2,1,clustered,0.7;-0.3,-1,-1,5,-6,6,-1,-6,-1,-1,-6,4,edgeCount
230,25,56,graphml/AttMpls.graphml,2,1,clustered,0.7;-0.3,2,2,2,0,0,2,0,2,2,0,0,edgeCount
228,25,56,graphml/AttMpls.graphml,3,2,clustered,0.7;-0.3,-1,-1,5,-6,18,-1,-6,-1,-1,-6,12,edgeCount
227,25,56,graphml/AttMpls.graphml,2,1,clustered,0.7;-0.3,3,7,3,0,0,3,0,3,3,0,0,edgeCount
224,25,56,graphml/AttMpls.graphml,3,2,clustered,0.7;-0.3,-1,-1,5,-6,0,-1,-6,-1,-1,-6,0,edgeCount
223,25,56,graphml/AttMpls.graphml,4,3,clustered,0.7;-0.3,-1,-1,5,-6,6,-1,-6,-1,-1,-6,4,edgeCount
221,25,56,graphml/AttMpls.graphml,4,3,clustered,0.7;-0.3,14,4,4,10,6,-1,-5,-1,-1,-5,2,edgeCount
216,25,56,graphml/AttMpls.graphml,4,3,clustered,0.7;-0.3,4,4,3,1,4,10,7,10,10,7,4,edgeCount
215,25,56,graphml/AttMpls.graphml,2,1,clustered,0.7;-0.3,-1,-1,4,-5,0,-1,-5,-1,-1,-5,0,edgeCount
214,25,56,graphml/AttMpls.graphml,3,2,clustered,0.7;-0.3,11,5,3,8,4,7,4,7,7,4,2,edgeCount
213,25,56,graphml/AttMpls.graphml,2,1,clustered,0.7;-0.3,6,18,4,2,6,-1,-5,-1,-1,-5,4,edgeCount
212,25,56,graphml/AttMpls.graphml,2,1,clustered,0.7;-0.3,3,3,3,0,0,6,3,6,6,3,0,edgeCount
211,25,56,graphml/AttMpls.graphml,2,1,clustered,0.7;-0.3,3,13,3,0,8,-1,-4,5,3,2,6,edgeCount
207,25,56,graphml/AttMpls.graphml,2,1,clustered,0.7;-0.3,14,8,6,8,0,-1,-7,-1,-1,-7,0,edgeCount
201,25,56,graphml/AttMpls.graphml,4,3,clustered,0.7;-0.3,-1,-1,4,-5,2,-1,-5,-1,-1,-5,2,edgeCount
200,25,56,graphml/AttMpls.graphml,5,4,clustered,0.7;-0.3,4,2,2,2,0,4,2,4,4,2,0,edgeCount
198,25,56,graphml/AttMpls.graphml,2,1,clustered,0.7;-0.3,2,2,2,0,0,2,0,2,2,0,0,edgeCount
197,25,56,graphml/AttMpls.graphml,3,2,clustered,0.7;-0.3,-1,-1,5,-6,10,-1,-6,-1,-1,-6,4,edgeCount
196,25,56,graphml/AttMpls.graphml,2,1,clustered,0.7;-0.3,6,16,5,1,0,-1,-6,-1,-1,-6,0,edgeCount
195,25,56,graphml/AttMpls.graphml,3,2,clustered,0.7;-0.3,3,5,3,0,0,3,0,3,3,0,0,edgeCount
194,25,56,graphml/AttMpls.graphml,2,1,clustered,0.7;-0.3,-1,-1,3,-4,0,-1,-4,-1,-1,-4,0,edgeCount
193,25,56,graphml/AttMpls.graphml,3,2,clustered,0.7;-0.3,-1,-1,6,-7,0,-1,-7,-1,-1,-7,0,edgeCount
192,25,56,graphml/AttMpls.graphml,2,1,clustered,0.7;-0.3,8,10,4,4,0,4,0,4,4,0,0,edgeCount
191,25,56,graphml/AttMpls.graphml,2,1,clustered,0.7;-0.3,4,10,4,0,0,4,0,4,4,0,0,edgeCount
188,25,56,graphml/AttMpls.graphml,7,6,clustered,0.7;-0.3,11,8,3,8,0,-1,-4,9,13,6,0,edgeCount
187,25,56,graphml/AttMpls.graphml,5,4,clustered,0.7;-0.3,12,9,3,9,0,6,3,8,8,5,0,edgeCount
186,25,56,graphml/AttMpls.graphml,3,2,clustered,0.7;-0.3,6,6,3,3,0,8,5,8,8,5,0,edgeCount
183,25,56,graphml/AttMpls.graphml,2,1,clustered,0.7;-0.3,4,4,4,0,0,-1,-5,-1,-1,-5,0,edgeCount
182,25,56,graphml/AttMpls.graphml,2,1,clustered,0.7;-0.3,9,9,3,6,12,3,0,3,3,0,6,edgeCount
181,25,56,graphml/AttMpls.graphml,2,1,clustered,0.7;-0.3,-1,-1,6,-7,2,-1,-7,15,7,9,2,edgeCount
180,25,56,graphml/AttMpls.graphml,2,1,clustered,0.7;-0.3,2,2,2,0,0,2,0,2,2,0,0,edgeCount
178,25,56,graphml/AttMpls.graphml,3,2,clustered,0.7;-0.3,-1,-1,5,-6,20,-1,-6,-1,-1,-6,12,edgeCount
177,25,56,graphml/AttMpls.graphml,4,3,clustered,0.7;-0.3,-1,-1,7,-8,14,-1,-8,-1,-1,-8,10,edgeCount
176,25,56,graphml/AttMpls.graphml,2,1,clustered,0.7;-0.3,-1,-1,7,-8,12,-1,-8,-1,-1,-8,6,edgeCount
174,25,56,graphml/AttMpls.graphml,2,1,clustered,0.7;-0.3,4,4,2,2,14,2,0,2,2,0,14,edgeCount
173,25,56,graphml/AttMpls.graphml,4,3,clustered,0.7;-0.3,5,3,3,2,0,3,0,3,5,0,0,edgeCount
172,25,56,graphml/AttMpls.graphml,4,3,clustered,0.7;-0.3,8,16,4,4,4,14,10,10,10,6,4,edgeCount
171,25,56,graphml/AttMpls.graphml,3,2,clustered,0.7;-0.3,2,3,2,0,0,3,1,3,3,1,0,edgeCount
170,25,56,graphml/AttMpls.graphml,2,1,clustered,0.7;-0.3,-1,-1,3,-4,0,-1,-4,-1,-1,-4,0,edgeCount
169,25,56,graphml/AttMpls.graphml,3,2,clustered,0.7;-0.3,7,7,2,5,0,2,0,6,2,4,0,edgeCount
168,25,56,graphml/AttMpls.graphml,3,2,clustered,0.7;-0.3,-1,-1,5,-6,0,-1,-6,-1,-1,-6,0,edgeCount
167,25,56,graphml/AttMpls.graphml,2,1,clustered,0.7;-0.3,-1,-1,4,-5,4,-1,-5,-1,-1,-5,2,edgeCount
166,25,56,graphml/AttMpls.graphml,2,1,clustered,0.7;-0.3,-1,-1,5,-6,6,-1,-6,-1,-1,-6,4,edgeCount
165,25,56,graphml/AttMpls.graphml,4,3,clustered,0.7;-0.3,3,7,3,0,0,5,2,3,7,0,0,edgeCount
163,25,56,graphml/AttMpls.graphml,2,1,clustered,0.7;-0.3,3,3,3,0,12,6,3,6,6,3,6,edgeCount
162,25,56,graphml/AttMpls.graphml,3,2,clustered,0.7;-0.3,10,2,2,8,14,2,0,2,2,0,8,edgeCount
160,25,56,graphml/AttMpls.graphml,2,1,clustered,0.7;-0.3,-1,-1,4,-5,0,-1,-5,-1,-1,-5,0,edgeCount
157,25,56,graphml/AttMpls.graphml,2,1,clustered,0.7;-0.3,-1,-1,5,-6,10,-1,-6,-1,-1,-6,6,edgeCount
155,25,56,graphml/AttMpls.graphml,2,1,clustered,0.7;-0.3,-1,-1,5,-6,0,-1,-6,-1,-1,-6,0,edgeCount
152,25,56,graphml/AttMpls.graphml,4,3,clustered,0.7;-0.3,6,10,4,2,0,10,6,10,10,6,0,edgeCount
151,25,56,graphml/AttMpls.graphml,3,2,clustered,0.7;-0.3,-1,-1,4,-5,0,-1,-5,-1,-1,-5,0,edgeCount
150,25,56,graphml/AttMpls.graphml,4,3,clustered,0.7;-0.3,-1,-1,4,-5,0,-1,-5,-1,-1,-5,0,edgeCount
149,25,56,graphml/AttMpls.graphml,2,1,clustered,0.7;-0.3,-1,-1,6,-7,22,-1,-7,-1,-1,-7,14,edgeCount
145,25,56,graphml/AttMpls.graphml,5,4,clustered,0.7;-0.3,7,5,3,4,0,-1,-4,-1,-1,-4,0,edgeCount
144,25,56,graphml/AttMpls.graphml,3,2,clustered,0.7;-0.3,12,12,2,10,0,2,0,2,2,0,0,edgeCount
143,25,56,graphml/AttMpls.graphml,4,3,clustered,0.7;-0.3,20,4,4,16,0,-1,-5,-1,-1,-5,0,edgeCount
141,25,56,graphml/AttMpls.graphml,3,2,clustered,0.7;-0.3,-1,-1,5,-6,0,-1,-6,-1,-1,-6,0,edgeCount
139,25,56,graphml/AttMpls.graphml,4,3,clustered,0.7;-0.3,12,24,4,8,0,8,4,8,14,4,0,edgeCount
134,25,56,graphml/AttMpls.graphml,2,1,clustered,0.7;-0.3,-1,-1,5,-6,0,-1,-6,-1,-1,-6,0,edgeCount
133,25,56,graphml/AttMpls.graphml,2,1,clustered,0.7;-0.3,5,5,5,0,16,-1,-6,-1,-1,-6,10,edgeCount
131,25,56,graphml/AttMpls.graphml,2,1,clustered,0.7;-0.3,6,2,2,4,4,2,0,2,2,0,4,edgeCount
127,25,56,graphml/AttMpls.graphml,2,1,clustered,0.7;-0.3,3,3,3,0,10,3,0,3,3,0,6,edgeCount
126,25,56,graphml/AttMpls.graphml,4,3,clustered,0.7;-0.3,-1,-1,5,-6,14,-1,-6,14,14,9,10,edgeCount
124,25,56,graphml/AttMpls.graphml,2,1,clustered,0.7;-0.3,-1,-1,3,-4,0,-1,-4,-1,-1,-4,0,edgeCount
121,25,56,graphml/AttMpls.graphml,2,1,clustered,0.7;-0.3,-1,-1,4,-5,4,-1,-5,-1,-1,-5,4,edgeCount
117,25,56,graphml/AttMpls.graphml,2,1,clustered,0.7;-0.3,8,6,5,3,0,-1,-6,-1,-1,-6,0,edgeCount
113,25,56,graphml/AttMpls.graphml,4,3,clustered,0.7;-0.3,-1,-1,5,-6,6,-1,-6,-1,-1,-6,2,edgeCount
112,25,56,graphml/AttMpls.graphml,3,2,clustered,0.7;-0.3,-1,-1,4,-5,0,-1,-5,-1,-1,-5,0,edgeCount
111,25,56,graphml/AttMpls.graphml,4,3,clustered,0.7;-0.3,-1,-1,4,-5,0,-1,-5,-1,-1,-5,0,edgeCount
108,25,56,graphml/AttMpls.graphml,2,1,clustered,0.7;-0.3,3,5,3,0,0,3,0,3,3,0,0,edgeCount
107,25,56,graphml/AttMpls.graphml,2,1,clustered,0.7;-0.3,-1,-1,4,-5,0,-1,-5,-1,-1,-5,0,edgeCount
105,25,56,graphml/AttMpls.graphml,4,3,clustered,0.7;-0.3,10,10,4,6,0,-1,-5,10,10,6,0,edgeCount
103,25,56,graphml/AttMpls.graphml,3,2,clustered,0.7;-0.3,3,5,3,0,2,5,2,5,5,2,2,edgeCount
102,25,56,graphml/AttMpls.graphml,2,1,clustered,0.7;-0.3,5,5,5,0,2,-1,-6,-1,-1,-6,2,edgeCount
99,25,56,graphml/AttMpls.graphml,3,2,clustered,0.7;-0.3,5,5,5,0,2,5,0,5,5,0,2,edgeCount
98,25,56,graphml/AttMpls.graphml,2,1,clustered,0.7;-0.3,20,20,4,16,8,4,0,4,4,0,4,edgeCount
96,25,56,graphml/AttMpls.graphml,4,3,clustered,0.7;-0.3,11,3,3,8,0,5,2,3,5,0,0,edgeCount
95,25,56,graphml/AttMpls.graphml,3,2,clustered,0.7;-0.3,11,19,4,7,0,-1,-5,-1,-1,-5,0,edgeCount
94,25,56,graphml/AttMpls.graphml,3,2,clustered,0.7;-0.3,-1,-1,4,-5,10,-1,-5,-1,-1,-5,4,edgeCount
93,25,56,graphml/AttMpls.graphml,4,3,clustered,0.7;-0.3,21,17,6,15,0,25,19,25,11,19,0,edgeCount
92,25,56,graphml/AttMpls.graphml,2,1,clustered,0.7;-0.3,-1,-1,4,-5,10,-1,-5,-1,-1,-5,6,edgeCount
89,25,56,graphml/AttMpls.graphml,2,1,clustered,0.7;-0.3,-1,-1,4,-5,22,-1,-5,-1,-1,-5,14,edgeCount
88,25,56,graphml/AttMpls.graphml,3,2,clustered,0.7;-0.3,6,6,2,4,0,2,0,2,2,0,0,edgeCount
87,25,56,graphml/AttMpls.graphml,2,1,clustered,0.7;-0.3,4,4,4,0,0,4,0,4,4,0,0,edgeCount
86,25,56,graphml/AttMpls.graphml,3,2,clustered,0.7;-0.3,4,8,3,1,4,6,3,6,6,3,2,edgeCount
84,25,56,graphml/AttMpls.graphml,2,1,clustered,0.7;-0.3,-1,-1,4,-5,0,-1,-5,-1,-1,-5,0,edgeCount
83,25,56,graphml/AttMpls.graphml,5,4,clustered,0.7;-0.3,-1,-1,3,-4,0,-1,-4,-1,-1,-4,0,edgeCount
82,25,56,graphml/AttMpls.graphml,2,1,clustered,0.7;-0.3,12,8,5,7,4,-1,-6,11,7,6,4,edgeCount
81,25,56,graphml/AttMpls.graphml,2,1,clustered,0.7;-0.3,-1,-1,9,-10,14,-1,-10,-1,-1,-10,10,edgeCount
80,25,56,graphml/AttMpls.graphml,3,2,clustered,0.7;-0.3,13,5,5,8,10,-1,-6,-1,-1,-6,4,edgeCount
78,25,56,graphml/AttMpls.graphml,2,1,clustered,0.7;-0.3,5,7,4,1,0,-1,-5,-1,-1,-5,0,edgeCount
77,25,56,graphml/AttMpls.graphml,3,2,clustered,0.7;-0.3,-1,-1,9,-10,12,-1,-10,-1,-1,-10,4,edgeCount
73,25,56,graphml/AttMpls.graphml,2,1,clustered,0.7;-0.3,-1,-1,4,-5,0,-1,-5,-1,-1,-5,0,edgeCount
70,25,56,graphml/AttMpls.graphml,2,1,clustered,0.7;-0.3,4,4,4,0,0,10,6,4,4,0,0,edgeCount
69,25,56,graphml/AttMpls.graphml,3,2,clustered,0.7;-0.3,4,22,4,0,8,14,10,16,22,12,4,edgeCount
68,25,56,graphml/AttMpls.graphml,3,2,clustered,0.7;-0.3,4,24,4,0,8,16,12,16,20,12,4,edgeCount
66,25,56,graphml/AttMpls.graphml,3,2,clustered,0.7;-0.3,16,10,4,12,0,11,7,17,17,13,0,edgeCount
64,25,56,graphml/AttMpls.graphml,2,1,clustered,0.7;-0.3,4,4,4,0,0,4,0,4,4,0,0,edgeCount
63,25,56,graphml/AttMpls.graphml,2,1,clustered,0.7;-0.3,4,8,3,1,0,8,5,8,8,5,0,edgeCount
62,25,56,graphml/AttMpls.graphml,3,2,clustered,0.7;-0.3,-1,-1,5,-6,0,-1,-6,-1,-1,-6,0,edgeCount
61,25,56,graphml/AttMpls.graphml,3,2,clustered,0.7;-0.3,-1,-1,4,-5,4,-1,-5,10,10,6,2,edgeCount
59,25,56,graphml/AttMpls.graphml,4,3,clustered,0.7;-0.3,7,3,3,4,0,3,0,3,3,0,0,edgeCount
58,25,56,graphml/AttMpls.graphml,7,6,clustered,0.7;-0.3,9,9,3,6,0,-1,-4,7,9,4,0,edgeCount
57,25,56,graphml/AttMpls.graphml,4,3,clustered,0.7;-0.3,9,3,3,6,2,-1,-4,3,3,0,2,edgeCount
56,25,56,graphml/AttMpls.graphml,2,1,clustered,0.7;-0.3,4,4,2,2,10,2,0,2,2,0,6,edgeCount
49,25,56,graphml/AttMpls.graphml,3,2,clustered,0.7;-0.3,2,2,2,0,0,2,0,2,2,0,0,edgeCount
47,25,56,graphml/AttMpls.graphml,2,1,clustered,0.7;-0.3,4,6,4,0,12,6,2,6,6,2,8,edgeCount
43,25,56,graphml/AttMpls.graphml,3,2,clustered,0.7;-0.3,4,4,4,0,12,-1,-5,-1,-1,-5,8,edgeCount
40,25,56,graphml/AttMpls.graphml,2,1,clustered,0.7;-0.3,-1,-1,6,-7,10,-1,-7,8,6,2,6,edgeCount
39,25,56,graphml/AttMpls.graphml,3,2,clustered,0.7;-0.3,-1,-1,3,-4,0,-1,-4,-1,-1,-4,0,edgeCount
38,25,56,graphml/AttMpls.graphml,2,1,clustered,0.7;-0.3,-1,-1,4,-5,0,-1,-5,-1,-1,-5,0,edgeCount
36,25,56,graphml/AttMpls.graphml,3,2,clustered,0.7;-0.3,2,3,2,0,0,3,1,3,3,1,0,edgeCount
35,25,56,graphml/AttMpls.graphml,2,1,clustered,0.7;-0.3,11,5,5,6,0,9,4,9,9,4,0,edgeCount
33,25,56,graphml/AttMpls.graphml,3,2,clustered,0.7;-0.3,-1,-1,9,-10,4,-1,-10,-1,-1,-10,2,edgeCount
31,25,56,graphml/AttMpls.graphml,4,3,clustered,0.7;-0.3,4,2,2,2,0,2,0,2,2,0,0,edgeCount
30,25,56,graphml/AttMpls.graphml,3,2,clustered,0.7;-0.3,26,6,6,20,22,-1,-7,-1,-1,-7,12,edgeCount
27,25,56,graphml/AttMpls.graphml,4,3,clustered,0.7;-0.3,10,6,2,8,0,2,0,6,2,4,0,edgeCount
26,25,56,graphml/AttMpls.graphml,2,1,clustered,0.7;-0.3,-1,-1,6,-7,0,-1,-7,-1,-1,-7,0,edgeCount
25,25,56,graphml/AttMpls.graphml,3,2,clustered,0.7;-0.3,-1,-1,5,-6,0,-1,-6,-1,-1,-6,0,edgeCount
24,25,56,graphml/AttMpls.graphml,2,1,clustered,0.7;-0.3,-1,-1,4,-5,10,-1,-5,-1,-1,-5,6,edgeCount
23,25,56,graphml/AttMpls.graphml,2,1,clustered,0.7;-0.3,4,6,4,0,12,-1,-5,4,6,0,6,edgeCount
21,25,56,graphml/AttMpls.graphml,2,1,clustered,0.7;-0.3,12,12,3,9,0,6,3,6,6,3,0,edgeCount
20,25,56,graphml/AttMpls.graphml,4,3,clustered,0.7;-0.3,-1,-1,3,-4,0,-1,-4,-1,-1,-4,0,edgeCount
19,25,56,graphml/AttMpls.graphml,4,3,clustered,0.7;-0.3,10,10,2,8,0,2,0,6,2,4,0,edgeCount
17,25,56,graphml/AttMpls.graphml,5,4,clustered,0.7;-0.3,-1,-1,5,-6,0,-1,-6,-1,-1,-6,0,edgeCount
14,25,56,graphml/AttMpls.graphml,4,3,clustered,0.7;-0.3,24,8,6,18,0,-1,-7,-1,-1,-7,0,edgeCount
12,25,56,graphml/AttMpls.graphml,2,1,clustered,0.7;-0.3,6,8,4,2,0,-1,-5,-1,-1,-5,0,edgeCount
11,25,56,graphml/AttMpls.graphml,3,2,clustered,0.7;-0.3,15,8,4,11,8,4,0,4,4,0,4,edgeCount
10,25,56,graphml/AttMpls.graphml,2,1,clustered,0.7;-0.3,7,9,3,4,0,3,0,3,3,0,0,edgeCount
7,25,56,graphml/AttMpls.graphml,2,1,clustered,0.7;-0.3,3,4,3,0,12,3,0,3,3,0,6,edgeCount
6,25,56,graphml/AttMpls.graphml,3,2,clustered,0.7;-0.3,-1,-1,5,-6,0,-1,-6,-1,-1,-6,0,edgeCount
5,25,56,graphml/AttMpls.graphml,3,2,clustered,0.7;-0.3,-1,-1,5,-6,10,-1,-6,-1,-1,-6,4,edgeCount
4,25,56,graphml/AttMpls.graphml,3,2,clustered,0.7;-0.3,9,3,3,6,4,3,0,3,3,0,2,edgeCount
1,25,56,graphml/AttMpls.graphml,5,4,clustered,0.7;-0.3,-1,-1,4,-5,0,-1,-5,-1,-1,-5,0,edgeCount
