rep,nrNodes,nrEdges,edgeProb,nrPaths,nrFails,failureModel,failurePercent,hopsRanked,hopsUnranked,spLength,stretch_mult,nodeAdditions,hopsPath,stretch_path,hopsRankedOne,hopsUnrankedOne,stretch_one,overallNodeAdditionsOne,treeChoice
1000,110,148,graphml/Interoute.graphml,2,1,clustered,0.6;-0.3,-1,-1,14,-15,2,-1,-15,-1,-1,-15,2,edgeCount
998,110,148,graphml/Interoute.graphml,3,2,clustered,0.6;-0.3,54,54,11,43,2,54,43,28,62,17,2,edgeCount
997,110,148,graphml/Interoute.graphml,3,2,clustered,0.6;-0.3,38,24,10,28,0,36,26,36,36,26,0,edgeCount
996,110,148,graphml/Interoute.graphml,2,1,clustered,0.6;-0.3,6,6,6,0,2,6,0,6,14,0,2,edgeCount
995,110,148,graphml/Interoute.graphml,2,1,clustered,0.6;-0.3,33,33,13,20,0,33,20,33,33,20,0,edgeCount
994,110,148,graphml/Interoute.graphml,2,1,clustered,0.6;-0.3,12,12,10,2,0,12,2,12,12,2,0,edgeCount
993,110,148,graphml/Interoute.graphml,2,1,clustered,0.6;-0.3,7,53,7,0,2,19,12,19,7,12,2,edgeCount
992,110,148,graphml/Interoute.graphml,2,1,clustered,0.6;-0.3,31,69,10,21,0,31,21,31,31,21,0,edgeCount
991,110,148,graphml/Interoute.graphml,2,1,clustered,0.6;-0.3,40,40,7,33,4,26,19,40,40,33,4,edgeCount
990,110,148,graphml/Interoute.graphml,2,1,clustered,0.6;-0.3,11,11,11,0,0,11,0,11,11,0,0,edgeCount
989,110,148,graphml/Interoute.graphml,2,1,clustered,0.6;-0.3,6,6,4,2,0,6,2,6,6,2,0,edgeCount
988,110,148,graphml/Interoute.graphml,2,1,clustered,0.6;-0.3,9,59,9,0,0,25,16,25,25,16,0,edgeCount
987,110,148,graphml/Interoute.graphml,3,2,clustered,0.6;-0.3,18,18,8,10,2,18,10,18,24,10,2,edgeCount
985,110,148,graphml/Interoute.graphml,2,1,clustered,0.6;-0.3,26,26,9,17,0,-1,-10,26,26,17,0,edgeCount
983,110,148,graphml/Interoute.graphml,2,1,clustered,0.6;-0.3,35,17,11,24,0,17,6,17,17,6,0,edgeCount
979,110,148,graphml/Interoute.graphml,2,1,clustered,0.6;-0.3,14,14,13,1,0,14,1,14,14,1,0,edgeCount
978,110,148,graphml/Interoute.graphml,2,1,clustered,0.6;-0.3,30,30,11,19,0,30,19,30,30,19,0,edgeCount
977,110,148,graphml/Interoute.graphml,2,1,clustered,0.6;-0.3,39,39,12,27,2,39,27,41,41,29,2,edgeCount
976,110,148,graphml/Interoute.graphml,2,1,clustered,0.6;-0.3,17,7,7,10,0,7,0,7,7,0,0,edgeCount
975,110,148,graphml/Interoute.graphml,2,1,clustered,0.6;-0.3,12,32,6,6,0,12,6,12,12,6,0,edgeCount
974,110,148,graphml/Interoute.graphml,2,1,clustered,0.6;-0.3,-1,-1,11,-12,0,-1,-12,-1,-1,-12,0,edgeCount
973,110,148,graphml/Interoute.graphml,2,1,clustered,0.6;-0.3,11,11,11,0,0,37,26,11,11,0,0,edgeCount
971,110,148,graphml/Interoute.graphml,2,1,clustered,0.6;-0.3,11,11,11,0,2,11,0,11,11,0,2,edgeCount
969,110,148,graphml/Interoute.graphml,3,2,clustered,0.6;-0.3,21,21,8,13,0,-1,-9,21,21,13,0,edgeCount
968,110,148,graphml/Interoute.graphml,4,3,clustered,0.6;-0.3,2,2,2,0,0,2,0,2,2,0,0,edgeCount
967,110,148,graphml/Interoute.graphml,2,1,clustered,0.6;-0.3,36,36,16,20,0,36,20,36,36,20,0,edgeCount
966,110,148,graphml/Interoute.graphml,2,1,clustered,0.6;-0.3,13,27,7,6,0,13,6,13,13,6,0,edgeCount
962,110,148,graphml/Interoute.graphml,3,2,clustered,0.6;-0.3,9,7,7,2,2,7,0,9,7,2,2,edgeCount
961,110,148,graphml/Interoute.graphml,2,1,clustered,0.6;-0.3,25,25,11,14,2,25,14,25,25,14,2,edgeCount
959,110,148,graphml/Interoute.graphml,2,1,clustered,0.6;-0.3,26,26,5,21,0,26,21,26,26,21,0,edgeCount
957,110,148,graphml/Interoute.graphml,2,1,clustered,0.6;-0.3,62,46,19,43,4,-1,-20,46,20,27,4,edgeCount
955,110,148,graphml/Interoute.graphml,2,1,clustered,0.6;-0.3,-1,-1,14,-15,0,-1,-15,-1,-1,-15,0,edgeCount
953,110,148,graphml/Interoute.graphml,2,1,clustered,0.6;-0.3,15,39,7,8,0,15,8,15,15,8,0,edgeCount
952,110,148,graphml/Interoute.graphml,2,1,clustered,0.6;-0.3,9,9,9,0,4,9,0,25,9,16,4,edgeCount
950,110,148,graphml/Interoute.graphml,3,2,clustered,0.6;-0.3,30,50,11,19,4,28,17,30,28,19,4,edgeCount
949,110,148,graphml/Interoute.graphml,2,1,clustered,0.6;-0.3,6,6,6,0,2,6,0,22,14,16,2,edgeCount
948,110,148,graphml/Interoute.graphml,2,1,clustered,0.6;-0.3,30,30,8,22,2,-1,-9,10,10,2,2,edgeCount
946,110,148,graphml/Interoute.graphml,2,1,clustered,0.6;-0.3,10,10,9,1,0,33,24,10,10,1,0,edgeCount
945,110,148,graphml/Interoute.graphml,2,1,clustered,0.6;-0.3,22,22,10,12,4,22,12,12,18,2,4,edgeCount
944,110,148,graphml/Interoute.graphml,2,1,clustered,0.6;-0.3,30,30,13,17,0,-1,-14,-1,-1,-14,0,edgeCount
941,110,148,graphml/Interoute.graphml,2,1,clustered,0.6;-0.3,12,12,12,0,0,12,0,12,12,0,0,edgeCount
940,110,148,graphml/Interoute.graphml,2,1,clustered,0.6;-0.3,50,58,14,36,4,-1,-15,51,33,37,4,edgeCount
939,110,148,graphml/Interoute.graphml,2,1,clustered,0.6;-0.3,-1,-1,14,-15,2,-1,-15,-1,-1,-15,2,edgeCount
937,110,148,graphml/Interoute.graphml,2,1,clustered,0.6;-0.3,10,10,10,0,0,10,0,10,10,0,0,edgeCount
936,110,148,graphml/Interoute.graphml,2,1,clustered,0.6;-0.3,22,36,8,14,4,-1,-9,-1,-1,-9,4,edgeCount
935,110,148,graphml/Interoute.graphml,2,1,clustered,0.6;-0.3,11,11,11,0,0,11,0,11,11,0,0,edgeCount
934,110,148,graphml/Interoute.graphml,3,2,clustered,0.6;-0.3,6,6,4,2,0,6,2,6,6,2,0,edgeCount
933,110,148,graphml/Interoute.graphml,2,1,clustered,0.6;-0.3,11,11,11,0,0,11,0,11,11,0,0,edgeCount
932,110,148,graphml/Interoute.graphml,3,2,clustered,0.6;-0.3,15,15,13,2,0,16,3,16,16,3,0,edgeCount
930,110,148,graphml/Interoute.graphml,1,0,clustered,0.6;-0.3,9,9,9,0,0,9,0,9,9,0,0,edgeCount
929,110,148,graphml/Interoute.graphml,3,2,clustered,0.6;-0.3,55,61,9,46,0,55,46,55,55,46,0,edgeCount
927,110,148,graphml/Interoute.graphml,2,1,clustered,0.6;-0.3,7,35,5,2,0,17,12,17,17,12,0,edgeCount
926,110,148,graphml/Interoute.graphml,2,1,clustered,0.6;-0.3,9,9,9,0,2,9,0,9,9,0,2,edgeCount
925,110,148,graphml/Interoute.graphml,2,1,clustered,0.6;-0.3,12,12,12,0,0,12,0,12,12,0,0,edgeCount
923,110,148,graphml/Interoute.graphml,2,1,clustered,0.6;-0.3,12,12,12,0,0,12,0,12,12,0,0,edgeCount
922,110,148,graphml/Interoute.graphml,2,1,clustered,0.6;-0.3,42,32,12,30,2,-1,-13,42,32,30,2,edgeCount
920,110,148,graphml/Interoute.graphml,4,3,clustered,0.6;-0.3,-1,-1,10,-11,0,-1,-11,-1,-1,-11,0,edgeCount
919,110,148,graphml/Interoute.graphml,2,1,clustered,0.6;-0.3,-1,-1,15,-16,0,-1,-16,-1,-1,-16,0,edgeCount
917,110,148,graphml/Interoute.graphml,2,1,clustered,0.6;-0.3,-1,-1,9,-10,0,-1,-10,-1,-1,-10,0,edgeCount
916,110,148,graphml/Interoute.graphml,3,2,clustered,0.6;-0.3,22,22,8,14,0,-1,-9,22,22,14,0,edgeCount
915,110,148,graphml/Interoute.graphml,4,3,clustered,0.6;-0.3,3,5,3,0,0,5,2,3,5,0,0,edgeCount
914,110,148,graphml/Interoute.graphml,1,0,clustered,0.6;-0.3,11,11,11,0,2,11,0,11,11,0,2,edgeCount
912,110,148,graphml/Interoute.graphml,3,2,clustered,0.6;-0.3,38,38,12,26,0,36,24,36,36,24,0,edgeCount
911,110,148,graphml/Interoute.graphml,1,0,clustered,0.6;-0.3,-1,-1,9,-10,0,-1,-10,-1,-1,-10,0,edgeCount
910,110,148,graphml/Interoute.graphml,3,2,clustered,0.6;-0.3,15,15,4,11,2,-1,-5,37,25,33,2,edgeCount
909,110,148,graphml/Interoute.graphml,1,0,clustered,0.6;-0.3,14,36,14,0,4,14,0,14,36,0,4,edgeCount
908,110,148,graphml/Interoute.graphml,3,2,clustered,0.6;-0.3,3,3,3,0,0,3,0,3,3,0,0,edgeCount
903,110,148,graphml/Interoute.graphml,2,1,clustered,0.6;-0.3,23,23,9,14,0,-1,-10,-1,-1,-10,0,edgeCount
902,110,148,graphml/Interoute.graphml,2,1,clustered,0.6;-0.3,11,11,10,1,2,11,1,39,20,29,2,edgeCount
901,110,148,graphml/Interoute.graphml,2,1,clustered,0.6;-0.3,-1,-1,6,-7,0,-1,-7,-1,-1,-7,0,edgeCount
899,110,148,graphml/Interoute.graphml,2,1,clustered,0.6;-0.3,15,37,13,2,0,15,2,15,37,2,0,edgeCount
897,110,148,graphml/Interoute.graphml,3,2,clustered,0.6;-0.3,24,24,10,14,0,24,14,24,24,14,0,edgeCount
896,110,148,graphml/Interoute.graphml,2,1,clustered,0.6;-0.3,11,11,11,0,2,-1,-12,11,11,0,2,edgeCount
894,110,148,graphml/Interoute.graphml,1,0,clustered,0.6;-0.3,8,8,8,0,2,8,0,8,8,0,2,edgeCount
892,110,148,graphml/Interoute.graphml,2,1,clustered,0.6;-0.3,33,33,12,21,0,29,17,29,29,17,0,edgeCount
891,110,148,graphml/Interoute.graphml,2,1,clustered,0.6;-0.3,52,32,18,34,2,-1,-19,50,32,32,2,edgeCount
890,110,148,graphml/Interoute.graphml,2,1,clustered,0.6;-0.3,15,15,13,2,0,15,2,15,15,2,0,edgeCount
889,110,148,graphml/Interoute.graphml,2,1,clustered,0.6;-0.3,30,72,14,16,0,30,16,30,30,16,0,edgeCount
888,110,148,graphml/Interoute.graphml,2,1,clustered,0.6;-0.3,3,3,3,0,4,3,0,3,3,0,4,edgeCount
887,110,148,graphml/Interoute.graphml,2,1,clustered,0.6;-0.3,9,9,9,0,0,9,0,9,9,0,0,edgeCount
886,110,148,graphml/Interoute.graphml,2,1,clustered,0.6;-0.3,5,5,5,0,0,5,0,5,5,0,0,edgeCount
885,110,148,graphml/Interoute.graphml,2,1,clustered,0.6;-0.3,20,20,8,12,0,20,12,20,20,12,0,edgeCount
884,110,148,graphml/Interoute.graphml,2,1,clustered,0.6;-0.3,26,26,10,16,0,26,16,26,26,16,0,edgeCount
883,110,148,graphml/Interoute.graphml,3,2,clustered,0.6;-0.3,5,5,5,0,0,5,0,5,5,0,0,edgeCount
882,110,148,graphml/Interoute.graphml,2,1,clustered,0.6;-0.3,10,10,10,0,0,10,0,10,10,0,0,edgeCount
881,110,148,graphml/Interoute.graphml,3,2,clustered,0.6;-0.3,5,5,5,0,0,36,31,5,5,0,0,edgeCount
880,110,148,graphml/Interoute.graphml,2,1,clustered,0.6;-0.3,13,13,13,0,2,13,0,13,13,0,2,edgeCount
879,110,148,graphml/Interoute.graphml,3,2,clustered,0.6;-0.3,27,15,6,21,0,15,9,15,15,9,0,edgeCount
878,110,148,graphml/Interoute.graphml,2,1,clustered,0.6;-0.3,12,12,12,0,4,12,0,12,12,0,4,edgeCount
877,110,148,graphml/Interoute.graphml,2,1,clustered,0.6;-0.3,41,41,9,32,4,-1,-10,37,13,28,4,edgeCount
876,110,148,graphml/Interoute.graphml,4,3,clustered,0.6;-0.3,18,18,10,8,4,18,8,18,18,8,4,edgeCount
875,110,148,graphml/Interoute.graphml,2,1,clustered,0.6;-0.3,30,30,13,17,2,30,17,30,30,17,2,edgeCount
873,110,148,graphml/Interoute.graphml,4,3,clustered,0.6;-0.3,11,11,5,6,0,11,6,11,11,6,0,edgeCount
872,110,148,graphml/Interoute.graphml,2,1,clustered,0.6;-0.3,8,8,7,1,0,8,1,8,8,1,0,edgeCount
871,110,148,graphml/Interoute.graphml,3,2,clustered,0.6;-0.3,19,19,9,10,2,19,10,37,19,28,2,edgeCount
870,110,148,graphml/Interoute.graphml,3,2,clustered,0.6;-0.3,3,3,3,0,4,3,0,3,3,0,4,edgeCount
868,110,148,graphml/Interoute.graphml,1,0,clustered,0.6;-0.3,12,12,12,0,0,12,0,12,12,0,0,edgeCount
867,110,148,graphml/Interoute.graphml,2,1,clustered,0.6;-0.3,13,13,12,1,2,13,1,13,13,1,2,edgeCount
866,110,148,graphml/Interoute.graphml,2,1,clustered,0.6;-0.3,15,15,7,8,0,15,8,15,15,8,0,edgeCount
865,110,148,graphml/Interoute.graphml,1,0,clustered,0.6;-0.3,-1,-1,14,-15,4,-1,-15,-1,-1,-15,4,edgeCount
864,110,148,graphml/Interoute.graphml,3,2,clustered,0.6;-0.3,40,38,11,29,6,40,29,40,38,29,6,edgeCount
862,110,148,graphml/Interoute.graphml,2,1,clustered,0.6;-0.3,38,38,11,27,2,32,21,32,32,21,2,edgeCount
860,110,148,graphml/Interoute.graphml,2,1,clustered,0.6;-0.3,31,31,13,18,0,31,18,31,31,18,0,edgeCount
859,110,148,graphml/Interoute.graphml,2,1,clustered,0.6;-0.3,34,34,13,21,0,-1,-14,-1,-1,-14,0,edgeCount
857,110,148,graphml/Interoute.graphml,2,1,clustered,0.6;-0.3,24,24,10,14,2,-1,-11,24,24,14,2,edgeCount
856,110,148,graphml/Interoute.graphml,3,2,clustered,0.6;-0.3,62,62,7,55,2,-1,-8,-1,-1,-8,2,edgeCount
855,110,148,graphml/Interoute.graphml,1,0,clustered,0.6;-0.3,32,16,13,19,2,-1,-14,32,16,19,2,edgeCount
853,110,148,graphml/Interoute.graphml,2,1,clustered,0.6;-0.3,11,9,9,2,2,9,0,11,9,2,2,edgeCount
852,110,148,graphml/Interoute.graphml,3,2,clustered,0.6;-0.3,26,26,12,14,2,26,14,56,26,44,2,edgeCount
851,110,148,graphml/Interoute.graphml,2,1,clustered,0.6;-0.3,12,12,12,0,2,12,0,36,12,24,2,edgeCount
850,110,148,graphml/Interoute.graphml,1,0,clustered,0.6;-0.3,9,9,9,0,0,9,0,9,9,0,0,edgeCount
849,110,148,graphml/Interoute.graphml,1,0,clustered,0.6;-0.3,14,14,14,0,2,14,0,14,14,0,2,edgeCount
847,110,148,graphml/Interoute.graphml,2,1,clustered,0.6;-0.3,26,26,11,15,0,-1,-12,-1,-1,-12,0,edgeCount
846,110,148,graphml/Interoute.graphml,2,1,clustered,0.6;-0.3,4,4,4,0,2,4,0,4,4,0,2,edgeCount
845,110,148,graphml/Interoute.graphml,1,0,clustered,0.6;-0.3,25,25,11,14,6,-1,-12,25,25,14,6,edgeCount
844,110,148,graphml/Interoute.graphml,2,1,clustered,0.6;-0.3,5,5,5,0,0,5,0,5,5,0,0,edgeCount
842,110,148,graphml/Interoute.graphml,4,3,clustered,0.6;-0.3,11,11,5,6,2,11,6,29,61,24,2,edgeCount
841,110,148,graphml/Interoute.graphml,2,1,clustered,0.6;-0.3,15,45,7,8,6,15,8,7,25,0,6,edgeCount
840,110,148,graphml/Interoute.graphml,2,1,clustered,0.6;-0.3,-1,-1,5,-6,0,-1,-6,-1,-1,-6,0,edgeCount
837,110,148,graphml/Interoute.graphml,2,1,clustered,0.6;-0.3,26,26,8,18,0,-1,-9,26,26,18,0,edgeCount
836,110,148,graphml/Interoute.graphml,2,1,clustered,0.6;-0.3,7,7,7,0,0,7,0,7,7,0,0,edgeCount
834,110,148,graphml/Interoute.graphml,2,1,clustered,0.6;-0.3,4,4,4,0,4,4,0,20,4,16,4,edgeCount
833,110,148,graphml/Interoute.graphml,2,1,clustered,0.6;-0.3,12,12,12,0,0,12,0,12,12,0,0,edgeCount
832,110,148,graphml/Interoute.graphml,2,1,clustered,0.6;-0.3,8,8,8,0,0,8,0,8,8,0,0,edgeCount
831,110,148,graphml/Interoute.graphml,3,2,clustered,0.6;-0.3,8,8,8,0,0,8,0,8,8,0,0,edgeCount
830,110,148,graphml/Interoute.graphml,2,1,clustered,0.6;-0.3,10,10,10,0,0,10,0,10,10,0,0,edgeCount
826,110,148,graphml/Interoute.graphml,2,1,clustered,0.6;-0.3,6,6,6,0,2,6,0,24,13,18,2,edgeCount
825,110,148,graphml/Interoute.graphml,2,1,clustered,0.6;-0.3,40,40,16,24,0,40,24,40,40,24,0,edgeCount
824,110,148,graphml/Interoute.graphml,2,1,clustered,0.6;-0.3,29,29,10,19,0,29,19,29,29,19,0,edgeCount
823,110,148,graphml/Interoute.graphml,2,1,clustered,0.6;-0.3,4,4,4,0,2,4,0,20,4,16,2,edgeCount
820,110,148,graphml/Interoute.graphml,2,1,clustered,0.6;-0.3,13,13,13,0,2,13,0,43,18,30,2,edgeCount
819,110,148,graphml/Interoute.graphml,3,2,clustered,0.6;-0.3,6,6,6,0,0,6,0,6,6,0,0,edgeCount
817,110,148,graphml/Interoute.graphml,2,1,clustered,0.6;-0.3,30,30,8,22,0,30,22,30,30,22,0,edgeCount
816,110,148,graphml/Interoute.graphml,2,1,clustered,0.6;-0.3,33,33,14,19,0,33,19,33,33,19,0,edgeCount
814,110,148,graphml/Interoute.graphml,2,1,clustered,0.6;-0.3,-1,-1,13,-14,0,-1,-14,-1,-1,-14,0,edgeCount
813,110,148,graphml/Interoute.graphml,2,1,clustered,0.6;-0.3,9,9,9,0,0,-1,-10,9,9,0,0,edgeCount
812,110,148,graphml/Interoute.graphml,2,1,clustered,0.6;-0.3,41,41,12,29,0,41,29,41,41,29,0,edgeCount
810,110,148,graphml/Interoute.graphml,2,1,clustered,0.6;-0.3,35,35,15,20,0,35,20,35,35,20,0,edgeCount
809,110,148,graphml/Interoute.graphml,2,1,clustered,0.6;-0.3,20,20,7,13,0,20,13,20,20,13,0,edgeCount
808,110,148,graphml/Interoute.graphml,2,1,clustered,0.6;-0.3,48,48,9,39,2,-1,-10,37,25,28,2,edgeCount
806,110,148,graphml/Interoute.graphml,2,1,clustered,0.6;-0.3,6,6,6,0,2,6,0,6,6,0,2,edgeCount
805,110,148,graphml/Interoute.graphml,2,1,clustered,0.6;-0.3,35,29,15,20,2,-1,-16,33,21,18,2,edgeCount
804,110,148,graphml/Interoute.graphml,2,1,clustered,0.6;-0.3,10,10,10,0,2,10,0,10,10,0,2,edgeCount
803,110,148,graphml/Interoute.graphml,2,1,clustered,0.6;-0.3,5,5,5,0,0,5,0,5,5,0,0,edgeCount
802,110,148,graphml/Interoute.graphml,2,1,clustered,0.6;-0.3,5,5,5,0,0,5,0,5,5,0,0,edgeCount
801,110,148,graphml/Interoute.graphml,3,2,clustered,0.6;-0.3,17,17,7,10,0,17,10,17,17,10,0,edgeCount
800,110,148,graphml/Interoute.graphml,3,2,clustered,0.6;-0.3,59,53,15,44,0,51,36,51,51,36,0,edgeCount
799,110,148,graphml/Interoute.graphml,2,1,clustered,0.6;-0.3,34,34,8,26,2,-1,-9,24,8,16,2,edgeCount
798,110,148,graphml/Interoute.graphml,2,1,clustered,0.6;-0.3,-1,-1,13,-14,0,-1,-14,-1,-1,-14,0,edgeCount
797,110,148,graphml/Interoute.graphml,2,1,clustered,0.6;-0.3,6,6,6,0,0,6,0,6,6,0,0,edgeCount
795,110,148,graphml/Interoute.graphml,2,1,clustered,0.6;-0.3,14,14,11,3,0,36,25,36,36,25,0,edgeCount
794,110,148,graphml/Interoute.graphml,3,2,clustered,0.6;-0.3,21,21,10,11,0,21,11,21,21,11,0,edgeCount
793,110,148,graphml/Interoute.graphml,2,1,clustered,0.6;-0.3,33,37,10,23,6,33,23,33,37,23,6,edgeCount
792,110,148,graphml/Interoute.graphml,2,1,clustered,0.6;-0.3,16,16,7,9,0,-1,-8,-1,-1,-8,0,edgeCount
791,110,148,graphml/Interoute.graphml,3,2,clustered,0.6;-0.3,15,15,13,2,0,15,2,15,15,2,0,edgeCount
790,110,148,graphml/Interoute.graphml,2,1,clustered,0.6;-0.3,22,22,10,12,0,22,12,22,22,12,0,edgeCount
788,110,148,graphml/Interoute.graphml,2,1,clustered,0.6;-0.3,32,32,9,23,0,32,23,32,32,23,0,edgeCount
787,110,148,graphml/Interoute.graphml,3,2,clustered,0.6;-0.3,8,8,8,0,2,8,0,8,8,0,2,edgeCount
785,110,148,graphml/Interoute.graphml,3,2,clustered,0.6;-0.3,23,23,8,15,0,23,15,23,23,15,0,edgeCount
784,110,148,graphml/Interoute.graphml,2,1,clustered,0.6;-0.3,25,25,9,16,0,25,16,25,25,16,0,edgeCount
783,110,148,graphml/Interoute.graphml,2,1,clustered,0.6;-0.3,8,8,4,4,0,8,4,8,8,4,0,edgeCount
782,110,148,graphml/Interoute.graphml,2,1,clustered,0.6;-0.3,4,4,4,0,2,4,0,4,4,0,2,edgeCount
781,110,148,graphml/Interoute.graphml,2,1,clustered,0.6;-0.3,3,3,3,0,4,3,0,21,3,18,4,edgeCount
780,110,148,graphml/Interoute.graphml,2,1,clustered,0.6;-0.3,25,25,11,14,0,-1,-12,25,25,14,0,edgeCount
779,110,148,graphml/Interoute.graphml,2,1,clustered,0.6;-0.3,3,3,3,0,2,3,0,3,3,0,2,edgeCount
778,110,148,graphml/Interoute.graphml,2,1,clustered,0.6;-0.3,10,10,10,0,0,10,0,10,10,0,0,edgeCount
777,110,148,graphml/Interoute.graphml,2,1,clustered,0.6;-0.3,37,65,13,24,0,37,24,37,37,24,0,edgeCount
775,110,148,graphml/Interoute.graphml,2,1,clustered,0.6;-0.3,37,37,11,26,0,37,26,37,37,26,0,edgeCount
774,110,148,graphml/Interoute.graphml,2,1,clustered,0.6;-0.3,3,3,3,0,0,3,0,3,3,0,0,edgeCount
773,110,148,graphml/Interoute.graphml,2,1,clustered,0.6;-0.3,16,16,10,6,0,16,6,16,16,6,0,edgeCount
771,110,148,graphml/Interoute.graphml,2,1,clustered,0.6;-0.3,29,19,12,17,0,19,7,19,19,7,0,edgeCount
770,110,148,graphml/Interoute.graphml,2,1,clustered,0.6;-0.3,9,9,9,0,0,9,0,9,9,0,0,edgeCount
769,110,148,graphml/Interoute.graphml,2,1,clustered,0.6;-0.3,13,13,11,2,0,13,2,13,13,2,0,edgeCount
768,110,148,graphml/Interoute.graphml,1,0,clustered,0.6;-0.3,9,39,9,0,2,9,0,9,39,0,2,edgeCount
767,110,148,graphml/Interoute.graphml,1,0,clustered,0.6;-0.3,6,6,6,0,0,6,0,6,6,0,0,edgeCount
766,110,148,graphml/Interoute.graphml,1,0,clustered,0.6;-0.3,7,7,7,0,0,7,0,7,7,0,0,edgeCount
765,110,148,graphml/Interoute.graphml,1,0,clustered,0.6;-0.3,-1,-1,12,-13,0,-1,-13,-1,-1,-13,0,edgeCount
764,110,148,graphml/Interoute.graphml,2,1,clustered,0.6;-0.3,17,17,6,11,4,17,11,17,17,11,4,edgeCount
761,110,148,graphml/Interoute.graphml,2,1,clustered,0.6;-0.3,9,9,9,0,0,9,0,9,9,0,0,edgeCount
760,110,148,graphml/Interoute.graphml,1,0,clustered,0.6;-0.3,12,12,12,0,0,12,0,12,12,0,0,edgeCount
759,110,148,graphml/Interoute.graphml,2,1,clustered,0.6;-0.3,45,45,13,32,0,45,32,45,45,32,0,edgeCount
758,110,148,graphml/Interoute.graphml,1,0,clustered,0.6;-0.3,10,10,10,0,2,-1,-11,10,10,0,2,edgeCount
756,110,148,graphml/Interoute.graphml,2,1,clustered,0.6;-0.3,16,15,13,3,0,44,31,16,15,3,0,edgeCount
755,110,148,graphml/Interoute.graphml,3,2,clustered,0.6;-0.3,2,2,2,0,0,2,0,2,2,0,0,edgeCount
754,110,148,graphml/Interoute.graphml,2,1,clustered,0.6;-0.3,27,25,10,17,0,25,15,25,25,15,0,edgeCount
753,110,148,graphml/Interoute.graphml,2,1,clustered,0.6;-0.3,8,8,8,0,0,-1,-9,-1,-1,-9,0,edgeCount
752,110,148,graphml/Interoute.graphml,3,2,clustered,0.6;-0.3,6,6,6,0,2,6,0,48,6,42,2,edgeCount
751,110,148,graphml/Interoute.graphml,2,1,clustered,0.6;-0.3,12,12,12,0,2,12,0,12,12,0,2,edgeCount
749,110,148,graphml/Interoute.graphml,2,1,clustered,0.6;-0.3,-1,-1,17,-18,0,-1,-18,-1,-1,-18,0,edgeCount
748,110,148,graphml/Interoute.graphml,2,1,clustered,0.6;-0.3,49,49,10,39,2,-1,-11,30,12,20,2,edgeCount
747,110,148,graphml/Interoute.graphml,2,1,clustered,0.6;-0.3,23,23,9,14,0,23,14,23,23,14,0,edgeCount
746,110,148,graphml/Interoute.graphml,2,1,clustered,0.6;-0.3,20,8,8,12,0,-1,-9,-1,-1,-9,0,edgeCount
745,110,148,graphml/Interoute.graphml,2,1,clustered,0.6;-0.3,5,5,5,0,2,5,0,5,5,0,2,edgeCount
743,110,148,graphml/Interoute.graphml,3,2,clustered,0.6;-0.3,25,53,15,10,2,23,8,23,23,8,2,edgeCount
742,110,148,graphml/Interoute.graphml,2,1,clustered,0.6;-0.3,13,13,10,3,0,13,3,13,13,3,0,edgeCount
741,110,148,graphml/Interoute.graphml,2,1,clustered,0.6;-0.3,38,17,12,26,4,-1,-13,38,17,26,4,edgeCount
740,110,148,graphml/Interoute.graphml,2,1,clustered,0.6;-0.3,35,21,10,25,2,-1,-11,32,12,22,2,edgeCount
738,110,148,graphml/Interoute.graphml,2,1,clustered,0.6;-0.3,67,47,14,53,4,-1,-15,63,21,49,4,edgeCount
737,110,148,graphml/Interoute.graphml,2,1,clustered,0.6;-0.3,6,6,6,0,0,6,0,6,6,0,0,edgeCount
736,110,148,graphml/Interoute.graphml,3,2,clustered,0.6;-0.3,54,50,11,43,0,24,13,24,24,13,0,edgeCount
735,110,148,graphml/Interoute.graphml,2,1,clustered,0.6;-0.3,8,8,8,0,0,8,0,8,8,0,0,edgeCount
734,110,148,graphml/Interoute.graphml,2,1,clustered,0.6;-0.3,9,9,9,0,0,9,0,9,9,0,0,edgeCount
733,110,148,graphml/Interoute.graphml,2,1,clustered,0.6;-0.3,-1,-1,9,-10,0,-1,-10,-1,-1,-10,0,edgeCount
732,110,148,graphml/Interoute.graphml,1,0,clustered,0.6;-0.3,-1,-1,10,-11,0,-1,-11,-1,-1,-11,0,edgeCount
728,110,148,graphml/Interoute.graphml,2,1,clustered,0.6;-0.3,40,40,10,30,0,40,30,40,40,30,0,edgeCount
727,110,148,graphml/Interoute.graphml,2,1,clustered,0.6;-0.3,20,40,10,10,0,20,10,20,20,10,0,edgeCount
725,110,148,graphml/Interoute.graphml,2,1,clustered,0.6;-0.3,36,22,14,22,4,-1,-15,-1,-1,-15,4,edgeCount
723,110,148,graphml/Interoute.graphml,2,1,clustered,0.6;-0.3,27,27,10,17,0,27,17,27,27,17,0,edgeCount
722,110,148,graphml/Interoute.graphml,2,1,clustered,0.6;-0.3,39,9,6,33,6,-1,-7,12,36,6,6,edgeCount
721,110,148,graphml/Interoute.graphml,2,1,clustered,0.6;-0.3,32,32,13,19,0,32,19,32,32,19,0,edgeCount
720,110,148,graphml/Interoute.graphml,3,2,clustered,0.6;-0.3,43,43,10,33,0,43,33,43,43,33,0,edgeCount
719,110,148,graphml/Interoute.graphml,2,1,clustered,0.6;-0.3,6,6,6,0,0,6,0,6,6,0,0,edgeCount
718,110,148,graphml/Interoute.graphml,1,0,clustered,0.6;-0.3,12,46,12,0,2,12,0,12,46,0,2,edgeCount
717,110,148,graphml/Interoute.graphml,2,1,clustered,0.6;-0.3,20,38,8,12,0,20,12,20,20,12,0,edgeCount
716,110,148,graphml/Interoute.graphml,2,1,clustered,0.6;-0.3,5,5,5,0,0,5,0,5,5,0,0,edgeCount
714,110,148,graphml/Interoute.graphml,2,1,clustered,0.6;-0.3,9,9,9,0,0,9,0,9,9,0,0,edgeCount
712,110,148,graphml/Interoute.graphml,3,2,clustered,0.6;-0.3,4,4,4,0,2,4,0,4,4,0,2,edgeCount
711,110,148,graphml/Interoute.graphml,2,1,clustered,0.6;-0.3,27,9,9,18,2,-1,-10,9,9,0,2,edgeCount
710,110,148,graphml/Interoute.graphml,2,1,clustered,0.6;-0.3,-1,-1,11,-12,4,-1,-12,-1,-1,-12,4,edgeCount
709,110,148,graphml/Interoute.graphml,2,1,clustered,0.6;-0.3,10,10,10,0,2,10,0,10,10,0,2,edgeCount
708,110,148,graphml/Interoute.graphml,2,1,clustered,0.6;-0.3,38,38,13,25,4,38,25,18,13,5,4,edgeCount
707,110,148,graphml/Interoute.graphml,2,1,clustered,0.6;-0.3,71,71,16,55,2,-1,-17,-1,-1,-17,2,edgeCount
706,110,148,graphml/Interoute.graphml,3,2,clustered,0.6;-0.3,46,30,9,37,2,-1,-10,33,33,24,2,edgeCount
705,110,148,graphml/Interoute.graphml,2,1,clustered,0.6;-0.3,34,60,11,23,2,34,23,14,46,3,2,edgeCount
704,110,148,graphml/Interoute.graphml,2,1,clustered,0.6;-0.3,24,18,10,14,2,-1,-11,34,28,24,2,edgeCount
703,110,148,graphml/Interoute.graphml,2,1,clustered,0.6;-0.3,12,12,6,6,2,12,6,12,12,6,2,edgeCount
702,110,148,graphml/Interoute.graphml,2,1,clustered,0.6;-0.3,11,11,5,6,4,11,6,5,27,0,4,edgeCount
699,110,148,graphml/Interoute.graphml,1,0,clustered,0.6;-0.3,44,22,15,29,4,-1,-16,44,22,29,4,edgeCount
697,110,148,graphml/Interoute.graphml,3,2,clustered,0.6;-0.3,32,14,7,25,0,36,29,36,36,29,0,edgeCount
696,110,148,graphml/Interoute.graphml,1,0,clustered,0.6;-0.3,12,12,12,0,0,12,0,12,12,0,0,edgeCount
695,110,148,graphml/Interoute.graphml,2,1,clustered,0.6;-0.3,13,13,11,2,0,45,34,13,13,2,0,edgeCount
694,110,148,graphml/Interoute.graphml,2,1,clustered,0.6;-0.3,2,2,2,0,2,2,0,2,2,0,2,edgeCount
693,110,148,graphml/Interoute.graphml,3,2,clustered,0.6;-0.3,59,59,7,52,4,-1,-8,57,21,50,4,edgeCount
692,110,148,graphml/Interoute.graphml,2,1,clustered,0.6;-0.3,16,16,16,0,0,16,0,16,16,0,0,edgeCount
691,110,148,graphml/Interoute.graphml,2,1,clustered,0.6;-0.3,12,27,9,3,0,34,25,34,34,25,0,edgeCount
690,110,148,graphml/Interoute.graphml,2,1,clustered,0.6;-0.3,11,11,11,0,2,11,0,31,11,20,2,edgeCount
688,110,148,graphml/Interoute.graphml,2,1,clustered,0.6;-0.3,13,13,13,0,0,13,0,13,13,0,0,edgeCount
687,110,148,graphml/Interoute.graphml,2,1,clustered,0.6;-0.3,4,4,4,0,0,4,0,4,4,0,0,edgeCount
686,110,148,graphml/Interoute.graphml,1,0,clustered,0.6;-0.3,6,6,6,0,0,6,0,6,6,0,0,edgeCount
685,110,148,graphml/Interoute.graphml,2,1,clustered,0.6;-0.3,24,24,13,11,2,-1,-14,24,24,11,2,edgeCount
684,110,148,graphml/Interoute.graphml,3,2,clustered,0.6;-0.3,37,37,12,25,0,37,25,37,37,25,0,edgeCount
683,110,148,graphml/Interoute.graphml,2,1,clustered,0.6;-0.3,47,19,17,30,0,47,30,47,47,30,0,edgeCount
682,110,148,graphml/Interoute.graphml,3,2,clustered,0.6;-0.3,61,55,17,44,0,53,36,53,53,36,0,edgeCount
680,110,148,graphml/Interoute.graphml,2,1,clustered,0.6;-0.3,4,4,4,0,0,4,0,4,4,0,0,edgeCount
679,110,148,graphml/Interoute.graphml,3,2,clustered,0.6;-0.3,47,39,13,34,2,39,26,39,39,26,2,edgeCount
678,110,148,graphml/Interoute.graphml,1,0,clustered,0.6;-0.3,8,8,8,0,4,8,0,8,8,0,4,edgeCount
677,110,148,graphml/Interoute.graphml,2,1,clustered,0.6;-0.3,39,39,16,23,2,39,23,39,39,23,2,edgeCount
674,110,148,graphml/Interoute.graphml,3,2,clustered,0.6;-0.3,9,9,8,1,0,9,1,9,9,1,0,edgeCount
673,110,148,graphml/Interoute.graphml,2,1,clustered,0.6;-0.3,37,37,14,23,2,37,23,37,37,23,2,edgeCount
672,110,148,graphml/Interoute.graphml,2,1,clustered,0.6;-0.3,2,2,2,0,0,4,2,4,4,2,0,edgeCount
670,110,148,graphml/Interoute.graphml,2,1,clustered,0.6;-0.3,8,8,8,0,0,8,0,8,8,0,0,edgeCount
669,110,148,graphml/Interoute.graphml,2,1,clustered,0.6;-0.3,7,7,7,0,0,7,0,7,7,0,0,edgeCount
668,110,148,graphml/Interoute.graphml,3,2,clustered,0.6;-0.3,10,10,10,0,0,64,54,64,64,54,0,edgeCount
666,110,148,graphml/Interoute.graphml,2,1,clustered,0.6;-0.3,-1,-1,16,-17,0,-1,-17,-1,-1,-17,0,edgeCount
665,110,148,graphml/Interoute.graphml,4,3,clustered,0.6;-0.3,9,9,5,4,0,9,4,9,9,4,0,edgeCount
664,110,148,graphml/Interoute.graphml,2,1,clustered,0.6;-0.3,25,11,11,14,0,25,14,25,25,14,0,edgeCount
663,110,148,graphml/Interoute.graphml,2,1,clustered,0.6;-0.3,8,8,8,0,0,8,0,8,8,0,0,edgeCount
661,110,148,graphml/Interoute.graphml,2,1,clustered,0.6;-0.3,4,4,4,0,2,4,0,4,4,0,2,edgeCount
660,110,148,graphml/Interoute.graphml,1,0,clustered,0.6;-0.3,4,4,4,0,0,4,0,4,4,0,0,edgeCount
659,110,148,graphml/Interoute.graphml,2,1,clustered,0.6;-0.3,-1,-1,10,-11,2,-1,-11,-1,-1,-11,2,edgeCount
657,110,148,graphml/Interoute.graphml,3,2,clustered,0.6;-0.3,72,72,14,58,0,72,58,72,72,58,0,edgeCount
656,110,148,graphml/Interoute.graphml,2,1,clustered,0.6;-0.3,20,20,6,14,0,20,14,20,20,14,0,edgeCount
654,110,148,graphml/Interoute.graphml,2,1,clustered,0.6;-0.3,32,32,9,23,4,-1,-10,-1,-1,-10,4,edgeCount
651,110,148,graphml/Interoute.graphml,2,1,clustered,0.6;-0.3,11,11,11,0,0,11,0,11,11,0,0,edgeCount
650,110,148,graphml/Interoute.graphml,2,1,clustered,0.6;-0.3,38,38,14,24,0,38,24,38,38,24,0,edgeCount
649,110,148,graphml/Interoute.graphml,1,0,clustered,0.6;-0.3,5,25,5,0,6,5,0,5,25,0,6,edgeCount
648,110,148,graphml/Interoute.graphml,2,1,clustered,0.6;-0.3,12,56,11,1,0,12,1,12,12,1,0,edgeCount
647,110,148,graphml/Interoute.graphml,2,1,clustered,0.6;-0.3,9,9,9,0,0,9,0,9,9,0,0,edgeCount
646,110,148,graphml/Interoute.graphml,2,1,clustered,0.6;-0.3,15,15,7,8,0,15,8,15,15,8,0,edgeCount
645,110,148,graphml/Interoute.graphml,2,1,clustered,0.6;-0.3,7,7,7,0,2,7,0,21,7,14,2,edgeCount
643,110,148,graphml/Interoute.graphml,2,1,clustered,0.6;-0.3,31,31,10,21,2,31,21,13,63,3,2,edgeCount
642,110,148,graphml/Interoute.graphml,3,2,clustered,0.6;-0.3,34,34,9,25,0,34,25,34,34,25,0,edgeCount
641,110,148,graphml/Interoute.graphml,3,2,clustered,0.6;-0.3,95,91,19,76,0,69,50,69,69,50,0,edgeCount
640,110,148,graphml/Interoute.graphml,2,1,clustered,0.6;-0.3,5,5,5,0,0,5,0,5,5,0,0,edgeCount
639,110,148,graphml/Interoute.graphml,2,1,clustered,0.6;-0.3,30,26,10,20,2,-1,-11,32,12,22,2,edgeCount
638,110,148,graphml/Interoute.graphml,2,1,clustered,0.6;-0.3,2,2,2,0,0,2,0,2,2,0,0,edgeCount
636,110,148,graphml/Interoute.graphml,1,0,clustered,0.6;-0.3,9,9,9,0,6,9,0,9,9,0,6,edgeCount
634,110,148,graphml/Interoute.graphml,2,1,clustered,0.6;-0.3,33,33,10,23,4,33,23,59,59,49,4,edgeCount
633,110,148,graphml/Interoute.graphml,2,1,clustered,0.6;-0.3,10,10,10,0,0,10,0,10,10,0,0,edgeCount
632,110,148,graphml/Interoute.graphml,3,2,clustered,0.6;-0.3,36,40,5,31,0,40,35,40,40,35,0,edgeCount
631,110,148,graphml/Interoute.graphml,2,1,clustered,0.6;-0.3,18,18,9,9,2,-1,-10,36,12,27,2,edgeCount
630,110,148,graphml/Interoute.graphml,3,2,clustered,0.6;-0.3,21,21,8,13,2,21,13,47,21,39,2,edgeCount
629,110,148,graphml/Interoute.graphml,2,1,clustered,0.6;-0.3,32,32,8,24,2,22,14,32,32,24,2,edgeCount
628,110,148,graphml/Interoute.graphml,2,1,clustered,0.6;-0.3,10,10,10,0,0,10,0,10,10,0,0,edgeCount
625,110,148,graphml/Interoute.graphml,2,1,clustered,0.6;-0.3,27,27,13,14,0,25,12,25,25,12,0,edgeCount
624,110,148,graphml/Interoute.graphml,2,1,clustered,0.6;-0.3,55,35,12,43,0,35,23,35,35,23,0,edgeCount
623,110,148,graphml/Interoute.graphml,2,1,clustered,0.6;-0.3,7,7,7,0,0,7,0,7,7,0,0,edgeCount
622,110,148,graphml/Interoute.graphml,2,1,clustered,0.6;-0.3,5,5,5,0,2,5,0,5,13,0,2,edgeCount
621,110,148,graphml/Interoute.graphml,2,1,clustered,0.6;-0.3,9,9,9,0,0,9,0,9,9,0,0,edgeCount
620,110,148,graphml/Interoute.graphml,2,1,clustered,0.6;-0.3,12,12,12,0,0,12,0,12,12,0,0,edgeCount
619,110,148,graphml/Interoute.graphml,1,0,clustered,0.6;-0.3,-1,-1,8,-9,0,-1,-9,-1,-1,-9,0,edgeCount
618,110,148,graphml/Interoute.graphml,2,1,clustered,0.6;-0.3,25,25,12,13,0,25,13,25,25,13,0,edgeCount
613,110,148,graphml/Interoute.graphml,2,1,clustered,0.6;-0.3,15,15,7,8,4,15,8,18,18,11,4,edgeCount
612,110,148,graphml/Interoute.graphml,2,1,clustered,0.6;-0.3,35,35,14,21,0,35,21,35,35,21,0,edgeCount
609,110,148,graphml/Interoute.graphml,1,0,clustered,0.6;-0.3,-1,-1,11,-12,2,-1,-12,-1,-1,-12,2,edgeCount
608,110,148,graphml/Interoute.graphml,2,1,clustered,0.6;-0.3,36,36,11,25,0,36,25,36,36,25,0,edgeCount
606,110,148,graphml/Interoute.graphml,1,0,clustered,0.6;-0.3,11,11,9,2,2,-1,-10,11,11,2,2,edgeCount
605,110,148,graphml/Interoute.graphml,2,1,clustered,0.6;-0.3,28,28,8,20,2,28,20,16,54,8,2,edgeCount
604,110,148,graphml/Interoute.graphml,2,1,clustered,0.6;-0.3,12,12,12,0,8,12,0,12,12,0,8,edgeCount
603,110,148,graphml/Interoute.graphml,2,1,clustered,0.6;-0.3,10,10,9,1,0,10,1,10,10,1,0,edgeCount
602,110,148,graphml/Interoute.graphml,2,1,clustered,0.6;-0.3,-1,-1,11,-12,0,-1,-12,-1,-1,-12,0,edgeCount
601,110,148,graphml/Interoute.graphml,1,0,clustered,0.6;-0.3,6,6,6,0,0,6,0,6,6,0,0,edgeCount
600,110,148,graphml/Interoute.graphml,3,2,clustered,0.6;-0.3,13,19,9,4,0,37,28,37,37,28,0,edgeCount
599,110,148,graphml/Interoute.graphml,1,0,clustered,0.6;-0.3,27,27,13,14,4,-1,-14,27,27,14,4,edgeCount
598,110,148,graphml/Interoute.graphml,2,1,clustered,0.6;-0.3,26,26,9,17,0,26,17,26,26,17,0,edgeCount
597,110,148,graphml/Interoute.graphml,2,1,clustered,0.6;-0.3,3,3,3,0,0,3,0,3,3,0,0,edgeCount
594,110,148,graphml/Interoute.graphml,2,1,clustered,0.6;-0.3,12,12,12,0,0,12,0,12,12,0,0,edgeCount
593,110,148,graphml/Interoute.graphml,2,1,clustered,0.6;-0.3,12,12,9,3,0,31,22,31,31,22,0,edgeCount
590,110,148,graphml/Interoute.graphml,3,2,clustered,0.6;-0.3,56,56,11,45,0,54,43,54,54,43,0,edgeCount
589,110,148,graphml/Interoute.graphml,1,0,clustered,0.6;-0.3,8,8,8,0,4,8,0,8,8,0,4,edgeCount
587,110,148,graphml/Interoute.graphml,2,1,clustered,0.6;-0.3,34,12,12,22,0,12,0,12,12,0,0,edgeCount
586,110,148,graphml/Interoute.graphml,2,1,clustered,0.6;-0.3,18,18,10,8,2,18,8,18,18,8,2,edgeCount
585,110,148,graphml/Interoute.graphml,2,1,clustered,0.6;-0.3,2,2,2,0,0,2,0,2,2,0,0,edgeCount
584,110,148,graphml/Interoute.graphml,2,1,clustered,0.6;-0.3,24,24,9,15,0,24,15,24,24,15,0,edgeCount
583,110,148,graphml/Interoute.graphml,2,1,clustered,0.6;-0.3,14,14,14,0,2,14,0,14,14,0,2,edgeCount
582,110,148,graphml/Interoute.graphml,3,2,clustered,0.6;-0.3,76,76,13,63,2,-1,-14,33,33,20,2,edgeCount
581,110,148,graphml/Interoute.graphml,2,1,clustered,0.6;-0.3,-1,-1,13,-14,2,-1,-14,-1,-1,-14,2,edgeCount
579,110,148,graphml/Interoute.graphml,2,1,clustered,0.6;-0.3,22,14,6,16,2,-1,-7,20,14,14,2,edgeCount
578,110,148,graphml/Interoute.graphml,2,1,clustered,0.6;-0.3,31,31,15,16,0,31,16,31,31,16,0,edgeCount
577,110,148,graphml/Interoute.graphml,2,1,clustered,0.6;-0.3,12,12,12,0,0,12,0,12,12,0,0,edgeCount
576,110,148,graphml/Interoute.graphml,1,0,clustered,0.6;-0.3,4,22,4,0,2,4,0,4,22,0,2,edgeCount
575,110,148,graphml/Interoute.graphml,2,1,clustered,0.6;-0.3,2,2,2,0,4,2,0,2,2,0,4,edgeCount
572,110,148,graphml/Interoute.graphml,2,1,clustered,0.6;-0.3,15,15,11,4,0,15,4,15,15,4,0,edgeCount
571,110,148,graphml/Interoute.graphml,1,0,clustered,0.6;-0.3,-1,-1,13,-14,4,-1,-14,-1,-1,-14,4,edgeCount
570,110,148,graphml/Interoute.graphml,2,1,clustered,0.6;-0.3,6,6,6,0,2,-1,-7,26,6,20,2,edgeCount
569,110,148,graphml/Interoute.graphml,2,1,clustered,0.6;-0.3,-1,-1,16,-17,4,-1,-17,-1,-1,-17,4,edgeCount
568,110,148,graphml/Interoute.graphml,1,0,clustered,0.6;-0.3,15,15,15,0,0,15,0,15,15,0,0,edgeCount
567,110,148,graphml/Interoute.graphml,2,1,clustered,0.6;-0.3,43,43,13,30,0,43,30,43,43,30,0,edgeCount
566,110,148,graphml/Interoute.graphml,3,2,clustered,0.6;-0.3,10,10,8,2,0,10,2,10,10,2,0,edgeCount
564,110,148,graphml/Interoute.graphml,2,1,clustered,0.6;-0.3,2,2,2,0,0,2,0,2,2,0,0,edgeCount
563,110,148,graphml/Interoute.graphml,2,1,clustered,0.6;-0.3,-1,-1,13,-14,0,-1,-14,-1,-1,-14,0,edgeCount
562,110,148,graphml/Interoute.graphml,2,1,clustered,0.6;-0.3,23,23,9,14,0,23,14,23,23,14,0,edgeCount
561,110,148,graphml/Interoute.graphml,2,1,clustered,0.6;-0.3,35,35,11,24,0,13,2,13,13,2,0,edgeCount
560,110,148,graphml/Interoute.graphml,2,1,clustered,0.6;-0.3,2,2,2,0,2,2,0,2,2,0,2,edgeCount
559,110,148,graphml/Interoute.graphml,1,0,clustered,0.6;-0.3,8,8,8,0,0,8,0,8,8,0,0,edgeCount
558,110,148,graphml/Interoute.graphml,3,2,clustered,0.6;-0.3,38,38,8,30,0,38,30,38,38,30,0,edgeCount
556,110,148,graphml/Interoute.graphml,2,1,clustered,0.6;-0.3,40,40,8,32,0,-1,-9,-1,-1,-9,0,edgeCount
555,110,148,graphml/Interoute.graphml,2,1,clustered,0.6;-0.3,-1,-1,11,-12,0,-1,-12,-1,-1,-12,0,edgeCount
554,110,148,graphml/Interoute.graphml,2,1,clustered,0.6;-0.3,21,21,10,11,0,21,11,21,21,11,0,edgeCount
551,110,148,graphml/Interoute.graphml,2,1,clustered,0.6;-0.3,26,26,12,14,2,-1,-13,26,26,14,2,edgeCount
550,110,148,graphml/Interoute.graphml,2,1,clustered,0.6;-0.3,39,39,16,23,0,39,23,39,39,23,0,edgeCount
545,110,148,graphml/Interoute.graphml,2,1,clustered,0.6;-0.3,46,44,14,32,8,-1,-15,34,14,20,8,edgeCount
541,110,148,graphml/Interoute.graphml,2,1,clustered,0.6;-0.3,16,26,6,10,4,-1,-7,-1,-1,-7,4,edgeCount
540,110,148,graphml/Interoute.graphml,2,1,clustered,0.6;-0.3,19,19,9,10,0,19,10,19,19,10,0,edgeCount
538,110,148,graphml/Interoute.graphml,3,2,clustered,0.6;-0.3,36,18,8,28,2,-1,-9,-1,-1,-9,2,edgeCount
537,110,148,graphml/Interoute.graphml,3,2,clustered,0.6;-0.3,40,18,6,34,0,-1,-7,-1,-1,-7,0,edgeCount
536,110,148,graphml/Interoute.graphml,3,2,clustered,0.6;-0.3,49,25,10,39,0,25,15,25,25,15,0,edgeCount
535,110,148,graphml/Interoute.graphml,3,2,clustered,0.6;-0.3,9,27,7,2,2,17,10,9,27,2,2,edgeCount
534,110,148,graphml/Interoute.graphml,2,1,clustered,0.6;-0.3,12,12,12,0,0,12,0,12,12,0,0,edgeCount
533,110,148,graphml/Interoute.graphml,2,1,clustered,0.6;-0.3,-1,-1,18,-19,0,-1,-19,-1,-1,-19,0,edgeCount
532,110,148,graphml/Interoute.graphml,2,1,clustered,0.6;-0.3,6,6,6,0,2,6,0,18,6,12,2,edgeCount
531,110,148,graphml/Interoute.graphml,2,1,clustered,0.6;-0.3,25,25,7,18,0,25,18,25,25,18,0,edgeCount
530,110,148,graphml/Interoute.graphml,3,2,clustered,0.6;-0.3,5,5,5,0,0,5,0,5,5,0,0,edgeCount
529,110,148,graphml/Interoute.graphml,2,1,clustered,0.6;-0.3,29,29,8,21,4,29,21,29,29,21,4,edgeCount
528,110,148,graphml/Interoute.graphml,2,1,clustered,0.6;-0.3,-1,-1,7,-8,0,-1,-8,-1,-1,-8,0,edgeCount
527,110,148,graphml/Interoute.graphml,2,1,clustered,0.6;-0.3,9,9,3,6,0,9,6,9,9,6,0,edgeCount
525,110,148,graphml/Interoute.graphml,2,1,clustered,0.6;-0.3,8,8,8,0,2,8,0,8,8,0,2,edgeCount
524,110,148,graphml/Interoute.graphml,1,0,clustered,0.6;-0.3,13,13,13,0,0,13,0,13,13,0,0,edgeCount
523,110,148,graphml/Interoute.graphml,2,1,clustered,0.6;-0.3,59,59,14,45,0,-1,-15,-1,-1,-15,0,edgeCount
522,110,148,graphml/Interoute.graphml,1,0,clustered,0.6;-0.3,4,4,4,0,2,4,0,4,4,0,2,edgeCount
521,110,148,graphml/Interoute.graphml,2,1,clustered,0.6;-0.3,16,16,4,12,4,14,10,4,8,0,4,edgeCount
520,110,148,graphml/Interoute.graphml,1,0,clustered,0.6;-0.3,11,11,11,0,0,11,0,11,11,0,0,edgeCount
519,110,148,graphml/Interoute.graphml,2,1,clustered,0.6;-0.3,38,38,10,28,4,-1,-11,58,58,48,4,edgeCount
518,110,148,graphml/Interoute.graphml,2,1,clustered,0.6;-0.3,12,12,12,0,0,12,0,12,12,0,0,edgeCount
517,110,148,graphml/Interoute.graphml,2,1,clustered,0.6;-0.3,74,74,15,59,2,-1,-16,70,70,55,2,edgeCount
516,110,148,graphml/Interoute.graphml,2,1,clustered,0.6;-0.3,16,16,16,0,0,46,30,16,16,0,0,edgeCount
515,110,148,graphml/Interoute.graphml,2,1,clustered,0.6;-0.3,5,37,5,0,4,-1,-6,-1,-1,-6,4,edgeCount
514,110,148,graphml/Interoute.graphml,2,1,clustered,0.6;-0.3,-1,-1,5,-6,0,-1,-6,-1,-1,-6,0,edgeCount
511,110,148,graphml/Interoute.graphml,2,1,clustered,0.6;-0.3,16,16,6,10,2,-1,-7,33,21,27,2,edgeCount
510,110,148,graphml/Interoute.graphml,2,1,clustered,0.6;-0.3,10,10,10,0,0,10,0,10,10,0,0,edgeCount
509,110,148,graphml/Interoute.graphml,1,0,clustered,0.6;-0.3,33,33,14,19,2,-1,-15,33,33,19,2,edgeCount
508,110,148,graphml/Interoute.graphml,2,1,clustered,0.6;-0.3,7,7,7,0,0,23,16,7,7,0,0,edgeCount
507,110,148,graphml/Interoute.graphml,2,1,clustered,0.6;-0.3,11,11,10,1,2,11,1,11,11,1,2,edgeCount
506,110,148,graphml/Interoute.graphml,2,1,clustered,0.6;-0.3,8,8,8,0,0,8,0,8,8,0,0,edgeCount
505,110,148,graphml/Interoute.graphml,2,1,clustered,0.6;-0.3,12,35,12,0,0,32,20,32,32,20,0,edgeCount
503,110,148,graphml/Interoute.graphml,2,1,clustered,0.6;-0.3,-1,-1,13,-14,4,-1,-14,-1,-1,-14,4,edgeCount
502,110,148,graphml/Interoute.graphml,2,1,clustered,0.6;-0.3,7,7,7,0,0,7,0,7,7,0,0,edgeCount
500,110,148,graphml/Interoute.graphml,2,1,clustered,0.6;-0.3,5,5,5,0,4,5,0,13,5,8,4,edgeCount
499,110,148,graphml/Interoute.graphml,3,2,clustered,0.6;-0.3,69,59,15,54,0,-1,-16,-1,-1,-16,0,edgeCount
497,110,148,graphml/Interoute.graphml,2,1,clustered,0.6;-0.3,18,18,10,8,0,-1,-11,-1,-1,-11,0,edgeCount
496,110,148,graphml/Interoute.graphml,2,1,clustered,0.6;-0.3,43,25,8,35,2,-1,-9,42,16,34,2,edgeCount
495,110,148,graphml/Interoute.graphml,2,1,clustered,0.6;-0.3,-1,-1,12,-13,0,-1,-13,-1,-1,-13,0,edgeCount
493,110,148,graphml/Interoute.graphml,3,2,clustered,0.6;-0.3,33,33,12,21,2,-1,-13,-1,-1,-13,2,edgeCount
492,110,148,graphml/Interoute.graphml,2,1,clustered,0.6;-0.3,9,9,8,1,0,9,1,9,9,1,0,edgeCount
491,110,148,graphml/Interoute.graphml,2,1,clustered,0.6;-0.3,14,14,6,8,0,14,8,14,14,8,0,edgeCount
490,110,148,graphml/Interoute.graphml,2,1,clustered,0.6;-0.3,37,37,15,22,2,37,22,37,37,22,2,edgeCount
489,110,148,graphml/Interoute.graphml,2,1,clustered,0.6;-0.3,6,52,6,0,2,6,0,20,58,14,2,edgeCount
488,110,148,graphml/Interoute.graphml,2,1,clustered,0.6;-0.3,4,4,4,0,0,4,0,4,4,0,0,edgeCount
487,110,148,graphml/Interoute.graphml,1,0,clustered,0.6;-0.3,-1,-1,12,-13,0,-1,-13,-1,-1,-13,0,edgeCount
485,110,148,graphml/Interoute.graphml,2,1,clustered,0.6;-0.3,17,17,5,12,2,17,12,9,33,4,2,edgeCount
484,110,148,graphml/Interoute.graphml,2,1,clustered,0.6;-0.3,3,3,3,0,0,3,0,3,3,0,0,edgeCount
483,110,148,graphml/Interoute.graphml,2,1,clustered,0.6;-0.3,17,41,7,10,2,17,10,9,37,2,2,edgeCount
482,110,148,graphml/Interoute.graphml,2,1,clustered,0.6;-0.3,18,18,14,4,0,18,4,18,18,4,0,edgeCount
479,110,148,graphml/Interoute.graphml,3,2,clustered,0.6;-0.3,18,18,7,11,2,18,11,18,18,11,2,edgeCount
478,110,148,graphml/Interoute.graphml,2,1,clustered,0.6;-0.3,7,7,7,0,0,19,12,7,7,0,0,edgeCount
476,110,148,graphml/Interoute.graphml,2,1,clustered,0.6;-0.3,3,3,3,0,0,3,0,3,3,0,0,edgeCount
475,110,148,graphml/Interoute.graphml,2,1,clustered,0.6;-0.3,5,5,5,0,4,5,0,25,7,20,4,edgeCount
473,110,148,graphml/Interoute.graphml,2,1,clustered,0.6;-0.3,27,30,13,14,8,-1,-14,27,27,14,8,edgeCount
469,110,148,graphml/Interoute.graphml,2,1,clustered,0.6;-0.3,33,25,6,27,6,-1,-7,31,15,25,6,edgeCount
468,110,148,graphml/Interoute.graphml,2,1,clustered,0.6;-0.3,12,12,8,4,2,12,4,12,12,4,2,edgeCount
466,110,148,graphml/Interoute.graphml,2,1,clustered,0.6;-0.3,-1,-1,14,-15,0,-1,-15,-1,-1,-15,0,edgeCount
464,110,148,graphml/Interoute.graphml,2,1,clustered,0.6;-0.3,32,32,15,17,6,-1,-16,-1,-1,-16,6,edgeCount
463,110,148,graphml/Interoute.graphml,2,1,clustered,0.6;-0.3,32,32,11,21,4,32,21,14,66,3,4,edgeCount
462,110,148,graphml/Interoute.graphml,2,1,clustered,0.6;-0.3,-1,-1,15,-16,2,-1,-16,-1,-1,-16,2,edgeCount
461,110,148,graphml/Interoute.graphml,2,1,clustered,0.6;-0.3,20,20,8,12,2,-1,-9,20,20,12,2,edgeCount
460,110,148,graphml/Interoute.graphml,2,1,clustered,0.6;-0.3,14,14,8,6,0,14,6,14,14,6,0,edgeCount
459,110,148,graphml/Interoute.graphml,2,1,clustered,0.6;-0.3,3,3,3,0,0,3,0,3,3,0,0,edgeCount
457,110,148,graphml/Interoute.graphml,2,1,clustered,0.6;-0.3,58,40,14,44,2,-1,-15,54,30,40,2,edgeCount
456,110,148,graphml/Interoute.graphml,2,1,clustered,0.6;-0.3,13,13,13,0,2,13,0,41,39,28,2,edgeCount
455,110,148,graphml/Interoute.graphml,2,1,clustered,0.6;-0.3,14,23,9,5,2,14,5,10,9,1,2,edgeCount
453,110,148,graphml/Interoute.graphml,2,1,clustered,0.6;-0.3,40,32,15,25,0,-1,-16,-1,-1,-16,0,edgeCount
452,110,148,graphml/Interoute.graphml,2,1,clustered,0.6;-0.3,6,6,6,0,0,6,0,6,6,0,0,edgeCount
451,110,148,graphml/Interoute.graphml,2,1,clustered,0.6;-0.3,13,13,13,0,0,13,0,13,13,0,0,edgeCount
448,110,148,graphml/Interoute.graphml,2,1,clustered,0.6;-0.3,15,39,7,8,0,15,8,15,15,8,0,edgeCount
446,110,148,graphml/Interoute.graphml,2,1,clustered,0.6;-0.3,29,29,7,22,0,29,22,29,29,22,0,edgeCount
444,110,148,graphml/Interoute.graphml,2,1,clustered,0.6;-0.3,15,15,15,0,0,15,0,15,15,0,0,edgeCount
442,110,148,graphml/Interoute.graphml,3,2,clustered,0.6;-0.3,5,5,5,0,0,5,0,5,5,0,0,edgeCount
440,110,148,graphml/Interoute.graphml,2,1,clustered,0.6;-0.3,34,34,15,19,0,34,19,34,34,19,0,edgeCount
439,110,148,graphml/Interoute.graphml,2,1,clustered,0.6;-0.3,17,17,10,7,0,-1,-11,-1,-1,-11,0,edgeCount
438,110,148,graphml/Interoute.graphml,2,1,clustered,0.6;-0.3,10,38,9,1,0,-1,-10,-1,-1,-10,0,edgeCount
437,110,148,graphml/Interoute.graphml,2,1,clustered,0.6;-0.3,5,5,5,0,0,5,0,5,5,0,0,edgeCount
436,110,148,graphml/Interoute.graphml,2,1,clustered,0.6;-0.3,59,37,17,42,2,-1,-18,35,37,18,2,edgeCount
435,110,148,graphml/Interoute.graphml,2,1,clustered,0.6;-0.3,38,38,13,25,0,-1,-14,-1,-1,-14,0,edgeCount
434,110,148,graphml/Interoute.graphml,2,1,clustered,0.6;-0.3,12,12,11,1,2,12,1,14,44,3,2,edgeCount
433,110,148,graphml/Interoute.graphml,2,1,clustered,0.6;-0.3,38,38,9,29,0,-1,-10,-1,-1,-10,0,edgeCount
432,110,148,graphml/Interoute.graphml,2,1,clustered,0.6;-0.3,3,3,3,0,2,3,0,3,3,0,2,edgeCount
431,110,148,graphml/Interoute.graphml,2,1,clustered,0.6;-0.3,10,10,10,0,0,10,0,10,10,0,0,edgeCount
430,110,148,graphml/Interoute.graphml,2,1,clustered,0.6;-0.3,16,36,9,7,0,16,7,16,16,7,0,edgeCount
429,110,148,graphml/Interoute.graphml,2,1,clustered,0.6;-0.3,22,20,8,14,0,20,12,20,20,12,0,edgeCount
428,110,148,graphml/Interoute.graphml,2,1,clustered,0.6;-0.3,4,4,4,0,0,14,10,4,4,0,0,edgeCount
427,110,148,graphml/Interoute.graphml,2,1,clustered,0.6;-0.3,81,81,9,72,4,-1,-10,-1,-1,-10,4,edgeCount
425,110,148,graphml/Interoute.graphml,2,1,clustered,0.6;-0.3,5,5,5,0,2,5,0,23,5,18,2,edgeCount
424,110,148,graphml/Interoute.graphml,1,0,clustered,0.6;-0.3,27,27,11,16,2,-1,-12,27,27,16,2,edgeCount
423,110,148,graphml/Interoute.graphml,2,1,clustered,0.6;-0.3,14,14,14,0,2,14,0,56,34,42,2,edgeCount
421,110,148,graphml/Interoute.graphml,2,1,clustered,0.6;-0.3,60,60,11,49,4,-1,-12,-1,-1,-12,4,edgeCount
420,110,148,graphml/Interoute.graphml,2,1,clustered,0.6;-0.3,3,3,2,1,4,3,1,2,3,0,4,edgeCount
419,110,148,graphml/Interoute.graphml,2,1,clustered,0.6;-0.3,67,55,13,54,2,-1,-14,-1,-1,-14,2,edgeCount
418,110,148,graphml/Interoute.graphml,2,1,clustered,0.6;-0.3,10,10,6,4,4,-1,-7,10,10,4,4,edgeCount
417,110,148,graphml/Interoute.graphml,1,0,clustered,0.6;-0.3,-1,-1,15,-16,8,-1,-16,-1,-1,-16,8,edgeCount
416,110,148,graphml/Interoute.graphml,2,1,clustered,0.6;-0.3,5,5,5,0,2,5,0,5,5,0,2,edgeCount
415,110,148,graphml/Interoute.graphml,3,2,clustered,0.6;-0.3,10,10,10,0,0,10,0,10,10,0,0,edgeCount
414,110,148,graphml/Interoute.graphml,2,1,clustered,0.6;-0.3,11,11,11,0,2,11,0,11,11,0,2,edgeCount
413,110,148,graphml/Interoute.graphml,2,1,clustered,0.6;-0.3,16,16,8,8,4,16,8,8,30,0,4,edgeCount
412,110,148,graphml/Interoute.graphml,2,1,clustered,0.6;-0.3,-1,-1,11,-12,2,-1,-12,-1,-1,-12,2,edgeCount
411,110,148,graphml/Interoute.graphml,2,1,clustered,0.6;-0.3,18,18,8,10,0,18,10,18,18,10,0,edgeCount
410,110,148,graphml/Interoute.graphml,2,1,clustered,0.6;-0.3,30,30,10,20,0,30,20,30,30,20,0,edgeCount
409,110,148,graphml/Interoute.graphml,2,1,clustered,0.6;-0.3,32,32,12,20,0,32,20,32,32,20,0,edgeCount
408,110,148,graphml/Interoute.graphml,2,1,clustered,0.6;-0.3,11,11,11,0,0,11,0,11,11,0,0,edgeCount
403,110,148,graphml/Interoute.graphml,3,2,clustered,0.6;-0.3,66,66,12,54,0,-1,-13,-1,-1,-13,0,edgeCount
402,110,148,graphml/Interoute.graphml,2,1,clustered,0.6;-0.3,10,10,10,0,4,10,0,32,10,22,4,edgeCount
401,110,148,graphml/Interoute.graphml,2,1,clustered,0.6;-0.3,-1,-1,16,-17,0,-1,-17,-1,-1,-17,0,edgeCount
400,110,148,graphml/Interoute.graphml,1,0,clustered,0.6;-0.3,8,8,8,0,0,8,0,8,8,0,0,edgeCount
399,110,148,graphml/Interoute.graphml,3,2,clustered,0.6;-0.3,4,4,4,0,2,4,0,4,4,0,2,edgeCount
398,110,148,graphml/Interoute.graphml,3,2,clustered,0.6;-0.3,16,16,9,7,2,16,7,20,20,11,2,edgeCount
397,110,148,graphml/Interoute.graphml,3,2,clustered,0.6;-0.3,2,2,2,0,0,2,0,2,2,0,0,edgeCount
395,110,148,graphml/Interoute.graphml,2,1,clustered,0.6;-0.3,14,14,14,0,0,14,0,14,14,0,0,edgeCount
393,110,148,graphml/Interoute.graphml,1,0,clustered,0.6;-0.3,-1,-1,10,-11,4,-1,-11,-1,-1,-11,4,edgeCount
392,110,148,graphml/Interoute.graphml,2,1,clustered,0.6;-0.3,7,7,7,0,0,7,0,7,7,0,0,edgeCount
391,110,148,graphml/Interoute.graphml,3,2,clustered,0.6;-0.3,36,36,12,24,0,36,24,36,36,24,0,edgeCount
390,110,148,graphml/Interoute.graphml,2,1,clustered,0.6;-0.3,11,11,11,0,4,11,0,11,11,0,4,edgeCount
388,110,148,graphml/Interoute.graphml,2,1,clustered,0.6;-0.3,8,4,4,4,0,4,0,4,4,0,0,edgeCount
387,110,148,graphml/Interoute.graphml,1,0,clustered,0.6;-0.3,10,10,10,0,0,10,0,10,10,0,0,edgeCount
386,110,148,graphml/Interoute.graphml,2,1,clustered,0.6;-0.3,23,23,12,11,0,23,11,23,23,11,0,edgeCount
385,110,148,graphml/Interoute.graphml,3,2,clustered,0.6;-0.3,-1,-1,4,-5,0,-1,-5,-1,-1,-5,0,edgeCount
384,110,148,graphml/Interoute.graphml,2,1,clustered,0.6;-0.3,27,27,9,18,0,27,18,27,27,18,0,edgeCount
383,110,148,graphml/Interoute.graphml,2,1,clustered,0.6;-0.3,10,10,10,0,0,10,0,10,10,0,0,edgeCount
382,110,148,graphml/Interoute.graphml,2,1,clustered,0.6;-0.3,29,23,11,18,0,11,0,11,11,0,0,edgeCount
381,110,148,graphml/Interoute.graphml,2,1,clustered,0.6;-0.3,10,10,8,2,0,10,2,10,10,2,0,edgeCount
379,110,148,graphml/Interoute.graphml,2,1,clustered,0.6;-0.3,6,5,5,1,4,6,1,5,5,0,4,edgeCount
376,110,148,graphml/Interoute.graphml,2,1,clustered,0.6;-0.3,-1,-1,14,-15,4,-1,-15,-1,-1,-15,4,edgeCount
375,110,148,graphml/Interoute.graphml,1,0,clustered,0.6;-0.3,11,15,11,0,4,11,0,11,15,0,4,edgeCount
374,110,148,graphml/Interoute.graphml,2,1,clustered,0.6;-0.3,55,55,16,39,6,-1,-17,52,20,36,6,edgeCount
373,110,148,graphml/Interoute.graphml,2,1,clustered,0.6;-0.3,25,25,8,17,4,-1,-9,-1,-1,-9,4,edgeCount
371,110,148,graphml/Interoute.graphml,2,1,clustered,0.6;-0.3,29,29,9,20,0,29,20,29,29,20,0,edgeCount
370,110,148,graphml/Interoute.graphml,2,1,clustered,0.6;-0.3,6,6,4,2,0,6,2,6,6,2,0,edgeCount
369,110,148,graphml/Interoute.graphml,2,1,clustered,0.6;-0.3,-1,-1,7,-8,0,-1,-8,-1,-1,-8,0,edgeCount
368,110,148,graphml/Interoute.graphml,2,1,clustered,0.6;-0.3,13,13,13,0,0,13,0,13,13,0,0,edgeCount
366,110,148,graphml/Interoute.graphml,2,1,clustered,0.6;-0.3,25,25,9,16,0,25,16,25,25,16,0,edgeCount
365,110,148,graphml/Interoute.graphml,2,1,clustered,0.6;-0.3,-1,-1,13,-14,4,-1,-14,-1,-1,-14,4,edgeCount
364,110,148,graphml/Interoute.graphml,3,2,clustered,0.6;-0.3,4,4,4,0,0,4,0,4,4,0,0,edgeCount
363,110,148,graphml/Interoute.graphml,2,1,clustered,0.6;-0.3,43,15,14,29,4,15,1,43,15,29,4,edgeCount
362,110,148,graphml/Interoute.graphml,1,0,clustered,0.6;-0.3,4,4,4,0,2,4,0,4,4,0,2,edgeCount
361,110,148,graphml/Interoute.graphml,2,1,clustered,0.6;-0.3,13,9,9,4,0,-1,-10,-1,-1,-10,0,edgeCount
360,110,148,graphml/Interoute.graphml,2,1,clustered,0.6;-0.3,47,47,15,32,2,-1,-16,47,47,32,2,edgeCount
359,110,148,graphml/Interoute.graphml,2,1,clustered,0.6;-0.3,2,2,2,0,0,2,0,2,2,0,0,edgeCount
358,110,148,graphml/Interoute.graphml,2,1,clustered,0.6;-0.3,33,33,12,21,0,33,21,33,33,21,0,edgeCount
357,110,148,graphml/Interoute.graphml,2,1,clustered,0.6;-0.3,17,17,6,11,0,17,11,17,17,11,0,edgeCount
356,110,148,graphml/Interoute.graphml,2,1,clustered,0.6;-0.3,6,6,6,0,0,6,0,6,6,0,0,edgeCount
355,110,148,graphml/Interoute.graphml,2,1,clustered,0.6;-0.3,27,47,11,16,0,27,16,27,27,16,0,edgeCount
354,110,148,graphml/Interoute.graphml,2,1,clustered,0.6;-0.3,2,2,2,0,0,2,0,2,2,0,0,edgeCount
352,110,148,graphml/Interoute.graphml,2,1,clustered,0.6;-0.3,-1,-1,6,-7,0,-1,-7,-1,-1,-7,0,edgeCount
351,110,148,graphml/Interoute.graphml,2,1,clustered,0.6;-0.3,5,5,5,0,2,5,0,15,31,10,2,edgeCount
350,110,148,graphml/Interoute.graphml,2,1,clustered,0.6;-0.3,82,82,18,64,2,-1,-19,61,33,43,2,edgeCount
349,110,148,graphml/Interoute.graphml,2,1,clustered,0.6;-0.3,23,11,6,17,4,-1,-7,21,11,15,4,edgeCount
348,110,148,graphml/Interoute.graphml,2,1,clustered,0.6;-0.3,12,12,6,6,0,12,6,12,12,6,0,edgeCount
347,110,148,graphml/Interoute.graphml,3,2,clustered,0.6;-0.3,6,4,4,2,0,6,2,6,4,2,0,edgeCount
346,110,148,graphml/Interoute.graphml,2,1,clustered,0.6;-0.3,20,20,8,12,0,8,0,20,20,12,0,edgeCount
344,110,148,graphml/Interoute.graphml,3,2,clustered,0.6;-0.3,8,8,7,1,4,24,17,10,8,3,4,edgeCount
342,110,148,graphml/Interoute.graphml,2,1,clustered,0.6;-0.3,16,16,14,2,0,50,36,16,16,2,0,edgeCount
341,110,148,graphml/Interoute.graphml,2,1,clustered,0.6;-0.3,26,26,8,18,0,26,18,26,26,18,0,edgeCount
340,110,148,graphml/Interoute.graphml,2,1,clustered,0.6;-0.3,-1,-1,14,-15,2,-1,-15,-1,-1,-15,2,edgeCount
339,110,148,graphml/Interoute.graphml,2,1,clustered,0.6;-0.3,12,12,12,0,0,12,0,12,12,0,0,edgeCount
338,110,148,graphml/Interoute.graphml,2,1,clustered,0.6;-0.3,9,9,9,0,0,31,22,9,9,0,0,edgeCount
337,110,148,graphml/Interoute.graphml,2,1,clustered,0.6;-0.3,-1,-1,5,-6,0,-1,-6,-1,-1,-6,0,edgeCount
336,110,148,graphml/Interoute.graphml,2,1,clustered,0.6;-0.3,16,16,16,0,0,16,0,16,16,0,0,edgeCount
334,110,148,graphml/Interoute.graphml,2,1,clustered,0.6;-0.3,24,24,10,14,2,24,14,10,42,0,2,edgeCount
332,110,148,graphml/Interoute.graphml,2,1,clustered,0.6;-0.3,37,27,11,26,2,-1,-12,-1,-1,-12,2,edgeCount
331,110,148,graphml/Interoute.graphml,3,2,clustered,0.6;-0.3,3,3,3,0,0,4,1,3,3,0,0,edgeCount
330,110,148,graphml/Interoute.graphml,2,1,clustered,0.6;-0.3,5,5,5,0,2,5,0,19,5,14,2,edgeCount
329,110,148,graphml/Interoute.graphml,2,1,clustered,0.6;-0.3,26,20,14,12,2,-1,-15,24,20,10,2,edgeCount
324,110,148,graphml/Interoute.graphml,2,1,clustered,0.6;-0.3,12,12,12,0,0,12,0,12,12,0,0,edgeCount
323,110,148,graphml/Interoute.graphml,2,1,clustered,0.6;-0.3,8,8,8,0,0,8,0,8,8,0,0,edgeCount
322,110,148,graphml/Interoute.graphml,1,0,clustered,0.6;-0.3,9,9,9,0,2,9,0,9,9,0,2,edgeCount
321,110,148,graphml/Interoute.graphml,2,1,clustered,0.6;-0.3,35,35,13,22,0,35,22,35,35,22,0,edgeCount
320,110,148,graphml/Interoute.graphml,2,1,clustered,0.6;-0.3,44,18,16,28,0,42,26,42,42,26,0,edgeCount
319,110,148,graphml/Interoute.graphml,2,1,clustered,0.6;-0.3,39,39,11,28,0,39,28,39,39,28,0,edgeCount
317,110,148,graphml/Interoute.graphml,2,1,clustered,0.6;-0.3,35,37,13,22,2,35,22,13,38,0,2,edgeCount
316,110,148,graphml/Interoute.graphml,2,1,clustered,0.6;-0.3,49,51,15,34,8,-1,-16,56,30,41,8,edgeCount
314,110,148,graphml/Interoute.graphml,2,1,clustered,0.6;-0.3,28,28,11,17,0,28,17,28,28,17,0,edgeCount
313,110,148,graphml/Interoute.graphml,2,1,clustered,0.6;-0.3,25,25,9,16,0,25,16,25,25,16,0,edgeCount
312,110,148,graphml/Interoute.graphml,2,1,clustered,0.6;-0.3,48,48,10,38,0,-1,-11,-1,-1,-11,0,edgeCount
311,110,148,graphml/Interoute.graphml,2,1,clustered,0.6;-0.3,12,11,11,1,0,12,1,12,12,1,0,edgeCount
310,110,148,graphml/Interoute.graphml,2,1,clustered,0.6;-0.3,8,8,8,0,2,8,0,16,24,8,2,edgeCount
309,110,148,graphml/Interoute.graphml,2,1,clustered,0.6;-0.3,16,42,8,8,2,-1,-9,-1,-1,-9,2,edgeCount
308,110,148,graphml/Interoute.graphml,2,1,clustered,0.6;-0.3,15,15,15,0,2,15,0,15,15,0,2,edgeCount
307,110,148,graphml/Interoute.graphml,2,1,clustered,0.6;-0.3,24,24,15,9,0,24,9,24,24,9,0,edgeCount
306,110,148,graphml/Interoute.graphml,2,1,clustered,0.6;-0.3,23,57,7,16,2,23,16,31,31,24,2,edgeCount
304,110,148,graphml/Interoute.graphml,2,1,clustered,0.6;-0.3,6,6,6,0,2,6,0,6,6,0,2,edgeCount
303,110,148,graphml/Interoute.graphml,2,1,clustered,0.6;-0.3,40,54,13,27,0,40,27,40,40,27,0,edgeCount
302,110,148,graphml/Interoute.graphml,2,1,clustered,0.6;-0.3,7,7,7,0,0,7,0,7,7,0,0,edgeCount
301,110,148,graphml/Interoute.graphml,2,1,clustered,0.6;-0.3,32,32,9,23,0,32,23,32,32,23,0,edgeCount
300,110,148,graphml/Interoute.graphml,2,1,clustered,0.6;-0.3,39,39,13,26,0,39,26,39,39,26,0,edgeCount
299,110,148,graphml/Interoute.graphml,3,2,clustered,0.6;-0.3,-1,-1,10,-11,0,-1,-11,-1,-1,-11,0,edgeCount
298,110,148,graphml/Interoute.graphml,2,1,clustered,0.6;-0.3,10,10,8,2,0,10,2,10,10,2,0,edgeCount
296,110,148,graphml/Interoute.graphml,1,0,clustered,0.6;-0.3,11,11,11,0,4,11,0,11,11,0,4,edgeCount
295,110,148,graphml/Interoute.graphml,1,0,clustered,0.6;-0.3,10,26,10,0,2,10,0,10,26,0,2,edgeCount
294,110,148,graphml/Interoute.graphml,2,1,clustered,0.6;-0.3,27,27,11,16,0,27,16,27,27,16,0,edgeCount
292,110,148,graphml/Interoute.graphml,2,1,clustered,0.6;-0.3,28,28,14,14,0,28,14,28,28,14,0,edgeCount
290,110,148,graphml/Interoute.graphml,2,1,clustered,0.6;-0.3,32,34,14,18,2,-1,-15,32,34,18,2,edgeCount
289,110,148,graphml/Interoute.graphml,2,1,clustered,0.6;-0.3,41,41,11,30,4,-1,-12,-1,-1,-12,4,edgeCount
285,110,148,graphml/Interoute.graphml,2,1,clustered,0.6;-0.3,25,49,9,16,0,-1,-10,-1,-1,-10,0,edgeCount
283,110,148,graphml/Interoute.graphml,2,1,clustered,0.6;-0.3,60,60,16,44,0,-1,-17,-1,-1,-17,0,edgeCount
282,110,148,graphml/Interoute.graphml,2,1,clustered,0.6;-0.3,42,43,9,33,4,-1,-10,16,16,7,2,edgeCount
280,110,148,graphml/Interoute.graphml,2,1,clustered,0.6;-0.3,-1,-1,13,-14,4,-1,-14,40,24,27,4,edgeCount
279,110,148,graphml/Interoute.graphml,2,1,clustered,0.6;-0.3,3,3,3,0,0,3,0,3,3,0,0,edgeCount
278,110,148,graphml/Interoute.graphml,2,1,clustered,0.6;-0.3,5,5,5,0,0,5,0,5,5,0,0,edgeCount
277,110,148,graphml/Interoute.graphml,1,0,clustered,0.6;-0.3,10,10,10,0,0,10,0,10,10,0,0,edgeCount
276,110,148,graphml/Interoute.graphml,2,1,clustered,0.6;-0.3,46,46,13,33,2,36,23,36,36,23,2,edgeCount
275,110,148,graphml/Interoute.graphml,2,1,clustered,0.6;-0.3,-1,-1,9,-10,4,-1,-10,-1,-1,-10,4,edgeCount
274,110,148,graphml/Interoute.graphml,2,1,clustered,0.6;-0.3,-1,-1,16,-17,2,-1,-17,-1,-1,-17,2,edgeCount
273,110,148,graphml/Interoute.graphml,2,1,clustered,0.6;-0.3,15,15,14,1,0,15,1,15,15,1,0,edgeCount
272,110,148,graphml/Interoute.graphml,2,1,clustered,0.6;-0.3,29,69,12,17,0,29,17,29,29,17,0,edgeCount
271,110,148,graphml/Interoute.graphml,2,1,clustered,0.6;-0.3,24,24,8,16,0,24,16,24,24,16,0,edgeCount
270,110,148,graphml/Interoute.graphml,3,2,clustered,0.6;-0.3,52,48,14,38,0,40,26,40,40,26,0,edgeCount
269,110,148,graphml/Interoute.graphml,2,1,clustered,0.6;-0.3,36,56,13,23,0,36,23,36,36,23,0,edgeCount
268,110,148,graphml/Interoute.graphml,1,0,clustered,0.6;-0.3,16,16,16,0,2,16,0,16,16,0,2,edgeCount
267,110,148,graphml/Interoute.graphml,2,1,clustered,0.6;-0.3,39,39,15,24,0,39,24,39,39,24,0,edgeCount
264,110,148,graphml/Interoute.graphml,2,1,clustered,0.6;-0.3,7,7,7,0,0,7,0,7,7,0,0,edgeCount
263,110,148,graphml/Interoute.graphml,2,1,clustered,0.6;-0.3,30,30,10,20,0,30,20,30,30,20,0,edgeCount
262,110,148,graphml/Interoute.graphml,2,1,clustered,0.6;-0.3,-1,-1,18,-19,0,-1,-19,-1,-1,-19,0,edgeCount
260,110,148,graphml/Interoute.graphml,3,2,clustered,0.6;-0.3,15,15,9,6,0,15,6,15,15,6,0,edgeCount
259,110,148,graphml/Interoute.graphml,2,1,clustered,0.6;-0.3,6,30,6,0,2,6,0,6,6,0,2,edgeCount
258,110,148,graphml/Interoute.graphml,3,2,clustered,0.6;-0.3,6,6,5,1,0,6,1,6,6,1,0,edgeCount
257,110,148,graphml/Interoute.graphml,2,1,clustered,0.6;-0.3,-1,-1,10,-11,0,-1,-11,-1,-1,-11,0,edgeCount
256,110,148,graphml/Interoute.graphml,2,1,clustered,0.6;-0.3,22,28,8,14,2,8,0,22,28,14,2,edgeCount
255,110,148,graphml/Interoute.graphml,2,1,clustered,0.6;-0.3,5,5,5,0,0,5,0,5,5,0,0,edgeCount
254,110,148,graphml/Interoute.graphml,2,1,clustered,0.6;-0.3,39,39,9,30,0,39,30,39,39,30,0,edgeCount
253,110,148,graphml/Interoute.graphml,1,0,clustered,0.6;-0.3,9,9,9,0,0,9,0,9,9,0,0,edgeCount
252,110,148,graphml/Interoute.graphml,2,1,clustered,0.6;-0.3,4,4,4,0,0,4,0,4,4,0,0,edgeCount
250,110,148,graphml/Interoute.graphml,2,1,clustered,0.6;-0.3,9,6,6,3,0,9,3,9,9,3,0,edgeCount
248,110,148,graphml/Interoute.graphml,3,2,clustered,0.6;-0.3,42,42,13,29,0,42,29,42,42,29,0,edgeCount
247,110,148,graphml/Interoute.graphml,2,1,clustered,0.6;-0.3,-1,-1,4,-5,0,-1,-5,-1,-1,-5,0,edgeCount
246,110,148,graphml/Interoute.graphml,1,0,clustered,0.6;-0.3,-1,-1,13,-14,2,-1,-14,-1,-1,-14,2,edgeCount
245,110,148,graphml/Interoute.graphml,2,1,clustered,0.6;-0.3,7,7,5,2,0,7,2,7,7,2,0,edgeCount
244,110,148,graphml/Interoute.graphml,2,1,clustered,0.6;-0.3,17,16,15,2,0,44,29,44,44,29,0,edgeCount
243,110,148,graphml/Interoute.graphml,2,1,clustered,0.6;-0.3,4,4,4,0,0,4,0,4,4,0,0,edgeCount
242,110,148,graphml/Interoute.graphml,2,1,clustered,0.6;-0.3,71,53,14,57,0,-1,-15,-1,-1,-15,0,edgeCount
241,110,148,graphml/Interoute.graphml,2,1,clustered,0.6;-0.3,22,12,12,10,4,-1,-13,27,15,15,4,edgeCount
240,110,148,graphml/Interoute.graphml,1,0,clustered,0.6;-0.3,14,14,14,0,0,14,0,14,14,0,0,edgeCount
239,110,148,graphml/Interoute.graphml,3,2,clustered,0.6;-0.3,8,8,8,0,0,8,0,8,8,0,0,edgeCount
236,110,148,graphml/Interoute.graphml,2,1,clustered,0.6;-0.3,7,7,7,0,2,7,0,31,7,24,2,edgeCount
235,110,148,graphml/Interoute.graphml,2,1,clustered,0.6;-0.3,5,5,5,0,2,5,0,5,5,0,2,edgeCount
234,110,148,graphml/Interoute.graphml,2,1,clustered,0.6;-0.3,15,15,5,10,2,15,10,15,15,10,2,edgeCount
231,110,148,graphml/Interoute.graphml,1,0,clustered,0.6;-0.3,11,11,11,0,0,11,0,11,11,0,0,edgeCount
230,110,148,graphml/Interoute.graphml,2,1,clustered,0.6;-0.3,22,8,7,15,4,8,1,22,8,15,4,edgeCount
229,110,148,graphml/Interoute.graphml,1,0,clustered,0.6;-0.3,6,6,6,0,0,6,0,6,6,0,0,edgeCount
228,110,148,graphml/Interoute.graphml,2,1,clustered,0.6;-0.3,33,33,9,24,0,33,24,33,33,24,0,edgeCount
227,110,148,graphml/Interoute.graphml,1,0,clustered,0.6;-0.3,14,14,14,0,0,14,0,14,14,0,0,edgeCount
226,110,148,graphml/Interoute.graphml,2,1,clustered,0.6;-0.3,16,16,10,6,0,16,6,16,16,6,0,edgeCount
225,110,148,graphml/Interoute.graphml,2,1,clustered,0.6;-0.3,12,12,9,3,2,12,3,12,12,3,2,edgeCount
222,110,148,graphml/Interoute.graphml,2,1,clustered,0.6;-0.3,28,28,10,18,0,28,18,28,28,18,0,edgeCount
221,110,148,graphml/Interoute.graphml,2,1,clustered,0.6;-0.3,26,8,6,20,2,8,2,6,6,0,2,edgeCount
219,110,148,graphml/Interoute.graphml,2,1,clustered,0.6;-0.3,39,15,15,24,0,39,24,39,15,24,0,edgeCount
218,110,148,graphml/Interoute.graphml,2,1,clustered,0.6;-0.3,10,9,8,2,0,10,2,10,10,2,0,edgeCount
216,110,148,graphml/Interoute.graphml,1,0,clustered,0.6;-0.3,6,6,6,0,0,6,0,6,6,0,0,edgeCount
214,110,148,graphml/Interoute.graphml,2,1,clustered,0.6;-0.3,33,33,11,22,4,-1,-12,33,33,22,4,edgeCount
212,110,148,graphml/Interoute.graphml,1,0,clustered,0.6;-0.3,13,13,13,0,2,13,0,13,13,0,2,edgeCount
211,110,148,graphml/Interoute.graphml,2,1,clustered,0.6;-0.3,38,38,16,22,0,36,20,36,36,20,0,edgeCount
210,110,148,graphml/Interoute.graphml,2,1,clustered,0.6;-0.3,24,24,8,16,0,24,16,24,24,16,0,edgeCount
208,110,148,graphml/Interoute.graphml,2,1,clustered,0.6;-0.3,10,10,8,2,2,10,2,10,12,2,2,edgeCount
207,110,148,graphml/Interoute.graphml,2,1,clustered,0.6;-0.3,52,44,13,39,0,44,31,44,44,31,0,edgeCount
206,110,148,graphml/Interoute.graphml,2,1,clustered,0.6;-0.3,14,12,7,7,0,12,5,12,12,5,0,edgeCount
205,110,148,graphml/Interoute.graphml,2,1,clustered,0.6;-0.3,-1,-1,9,-10,0,-1,-10,-1,-1,-10,0,edgeCount
204,110,148,graphml/Interoute.graphml,2,1,clustered,0.6;-0.3,48,48,15,33,0,48,33,48,48,33,0,edgeCount
203,110,148,graphml/Interoute.graphml,2,1,clustered,0.6;-0.3,4,4,4,0,0,4,0,4,4,0,0,edgeCount
201,110,148,graphml/Interoute.graphml,2,1,clustered,0.6;-0.3,8,8,8,0,4,8,0,36,8,28,4,edgeCount
199,110,148,graphml/Interoute.graphml,2,1,clustered,0.6;-0.3,6,6,6,0,0,6,0,6,6,0,0,edgeCount
197,110,148,graphml/Interoute.graphml,2,1,clustered,0.6;-0.3,6,6,6,0,0,6,0,6,6,0,0,edgeCount
195,110,148,graphml/Interoute.graphml,3,2,clustered,0.6;-0.3,35,35,9,26,0,35,26,35,35,26,0,edgeCount
194,110,148,graphml/Interoute.graphml,2,1,clustered,0.6;-0.3,26,20,15,11,0,20,5,20,20,5,0,edgeCount
193,110,148,graphml/Interoute.graphml,2,1,clustered,0.6;-0.3,15,15,8,7,0,-1,-9,-1,-1,-9,0,edgeCount
192,110,148,graphml/Interoute.graphml,1,0,clustered,0.6;-0.3,32,16,13,19,4,-1,-14,32,16,19,4,edgeCount
191,110,148,graphml/Interoute.graphml,2,1,clustered,0.6;-0.3,4,4,4,0,0,4,0,4,4,0,0,edgeCount
190,110,148,graphml/Interoute.graphml,2,1,clustered,0.6;-0.3,29,29,11,18,0,29,18,29,29,18,0,edgeCount
189,110,148,graphml/Interoute.graphml,3,2,clustered,0.6;-0.3,29,29,10,19,0,29,19,29,29,19,0,edgeCount
188,110,148,graphml/Interoute.graphml,2,1,clustered,0.6;-0.3,8,8,8,0,2,22,14,22,8,14,2,edgeCount
187,110,148,graphml/Interoute.graphml,3,2,clustered,0.6;-0.3,29,29,10,19,0,29,19,29,29,19,0,edgeCount
185,110,148,graphml/Interoute.graphml,1,0,clustered,0.6;-0.3,14,14,14,0,4,-1,-15,14,14,0,4,edgeCount
184,110,148,graphml/Interoute.graphml,2,1,clustered,0.6;-0.3,39,39,12,27,2,39,27,39,39,27,2,edgeCount
183,110,148,graphml/Interoute.graphml,2,1,clustered,0.6;-0.3,33,33,15,18,0,33,18,33,33,18,0,edgeCount
182,110,148,graphml/Interoute.graphml,2,1,clustered,0.6;-0.3,7,7,7,0,4,7,0,27,7,20,4,edgeCount
181,110,148,graphml/Interoute.graphml,2,1,clustered,0.6;-0.3,5,5,5,0,0,5,0,5,5,0,0,edgeCount
178,110,148,graphml/Interoute.graphml,3,2,clustered,0.6;-0.3,7,7,5,2,0,7,2,7,7,2,0,edgeCount
177,110,148,graphml/Interoute.graphml,2,1,clustered,0.6;-0.3,10,10,10,0,0,10,0,10,10,0,0,edgeCount
176,110,148,graphml/Interoute.graphml,3,2,clustered,0.6;-0.3,21,21,8,13,2,21,13,39,21,31,2,edgeCount
175,110,148,graphml/Interoute.graphml,2,1,clustered,0.6;-0.3,23,23,8,15,0,23,15,23,23,15,0,edgeCount
173,110,148,graphml/Interoute.graphml,3,2,clustered,0.6;-0.3,12,12,3,9,2,12,9,13,12,10,2,edgeCount
171,110,148,graphml/Interoute.graphml,2,1,clustered,0.6;-0.3,46,46,9,37,4,-1,-10,-1,-1,-10,4,edgeCount
170,110,148,graphml/Interoute.graphml,3,2,clustered,0.6;-0.3,25,25,10,15,2,25,15,13,14,3,2,edgeCount
168,110,148,graphml/Interoute.graphml,2,1,clustered,0.6;-0.3,-1,-1,16,-17,0,-1,-17,-1,-1,-17,0,edgeCount
167,110,148,graphml/Interoute.graphml,2,1,clustered,0.6;-0.3,14,14,14,0,6,14,0,42,16,28,6,edgeCount
165,110,148,graphml/Interoute.graphml,1,0,clustered,0.6;-0.3,-1,-1,10,-11,2,-1,-11,-1,-1,-11,2,edgeCount
164,110,148,graphml/Interoute.graphml,2,1,clustered,0.6;-0.3,39,39,9,30,6,-1,-10,25,25,16,6,edgeCount
162,110,148,graphml/Interoute.graphml,2,1,clustered,0.6;-0.3,48,48,17,31,0,48,31,48,48,31,0,edgeCount
161,110,148,graphml/Interoute.graphml,2,1,clustered,0.6;-0.3,28,28,10,18,0,28,18,28,28,18,0,edgeCount
159,110,148,graphml/Interoute.graphml,3,2,clustered,0.6;-0.3,32,26,10,22,0,26,16,26,26,16,0,edgeCount
158,110,148,graphml/Interoute.graphml,2,1,clustered,0.6;-0.3,8,8,8,0,0,8,0,8,8,0,0,edgeCount
157,110,148,graphml/Interoute.graphml,2,1,clustered,0.6;-0.3,36,36,11,25,0,36,25,36,36,25,0,edgeCount
156,110,148,graphml/Interoute.graphml,2,1,clustered,0.6;-0.3,26,24,9,17,2,24,15,26,24,17,2,edgeCount
155,110,148,graphml/Interoute.graphml,2,1,clustered,0.6;-0.3,9,9,9,0,2,9,0,11,9,2,2,edgeCount
154,110,148,graphml/Interoute.graphml,2,1,clustered,0.6;-0.3,25,13,9,16,8,-1,-10,13,13,4,8,edgeCount
153,110,148,graphml/Interoute.graphml,2,1,clustered,0.6;-0.3,22,22,6,16,0,22,16,22,22,16,0,edgeCount
152,110,148,graphml/Interoute.graphml,2,1,clustered,0.6;-0.3,7,11,7,0,6,7,0,25,39,18,4,edgeCount
151,110,148,graphml/Interoute.graphml,1,0,clustered,0.6;-0.3,-1,-1,10,-11,0,-1,-11,-1,-1,-11,0,edgeCount
150,110,148,graphml/Interoute.graphml,2,1,clustered,0.6;-0.3,40,40,14,26,2,-1,-15,40,40,26,2,edgeCount
149,110,148,graphml/Interoute.graphml,2,1,clustered,0.6;-0.3,11,11,5,6,2,11,6,11,11,6,2,edgeCount
148,110,148,graphml/Interoute.graphml,1,0,clustered,0.6;-0.3,-1,-1,16,-17,0,-1,-17,-1,-1,-17,0,edgeCount
146,110,148,graphml/Interoute.graphml,3,2,clustered,0.6;-0.3,9,9,5,4,0,9,4,9,9,4,0,edgeCount
144,110,148,graphml/Interoute.graphml,2,1,clustered,0.6;-0.3,16,16,6,10,0,16,10,16,16,10,0,edgeCount
140,110,148,graphml/Interoute.graphml,2,1,clustered,0.6;-0.3,7,7,7,0,0,7,0,7,7,0,0,edgeCount
137,110,148,graphml/Interoute.graphml,2,1,clustered,0.6;-0.3,8,8,8,0,0,8,0,8,8,0,0,edgeCount
136,110,148,graphml/Interoute.graphml,2,1,clustered,0.6;-0.3,-1,-1,12,-13,0,-1,-13,-1,-1,-13,0,edgeCount
134,110,148,graphml/Interoute.graphml,2,1,clustered,0.6;-0.3,31,31,8,23,0,31,23,31,31,23,0,edgeCount
133,110,148,graphml/Interoute.graphml,1,0,clustered,0.6;-0.3,-1,-1,10,-11,2,-1,-11,-1,-1,-11,2,edgeCount
131,110,148,graphml/Interoute.graphml,2,1,clustered,0.6;-0.3,11,11,11,0,2,11,0,11,11,0,2,edgeCount
130,110,148,graphml/Interoute.graphml,2,1,clustered,0.6;-0.3,38,38,11,27,0,38,27,38,38,27,0,edgeCount
126,110,148,graphml/Interoute.graphml,2,1,clustered,0.6;-0.3,9,9,9,0,2,9,0,27,9,18,2,edgeCount
125,110,148,graphml/Interoute.graphml,2,1,clustered,0.6;-0.3,50,12,12,38,0,32,20,32,32,20,0,edgeCount
124,110,148,graphml/Interoute.graphml,2,1,clustered,0.6;-0.3,33,33,11,22,2,33,22,33,33,22,2,edgeCount
122,110,148,graphml/Interoute.graphml,2,1,clustered,0.6;-0.3,-1,-1,6,-7,2,-1,-7,14,8,8,2,edgeCount
118,110,148,graphml/Interoute.graphml,3,2,clustered,0.6;-0.3,33,33,10,23,2,33,23,69,33,59,2,edgeCount
116,110,148,graphml/Interoute.graphml,2,1,clustered,0.6;-0.3,12,12,12,0,0,12,0,12,12,0,0,edgeCount
115,110,148,graphml/Interoute.graphml,2,1,clustered,0.6;-0.3,9,9,9,0,2,9,0,9,9,0,2,edgeCount
111,110,148,graphml/Interoute.graphml,2,1,clustered,0.6;-0.3,49,49,15,34,0,49,34,49,49,34,0,edgeCount
110,110,148,graphml/Interoute.graphml,2,1,clustered,0.6;-0.3,26,16,7,19,4,-1,-8,-1,-1,-8,4,edgeCount
109,110,148,graphml/Interoute.graphml,1,0,clustered,0.6;-0.3,-1,-1,12,-13,6,-1,-13,-1,-1,-13,6,edgeCount
108,110,148,graphml/Interoute.graphml,2,1,clustered,0.6;-0.3,12,12,8,4,0,12,4,12,12,4,0,edgeCount
107,110,148,graphml/Interoute.graphml,2,1,clustered,0.6;-0.3,10,10,10,0,0,10,0,10,10,0,0,edgeCount
106,110,148,graphml/Interoute.graphml,2,1,clustered,0.6;-0.3,12,12,5,7,0,12,7,12,12,7,0,edgeCount
104,110,148,graphml/Interoute.graphml,2,1,clustered,0.6;-0.3,6,6,6,0,2,6,0,20,6,14,2,edgeCount
103,110,148,graphml/Interoute.graphml,1,0,clustered,0.6;-0.3,12,12,12,0,0,12,0,12,12,0,0,edgeCount
102,110,148,graphml/Interoute.graphml,2,1,clustered,0.6;-0.3,19,19,8,11,2,19,11,9,19,1,2,edgeCount
101,110,148,graphml/Interoute.graphml,2,1,clustered,0.6;-0.3,6,6,6,0,0,6,0,6,6,0,0,edgeCount
100,110,148,graphml/Interoute.graphml,4,3,clustered,0.6;-0.3,5,15,4,1,0,5,1,5,15,1,0,edgeCount
99,110,148,graphml/Interoute.graphml,2,1,clustered,0.6;-0.3,-1,-1,7,-8,6,-1,-8,7,7,0,6,edgeCount
97,110,148,graphml/Interoute.graphml,2,1,clustered,0.6;-0.3,13,11,7,6,2,-1,-8,13,7,6,2,edgeCount
96,110,148,graphml/Interoute.graphml,2,1,clustered,0.6;-0.3,-1,-1,9,-10,0,-1,-10,-1,-1,-10,0,edgeCount
95,110,148,graphml/Interoute.graphml,2,1,clustered,0.6;-0.3,6,6,6,0,0,6,0,6,6,0,0,edgeCount
93,110,148,graphml/Interoute.graphml,2,1,clustered,0.6;-0.3,7,7,7,0,0,7,0,7,7,0,0,edgeCount
92,110,148,graphml/Interoute.graphml,3,2,clustered,0.6;-0.3,46,62,11,35,0,46,35,46,46,35,0,edgeCount
90,110,148,graphml/Interoute.graphml,2,1,clustered,0.6;-0.3,13,13,13,0,0,13,0,13,13,0,0,edgeCount
89,110,148,graphml/Interoute.graphml,1,0,clustered,0.6;-0.3,-1,-1,8,-9,0,-1,-9,-1,-1,-9,0,edgeCount
88,110,148,graphml/Interoute.graphml,2,1,clustered,0.6;-0.3,13,13,13,0,4,13,0,41,45,28,4,edgeCount
87,110,148,graphml/Interoute.graphml,2,1,clustered,0.6;-0.3,8,8,8,0,2,8,0,26,8,18,2,edgeCount
86,110,148,graphml/Interoute.graphml,2,1,clustered,0.6;-0.3,15,15,7,8,0,15,8,15,15,8,0,edgeCount
85,110,148,graphml/Interoute.graphml,2,1,clustered,0.6;-0.3,24,24,10,14,0,24,14,24,24,14,0,edgeCount
84,110,148,graphml/Interoute.graphml,2,1,clustered,0.6;-0.3,5,5,5,0,2,5,0,5,5,0,2,edgeCount
83,110,148,graphml/Interoute.graphml,2,1,clustered,0.6;-0.3,36,36,13,23,0,36,23,36,36,23,0,edgeCount
82,110,148,graphml/Interoute.graphml,2,1,clustered,0.6;-0.3,9,9,9,0,0,9,0,9,9,0,0,edgeCount
81,110,148,graphml/Interoute.graphml,2,1,clustered,0.6;-0.3,11,11,11,0,0,11,0,11,11,0,0,edgeCount
80,110,148,graphml/Interoute.graphml,1,0,clustered,0.6;-0.3,11,11,11,0,0,11,0,11,11,0,0,edgeCount
78,110,148,graphml/Interoute.graphml,2,1,clustered,0.6;-0.3,30,28,6,24,6,-1,-7,23,13,17,6,edgeCount
77,110,148,graphml/Interoute.graphml,2,1,clustered,0.6;-0.3,59,59,16,43,2,-1,-17,43,43,27,2,edgeCount
76,110,148,graphml/Interoute.graphml,2,1,clustered,0.6;-0.3,11,11,10,1,0,11,1,11,11,1,0,edgeCount
73,110,148,graphml/Interoute.graphml,2,1,clustered,0.6;-0.3,61,47,14,47,2,-1,-15,42,18,28,2,edgeCount
72,110,148,graphml/Interoute.graphml,2,1,clustered,0.6;-0.3,17,17,8,9,0,17,9,17,17,9,0,edgeCount
71,110,148,graphml/Interoute.graphml,2,1,clustered,0.6;-0.3,9,9,9,0,4,9,0,14,37,5,4,edgeCount
70,110,148,graphml/Interoute.graphml,2,1,clustered,0.6;-0.3,5,5,5,0,0,5,0,5,5,0,0,edgeCount
69,110,148,graphml/Interoute.graphml,2,1,clustered,0.6;-0.3,26,18,4,22,4,-1,-5,27,9,23,4,edgeCount
67,110,148,graphml/Interoute.graphml,1,0,clustered,0.6;-0.3,11,11,11,0,0,11,0,11,11,0,0,edgeCount
66,110,148,graphml/Interoute.graphml,2,1,clustered,0.6;-0.3,67,67,12,55,4,-1,-13,42,26,30,4,edgeCount
63,110,148,graphml/Interoute.graphml,2,1,clustered,0.6;-0.3,44,44,13,31,0,44,31,44,44,31,0,edgeCount
62,110,148,graphml/Interoute.graphml,2,1,clustered,0.6;-0.3,57,57,11,46,0,-1,-12,-1,-1,-12,0,edgeCount
59,110,148,graphml/Interoute.graphml,2,1,clustered,0.6;-0.3,10,10,8,2,0,10,2,10,10,2,0,edgeCount
56,110,148,graphml/Interoute.graphml,1,0,clustered,0.6;-0.3,10,10,10,0,0,10,0,10,10,0,0,edgeCount
54,110,148,graphml/Interoute.graphml,2,1,clustered,0.6;-0.3,7,7,7,0,0,-1,-8,7,7,0,0,edgeCount
52,110,148,graphml/Interoute.graphml,2,1,clustered,0.6;-0.3,35,35,12,23,2,-1,-13,35,35,23,2,edgeCount
51,110,148,graphml/Interoute.graphml,2,1,clustered,0.6;-0.3,52,52,10,42,0,32,22,32,32,22,0,edgeCount
49,110,148,graphml/Interoute.graphml,2,1,clustered,0.6;-0.3,-1,-1,6,-7,0,-1,-7,-1,-1,-7,0,edgeCount
48,110,148,graphml/Interoute.graphml,2,1,clustered,0.6;-0.3,-1,-1,17,-18,2,-1,-18,-1,-1,-18,2,edgeCount
47,110,148,graphml/Interoute.graphml,2,1,clustered,0.6;-0.3,4,4,4,0,0,4,0,4,4,0,0,edgeCount
46,110,148,graphml/Interoute.graphml,1,0,clustered,0.6;-0.3,25,19,13,12,4,-1,-14,25,19,12,4,edgeCount
43,110,148,graphml/Interoute.graphml,2,1,clustered,0.6;-0.3,3,12,3,0,6,7,4,7,11,4,6,edgeCount
41,110,148,graphml/Interoute.graphml,2,1,clustered,0.6;-0.3,14,40,6,8,0,14,8,14,14,8,0,edgeCount
40,110,148,graphml/Interoute.graphml,3,2,clustered,0.6;-0.3,37,37,11,26,0,37,26,37,37,26,0,edgeCount
39,110,148,graphml/Interoute.graphml,2,1,clustered,0.6;-0.3,14,14,6,8,0,14,8,14,14,8,0,edgeCount
37,110,148,graphml/Interoute.graphml,2,1,clustered,0.6;-0.3,28,28,11,17,0,-1,-12,28,28,17,0,edgeCount
35,110,148,graphml/Interoute.graphml,2,1,clustered,0.6;-0.3,9,9,8,1,4,9,1,27,9,19,4,edgeCount
34,110,148,graphml/Interoute.graphml,2,1,clustered,0.6;-0.3,6,6,5,1,0,6,1,6,6,1,0,edgeCount
32,110,148,graphml/Interoute.graphml,2,1,clustered,0.6;-0.3,31,11,11,20,0,11,0,11,11,0,0,edgeCount
31,110,148,graphml/Interoute.graphml,2,1,clustered,0.6;-0.3,8,8,8,0,0,25,17,8,8,0,0,edgeCount
29,110,148,graphml/Interoute.graphml,2,1,clustered,0.6;-0.3,14,14,11,3,0,14,3,14,14,3,0,edgeCount
28,110,148,graphml/Interoute.graphml,3,2,clustered,0.6;-0.3,6,6,6,0,0,6,0,6,6,0,0,edgeCount
27,110,148,graphml/Interoute.graphml,2,1,clustered,0.6;-0.3,-1,-1,8,-9,2,-1,-9,26,12,18,2,edgeCount
26,110,148,graphml/Interoute.graphml,2,1,clustered,0.6;-0.3,26,46,10,16,0,26,16,26,26,16,0,edgeCount
25,110,148,graphml/Interoute.graphml,1,0,clustered,0.6;-0.3,13,13,13,0,0,13,0,13,13,0,0,edgeCount
24,110,148,graphml/Interoute.graphml,2,1,clustered,0.6;-0.3,4,4,4,0,2,4,0,4,4,0,2,edgeCount
23,110,148,graphml/Interoute.graphml,1,0,clustered,0.6;-0.3,-1,-1,17,-18,2,-1,-18,-1,-1,-18,2,edgeCount
22,110,148,graphml/Interoute.graphml,2,1,clustered,0.6;-0.3,9,9,9,0,0,-1,-10,9,9,0,0,edgeCount
19,110,148,graphml/Interoute.graphml,2,1,clustered,0.6;-0.3,6,6,6,0,0,6,0,6,6,0,0,edgeCount
17,110,148,graphml/Interoute.graphml,3,2,clustered,0.6;-0.3,14,14,10,4,4,14,4,14,18,4,4,edgeCount
16,110,148,graphml/Interoute.graphml,2,1,clustered,0.6;-0.3,15,47,7,8,4,15,8,7,39,0,4,edgeCount
15,110,148,graphml/Interoute.graphml,1,0,clustered,0.6;-0.3,40,26,10,30,2,-1,-11,40,26,30,2,edgeCount
14,110,148,graphml/Interoute.graphml,2,1,clustered,0.6;-0.3,38,48,11,27,0,14,3,38,38,27,0,edgeCount
13,110,148,graphml/Interoute.graphml,2,1,clustered,0.6;-0.3,36,36,9,27,2,-1,-10,13,13,4,2,edgeCount
12,110,148,graphml/Interoute.graphml,1,0,clustered,0.6;-0.3,12,12,12,0,0,12,0,12,12,0,0,edgeCount
11,110,148,graphml/Interoute.graphml,2,1,clustered,0.6;-0.3,67,63,15,52,4,-1,-16,62,34,47,4,edgeCount
10,110,148,graphml/Interoute.graphml,2,1,clustered,0.6;-0.3,9,9,7,2,0,9,2,9,9,2,0,edgeCount
8,110,148,graphml/Interoute.graphml,3,2,clustered,0.6;-0.3,4,4,4,0,0,4,0,4,4,0,0,edgeCount
7,110,148,graphml/Interoute.graphml,2,1,clustered,0.6;-0.3,4,4,4,0,0,4,0,4,4,0,0,edgeCount
5,110,148,graphml/Interoute.graphml,2,1,clustered,0.6;-0.3,9,9,9,0,0,9,0,9,9,0,0,edgeCount
4,110,148,graphml/Interoute.graphml,2,1,clustered,0.6;-0.3,25,25,7,18,0,25,18,25,25,18,0,edgeCount
3,110,148,graphml/Interoute.graphml,2,1,clustered,0.6;-0.3,6,6,4,2,2,-1,-5,-1,-1,-5,2,edgeCount
1,110,148,graphml/Interoute.graphml,3,2,clustered,0.6;-0.3,5,5,5,0,0,5,0,5,5,0,0,edgeCount
