rep,nrNodes,nrEdges,edgeProb,nrPaths,nrFails,failureModel,failurePercent,hopsRanked,hopsUnranked,spLength,stretch_mult,nodeAdditions,hopsPath,stretch_path,hopsRankedOne,hopsUnrankedOne,stretch_one,overallNodeAdditionsOne,treeChoice
1000,113,161,graphml/Deltacom.graphml,2,1,adversarial,0.8,2,2,2,0,0,2,0,2,2,0,0,edgeCount
999,113,161,graphml/Deltacom.graphml,1,0,adversarial,0.8,17,79,17,0,2,17,0,17,79,0,2,edgeCount
998,113,161,graphml/Deltacom.graphml,2,1,adversarial,0.8,6,6,6,0,4,6,0,9,24,3,4,edgeCount
997,113,161,graphml/Deltacom.graphml,3,2,adversarial,0.8,24,24,8,16,0,42,34,24,24,16,0,edgeCount
996,113,161,graphml/Deltacom.graphml,3,2,adversarial,0.8,11,11,11,0,2,11,0,11,11,0,2,edgeCount
995,113,161,graphml/Deltacom.graphml,2,1,adversarial,0.8,9,9,5,4,0,9,4,9,9,4,0,edgeCount
994,113,161,graphml/Deltacom.graphml,2,1,adversarial,0.8,35,35,14,21,2,-1,-15,35,35,21,2,edgeCount
993,113,161,graphml/Deltacom.graphml,2,1,adversarial,0.8,8,8,8,0,0,8,0,8,8,0,0,edgeCount
992,113,161,graphml/Deltacom.graphml,2,1,adversarial,0.8,26,46,9,17,6,26,17,10,64,1,6,edgeCount
991,113,161,graphml/Deltacom.graphml,2,1,adversarial,0.8,73,53,17,56,6,-1,-18,78,38,61,6,edgeCount
990,113,161,graphml/Deltacom.graphml,2,1,adversarial,0.8,15,15,5,10,0,15,10,15,15,10,0,edgeCount
989,113,161,graphml/Deltacom.graphml,2,1,adversarial,0.8,17,17,15,2,0,47,32,47,47,32,0,edgeCount
988,113,161,graphml/Deltacom.graphml,2,1,adversarial,0.8,5,5,5,0,0,5,0,5,5,0,0,edgeCount
987,113,161,graphml/Deltacom.graphml,2,1,adversarial,0.8,26,8,8,18,0,20,12,20,20,12,0,edgeCount
986,113,161,graphml/Deltacom.graphml,3,2,adversarial,0.8,5,5,5,0,0,5,0,5,5,0,0,edgeCount
985,113,161,graphml/Deltacom.graphml,1,0,adversarial,0.8,6,4,4,2,6,-1,-5,6,4,2,6,edgeCount
984,113,161,graphml/Deltacom.graphml,1,0,adversarial,0.8,17,17,17,0,2,17,0,17,17,0,2,edgeCount
983,113,161,graphml/Deltacom.graphml,1,0,adversarial,0.8,5,5,5,0,2,5,0,5,5,0,2,edgeCount
982,113,161,graphml/Deltacom.graphml,2,1,adversarial,0.8,51,35,14,37,0,35,21,35,35,21,0,edgeCount
981,113,161,graphml/Deltacom.graphml,2,1,adversarial,0.8,16,16,14,2,6,14,0,46,52,32,4,edgeCount
980,113,161,graphml/Deltacom.graphml,3,2,adversarial,0.8,3,3,3,0,0,3,0,3,3,0,0,edgeCount
979,113,161,graphml/Deltacom.graphml,2,1,adversarial,0.8,10,10,10,0,0,10,0,10,10,0,0,edgeCount
978,113,161,graphml/Deltacom.graphml,2,1,adversarial,0.8,7,7,7,0,4,7,0,21,7,14,4,edgeCount
977,113,161,graphml/Deltacom.graphml,4,3,adversarial,0.8,8,8,8,0,2,8,0,8,8,0,2,edgeCount
976,113,161,graphml/Deltacom.graphml,2,1,adversarial,0.8,9,3,3,6,4,3,0,3,9,0,2,edgeCount
975,113,161,graphml/Deltacom.graphml,2,1,adversarial,0.8,38,38,14,24,0,38,24,38,38,24,0,edgeCount
974,113,161,graphml/Deltacom.graphml,2,1,adversarial,0.8,6,6,6,0,0,6,0,6,6,0,0,edgeCount
973,113,161,graphml/Deltacom.graphml,1,0,adversarial,0.8,22,22,12,10,2,-1,-13,22,22,10,2,edgeCount
972,113,161,graphml/Deltacom.graphml,2,1,adversarial,0.8,45,61,14,31,2,-1,-15,43,17,29,2,edgeCount
971,113,161,graphml/Deltacom.graphml,3,2,adversarial,0.8,12,14,3,9,0,12,9,12,12,9,0,edgeCount
970,113,161,graphml/Deltacom.graphml,2,1,adversarial,0.8,13,13,6,7,0,13,7,13,13,7,0,edgeCount
968,113,161,graphml/Deltacom.graphml,2,1,adversarial,0.8,7,7,7,0,2,7,0,21,7,14,2,edgeCount
967,113,161,graphml/Deltacom.graphml,1,0,adversarial,0.8,18,18,9,9,4,-1,-10,18,18,9,4,edgeCount
966,113,161,graphml/Deltacom.graphml,4,3,adversarial,0.8,49,49,9,40,2,49,40,31,61,22,2,edgeCount
965,113,161,graphml/Deltacom.graphml,2,1,adversarial,0.8,15,15,14,1,2,15,1,15,15,1,2,edgeCount
964,113,161,graphml/Deltacom.graphml,3,2,adversarial,0.8,25,15,6,19,4,-1,-7,23,15,17,4,edgeCount
963,113,161,graphml/Deltacom.graphml,1,0,adversarial,0.8,9,9,9,0,4,9,0,9,9,0,4,edgeCount
961,113,161,graphml/Deltacom.graphml,2,1,adversarial,0.8,25,19,6,19,2,-1,-7,6,6,0,2,edgeCount
960,113,161,graphml/Deltacom.graphml,4,3,adversarial,0.8,30,18,7,23,0,30,23,30,18,23,0,edgeCount
959,113,161,graphml/Deltacom.graphml,2,1,adversarial,0.8,22,22,8,14,0,8,0,22,22,14,0,edgeCount
958,113,161,graphml/Deltacom.graphml,4,3,adversarial,0.8,7,7,3,4,0,7,4,7,7,4,0,edgeCount
957,113,161,graphml/Deltacom.graphml,1,0,adversarial,0.8,9,9,9,0,2,9,0,9,9,0,2,edgeCount
956,113,161,graphml/Deltacom.graphml,2,1,adversarial,0.8,7,7,7,0,2,7,0,7,7,0,2,edgeCount
955,113,161,graphml/Deltacom.graphml,1,0,adversarial,0.8,7,7,7,0,0,7,0,7,7,0,0,edgeCount
954,113,161,graphml/Deltacom.graphml,2,1,adversarial,0.8,4,4,4,0,4,16,12,8,4,4,2,edgeCount
952,113,161,graphml/Deltacom.graphml,2,1,adversarial,0.8,13,13,13,0,0,13,0,13,13,0,0,edgeCount
951,113,161,graphml/Deltacom.graphml,2,1,adversarial,0.8,9,25,9,0,0,25,16,25,25,16,0,edgeCount
950,113,161,graphml/Deltacom.graphml,2,1,adversarial,0.8,14,14,14,0,2,14,0,14,14,0,2,edgeCount
949,113,161,graphml/Deltacom.graphml,2,1,adversarial,0.8,8,8,7,1,0,21,14,21,21,14,0,edgeCount
948,113,161,graphml/Deltacom.graphml,2,1,adversarial,0.8,5,5,5,0,0,5,0,5,5,0,0,edgeCount
947,113,161,graphml/Deltacom.graphml,2,1,adversarial,0.8,48,48,10,38,4,-1,-11,35,11,25,4,edgeCount
946,113,161,graphml/Deltacom.graphml,2,1,adversarial,0.8,51,37,10,41,4,-1,-11,34,18,24,4,edgeCount
945,113,161,graphml/Deltacom.graphml,2,1,adversarial,0.8,8,8,8,0,4,8,0,30,24,22,4,edgeCount
944,113,161,graphml/Deltacom.graphml,2,1,adversarial,0.8,10,10,9,1,0,28,19,10,10,1,0,edgeCount
943,113,161,graphml/Deltacom.graphml,2,1,adversarial,0.8,3,3,3,0,0,3,0,3,3,0,0,edgeCount
942,113,161,graphml/Deltacom.graphml,1,0,adversarial,0.8,9,9,9,0,0,9,0,9,9,0,0,edgeCount
941,113,161,graphml/Deltacom.graphml,2,1,adversarial,0.8,64,62,15,49,2,-1,-16,62,24,47,2,edgeCount
940,113,161,graphml/Deltacom.graphml,2,1,adversarial,0.8,28,28,11,17,0,28,17,28,28,17,0,edgeCount
939,113,161,graphml/Deltacom.graphml,2,1,adversarial,0.8,13,13,9,4,0,13,4,13,13,4,0,edgeCount
938,113,161,graphml/Deltacom.graphml,2,1,adversarial,0.8,6,6,6,0,0,6,0,6,6,0,0,edgeCount
937,113,161,graphml/Deltacom.graphml,2,1,adversarial,0.8,23,15,7,16,6,-1,-8,21,7,14,6,edgeCount
936,113,161,graphml/Deltacom.graphml,4,3,adversarial,0.8,3,3,3,0,0,3,0,3,3,0,0,edgeCount
935,113,161,graphml/Deltacom.graphml,2,1,adversarial,0.8,40,40,9,31,6,-1,-10,25,9,16,6,edgeCount
934,113,161,graphml/Deltacom.graphml,2,1,adversarial,0.8,19,49,7,12,6,19,12,9,57,2,6,edgeCount
933,113,161,graphml/Deltacom.graphml,2,1,adversarial,0.8,9,9,9,0,2,9,0,29,27,20,2,edgeCount
932,113,161,graphml/Deltacom.graphml,2,1,adversarial,0.8,15,15,5,10,0,15,10,15,15,10,0,edgeCount
931,113,161,graphml/Deltacom.graphml,2,1,adversarial,0.8,2,2,2,0,0,2,0,2,2,0,0,edgeCount
930,113,161,graphml/Deltacom.graphml,2,1,adversarial,0.8,16,16,16,0,0,16,0,16,16,0,0,edgeCount
929,113,161,graphml/Deltacom.graphml,2,1,adversarial,0.8,37,37,10,27,0,23,13,23,23,13,0,edgeCount
928,113,161,graphml/Deltacom.graphml,1,0,adversarial,0.8,23,23,12,11,2,-1,-13,23,23,11,2,edgeCount
927,113,161,graphml/Deltacom.graphml,3,2,adversarial,0.8,23,24,8,15,0,41,33,41,41,33,0,edgeCount
925,113,161,graphml/Deltacom.graphml,1,0,adversarial,0.8,53,53,20,33,4,-1,-21,53,53,33,4,edgeCount
924,113,161,graphml/Deltacom.graphml,3,2,adversarial,0.8,5,5,5,0,4,5,0,5,5,0,4,edgeCount
923,113,161,graphml/Deltacom.graphml,2,1,adversarial,0.8,4,4,4,0,0,16,12,4,4,0,0,edgeCount
922,113,161,graphml/Deltacom.graphml,2,1,adversarial,0.8,5,5,5,0,0,5,0,5,5,0,0,edgeCount
921,113,161,graphml/Deltacom.graphml,2,1,adversarial,0.8,10,10,10,0,2,10,0,32,10,22,2,edgeCount
920,113,161,graphml/Deltacom.graphml,2,1,adversarial,0.8,14,14,14,0,4,14,0,46,30,32,4,edgeCount
919,113,161,graphml/Deltacom.graphml,3,2,adversarial,0.8,14,16,7,7,4,14,7,8,50,1,4,edgeCount
918,113,161,graphml/Deltacom.graphml,1,0,adversarial,0.8,8,8,8,0,2,8,0,8,8,0,2,edgeCount
917,113,161,graphml/Deltacom.graphml,3,2,adversarial,0.8,18,18,7,11,0,18,11,18,18,11,0,edgeCount
916,113,161,graphml/Deltacom.graphml,2,1,adversarial,0.8,26,26,9,17,0,26,17,26,26,17,0,edgeCount
915,113,161,graphml/Deltacom.graphml,2,1,adversarial,0.8,41,41,10,31,0,23,13,23,23,13,0,edgeCount
914,113,161,graphml/Deltacom.graphml,2,1,adversarial,0.8,6,6,5,1,0,6,1,6,6,1,0,edgeCount
913,113,161,graphml/Deltacom.graphml,2,1,adversarial,0.8,13,13,13,0,0,13,0,13,13,0,0,edgeCount
912,113,161,graphml/Deltacom.graphml,2,1,adversarial,0.8,15,15,6,9,6,15,9,15,15,9,6,edgeCount
911,113,161,graphml/Deltacom.graphml,3,2,adversarial,0.8,37,71,7,30,0,37,30,37,37,30,0,edgeCount
910,113,161,graphml/Deltacom.graphml,2,1,adversarial,0.8,20,20,7,13,2,20,13,10,50,3,2,edgeCount
909,113,161,graphml/Deltacom.graphml,2,1,adversarial,0.8,30,30,13,17,2,30,17,30,30,17,2,edgeCount
908,113,161,graphml/Deltacom.graphml,2,1,adversarial,0.8,12,12,6,6,2,20,14,10,30,4,2,edgeCount
907,113,161,graphml/Deltacom.graphml,2,1,adversarial,0.8,12,12,12,0,0,12,0,12,12,0,0,edgeCount
906,113,161,graphml/Deltacom.graphml,2,1,adversarial,0.8,47,47,10,37,2,-1,-11,46,10,36,2,edgeCount
905,113,161,graphml/Deltacom.graphml,1,0,adversarial,0.8,11,11,11,0,0,11,0,11,11,0,0,edgeCount
904,113,161,graphml/Deltacom.graphml,2,1,adversarial,0.8,9,9,9,0,0,9,0,9,9,0,0,edgeCount
903,113,161,graphml/Deltacom.graphml,2,1,adversarial,0.8,2,2,2,0,0,2,0,2,2,0,0,edgeCount
902,113,161,graphml/Deltacom.graphml,2,1,adversarial,0.8,6,6,6,0,2,6,0,24,20,18,2,edgeCount
901,113,161,graphml/Deltacom.graphml,2,1,adversarial,0.8,29,19,7,22,2,-1,-8,24,8,17,2,edgeCount
900,113,161,graphml/Deltacom.graphml,2,1,adversarial,0.8,8,8,6,2,0,21,15,21,21,15,0,edgeCount
899,113,161,graphml/Deltacom.graphml,4,3,adversarial,0.8,14,6,5,9,0,35,30,35,35,30,0,edgeCount
898,113,161,graphml/Deltacom.graphml,2,1,adversarial,0.8,37,37,13,24,0,37,24,37,37,24,0,edgeCount
897,113,161,graphml/Deltacom.graphml,2,1,adversarial,0.8,8,8,7,1,0,23,16,23,23,16,0,edgeCount
896,113,161,graphml/Deltacom.graphml,3,2,adversarial,0.8,26,26,8,18,0,26,18,26,26,18,0,edgeCount
895,113,161,graphml/Deltacom.graphml,3,2,adversarial,0.8,16,16,7,9,4,16,9,8,28,1,4,edgeCount
894,113,161,graphml/Deltacom.graphml,1,0,adversarial,0.8,30,30,13,17,2,-1,-14,30,30,17,2,edgeCount
893,113,161,graphml/Deltacom.graphml,2,1,adversarial,0.8,5,5,5,0,2,5,0,19,21,14,2,edgeCount
892,113,161,graphml/Deltacom.graphml,2,1,adversarial,0.8,10,10,10,0,0,10,0,10,10,0,0,edgeCount
891,113,161,graphml/Deltacom.graphml,2,1,adversarial,0.8,7,7,7,0,0,7,0,7,7,0,0,edgeCount
890,113,161,graphml/Deltacom.graphml,2,1,adversarial,0.8,10,10,9,1,0,10,1,10,10,1,0,edgeCount
889,113,161,graphml/Deltacom.graphml,2,1,adversarial,0.8,18,18,5,13,0,18,13,18,18,13,0,edgeCount
888,113,161,graphml/Deltacom.graphml,2,1,adversarial,0.8,11,11,11,0,0,11,0,11,11,0,0,edgeCount
887,113,161,graphml/Deltacom.graphml,2,1,adversarial,0.8,35,35,13,22,0,35,22,35,35,22,0,edgeCount
886,113,161,graphml/Deltacom.graphml,2,1,adversarial,0.8,8,8,8,0,2,8,0,26,26,18,2,edgeCount
885,113,161,graphml/Deltacom.graphml,2,1,adversarial,0.8,44,44,16,28,4,-1,-17,50,28,34,4,edgeCount
884,113,161,graphml/Deltacom.graphml,2,1,adversarial,0.8,10,10,10,0,2,10,0,40,42,30,2,edgeCount
883,113,161,graphml/Deltacom.graphml,3,2,adversarial,0.8,52,52,5,47,4,-1,-6,19,5,14,4,edgeCount
882,113,161,graphml/Deltacom.graphml,2,1,adversarial,0.8,27,27,7,20,2,-1,-8,21,21,14,2,edgeCount
881,113,161,graphml/Deltacom.graphml,2,1,adversarial,0.8,12,12,7,5,0,12,5,12,12,5,0,edgeCount
880,113,161,graphml/Deltacom.graphml,2,1,adversarial,0.8,6,6,6,0,0,6,0,6,6,0,0,edgeCount
879,113,161,graphml/Deltacom.graphml,1,0,adversarial,0.8,13,13,13,0,2,13,0,13,13,0,2,edgeCount
878,113,161,graphml/Deltacom.graphml,3,2,adversarial,0.8,6,6,6,0,0,6,0,6,6,0,0,edgeCount
877,113,161,graphml/Deltacom.graphml,2,1,adversarial,0.8,8,8,8,0,2,8,0,24,8,16,2,edgeCount
876,113,161,graphml/Deltacom.graphml,2,1,adversarial,0.8,4,4,4,0,6,4,0,14,44,10,6,edgeCount
875,113,161,graphml/Deltacom.graphml,3,2,adversarial,0.8,18,18,5,13,0,18,13,18,18,13,0,edgeCount
874,113,161,graphml/Deltacom.graphml,2,1,adversarial,0.8,26,12,10,16,2,-1,-11,26,12,16,2,edgeCount
873,113,161,graphml/Deltacom.graphml,2,1,adversarial,0.8,22,18,8,14,0,18,10,18,18,10,0,edgeCount
872,113,161,graphml/Deltacom.graphml,3,2,adversarial,0.8,5,5,5,0,2,12,7,6,24,1,2,edgeCount
871,113,161,graphml/Deltacom.graphml,2,1,adversarial,0.8,5,5,5,0,6,5,0,23,49,18,6,edgeCount
870,113,161,graphml/Deltacom.graphml,3,2,adversarial,0.8,17,39,4,13,0,17,13,17,17,13,0,edgeCount
869,113,161,graphml/Deltacom.graphml,2,1,adversarial,0.8,9,9,7,2,2,9,2,27,9,20,2,edgeCount
868,113,161,graphml/Deltacom.graphml,2,1,adversarial,0.8,32,54,9,23,10,32,23,12,49,3,10,edgeCount
867,113,161,graphml/Deltacom.graphml,2,1,adversarial,0.8,53,37,10,43,4,-1,-11,38,10,28,4,edgeCount
866,113,161,graphml/Deltacom.graphml,2,1,adversarial,0.8,25,17,9,16,12,-1,-10,37,13,28,12,edgeCount
865,113,161,graphml/Deltacom.graphml,1,0,adversarial,0.8,7,7,7,0,4,7,0,7,7,0,4,edgeCount
864,113,161,graphml/Deltacom.graphml,2,1,adversarial,0.8,14,14,6,8,0,14,8,14,14,8,0,edgeCount
863,113,161,graphml/Deltacom.graphml,1,0,adversarial,0.8,10,10,10,0,0,10,0,10,10,0,0,edgeCount
862,113,161,graphml/Deltacom.graphml,2,1,adversarial,0.8,7,7,7,0,2,7,0,23,27,16,2,edgeCount
861,113,161,graphml/Deltacom.graphml,2,1,adversarial,0.8,9,9,9,0,2,9,0,9,9,0,2,edgeCount
860,113,161,graphml/Deltacom.graphml,2,1,adversarial,0.8,5,5,5,0,0,5,0,5,5,0,0,edgeCount
859,113,161,graphml/Deltacom.graphml,2,1,adversarial,0.8,9,11,9,0,6,25,16,9,67,0,6,edgeCount
858,113,161,graphml/Deltacom.graphml,2,1,adversarial,0.8,9,9,9,0,0,9,0,9,9,0,0,edgeCount
857,113,161,graphml/Deltacom.graphml,2,1,adversarial,0.8,33,15,8,25,6,-1,-9,27,11,19,6,edgeCount
856,113,161,graphml/Deltacom.graphml,2,1,adversarial,0.8,24,36,10,14,2,-1,-11,34,12,24,2,edgeCount
855,113,161,graphml/Deltacom.graphml,2,1,adversarial,0.8,3,3,3,0,0,3,0,3,3,0,0,edgeCount
854,113,161,graphml/Deltacom.graphml,2,1,adversarial,0.8,21,21,7,14,0,21,14,21,21,14,0,edgeCount
853,113,161,graphml/Deltacom.graphml,3,2,adversarial,0.8,23,23,8,15,4,-1,-9,10,10,2,4,edgeCount
852,113,161,graphml/Deltacom.graphml,1,0,adversarial,0.8,9,9,9,0,2,9,0,9,9,0,2,edgeCount
851,113,161,graphml/Deltacom.graphml,2,1,adversarial,0.8,50,50,19,31,0,48,29,48,48,29,0,edgeCount
850,113,161,graphml/Deltacom.graphml,2,1,adversarial,0.8,3,3,2,1,0,3,1,3,3,1,0,edgeCount
849,113,161,graphml/Deltacom.graphml,3,2,adversarial,0.8,3,3,3,0,0,3,0,3,3,0,0,edgeCount
847,113,161,graphml/Deltacom.graphml,1,0,adversarial,0.8,10,10,10,0,0,10,0,10,10,0,0,edgeCount
846,113,161,graphml/Deltacom.graphml,2,1,adversarial,0.8,45,45,10,35,6,-1,-11,37,13,27,6,edgeCount
845,113,161,graphml/Deltacom.graphml,2,1,adversarial,0.8,17,17,17,0,2,17,0,17,17,0,2,edgeCount
844,113,161,graphml/Deltacom.graphml,2,1,adversarial,0.8,13,13,13,0,0,13,0,13,13,0,0,edgeCount
843,113,161,graphml/Deltacom.graphml,2,1,adversarial,0.8,33,33,12,21,2,33,21,33,33,21,2,edgeCount
842,113,161,graphml/Deltacom.graphml,2,1,adversarial,0.8,8,8,8,0,2,8,0,30,20,22,2,edgeCount
841,113,161,graphml/Deltacom.graphml,2,1,adversarial,0.8,6,6,6,0,0,6,0,6,6,0,0,edgeCount
840,113,161,graphml/Deltacom.graphml,4,3,adversarial,0.8,20,19,5,15,0,20,15,20,20,15,0,edgeCount
839,113,161,graphml/Deltacom.graphml,1,0,adversarial,0.8,14,14,14,0,0,14,0,14,14,0,0,edgeCount
838,113,161,graphml/Deltacom.graphml,2,1,adversarial,0.8,47,47,21,26,2,-1,-22,47,47,26,2,edgeCount
837,113,161,graphml/Deltacom.graphml,3,2,adversarial,0.8,5,5,5,0,4,-1,-6,5,5,0,4,edgeCount
836,113,161,graphml/Deltacom.graphml,2,1,adversarial,0.8,60,52,16,44,4,-1,-17,58,26,42,4,edgeCount
835,113,161,graphml/Deltacom.graphml,2,1,adversarial,0.8,8,8,7,1,4,8,1,30,16,23,4,edgeCount
834,113,161,graphml/Deltacom.graphml,2,1,adversarial,0.8,14,14,14,0,0,14,0,14,14,0,0,edgeCount
833,113,161,graphml/Deltacom.graphml,2,1,adversarial,0.8,9,9,9,0,0,9,0,9,9,0,0,edgeCount
832,113,161,graphml/Deltacom.graphml,2,1,adversarial,0.8,22,10,10,12,0,22,12,22,10,12,0,edgeCount
831,113,161,graphml/Deltacom.graphml,3,2,adversarial,0.8,32,32,7,25,2,32,25,32,32,25,2,edgeCount
830,113,161,graphml/Deltacom.graphml,2,1,adversarial,0.8,17,51,14,3,6,15,1,15,15,1,4,edgeCount
829,113,161,graphml/Deltacom.graphml,2,1,adversarial,0.8,16,16,16,0,0,16,0,16,16,0,0,edgeCount
828,113,161,graphml/Deltacom.graphml,1,0,adversarial,0.8,22,22,10,12,8,-1,-11,22,22,12,8,edgeCount
827,113,161,graphml/Deltacom.graphml,2,1,adversarial,0.8,4,4,4,0,0,15,11,4,4,0,0,edgeCount
826,113,161,graphml/Deltacom.graphml,4,3,adversarial,0.8,47,47,10,37,0,47,37,47,47,37,0,edgeCount
825,113,161,graphml/Deltacom.graphml,2,1,adversarial,0.8,15,15,7,8,2,15,8,7,21,0,2,edgeCount
824,113,161,graphml/Deltacom.graphml,2,1,adversarial,0.8,11,11,9,2,0,31,22,11,11,2,0,edgeCount
823,113,161,graphml/Deltacom.graphml,1,0,adversarial,0.8,7,7,7,0,0,7,0,7,7,0,0,edgeCount
822,113,161,graphml/Deltacom.graphml,2,1,adversarial,0.8,7,7,7,0,2,7,0,23,7,16,2,edgeCount
821,113,161,graphml/Deltacom.graphml,2,1,adversarial,0.8,11,11,11,0,0,31,20,11,11,0,0,edgeCount
820,113,161,graphml/Deltacom.graphml,2,1,adversarial,0.8,36,36,13,23,0,36,23,36,36,23,0,edgeCount
819,113,161,graphml/Deltacom.graphml,1,0,adversarial,0.8,3,3,3,0,6,3,0,3,3,0,6,edgeCount
818,113,161,graphml/Deltacom.graphml,1,0,adversarial,0.8,50,28,16,34,2,-1,-17,50,28,34,2,edgeCount
817,113,161,graphml/Deltacom.graphml,1,0,adversarial,0.8,12,12,12,0,0,12,0,12,12,0,0,edgeCount
816,113,161,graphml/Deltacom.graphml,2,1,adversarial,0.8,8,8,8,0,0,22,14,8,8,0,0,edgeCount
815,113,161,graphml/Deltacom.graphml,2,1,adversarial,0.8,37,37,15,22,0,37,22,37,37,22,0,edgeCount
814,113,161,graphml/Deltacom.graphml,2,1,adversarial,0.8,5,5,5,0,0,5,0,5,5,0,0,edgeCount
813,113,161,graphml/Deltacom.graphml,2,1,adversarial,0.8,10,41,8,2,0,9,1,25,25,17,0,edgeCount
812,113,161,graphml/Deltacom.graphml,2,1,adversarial,0.8,18,18,9,9,0,18,9,18,18,9,0,edgeCount
811,113,161,graphml/Deltacom.graphml,2,1,adversarial,0.8,5,5,5,0,2,5,0,19,17,14,2,edgeCount
810,113,161,graphml/Deltacom.graphml,2,1,adversarial,0.8,26,10,9,17,0,26,17,26,10,17,0,edgeCount
809,113,161,graphml/Deltacom.graphml,2,1,adversarial,0.8,15,21,7,8,0,15,8,15,15,8,0,edgeCount
808,113,161,graphml/Deltacom.graphml,2,1,adversarial,0.8,16,16,16,0,2,16,0,16,22,0,2,edgeCount
807,113,161,graphml/Deltacom.graphml,4,3,adversarial,0.8,30,18,5,25,2,-1,-6,9,5,4,2,edgeCount
806,113,161,graphml/Deltacom.graphml,2,1,adversarial,0.8,44,16,16,28,0,44,28,44,16,28,0,edgeCount
805,113,161,graphml/Deltacom.graphml,2,1,adversarial,0.8,6,6,6,0,0,6,0,6,6,0,0,edgeCount
803,113,161,graphml/Deltacom.graphml,3,2,adversarial,0.8,26,43,7,19,0,44,37,26,26,19,0,edgeCount
802,113,161,graphml/Deltacom.graphml,2,1,adversarial,0.8,31,31,13,18,2,-1,-14,31,31,18,2,edgeCount
801,113,161,graphml/Deltacom.graphml,2,1,adversarial,0.8,26,26,12,14,0,26,14,26,26,14,0,edgeCount
800,113,161,graphml/Deltacom.graphml,1,0,adversarial,0.8,13,13,7,6,4,-1,-8,13,13,6,4,edgeCount
799,113,161,graphml/Deltacom.graphml,3,2,adversarial,0.8,9,27,8,1,0,9,1,25,25,17,0,edgeCount
798,113,161,graphml/Deltacom.graphml,2,1,adversarial,0.8,19,19,8,11,0,19,11,19,19,11,0,edgeCount
797,113,161,graphml/Deltacom.graphml,2,1,adversarial,0.8,30,45,8,22,10,-1,-9,27,9,19,10,edgeCount
796,113,161,graphml/Deltacom.graphml,3,2,adversarial,0.8,15,15,6,9,8,15,9,9,39,3,8,edgeCount
795,113,161,graphml/Deltacom.graphml,2,1,adversarial,0.8,53,53,18,35,0,53,35,53,53,35,0,edgeCount
794,113,161,graphml/Deltacom.graphml,3,2,adversarial,0.8,26,50,7,19,0,40,33,40,40,33,0,edgeCount
793,113,161,graphml/Deltacom.graphml,3,2,adversarial,0.8,3,3,2,1,0,3,1,3,3,1,0,edgeCount
792,113,161,graphml/Deltacom.graphml,2,1,adversarial,0.8,17,17,5,12,0,17,12,17,17,12,0,edgeCount
790,113,161,graphml/Deltacom.graphml,3,2,adversarial,0.8,26,26,5,21,4,22,17,22,22,17,2,edgeCount
789,113,161,graphml/Deltacom.graphml,3,2,adversarial,0.8,7,7,4,3,4,-1,-5,18,10,14,2,edgeCount
788,113,161,graphml/Deltacom.graphml,2,1,adversarial,0.8,11,11,11,0,0,11,0,11,11,0,0,edgeCount
787,113,161,graphml/Deltacom.graphml,2,1,adversarial,0.8,11,11,10,1,2,11,1,11,11,1,2,edgeCount
786,113,161,graphml/Deltacom.graphml,1,0,adversarial,0.8,9,9,9,0,0,9,0,9,9,0,0,edgeCount
785,113,161,graphml/Deltacom.graphml,2,1,adversarial,0.8,6,48,6,0,4,16,10,16,6,10,4,edgeCount
783,113,161,graphml/Deltacom.graphml,2,1,adversarial,0.8,60,36,15,45,0,36,21,36,36,21,0,edgeCount
782,113,161,graphml/Deltacom.graphml,1,0,adversarial,0.8,22,22,11,11,2,-1,-12,22,22,11,2,edgeCount
781,113,161,graphml/Deltacom.graphml,4,3,adversarial,0.8,21,21,8,13,0,21,13,21,21,13,0,edgeCount
780,113,161,graphml/Deltacom.graphml,2,1,adversarial,0.8,16,16,5,11,0,6,1,16,16,11,0,edgeCount
779,113,161,graphml/Deltacom.graphml,2,1,adversarial,0.8,12,12,11,1,0,12,1,12,12,1,0,edgeCount
777,113,161,graphml/Deltacom.graphml,2,1,adversarial,0.8,16,16,7,9,0,16,9,16,16,9,0,edgeCount
776,113,161,graphml/Deltacom.graphml,2,1,adversarial,0.8,10,10,10,0,0,10,0,10,10,0,0,edgeCount
775,113,161,graphml/Deltacom.graphml,2,1,adversarial,0.8,54,34,9,45,4,-1,-10,41,37,32,4,edgeCount
774,113,161,graphml/Deltacom.graphml,2,1,adversarial,0.8,8,8,8,0,0,24,16,24,24,16,0,edgeCount
773,113,161,graphml/Deltacom.graphml,2,1,adversarial,0.8,17,17,17,0,0,17,0,17,17,0,0,edgeCount
772,113,161,graphml/Deltacom.graphml,2,1,adversarial,0.8,28,28,11,17,4,-1,-12,32,32,21,4,edgeCount
771,113,161,graphml/Deltacom.graphml,1,0,adversarial,0.8,9,9,9,0,2,9,0,9,9,0,2,edgeCount
769,113,161,graphml/Deltacom.graphml,2,1,adversarial,0.8,19,19,19,0,0,19,0,19,19,0,0,edgeCount
768,113,161,graphml/Deltacom.graphml,1,0,adversarial,0.8,15,15,15,0,2,15,0,15,15,0,2,edgeCount
767,113,161,graphml/Deltacom.graphml,2,1,adversarial,0.8,28,26,10,18,6,-1,-11,29,21,19,6,edgeCount
765,113,161,graphml/Deltacom.graphml,1,0,adversarial,0.8,7,7,7,0,0,7,0,7,7,0,0,edgeCount
764,113,161,graphml/Deltacom.graphml,2,1,adversarial,0.8,5,5,3,2,2,9,6,13,13,10,2,edgeCount
763,113,161,graphml/Deltacom.graphml,2,1,adversarial,0.8,37,11,7,30,6,11,4,9,29,2,6,edgeCount
762,113,161,graphml/Deltacom.graphml,2,1,adversarial,0.8,44,44,16,28,0,44,28,44,44,28,0,edgeCount
761,113,161,graphml/Deltacom.graphml,2,1,adversarial,0.8,4,4,4,0,0,4,0,4,4,0,0,edgeCount
760,113,161,graphml/Deltacom.graphml,1,0,adversarial,0.8,30,30,15,15,2,-1,-16,30,30,15,2,edgeCount
759,113,161,graphml/Deltacom.graphml,2,1,adversarial,0.8,25,9,9,16,2,9,0,25,9,16,2,edgeCount
758,113,161,graphml/Deltacom.graphml,3,2,adversarial,0.8,51,61,9,42,2,-1,-10,36,10,27,2,edgeCount
757,113,161,graphml/Deltacom.graphml,2,1,adversarial,0.8,8,8,7,1,0,8,1,8,8,1,0,edgeCount
756,113,161,graphml/Deltacom.graphml,2,1,adversarial,0.8,10,10,10,0,0,10,0,10,10,0,0,edgeCount
755,113,161,graphml/Deltacom.graphml,1,0,adversarial,0.8,5,5,5,0,4,-1,-6,5,5,0,4,edgeCount
754,113,161,graphml/Deltacom.graphml,1,0,adversarial,0.8,57,57,20,37,2,-1,-21,57,57,37,2,edgeCount
753,113,161,graphml/Deltacom.graphml,3,2,adversarial,0.8,29,29,4,25,0,29,25,29,29,25,0,edgeCount
752,113,161,graphml/Deltacom.graphml,2,1,adversarial,0.8,15,15,9,6,0,15,6,15,15,6,0,edgeCount
751,113,161,graphml/Deltacom.graphml,2,1,adversarial,0.8,11,11,10,1,4,33,23,17,75,7,2,edgeCount
749,113,161,graphml/Deltacom.graphml,2,1,adversarial,0.8,65,45,15,50,2,-1,-16,69,37,54,2,edgeCount
748,113,161,graphml/Deltacom.graphml,2,1,adversarial,0.8,15,27,6,9,2,15,9,7,19,1,2,edgeCount
747,113,161,graphml/Deltacom.graphml,3,2,adversarial,0.8,7,7,7,0,0,7,0,7,7,0,0,edgeCount
746,113,161,graphml/Deltacom.graphml,3,2,adversarial,0.8,23,23,4,19,0,23,19,23,23,19,0,edgeCount
745,113,161,graphml/Deltacom.graphml,1,0,adversarial,0.8,12,24,10,2,4,-1,-11,12,24,2,4,edgeCount
744,113,161,graphml/Deltacom.graphml,2,1,adversarial,0.8,46,34,14,32,0,34,20,34,34,20,0,edgeCount
743,113,161,graphml/Deltacom.graphml,1,0,adversarial,0.8,16,16,16,0,0,16,0,16,16,0,0,edgeCount
742,113,161,graphml/Deltacom.graphml,3,2,adversarial,0.8,43,43,8,35,2,-1,-9,28,10,20,2,edgeCount
741,113,161,graphml/Deltacom.graphml,2,1,adversarial,0.8,15,15,15,0,0,15,0,15,15,0,0,edgeCount
740,113,161,graphml/Deltacom.graphml,3,2,adversarial,0.8,8,8,8,0,0,8,0,8,8,0,0,edgeCount
739,113,161,graphml/Deltacom.graphml,2,1,adversarial,0.8,9,9,9,0,0,9,0,9,9,0,0,edgeCount
738,113,161,graphml/Deltacom.graphml,3,2,adversarial,0.8,51,43,12,39,0,43,31,43,43,31,0,edgeCount
737,113,161,graphml/Deltacom.graphml,2,1,adversarial,0.8,30,60,10,20,6,30,20,12,72,2,6,edgeCount
736,113,161,graphml/Deltacom.graphml,2,1,adversarial,0.8,3,3,3,0,0,6,3,6,6,3,0,edgeCount
735,113,161,graphml/Deltacom.graphml,3,2,adversarial,0.8,60,60,17,43,0,60,43,60,60,43,0,edgeCount
734,113,161,graphml/Deltacom.graphml,3,2,adversarial,0.8,9,9,7,2,2,9,2,10,9,3,2,edgeCount
733,113,161,graphml/Deltacom.graphml,2,1,adversarial,0.8,5,5,5,0,0,5,0,5,5,0,0,edgeCount
732,113,161,graphml/Deltacom.graphml,2,1,adversarial,0.8,5,5,5,0,6,5,0,21,17,16,4,edgeCount
731,113,161,graphml/Deltacom.graphml,1,0,adversarial,0.8,5,5,5,0,0,5,0,5,5,0,0,edgeCount
730,113,161,graphml/Deltacom.graphml,3,2,adversarial,0.8,48,48,6,42,4,-1,-7,43,31,37,4,edgeCount
729,113,161,graphml/Deltacom.graphml,2,1,adversarial,0.8,7,7,7,0,0,7,0,7,7,0,0,edgeCount
728,113,161,graphml/Deltacom.graphml,2,1,adversarial,0.8,7,7,7,0,0,7,0,7,7,0,0,edgeCount
727,113,161,graphml/Deltacom.graphml,3,2,adversarial,0.8,47,77,11,36,0,47,36,47,47,36,0,edgeCount
726,113,161,graphml/Deltacom.graphml,2,1,adversarial,0.8,26,26,7,19,4,26,19,10,34,3,4,edgeCount
725,113,161,graphml/Deltacom.graphml,2,1,adversarial,0.8,34,34,10,24,0,22,12,22,22,12,0,edgeCount
724,113,161,graphml/Deltacom.graphml,2,1,adversarial,0.8,6,6,6,0,0,6,0,6,6,0,0,edgeCount
723,113,161,graphml/Deltacom.graphml,2,1,adversarial,0.8,13,31,7,6,2,11,4,7,43,0,2,edgeCount
722,113,161,graphml/Deltacom.graphml,2,1,adversarial,0.8,8,8,8,0,0,8,0,8,8,0,0,edgeCount
721,113,161,graphml/Deltacom.graphml,2,1,adversarial,0.8,8,16,4,4,0,8,4,8,8,4,0,edgeCount
720,113,161,graphml/Deltacom.graphml,1,0,adversarial,0.8,10,28,10,0,2,10,0,10,28,0,2,edgeCount
719,113,161,graphml/Deltacom.graphml,3,2,adversarial,0.8,6,6,6,0,4,6,0,6,6,0,2,edgeCount
718,113,161,graphml/Deltacom.graphml,2,1,adversarial,0.8,7,7,5,2,6,8,3,8,27,3,4,edgeCount
716,113,161,graphml/Deltacom.graphml,2,1,adversarial,0.8,4,4,4,0,2,4,0,4,4,0,2,edgeCount
715,113,161,graphml/Deltacom.graphml,2,1,adversarial,0.8,9,9,7,2,0,24,17,24,24,17,0,edgeCount
714,113,161,graphml/Deltacom.graphml,2,1,adversarial,0.8,10,10,10,0,0,10,0,10,10,0,0,edgeCount
713,113,161,graphml/Deltacom.graphml,1,0,adversarial,0.8,7,23,7,0,6,7,0,7,23,0,6,edgeCount
712,113,161,graphml/Deltacom.graphml,3,2,adversarial,0.8,6,6,5,1,0,6,1,6,6,1,0,edgeCount
711,113,161,graphml/Deltacom.graphml,2,1,adversarial,0.8,30,30,11,19,4,30,19,14,42,3,4,edgeCount
710,113,161,graphml/Deltacom.graphml,3,2,adversarial,0.8,15,25,5,10,0,13,8,13,13,8,0,edgeCount
709,113,161,graphml/Deltacom.graphml,3,2,adversarial,0.8,40,44,6,34,10,-1,-7,44,10,38,10,edgeCount
708,113,161,graphml/Deltacom.graphml,2,1,adversarial,0.8,9,8,8,1,0,9,1,9,9,1,0,edgeCount
707,113,161,graphml/Deltacom.graphml,2,1,adversarial,0.8,48,48,20,28,2,-1,-21,48,48,28,2,edgeCount
706,113,161,graphml/Deltacom.graphml,4,3,adversarial,0.8,21,21,6,15,2,21,15,9,31,3,2,edgeCount
705,113,161,graphml/Deltacom.graphml,2,1,adversarial,0.8,7,7,4,3,4,-1,-5,4,4,0,4,edgeCount
704,113,161,graphml/Deltacom.graphml,1,0,adversarial,0.8,19,19,19,0,2,19,0,19,19,0,2,edgeCount
703,113,161,graphml/Deltacom.graphml,2,1,adversarial,0.8,34,34,10,24,2,34,24,46,46,36,2,edgeCount
702,113,161,graphml/Deltacom.graphml,2,1,adversarial,0.8,6,6,6,0,0,6,0,6,6,0,0,edgeCount
701,113,161,graphml/Deltacom.graphml,2,1,adversarial,0.8,2,2,2,0,2,2,0,10,10,8,2,edgeCount
700,113,161,graphml/Deltacom.graphml,2,1,adversarial,0.8,6,6,6,0,0,6,0,6,6,0,0,edgeCount
699,113,161,graphml/Deltacom.graphml,3,2,adversarial,0.8,8,8,8,0,0,8,0,8,8,0,0,edgeCount
698,113,161,graphml/Deltacom.graphml,3,2,adversarial,0.8,31,53,10,21,0,11,1,31,53,21,0,edgeCount
697,113,161,graphml/Deltacom.graphml,4,3,adversarial,0.8,6,6,4,2,0,6,2,6,6,2,0,edgeCount
696,113,161,graphml/Deltacom.graphml,2,1,adversarial,0.8,9,9,5,4,0,9,4,9,9,4,0,edgeCount
695,113,161,graphml/Deltacom.graphml,2,1,adversarial,0.8,5,5,5,0,2,5,0,15,5,10,2,edgeCount
694,113,161,graphml/Deltacom.graphml,3,2,adversarial,0.8,2,2,2,0,0,2,0,2,2,0,0,edgeCount
693,113,161,graphml/Deltacom.graphml,2,1,adversarial,0.8,29,59,11,18,4,29,18,11,51,0,4,edgeCount
692,113,161,graphml/Deltacom.graphml,2,1,adversarial,0.8,6,10,6,0,2,16,10,16,16,10,2,edgeCount
691,113,161,graphml/Deltacom.graphml,2,1,adversarial,0.8,17,17,6,11,4,17,11,7,33,1,4,edgeCount
690,113,161,graphml/Deltacom.graphml,1,0,adversarial,0.8,5,5,5,0,0,5,0,5,5,0,0,edgeCount
689,113,161,graphml/Deltacom.graphml,3,2,adversarial,0.8,4,4,3,1,0,4,1,4,4,1,0,edgeCount
688,113,161,graphml/Deltacom.graphml,2,1,adversarial,0.8,54,54,10,44,4,30,20,12,34,2,2,edgeCount
687,113,161,graphml/Deltacom.graphml,2,1,adversarial,0.8,13,13,4,9,0,13,9,13,13,9,0,edgeCount
686,113,161,graphml/Deltacom.graphml,1,0,adversarial,0.8,4,4,4,0,0,4,0,4,4,0,0,edgeCount
685,113,161,graphml/Deltacom.graphml,3,2,adversarial,0.8,39,53,7,32,2,39,32,21,53,14,2,edgeCount
684,113,161,graphml/Deltacom.graphml,2,1,adversarial,0.8,31,57,6,25,6,-1,-7,18,6,12,6,edgeCount
683,113,161,graphml/Deltacom.graphml,2,1,adversarial,0.8,5,5,5,0,4,5,0,19,21,14,4,edgeCount
682,113,161,graphml/Deltacom.graphml,2,1,adversarial,0.8,26,26,6,20,0,26,20,26,26,20,0,edgeCount
681,113,161,graphml/Deltacom.graphml,2,1,adversarial,0.8,13,13,12,1,0,13,1,13,13,1,0,edgeCount
680,113,161,graphml/Deltacom.graphml,2,1,adversarial,0.8,30,18,7,23,4,18,11,22,22,15,4,edgeCount
679,113,161,graphml/Deltacom.graphml,2,1,adversarial,0.8,6,20,6,0,0,16,10,6,6,0,0,edgeCount
678,113,161,graphml/Deltacom.graphml,3,2,adversarial,0.8,23,49,4,19,4,23,19,17,31,13,4,edgeCount
676,113,161,graphml/Deltacom.graphml,3,2,adversarial,0.8,61,53,8,53,10,-1,-9,50,50,42,10,edgeCount
675,113,161,graphml/Deltacom.graphml,2,1,adversarial,0.8,8,8,8,0,0,8,0,8,8,0,0,edgeCount
674,113,161,graphml/Deltacom.graphml,1,0,adversarial,0.8,23,23,9,14,8,-1,-10,23,23,14,8,edgeCount
673,113,161,graphml/Deltacom.graphml,1,0,adversarial,0.8,6,6,6,0,2,6,0,6,6,0,2,edgeCount
672,113,161,graphml/Deltacom.graphml,2,1,adversarial,0.8,10,10,10,0,2,10,0,36,10,26,2,edgeCount
671,113,161,graphml/Deltacom.graphml,2,1,adversarial,0.8,15,15,14,1,0,15,1,15,15,1,0,edgeCount
670,113,161,graphml/Deltacom.graphml,3,2,adversarial,0.8,6,6,6,0,4,6,0,44,6,38,4,edgeCount
669,113,161,graphml/Deltacom.graphml,1,0,adversarial,0.8,17,17,17,0,0,17,0,17,17,0,0,edgeCount
668,113,161,graphml/Deltacom.graphml,2,1,adversarial,0.8,36,36,11,25,0,36,25,36,36,25,0,edgeCount
667,113,161,graphml/Deltacom.graphml,1,0,adversarial,0.8,44,44,18,26,4,-1,-19,44,44,26,4,edgeCount
666,113,161,graphml/Deltacom.graphml,2,1,adversarial,0.8,13,13,13,0,0,13,0,13,13,0,0,edgeCount
665,113,161,graphml/Deltacom.graphml,2,1,adversarial,0.8,7,7,5,2,0,7,2,7,7,2,0,edgeCount
664,113,161,graphml/Deltacom.graphml,1,0,adversarial,0.8,6,6,6,0,2,-1,-7,6,6,0,2,edgeCount
663,113,161,graphml/Deltacom.graphml,2,1,adversarial,0.8,8,8,8,0,0,20,12,20,20,12,0,edgeCount
662,113,161,graphml/Deltacom.graphml,2,1,adversarial,0.8,43,23,9,34,6,-1,-10,21,19,12,6,edgeCount
661,113,161,graphml/Deltacom.graphml,2,1,adversarial,0.8,11,15,11,0,4,11,0,37,43,26,2,edgeCount
660,113,161,graphml/Deltacom.graphml,3,2,adversarial,0.8,52,52,11,41,2,-1,-12,27,27,16,2,edgeCount
659,113,161,graphml/Deltacom.graphml,2,1,adversarial,0.8,16,16,6,10,0,16,10,16,16,10,0,edgeCount
657,113,161,graphml/Deltacom.graphml,2,1,adversarial,0.8,42,42,14,28,2,42,28,42,42,28,2,edgeCount
656,113,161,graphml/Deltacom.graphml,2,1,adversarial,0.8,6,6,5,1,0,6,1,6,6,1,0,edgeCount
655,113,161,graphml/Deltacom.graphml,2,1,adversarial,0.8,31,11,11,20,2,31,20,31,11,20,2,edgeCount
654,113,161,graphml/Deltacom.graphml,2,1,adversarial,0.8,35,35,11,24,0,35,24,35,35,24,0,edgeCount
653,113,161,graphml/Deltacom.graphml,1,0,adversarial,0.8,8,8,8,0,0,8,0,8,8,0,0,edgeCount
652,113,161,graphml/Deltacom.graphml,3,2,adversarial,0.8,40,28,6,34,0,28,22,28,28,22,0,edgeCount
651,113,161,graphml/Deltacom.graphml,2,1,adversarial,0.8,12,12,12,0,0,12,0,12,12,0,0,edgeCount
649,113,161,graphml/Deltacom.graphml,2,1,adversarial,0.8,9,9,9,0,2,9,0,9,9,0,2,edgeCount
648,113,161,graphml/Deltacom.graphml,3,2,adversarial,0.8,4,4,4,0,4,4,0,18,4,14,4,edgeCount
647,113,161,graphml/Deltacom.graphml,2,1,adversarial,0.8,7,7,7,0,10,7,0,25,17,18,10,edgeCount
646,113,161,graphml/Deltacom.graphml,2,1,adversarial,0.8,41,41,13,28,2,41,28,41,41,28,2,edgeCount
645,113,161,graphml/Deltacom.graphml,2,1,adversarial,0.8,44,44,17,27,0,40,23,40,40,23,0,edgeCount
644,113,161,graphml/Deltacom.graphml,2,1,adversarial,0.8,2,2,2,0,0,2,0,2,2,0,0,edgeCount
643,113,161,graphml/Deltacom.graphml,2,1,adversarial,0.8,15,15,5,10,0,15,10,15,15,10,0,edgeCount
642,113,161,graphml/Deltacom.graphml,4,3,adversarial,0.8,2,2,2,0,0,2,0,2,2,0,0,edgeCount
641,113,161,graphml/Deltacom.graphml,2,1,adversarial,0.8,5,15,3,2,2,5,2,3,3,0,2,edgeCount
640,113,161,graphml/Deltacom.graphml,2,1,adversarial,0.8,14,22,6,8,4,-1,-7,25,9,19,4,edgeCount
639,113,161,graphml/Deltacom.graphml,4,3,adversarial,0.8,3,3,3,0,0,3,0,3,3,0,0,edgeCount
638,113,161,graphml/Deltacom.graphml,3,2,adversarial,0.8,3,3,3,0,2,3,0,3,25,0,2,edgeCount
636,113,161,graphml/Deltacom.graphml,2,1,adversarial,0.8,13,13,5,8,0,13,8,13,13,8,0,edgeCount
635,113,161,graphml/Deltacom.graphml,2,1,adversarial,0.8,7,7,6,1,0,7,1,7,7,1,0,edgeCount
634,113,161,graphml/Deltacom.graphml,2,1,adversarial,0.8,22,22,6,16,6,18,12,8,46,2,6,edgeCount
633,113,161,graphml/Deltacom.graphml,2,1,adversarial,0.8,10,4,4,6,2,10,6,10,4,6,2,edgeCount
632,113,161,graphml/Deltacom.graphml,1,0,adversarial,0.8,8,8,8,0,0,8,0,8,8,0,0,edgeCount
631,113,161,graphml/Deltacom.graphml,2,1,adversarial,0.8,4,4,4,0,0,4,0,4,4,0,0,edgeCount
630,113,161,graphml/Deltacom.graphml,1,0,adversarial,0.8,7,7,7,0,0,7,0,7,7,0,0,edgeCount
629,113,161,graphml/Deltacom.graphml,2,1,adversarial,0.8,9,9,9,0,0,25,16,9,9,0,0,edgeCount
628,113,161,graphml/Deltacom.graphml,4,3,adversarial,0.8,25,25,8,17,2,25,17,9,27,1,2,edgeCount
627,113,161,graphml/Deltacom.graphml,2,1,adversarial,0.8,36,22,9,27,2,-1,-10,31,9,22,2,edgeCount
626,113,161,graphml/Deltacom.graphml,2,1,adversarial,0.8,36,62,13,23,4,36,23,16,48,3,4,edgeCount
625,113,161,graphml/Deltacom.graphml,2,1,adversarial,0.8,20,20,10,10,0,20,10,20,20,10,0,edgeCount
624,113,161,graphml/Deltacom.graphml,2,1,adversarial,0.8,29,21,5,24,2,-1,-6,22,10,17,2,edgeCount
623,113,161,graphml/Deltacom.graphml,2,1,adversarial,0.8,22,22,8,14,2,8,0,8,50,0,2,edgeCount
622,113,161,graphml/Deltacom.graphml,2,1,adversarial,0.8,31,31,10,21,0,11,1,11,11,1,0,edgeCount
621,113,161,graphml/Deltacom.graphml,1,0,adversarial,0.8,10,10,10,0,4,10,0,10,10,0,4,edgeCount
620,113,161,graphml/Deltacom.graphml,1,0,adversarial,0.8,5,5,5,0,0,5,0,5,5,0,0,edgeCount
619,113,161,graphml/Deltacom.graphml,2,1,adversarial,0.8,37,29,10,27,4,-1,-11,32,20,22,4,edgeCount
618,113,161,graphml/Deltacom.graphml,2,1,adversarial,0.8,7,7,5,2,0,19,14,19,7,14,0,edgeCount
617,113,161,graphml/Deltacom.graphml,2,1,adversarial,0.8,3,3,3,0,2,3,0,3,3,0,2,edgeCount
616,113,161,graphml/Deltacom.graphml,2,1,adversarial,0.8,28,60,11,17,2,28,17,30,30,19,2,edgeCount
615,113,161,graphml/Deltacom.graphml,3,2,adversarial,0.8,6,6,6,0,0,6,0,6,6,0,0,edgeCount
614,113,161,graphml/Deltacom.graphml,3,2,adversarial,0.8,61,35,9,52,8,-1,-10,47,11,38,8,edgeCount
613,113,161,graphml/Deltacom.graphml,2,1,adversarial,0.8,17,17,17,0,0,17,0,17,17,0,0,edgeCount
612,113,161,graphml/Deltacom.graphml,1,0,adversarial,0.8,15,15,15,0,2,15,0,15,15,0,2,edgeCount
611,113,161,graphml/Deltacom.graphml,3,2,adversarial,0.8,38,38,8,30,0,20,12,38,38,30,0,edgeCount
610,113,161,graphml/Deltacom.graphml,2,1,adversarial,0.8,47,47,15,32,4,-1,-16,47,47,32,4,edgeCount
609,113,161,graphml/Deltacom.graphml,2,1,adversarial,0.8,20,20,7,13,0,20,13,20,20,13,0,edgeCount
608,113,161,graphml/Deltacom.graphml,2,1,adversarial,0.8,9,20,9,0,2,25,16,31,31,22,2,edgeCount
607,113,161,graphml/Deltacom.graphml,2,1,adversarial,0.8,7,7,7,0,0,7,0,7,7,0,0,edgeCount
606,113,161,graphml/Deltacom.graphml,2,1,adversarial,0.8,2,2,2,0,2,2,0,2,2,0,2,edgeCount
605,113,161,graphml/Deltacom.graphml,2,1,adversarial,0.8,6,6,6,0,0,6,0,6,6,0,0,edgeCount
603,113,161,graphml/Deltacom.graphml,1,0,adversarial,0.8,5,5,5,0,0,5,0,5,5,0,0,edgeCount
602,113,161,graphml/Deltacom.graphml,2,1,adversarial,0.8,38,38,12,26,0,38,26,38,38,26,0,edgeCount
601,113,161,graphml/Deltacom.graphml,3,2,adversarial,0.8,9,9,4,5,0,9,5,9,9,5,0,edgeCount
600,113,161,graphml/Deltacom.graphml,1,0,adversarial,0.8,11,11,11,0,2,11,0,11,11,0,2,edgeCount
599,113,161,graphml/Deltacom.graphml,2,1,adversarial,0.8,23,23,8,15,4,23,15,9,31,1,4,edgeCount
598,113,161,graphml/Deltacom.graphml,2,1,adversarial,0.8,7,7,7,0,0,7,0,7,7,0,0,edgeCount
597,113,161,graphml/Deltacom.graphml,2,1,adversarial,0.8,26,26,6,20,2,26,20,10,44,4,2,edgeCount
596,113,161,graphml/Deltacom.graphml,4,3,adversarial,0.8,9,9,5,4,0,9,4,9,9,4,0,edgeCount
595,113,161,graphml/Deltacom.graphml,4,3,adversarial,0.8,6,6,6,0,2,6,0,6,6,0,2,edgeCount
594,113,161,graphml/Deltacom.graphml,2,1,adversarial,0.8,23,35,8,15,4,-1,-9,38,10,30,4,edgeCount
592,113,161,graphml/Deltacom.graphml,2,1,adversarial,0.8,2,2,2,0,0,2,0,2,2,0,0,edgeCount
591,113,161,graphml/Deltacom.graphml,2,1,adversarial,0.8,14,14,8,6,2,24,16,10,34,2,2,edgeCount
590,113,161,graphml/Deltacom.graphml,2,1,adversarial,0.8,9,9,8,1,0,9,1,9,9,1,0,edgeCount
589,113,161,graphml/Deltacom.graphml,2,1,adversarial,0.8,13,13,12,1,0,13,1,13,13,1,0,edgeCount
588,113,161,graphml/Deltacom.graphml,2,1,adversarial,0.8,6,6,6,0,0,6,0,6,6,0,0,edgeCount
587,113,161,graphml/Deltacom.graphml,3,2,adversarial,0.8,3,5,3,0,0,5,2,3,5,0,0,edgeCount
586,113,161,graphml/Deltacom.graphml,1,0,adversarial,0.8,17,31,11,6,4,-1,-12,17,31,6,4,edgeCount
585,113,161,graphml/Deltacom.graphml,2,1,adversarial,0.8,17,17,7,10,0,17,10,17,17,10,0,edgeCount
584,113,161,graphml/Deltacom.graphml,1,0,adversarial,0.8,29,19,15,14,8,-1,-16,29,19,14,8,edgeCount
583,113,161,graphml/Deltacom.graphml,3,2,adversarial,0.8,55,55,10,45,4,51,41,55,55,45,4,edgeCount
582,113,161,graphml/Deltacom.graphml,3,2,adversarial,0.8,15,7,7,8,0,15,8,15,7,8,0,edgeCount
581,113,161,graphml/Deltacom.graphml,1,0,adversarial,0.8,10,10,10,0,4,10,0,10,10,0,4,edgeCount
580,113,161,graphml/Deltacom.graphml,1,0,adversarial,0.8,10,10,10,0,6,10,0,10,10,0,6,edgeCount
579,113,161,graphml/Deltacom.graphml,1,0,adversarial,0.8,7,7,7,0,2,7,0,7,7,0,2,edgeCount
578,113,161,graphml/Deltacom.graphml,2,1,adversarial,0.8,4,4,4,0,6,16,12,8,22,4,4,edgeCount
577,113,161,graphml/Deltacom.graphml,2,1,adversarial,0.8,20,20,5,15,2,14,9,20,20,15,2,edgeCount
576,113,161,graphml/Deltacom.graphml,1,0,adversarial,0.8,11,11,11,0,0,11,0,11,11,0,0,edgeCount
575,113,161,graphml/Deltacom.graphml,2,1,adversarial,0.8,10,10,9,1,0,10,1,10,10,1,0,edgeCount
574,113,161,graphml/Deltacom.graphml,2,1,adversarial,0.8,13,13,13,0,0,13,0,13,13,0,0,edgeCount
573,113,161,graphml/Deltacom.graphml,2,1,adversarial,0.8,29,29,7,22,2,-1,-8,31,13,24,2,edgeCount
572,113,161,graphml/Deltacom.graphml,2,1,adversarial,0.8,11,11,4,7,0,11,7,11,11,7,0,edgeCount
571,113,161,graphml/Deltacom.graphml,2,1,adversarial,0.8,5,5,5,0,0,5,0,5,5,0,0,edgeCount
570,113,161,graphml/Deltacom.graphml,2,1,adversarial,0.8,31,43,9,22,4,-1,-10,37,11,28,4,edgeCount
569,113,161,graphml/Deltacom.graphml,4,3,adversarial,0.8,17,17,4,13,0,18,14,17,17,13,0,edgeCount
568,113,161,graphml/Deltacom.graphml,2,1,adversarial,0.8,22,22,7,15,0,22,15,22,22,15,0,edgeCount
567,113,161,graphml/Deltacom.graphml,1,0,adversarial,0.8,31,31,17,14,2,-1,-18,31,31,14,2,edgeCount
566,113,161,graphml/Deltacom.graphml,2,1,adversarial,0.8,10,10,9,1,0,28,19,10,10,1,0,edgeCount
565,113,161,graphml/Deltacom.graphml,3,2,adversarial,0.8,3,3,3,0,4,3,0,3,3,0,4,edgeCount
564,113,161,graphml/Deltacom.graphml,1,0,adversarial,0.8,16,16,16,0,4,16,0,16,16,0,4,edgeCount
563,113,161,graphml/Deltacom.graphml,2,1,adversarial,0.8,19,41,8,11,2,19,11,9,45,1,2,edgeCount
562,113,161,graphml/Deltacom.graphml,3,2,adversarial,0.8,11,25,5,6,0,11,6,11,11,6,0,edgeCount
561,113,161,graphml/Deltacom.graphml,3,2,adversarial,0.8,37,37,8,29,4,-1,-9,27,11,19,4,edgeCount
560,113,161,graphml/Deltacom.graphml,2,1,adversarial,0.8,13,13,13,0,0,13,0,13,13,0,0,edgeCount
559,113,161,graphml/Deltacom.graphml,2,1,adversarial,0.8,21,21,7,14,2,21,14,21,21,14,2,edgeCount
557,113,161,graphml/Deltacom.graphml,2,1,adversarial,0.8,10,10,10,0,0,10,0,10,10,0,0,edgeCount
556,113,161,graphml/Deltacom.graphml,2,1,adversarial,0.8,34,40,12,22,0,12,0,12,12,0,0,edgeCount
555,113,161,graphml/Deltacom.graphml,2,1,adversarial,0.8,22,22,8,14,0,22,14,22,22,14,0,edgeCount
554,113,161,graphml/Deltacom.graphml,3,2,adversarial,0.8,5,5,5,0,0,5,0,5,5,0,0,edgeCount
553,113,161,graphml/Deltacom.graphml,2,1,adversarial,0.8,7,7,7,0,0,7,0,7,7,0,0,edgeCount
552,113,161,graphml/Deltacom.graphml,2,1,adversarial,0.8,6,6,4,2,0,6,2,6,6,2,0,edgeCount
551,113,161,graphml/Deltacom.graphml,2,1,adversarial,0.8,5,5,4,1,0,5,1,5,5,1,0,edgeCount
550,113,161,graphml/Deltacom.graphml,2,1,adversarial,0.8,7,7,7,0,0,7,0,7,7,0,0,edgeCount
549,113,161,graphml/Deltacom.graphml,1,0,adversarial,0.8,8,8,8,0,0,8,0,8,8,0,0,edgeCount
548,113,161,graphml/Deltacom.graphml,2,1,adversarial,0.8,38,24,10,28,4,-1,-11,31,15,21,4,edgeCount
547,113,161,graphml/Deltacom.graphml,2,1,adversarial,0.8,43,43,14,29,2,43,29,43,43,29,2,edgeCount
546,113,161,graphml/Deltacom.graphml,2,1,adversarial,0.8,4,17,4,0,4,10,6,10,10,6,4,edgeCount
545,113,161,graphml/Deltacom.graphml,2,1,adversarial,0.8,35,43,11,24,0,35,24,35,35,24,0,edgeCount
544,113,161,graphml/Deltacom.graphml,2,1,adversarial,0.8,17,17,7,10,0,17,10,17,17,10,0,edgeCount
543,113,161,graphml/Deltacom.graphml,2,1,adversarial,0.8,11,11,11,0,0,11,0,11,11,0,0,edgeCount
542,113,161,graphml/Deltacom.graphml,2,1,adversarial,0.8,57,57,18,39,0,57,39,57,57,39,0,edgeCount
540,113,161,graphml/Deltacom.graphml,2,1,adversarial,0.8,44,44,16,28,2,44,28,44,44,28,2,edgeCount
539,113,161,graphml/Deltacom.graphml,2,1,adversarial,0.8,6,6,6,0,4,6,0,18,34,12,4,edgeCount
538,113,161,graphml/Deltacom.graphml,2,1,adversarial,0.8,14,14,7,7,6,-1,-8,21,17,14,6,edgeCount
537,113,161,graphml/Deltacom.graphml,2,1,adversarial,0.8,27,11,11,16,0,27,16,27,11,16,0,edgeCount
536,113,161,graphml/Deltacom.graphml,2,1,adversarial,0.8,33,9,9,24,2,9,0,33,9,24,2,edgeCount
535,113,161,graphml/Deltacom.graphml,2,1,adversarial,0.8,71,71,14,57,6,-1,-15,63,63,49,6,edgeCount
534,113,161,graphml/Deltacom.graphml,2,1,adversarial,0.8,24,24,8,16,0,24,16,24,24,16,0,edgeCount
533,113,161,graphml/Deltacom.graphml,2,1,adversarial,0.8,8,8,8,0,4,8,0,8,8,0,4,edgeCount
532,113,161,graphml/Deltacom.graphml,2,1,adversarial,0.8,25,9,9,16,6,9,0,9,47,0,6,edgeCount
531,113,161,graphml/Deltacom.graphml,1,0,adversarial,0.8,26,26,12,14,2,-1,-13,26,26,14,2,edgeCount
530,113,161,graphml/Deltacom.graphml,2,1,adversarial,0.8,11,9,7,4,0,31,24,31,31,24,0,edgeCount
529,113,161,graphml/Deltacom.graphml,2,1,adversarial,0.8,6,6,5,1,0,12,7,12,12,7,0,edgeCount
528,113,161,graphml/Deltacom.graphml,3,2,adversarial,0.8,9,9,7,2,0,9,2,9,9,2,0,edgeCount
527,113,161,graphml/Deltacom.graphml,4,3,adversarial,0.8,8,8,8,0,0,92,84,8,8,0,0,edgeCount
526,113,161,graphml/Deltacom.graphml,2,1,adversarial,0.8,10,10,10,0,0,10,0,10,10,0,0,edgeCount
525,113,161,graphml/Deltacom.graphml,4,3,adversarial,0.8,46,22,8,38,0,42,34,42,42,34,0,edgeCount
524,113,161,graphml/Deltacom.graphml,3,2,adversarial,0.8,15,15,4,11,0,15,11,15,15,11,0,edgeCount
523,113,161,graphml/Deltacom.graphml,2,1,adversarial,0.8,43,43,15,28,2,43,28,19,73,4,2,edgeCount
522,113,161,graphml/Deltacom.graphml,1,0,adversarial,0.8,7,7,7,0,0,7,0,7,7,0,0,edgeCount
521,113,161,graphml/Deltacom.graphml,2,1,adversarial,0.8,8,8,8,0,2,8,0,8,8,0,2,edgeCount
519,113,161,graphml/Deltacom.graphml,2,1,adversarial,0.8,18,4,4,14,6,4,0,18,4,14,6,edgeCount
516,113,161,graphml/Deltacom.graphml,2,1,adversarial,0.8,25,25,7,18,4,-1,-8,31,35,24,4,edgeCount
515,113,161,graphml/Deltacom.graphml,2,1,adversarial,0.8,10,10,10,0,2,10,0,36,36,26,2,edgeCount
514,113,161,graphml/Deltacom.graphml,4,3,adversarial,0.8,55,63,9,46,0,53,44,53,53,44,0,edgeCount
513,113,161,graphml/Deltacom.graphml,2,1,adversarial,0.8,23,45,9,14,2,23,14,23,23,14,2,edgeCount
512,113,161,graphml/Deltacom.graphml,3,2,adversarial,0.8,4,4,4,0,2,4,0,4,4,0,2,edgeCount
511,113,161,graphml/Deltacom.graphml,2,1,adversarial,0.8,13,13,12,1,0,13,1,13,13,1,0,edgeCount
510,113,161,graphml/Deltacom.graphml,4,3,adversarial,0.8,40,24,9,31,0,38,29,38,24,29,0,edgeCount
509,113,161,graphml/Deltacom.graphml,2,1,adversarial,0.8,40,30,8,32,6,-1,-9,47,27,39,6,edgeCount
508,113,161,graphml/Deltacom.graphml,1,0,adversarial,0.8,10,10,10,0,0,10,0,10,10,0,0,edgeCount
507,113,161,graphml/Deltacom.graphml,2,1,adversarial,0.8,14,42,8,6,0,14,6,14,14,6,0,edgeCount
506,113,161,graphml/Deltacom.graphml,2,1,adversarial,0.8,28,40,8,20,2,28,20,32,32,24,2,edgeCount
505,113,161,graphml/Deltacom.graphml,3,2,adversarial,0.8,6,6,6,0,2,6,0,6,6,0,2,edgeCount
504,113,161,graphml/Deltacom.graphml,2,1,adversarial,0.8,24,24,9,15,0,24,15,24,24,15,0,edgeCount
502,113,161,graphml/Deltacom.graphml,2,1,adversarial,0.8,11,3,3,8,2,3,0,11,3,8,2,edgeCount
501,113,161,graphml/Deltacom.graphml,4,3,adversarial,0.8,91,57,10,81,2,-1,-11,10,10,0,2,edgeCount
500,113,161,graphml/Deltacom.graphml,4,3,adversarial,0.8,6,6,6,0,0,6,0,6,6,0,0,edgeCount
499,113,161,graphml/Deltacom.graphml,2,1,adversarial,0.8,10,10,10,0,0,10,0,10,10,0,0,edgeCount
498,113,161,graphml/Deltacom.graphml,2,1,adversarial,0.8,7,7,7,0,0,7,0,7,7,0,0,edgeCount
497,113,161,graphml/Deltacom.graphml,1,0,adversarial,0.8,33,33,16,17,2,-1,-17,33,33,17,2,edgeCount
496,113,161,graphml/Deltacom.graphml,2,1,adversarial,0.8,26,26,11,15,2,-1,-12,28,14,17,2,edgeCount
495,113,161,graphml/Deltacom.graphml,3,2,adversarial,0.8,7,7,7,0,0,7,0,7,7,0,0,edgeCount
494,113,161,graphml/Deltacom.graphml,4,3,adversarial,0.8,4,4,3,1,0,4,1,4,4,1,0,edgeCount
493,113,161,graphml/Deltacom.graphml,1,0,adversarial,0.8,6,6,6,0,0,6,0,6,6,0,0,edgeCount
492,113,161,graphml/Deltacom.graphml,1,0,adversarial,0.8,22,22,9,13,4,-1,-10,22,22,13,4,edgeCount
491,113,161,graphml/Deltacom.graphml,2,1,adversarial,0.8,9,9,9,0,0,9,0,9,9,0,0,edgeCount
490,113,161,graphml/Deltacom.graphml,3,2,adversarial,0.8,38,24,8,30,10,-1,-9,47,19,39,10,edgeCount
489,113,161,graphml/Deltacom.graphml,2,1,adversarial,0.8,6,6,5,1,0,6,1,6,6,1,0,edgeCount
488,113,161,graphml/Deltacom.graphml,2,1,adversarial,0.8,51,67,16,35,2,-1,-17,49,19,33,2,edgeCount
487,113,161,graphml/Deltacom.graphml,2,1,adversarial,0.8,52,20,20,32,0,52,32,52,20,32,0,edgeCount
486,113,161,graphml/Deltacom.graphml,3,2,adversarial,0.8,11,25,5,6,0,11,6,11,11,6,0,edgeCount
485,113,161,graphml/Deltacom.graphml,1,0,adversarial,0.8,9,9,9,0,0,9,0,9,9,0,0,edgeCount
484,113,161,graphml/Deltacom.graphml,1,0,adversarial,0.8,4,4,4,0,0,4,0,4,4,0,0,edgeCount
483,113,161,graphml/Deltacom.graphml,1,0,adversarial,0.8,64,32,20,44,2,-1,-21,64,32,44,2,edgeCount
482,113,161,graphml/Deltacom.graphml,2,1,adversarial,0.8,9,9,9,0,0,9,0,9,9,0,0,edgeCount
481,113,161,graphml/Deltacom.graphml,4,3,adversarial,0.8,7,7,6,1,2,7,1,7,7,1,2,edgeCount
480,113,161,graphml/Deltacom.graphml,2,1,adversarial,0.8,23,23,5,18,2,-1,-6,5,5,0,2,edgeCount
479,113,161,graphml/Deltacom.graphml,2,1,adversarial,0.8,5,5,5,0,0,5,0,5,5,0,0,edgeCount
478,113,161,graphml/Deltacom.graphml,2,1,adversarial,0.8,49,31,10,39,4,-1,-11,39,15,29,4,edgeCount
477,113,161,graphml/Deltacom.graphml,2,1,adversarial,0.8,8,8,8,0,0,8,0,8,8,0,0,edgeCount
476,113,161,graphml/Deltacom.graphml,2,1,adversarial,0.8,34,24,13,21,2,-1,-14,48,26,35,2,edgeCount
475,113,161,graphml/Deltacom.graphml,2,1,adversarial,0.8,8,8,8,0,0,8,0,8,8,0,0,edgeCount
474,113,161,graphml/Deltacom.graphml,2,1,adversarial,0.8,13,43,4,9,0,13,9,13,13,9,0,edgeCount
473,113,161,graphml/Deltacom.graphml,2,1,adversarial,0.8,11,11,9,2,0,11,2,11,11,2,0,edgeCount
472,113,161,graphml/Deltacom.graphml,2,1,adversarial,0.8,6,6,6,0,0,6,0,6,6,0,0,edgeCount
471,113,161,graphml/Deltacom.graphml,2,1,adversarial,0.8,21,21,9,12,0,21,12,21,21,12,0,edgeCount
470,113,161,graphml/Deltacom.graphml,2,1,adversarial,0.8,23,23,9,14,2,-1,-10,23,23,14,2,edgeCount
469,113,161,graphml/Deltacom.graphml,2,1,adversarial,0.8,8,8,8,0,0,8,0,8,8,0,0,edgeCount
468,113,161,graphml/Deltacom.graphml,2,1,adversarial,0.8,7,7,7,0,0,7,0,7,7,0,0,edgeCount
467,113,161,graphml/Deltacom.graphml,4,3,adversarial,0.8,68,78,8,60,0,68,60,68,68,60,0,edgeCount
466,113,161,graphml/Deltacom.graphml,2,1,adversarial,0.8,11,39,8,3,2,29,21,11,39,3,2,edgeCount
465,113,161,graphml/Deltacom.graphml,1,0,adversarial,0.8,24,24,12,12,4,-1,-13,24,24,12,4,edgeCount
464,113,161,graphml/Deltacom.graphml,2,1,adversarial,0.8,16,50,5,11,0,16,11,16,16,11,0,edgeCount
463,113,161,graphml/Deltacom.graphml,3,2,adversarial,0.8,77,77,13,64,0,53,40,53,53,40,0,edgeCount
462,113,161,graphml/Deltacom.graphml,3,2,adversarial,0.8,29,29,6,23,4,29,23,19,49,13,4,edgeCount
461,113,161,graphml/Deltacom.graphml,3,2,adversarial,0.8,7,7,7,0,4,7,0,7,7,0,2,edgeCount
460,113,161,graphml/Deltacom.graphml,2,1,adversarial,0.8,8,8,8,0,0,8,0,8,8,0,0,edgeCount
459,113,161,graphml/Deltacom.graphml,2,1,adversarial,0.8,7,7,7,0,0,7,0,7,7,0,0,edgeCount
458,113,161,graphml/Deltacom.graphml,2,1,adversarial,0.8,10,10,10,0,0,10,0,10,10,0,0,edgeCount
457,113,161,graphml/Deltacom.graphml,3,2,adversarial,0.8,6,6,6,0,0,6,0,6,6,0,0,edgeCount
456,113,161,graphml/Deltacom.graphml,2,1,adversarial,0.8,38,32,10,28,12,-1,-11,47,11,37,12,edgeCount
455,113,161,graphml/Deltacom.graphml,2,1,adversarial,0.8,7,7,7,0,0,7,0,7,7,0,0,edgeCount
454,113,161,graphml/Deltacom.graphml,2,1,adversarial,0.8,8,8,7,1,0,8,1,8,8,1,0,edgeCount
453,113,161,graphml/Deltacom.graphml,3,2,adversarial,0.8,18,18,7,11,0,18,11,18,18,11,0,edgeCount
452,113,161,graphml/Deltacom.graphml,2,1,adversarial,0.8,5,5,5,0,0,5,0,5,5,0,0,edgeCount
451,113,161,graphml/Deltacom.graphml,3,2,adversarial,0.8,4,4,4,0,0,4,0,4,4,0,0,edgeCount
450,113,161,graphml/Deltacom.graphml,2,1,adversarial,0.8,4,4,4,0,2,4,0,18,22,14,2,edgeCount
449,113,161,graphml/Deltacom.graphml,2,1,adversarial,0.8,10,10,10,0,0,10,0,10,10,0,0,edgeCount
448,113,161,graphml/Deltacom.graphml,2,1,adversarial,0.8,47,35,10,37,4,-1,-11,51,21,41,4,edgeCount
447,113,161,graphml/Deltacom.graphml,2,1,adversarial,0.8,8,8,4,4,0,8,4,8,8,4,0,edgeCount
446,113,161,graphml/Deltacom.graphml,2,1,adversarial,0.8,9,9,9,0,2,9,0,9,9,0,2,edgeCount
445,113,161,graphml/Deltacom.graphml,2,1,adversarial,0.8,32,64,10,22,0,32,22,32,32,22,0,edgeCount
444,113,161,graphml/Deltacom.graphml,2,1,adversarial,0.8,20,20,7,13,0,20,13,20,20,13,0,edgeCount
443,113,161,graphml/Deltacom.graphml,2,1,adversarial,0.8,19,19,8,11,0,19,11,19,19,11,0,edgeCount
442,113,161,graphml/Deltacom.graphml,2,1,adversarial,0.8,43,43,16,27,0,43,27,43,43,27,0,edgeCount
441,113,161,graphml/Deltacom.graphml,2,1,adversarial,0.8,26,26,10,16,0,26,16,26,26,16,0,edgeCount
439,113,161,graphml/Deltacom.graphml,2,1,adversarial,0.8,17,13,7,10,2,-1,-8,13,13,6,2,edgeCount
438,113,161,graphml/Deltacom.graphml,3,2,adversarial,0.8,18,38,5,13,2,18,13,20,20,15,2,edgeCount
437,113,161,graphml/Deltacom.graphml,4,3,adversarial,0.8,31,21,6,25,0,27,21,27,27,21,0,edgeCount
436,113,161,graphml/Deltacom.graphml,2,1,adversarial,0.8,34,34,10,24,4,-1,-11,24,12,14,4,edgeCount
435,113,161,graphml/Deltacom.graphml,2,1,adversarial,0.8,37,37,14,23,0,37,23,37,37,23,0,edgeCount
434,113,161,graphml/Deltacom.graphml,2,1,adversarial,0.8,9,9,9,0,2,9,0,31,9,22,2,edgeCount
433,113,161,graphml/Deltacom.graphml,2,1,adversarial,0.8,16,26,5,11,0,6,1,6,6,1,0,edgeCount
432,113,161,graphml/Deltacom.graphml,2,1,adversarial,0.8,57,57,18,39,0,57,39,57,57,39,0,edgeCount
431,113,161,graphml/Deltacom.graphml,2,1,adversarial,0.8,58,38,12,46,4,-1,-13,50,14,38,4,edgeCount
430,113,161,graphml/Deltacom.graphml,2,1,adversarial,0.8,11,11,11,0,0,11,0,11,11,0,0,edgeCount
429,113,161,graphml/Deltacom.graphml,2,1,adversarial,0.8,13,13,5,8,0,13,8,13,13,8,0,edgeCount
428,113,161,graphml/Deltacom.graphml,2,1,adversarial,0.8,7,7,6,1,0,7,1,7,7,1,0,edgeCount
427,113,161,graphml/Deltacom.graphml,2,1,adversarial,0.8,18,18,18,0,4,18,0,18,18,0,4,edgeCount
426,113,161,graphml/Deltacom.graphml,3,2,adversarial,0.8,16,16,7,9,2,30,23,32,32,25,2,edgeCount
425,113,161,graphml/Deltacom.graphml,3,2,adversarial,0.8,17,17,6,11,4,-1,-7,30,18,24,2,edgeCount
424,113,161,graphml/Deltacom.graphml,2,1,adversarial,0.8,7,7,7,0,0,7,0,7,7,0,0,edgeCount
423,113,161,graphml/Deltacom.graphml,2,1,adversarial,0.8,8,8,8,0,4,8,0,9,28,1,2,edgeCount
422,113,161,graphml/Deltacom.graphml,1,0,adversarial,0.8,9,7,6,3,6,-1,-7,9,7,3,6,edgeCount
421,113,161,graphml/Deltacom.graphml,2,1,adversarial,0.8,13,13,10,3,6,36,26,16,68,6,4,edgeCount
420,113,161,graphml/Deltacom.graphml,2,1,adversarial,0.8,9,7,7,2,0,23,16,23,23,16,0,edgeCount
419,113,161,graphml/Deltacom.graphml,2,1,adversarial,0.8,2,2,2,0,0,2,0,2,2,0,0,edgeCount
418,113,161,graphml/Deltacom.graphml,2,1,adversarial,0.8,11,11,11,0,0,11,0,11,11,0,0,edgeCount
417,113,161,graphml/Deltacom.graphml,2,1,adversarial,0.8,35,35,15,20,0,35,20,35,35,20,0,edgeCount
416,113,161,graphml/Deltacom.graphml,2,1,adversarial,0.8,7,7,6,1,0,19,13,7,7,1,0,edgeCount
414,113,161,graphml/Deltacom.graphml,2,1,adversarial,0.8,9,9,9,0,0,9,0,9,9,0,0,edgeCount
413,113,161,graphml/Deltacom.graphml,4,3,adversarial,0.8,5,5,5,0,2,5,0,5,5,0,2,edgeCount
412,113,161,graphml/Deltacom.graphml,2,1,adversarial,0.8,38,38,10,28,0,38,28,38,38,28,0,edgeCount
411,113,161,graphml/Deltacom.graphml,2,1,adversarial,0.8,28,60,10,18,2,10,0,10,32,0,2,edgeCount
409,113,161,graphml/Deltacom.graphml,1,0,adversarial,0.8,7,7,7,0,0,7,0,7,7,0,0,edgeCount
408,113,161,graphml/Deltacom.graphml,1,0,adversarial,0.8,9,9,9,0,0,9,0,9,9,0,0,edgeCount
407,113,161,graphml/Deltacom.graphml,1,0,adversarial,0.8,7,7,7,0,0,7,0,7,7,0,0,edgeCount
406,113,161,graphml/Deltacom.graphml,2,1,adversarial,0.8,14,14,14,0,2,14,0,14,14,0,2,edgeCount
405,113,161,graphml/Deltacom.graphml,1,0,adversarial,0.8,33,33,15,18,2,-1,-16,33,33,18,2,edgeCount
404,113,161,graphml/Deltacom.graphml,3,2,adversarial,0.8,10,10,9,1,4,10,1,10,10,1,4,edgeCount
403,113,161,graphml/Deltacom.graphml,2,1,adversarial,0.8,8,8,8,0,0,8,0,8,8,0,0,edgeCount
402,113,161,graphml/Deltacom.graphml,4,3,adversarial,0.8,54,60,9,45,8,-1,-10,36,16,27,8,edgeCount
401,113,161,graphml/Deltacom.graphml,1,0,adversarial,0.8,10,10,10,0,0,10,0,10,10,0,0,edgeCount
400,113,161,graphml/Deltacom.graphml,2,1,adversarial,0.8,11,11,11,0,0,11,0,11,11,0,0,edgeCount
399,113,161,graphml/Deltacom.graphml,2,1,adversarial,0.8,17,17,17,0,0,17,0,17,17,0,0,edgeCount
398,113,161,graphml/Deltacom.graphml,3,2,adversarial,0.8,7,7,7,0,0,7,0,7,7,0,0,edgeCount
397,113,161,graphml/Deltacom.graphml,2,1,adversarial,0.8,3,3,3,0,0,3,0,3,3,0,0,edgeCount
396,113,161,graphml/Deltacom.graphml,2,1,adversarial,0.8,38,38,12,26,0,38,26,38,38,26,0,edgeCount
395,113,161,graphml/Deltacom.graphml,2,1,adversarial,0.8,10,10,10,0,0,10,0,10,10,0,0,edgeCount
394,113,161,graphml/Deltacom.graphml,2,1,adversarial,0.8,8,8,8,0,4,26,18,10,8,2,4,edgeCount
393,113,161,graphml/Deltacom.graphml,2,1,adversarial,0.8,13,13,11,2,2,-1,-12,13,13,2,2,edgeCount
392,113,161,graphml/Deltacom.graphml,1,0,adversarial,0.8,54,54,22,32,2,-1,-23,54,54,32,2,edgeCount
391,113,161,graphml/Deltacom.graphml,2,1,adversarial,0.8,70,54,17,53,6,-1,-18,64,20,47,6,edgeCount
389,113,161,graphml/Deltacom.graphml,1,0,adversarial,0.8,7,7,7,0,0,7,0,7,7,0,0,edgeCount
388,113,161,graphml/Deltacom.graphml,1,0,adversarial,0.8,6,6,6,0,0,6,0,6,6,0,0,edgeCount
387,113,161,graphml/Deltacom.graphml,2,1,adversarial,0.8,3,3,3,0,4,3,0,3,3,0,4,edgeCount
386,113,161,graphml/Deltacom.graphml,3,2,adversarial,0.8,31,13,7,24,4,13,6,7,27,0,4,edgeCount
385,113,161,graphml/Deltacom.graphml,1,0,adversarial,0.8,3,3,3,0,0,3,0,3,3,0,0,edgeCount
384,113,161,graphml/Deltacom.graphml,2,1,adversarial,0.8,5,5,5,0,0,5,0,5,5,0,0,edgeCount
383,113,161,graphml/Deltacom.graphml,2,1,adversarial,0.8,13,13,13,0,0,13,0,13,13,0,0,edgeCount
382,113,161,graphml/Deltacom.graphml,2,1,adversarial,0.8,19,7,7,12,6,7,0,7,29,0,6,edgeCount
381,113,161,graphml/Deltacom.graphml,2,1,adversarial,0.8,4,4,4,0,0,4,0,4,4,0,0,edgeCount
380,113,161,graphml/Deltacom.graphml,1,0,adversarial,0.8,10,10,10,0,0,10,0,10,10,0,0,edgeCount
379,113,161,graphml/Deltacom.graphml,2,1,adversarial,0.8,21,57,9,12,2,21,12,9,55,0,2,edgeCount
378,113,161,graphml/Deltacom.graphml,2,1,adversarial,0.8,42,34,9,33,2,-1,-10,33,9,24,2,edgeCount
377,113,161,graphml/Deltacom.graphml,2,1,adversarial,0.8,26,26,9,17,4,-1,-10,35,9,26,4,edgeCount
376,113,161,graphml/Deltacom.graphml,2,1,adversarial,0.8,29,27,9,20,2,-1,-10,25,9,16,2,edgeCount
375,113,161,graphml/Deltacom.graphml,1,0,adversarial,0.8,7,7,7,0,0,7,0,7,7,0,0,edgeCount
374,113,161,graphml/Deltacom.graphml,2,1,adversarial,0.8,12,12,12,0,0,12,0,12,12,0,0,edgeCount
373,113,161,graphml/Deltacom.graphml,2,1,adversarial,0.8,8,8,8,0,0,30,22,8,8,0,0,edgeCount
372,113,161,graphml/Deltacom.graphml,3,2,adversarial,0.8,30,28,11,19,0,28,17,28,28,17,0,edgeCount
371,113,161,graphml/Deltacom.graphml,2,1,adversarial,0.8,14,26,6,8,2,12,6,6,44,0,2,edgeCount
370,113,161,graphml/Deltacom.graphml,2,1,adversarial,0.8,26,26,9,17,6,-1,-10,31,31,22,6,edgeCount
369,113,161,graphml/Deltacom.graphml,3,2,adversarial,0.8,9,9,4,5,0,9,5,9,9,5,0,edgeCount
368,113,161,graphml/Deltacom.graphml,2,1,adversarial,0.8,7,7,6,1,2,7,1,7,25,1,2,edgeCount
367,113,161,graphml/Deltacom.graphml,3,2,adversarial,0.8,38,38,6,32,2,38,32,24,64,18,2,edgeCount
366,113,161,graphml/Deltacom.graphml,2,1,adversarial,0.8,8,8,8,0,0,8,0,8,8,0,0,edgeCount
365,113,161,graphml/Deltacom.graphml,1,0,adversarial,0.8,19,19,7,12,4,-1,-8,19,19,12,4,edgeCount
364,113,161,graphml/Deltacom.graphml,2,1,adversarial,0.8,2,2,2,0,6,2,0,2,2,0,6,edgeCount
363,113,161,graphml/Deltacom.graphml,2,1,adversarial,0.8,11,11,5,6,0,7,2,7,7,2,0,edgeCount
362,113,161,graphml/Deltacom.graphml,2,1,adversarial,0.8,32,54,11,21,2,-1,-12,32,32,21,2,edgeCount
361,113,161,graphml/Deltacom.graphml,2,1,adversarial,0.8,13,13,13,0,0,13,0,13,13,0,0,edgeCount
360,113,161,graphml/Deltacom.graphml,2,1,adversarial,0.8,36,12,12,24,2,32,20,12,64,0,2,edgeCount
359,113,161,graphml/Deltacom.graphml,2,1,adversarial,0.8,6,6,4,2,0,4,0,4,4,0,0,edgeCount
358,113,161,graphml/Deltacom.graphml,2,1,adversarial,0.8,13,30,12,1,0,12,0,12,12,0,0,edgeCount
357,113,161,graphml/Deltacom.graphml,3,2,adversarial,0.8,25,25,7,18,0,25,18,25,25,18,0,edgeCount
356,113,161,graphml/Deltacom.graphml,2,1,adversarial,0.8,6,6,6,0,0,6,0,6,6,0,0,edgeCount
355,113,161,graphml/Deltacom.graphml,2,1,adversarial,0.8,10,10,10,0,0,10,0,10,10,0,0,edgeCount
354,113,161,graphml/Deltacom.graphml,2,1,adversarial,0.8,20,20,8,12,0,20,12,20,20,12,0,edgeCount
353,113,161,graphml/Deltacom.graphml,1,0,adversarial,0.8,5,5,5,0,2,5,0,5,5,0,2,edgeCount
352,113,161,graphml/Deltacom.graphml,1,0,adversarial,0.8,10,10,10,0,2,10,0,10,10,0,2,edgeCount
351,113,161,graphml/Deltacom.graphml,2,1,adversarial,0.8,9,31,7,2,2,21,14,9,31,2,2,edgeCount
350,113,161,graphml/Deltacom.graphml,4,3,adversarial,0.8,6,6,5,1,0,6,1,6,6,1,0,edgeCount
349,113,161,graphml/Deltacom.graphml,2,1,adversarial,0.8,38,36,13,25,12,-1,-14,48,58,35,12,edgeCount
348,113,161,graphml/Deltacom.graphml,2,1,adversarial,0.8,4,4,4,0,6,-1,-5,4,4,0,4,edgeCount
347,113,161,graphml/Deltacom.graphml,2,1,adversarial,0.8,6,6,6,0,4,6,0,6,6,0,2,edgeCount
346,113,161,graphml/Deltacom.graphml,3,2,adversarial,0.8,3,3,3,0,0,3,0,3,3,0,0,edgeCount
345,113,161,graphml/Deltacom.graphml,2,1,adversarial,0.8,33,29,12,21,0,29,17,29,29,17,0,edgeCount
344,113,161,graphml/Deltacom.graphml,3,2,adversarial,0.8,4,4,4,0,4,4,0,26,26,22,4,edgeCount
343,113,161,graphml/Deltacom.graphml,2,1,adversarial,0.8,29,29,13,16,0,27,14,27,27,14,0,edgeCount
342,113,161,graphml/Deltacom.graphml,3,2,adversarial,0.8,8,8,4,4,0,8,4,8,8,4,0,edgeCount
341,113,161,graphml/Deltacom.graphml,2,1,adversarial,0.8,35,57,12,23,2,35,23,15,51,3,2,edgeCount
340,113,161,graphml/Deltacom.graphml,2,1,adversarial,0.8,7,7,7,0,2,7,0,23,29,16,2,edgeCount
339,113,161,graphml/Deltacom.graphml,2,1,adversarial,0.8,9,9,8,1,0,9,1,9,9,1,0,edgeCount
338,113,161,graphml/Deltacom.graphml,2,1,adversarial,0.8,42,34,7,35,6,-1,-8,23,29,16,6,edgeCount
337,113,161,graphml/Deltacom.graphml,2,1,adversarial,0.8,55,27,15,40,4,-1,-16,47,47,32,4,edgeCount
336,113,161,graphml/Deltacom.graphml,2,1,adversarial,0.8,10,10,9,1,0,10,1,10,10,1,0,edgeCount
335,113,161,graphml/Deltacom.graphml,3,2,adversarial,0.8,13,7,3,10,0,13,10,13,7,10,0,edgeCount
334,113,161,graphml/Deltacom.graphml,2,1,adversarial,0.8,20,20,8,12,0,20,12,20,20,12,0,edgeCount
333,113,161,graphml/Deltacom.graphml,1,0,adversarial,0.8,7,23,7,0,6,7,0,7,23,0,6,edgeCount
332,113,161,graphml/Deltacom.graphml,2,1,adversarial,0.8,12,12,10,2,2,29,19,11,63,1,2,edgeCount
331,113,161,graphml/Deltacom.graphml,2,1,adversarial,0.8,3,3,3,0,0,3,0,3,3,0,0,edgeCount
330,113,161,graphml/Deltacom.graphml,2,1,adversarial,0.8,11,11,11,0,2,35,24,13,11,2,2,edgeCount
329,113,161,graphml/Deltacom.graphml,2,1,adversarial,0.8,11,11,10,1,0,11,1,11,11,1,0,edgeCount
328,113,161,graphml/Deltacom.graphml,2,1,adversarial,0.8,6,6,6,0,0,6,0,6,6,0,0,edgeCount
327,113,161,graphml/Deltacom.graphml,3,2,adversarial,0.8,52,36,10,42,0,36,26,36,36,26,0,edgeCount
326,113,161,graphml/Deltacom.graphml,2,1,adversarial,0.8,7,7,7,0,0,7,0,7,7,0,0,edgeCount
325,113,161,graphml/Deltacom.graphml,2,1,adversarial,0.8,11,21,11,0,0,31,20,31,31,20,0,edgeCount
324,113,161,graphml/Deltacom.graphml,1,0,adversarial,0.8,9,9,9,0,2,9,0,9,9,0,2,edgeCount
323,113,161,graphml/Deltacom.graphml,1,0,adversarial,0.8,7,7,7,0,4,-1,-8,7,7,0,4,edgeCount
322,113,161,graphml/Deltacom.graphml,2,1,adversarial,0.8,14,44,8,6,0,14,6,14,14,6,0,edgeCount
321,113,161,graphml/Deltacom.graphml,2,1,adversarial,0.8,12,12,10,2,0,32,22,32,32,22,0,edgeCount
320,113,161,graphml/Deltacom.graphml,2,1,adversarial,0.8,23,23,8,15,0,23,15,23,23,15,0,edgeCount
319,113,161,graphml/Deltacom.graphml,2,1,adversarial,0.8,43,15,14,29,2,43,29,43,15,29,2,edgeCount
318,113,161,graphml/Deltacom.graphml,2,1,adversarial,0.8,47,47,15,32,4,-1,-16,47,47,32,4,edgeCount
317,113,161,graphml/Deltacom.graphml,3,2,adversarial,0.8,23,11,10,13,0,23,13,23,11,13,0,edgeCount
316,113,161,graphml/Deltacom.graphml,2,1,adversarial,0.8,7,7,7,0,0,7,0,7,7,0,0,edgeCount
315,113,161,graphml/Deltacom.graphml,3,2,adversarial,0.8,2,2,2,0,0,2,0,2,2,0,0,edgeCount
314,113,161,graphml/Deltacom.graphml,1,0,adversarial,0.8,4,4,4,0,0,4,0,4,4,0,0,edgeCount
313,113,161,graphml/Deltacom.graphml,2,1,adversarial,0.8,6,6,6,0,0,6,0,6,6,0,0,edgeCount
312,113,161,graphml/Deltacom.graphml,1,0,adversarial,0.8,35,35,12,23,4,-1,-13,35,35,23,4,edgeCount
311,113,161,graphml/Deltacom.graphml,2,1,adversarial,0.8,5,5,5,0,0,5,0,5,5,0,0,edgeCount
310,113,161,graphml/Deltacom.graphml,1,0,adversarial,0.8,8,8,8,0,0,8,0,8,8,0,0,edgeCount
309,113,161,graphml/Deltacom.graphml,2,1,adversarial,0.8,65,45,16,49,6,-1,-17,67,35,51,6,edgeCount
308,113,161,graphml/Deltacom.graphml,3,2,adversarial,0.8,33,77,7,26,0,33,26,33,33,26,0,edgeCount
307,113,161,graphml/Deltacom.graphml,2,1,adversarial,0.8,14,14,14,0,0,14,0,14,14,0,0,edgeCount
306,113,161,graphml/Deltacom.graphml,1,0,adversarial,0.8,15,7,6,9,2,-1,-7,15,7,9,2,edgeCount
305,113,161,graphml/Deltacom.graphml,2,1,adversarial,0.8,25,25,9,16,0,25,16,25,25,16,0,edgeCount
304,113,161,graphml/Deltacom.graphml,2,1,adversarial,0.8,5,5,5,0,0,5,0,5,5,0,0,edgeCount
303,113,161,graphml/Deltacom.graphml,2,1,adversarial,0.8,7,7,7,0,0,7,0,7,7,0,0,edgeCount
301,113,161,graphml/Deltacom.graphml,2,1,adversarial,0.8,51,45,10,41,6,-1,-11,31,25,21,6,edgeCount
300,113,161,graphml/Deltacom.graphml,3,2,adversarial,0.8,3,3,3,0,0,3,0,3,3,0,0,edgeCount
299,113,161,graphml/Deltacom.graphml,1,0,adversarial,0.8,6,6,6,0,2,-1,-7,6,6,0,2,edgeCount
298,113,161,graphml/Deltacom.graphml,2,1,adversarial,0.8,5,5,5,0,0,13,8,5,5,0,0,edgeCount
297,113,161,graphml/Deltacom.graphml,1,0,adversarial,0.8,16,16,16,0,0,16,0,16,16,0,0,edgeCount
296,113,161,graphml/Deltacom.graphml,2,1,adversarial,0.8,52,52,19,33,0,50,31,50,50,31,0,edgeCount
295,113,161,graphml/Deltacom.graphml,2,1,adversarial,0.8,8,8,4,4,0,8,4,8,8,4,0,edgeCount
294,113,161,graphml/Deltacom.graphml,2,1,adversarial,0.8,5,5,5,0,0,5,0,5,5,0,0,edgeCount
293,113,161,graphml/Deltacom.graphml,2,1,adversarial,0.8,52,32,11,41,4,-1,-12,48,48,37,4,edgeCount
292,113,161,graphml/Deltacom.graphml,4,3,adversarial,0.8,21,9,5,16,0,61,56,61,61,56,0,edgeCount
291,113,161,graphml/Deltacom.graphml,1,0,adversarial,0.8,8,8,8,0,2,8,0,8,8,0,2,edgeCount
290,113,161,graphml/Deltacom.graphml,1,0,adversarial,0.8,7,7,7,0,0,7,0,7,7,0,0,edgeCount
289,113,161,graphml/Deltacom.graphml,2,1,adversarial,0.8,24,24,8,16,0,24,16,24,24,16,0,edgeCount
288,113,161,graphml/Deltacom.graphml,2,1,adversarial,0.8,6,6,6,0,0,6,0,6,6,0,0,edgeCount
287,113,161,graphml/Deltacom.graphml,2,1,adversarial,0.8,62,58,8,54,6,-1,-9,37,9,29,6,edgeCount
286,113,161,graphml/Deltacom.graphml,2,1,adversarial,0.8,50,50,17,33,0,50,33,50,50,33,0,edgeCount
285,113,161,graphml/Deltacom.graphml,1,0,adversarial,0.8,7,7,7,0,0,7,0,7,7,0,0,edgeCount
284,113,161,graphml/Deltacom.graphml,2,1,adversarial,0.8,9,9,9,0,0,9,0,9,9,0,0,edgeCount
283,113,161,graphml/Deltacom.graphml,3,2,adversarial,0.8,44,44,12,32,0,44,32,44,44,32,0,edgeCount
282,113,161,graphml/Deltacom.graphml,2,1,adversarial,0.8,4,4,4,0,0,4,0,4,4,0,0,edgeCount
281,113,161,graphml/Deltacom.graphml,3,2,adversarial,0.8,24,8,8,16,2,8,0,8,8,0,2,edgeCount
280,113,161,graphml/Deltacom.graphml,2,1,adversarial,0.8,22,10,9,13,0,22,13,22,10,13,0,edgeCount
279,113,161,graphml/Deltacom.graphml,3,2,adversarial,0.8,3,3,3,0,0,3,0,3,3,0,0,edgeCount
278,113,161,graphml/Deltacom.graphml,3,2,adversarial,0.8,25,32,6,19,0,9,3,25,25,19,0,edgeCount
277,113,161,graphml/Deltacom.graphml,3,2,adversarial,0.8,13,23,5,8,0,11,6,11,11,6,0,edgeCount
276,113,161,graphml/Deltacom.graphml,2,1,adversarial,0.8,46,26,12,34,0,26,14,26,26,14,0,edgeCount
275,113,161,graphml/Deltacom.graphml,4,3,adversarial,0.8,43,31,5,38,0,23,18,35,35,30,0,edgeCount
274,113,161,graphml/Deltacom.graphml,2,1,adversarial,0.8,4,4,4,0,0,4,0,4,4,0,0,edgeCount
273,113,161,graphml/Deltacom.graphml,2,1,adversarial,0.8,57,21,21,36,2,-1,-22,57,21,36,2,edgeCount
272,113,161,graphml/Deltacom.graphml,2,1,adversarial,0.8,4,5,3,1,0,7,4,7,7,4,0,edgeCount
271,113,161,graphml/Deltacom.graphml,3,2,adversarial,0.8,14,14,8,6,0,14,6,14,14,6,0,edgeCount
270,113,161,graphml/Deltacom.graphml,2,1,adversarial,0.8,33,33,13,20,2,33,20,33,33,20,2,edgeCount
269,113,161,graphml/Deltacom.graphml,2,1,adversarial,0.8,11,11,11,0,0,11,0,11,11,0,0,edgeCount
268,113,161,graphml/Deltacom.graphml,3,2,adversarial,0.8,22,22,9,13,0,22,13,22,22,13,0,edgeCount
267,113,161,graphml/Deltacom.graphml,2,1,adversarial,0.8,14,14,13,1,0,14,1,14,14,1,0,edgeCount
266,113,161,graphml/Deltacom.graphml,3,2,adversarial,0.8,17,5,4,13,0,29,25,17,5,13,0,edgeCount
265,113,161,graphml/Deltacom.graphml,1,0,adversarial,0.8,10,10,10,0,2,10,0,10,10,0,2,edgeCount
264,113,161,graphml/Deltacom.graphml,2,1,adversarial,0.8,8,18,4,4,0,8,4,8,8,4,0,edgeCount
263,113,161,graphml/Deltacom.graphml,2,1,adversarial,0.8,31,31,12,19,0,27,15,27,27,15,0,edgeCount
262,113,161,graphml/Deltacom.graphml,2,1,adversarial,0.8,30,30,10,20,0,30,20,30,30,20,0,edgeCount
261,113,161,graphml/Deltacom.graphml,2,1,adversarial,0.8,62,48,13,49,6,-1,-14,38,14,25,6,edgeCount
260,113,161,graphml/Deltacom.graphml,2,1,adversarial,0.8,44,38,12,32,12,-1,-13,53,29,41,12,edgeCount
259,113,161,graphml/Deltacom.graphml,2,1,adversarial,0.8,13,13,5,8,2,13,8,7,25,2,2,edgeCount
258,113,161,graphml/Deltacom.graphml,2,1,adversarial,0.8,11,11,6,5,0,11,5,11,11,5,0,edgeCount
257,113,161,graphml/Deltacom.graphml,2,1,adversarial,0.8,14,10,5,9,2,-1,-6,15,5,10,2,edgeCount
256,113,161,graphml/Deltacom.graphml,2,1,adversarial,0.8,14,14,5,9,0,14,9,14,14,9,0,edgeCount
255,113,161,graphml/Deltacom.graphml,4,3,adversarial,0.8,2,2,2,0,0,2,0,2,2,0,0,edgeCount
254,113,161,graphml/Deltacom.graphml,1,0,adversarial,0.8,12,12,12,0,0,12,0,12,12,0,0,edgeCount
253,113,161,graphml/Deltacom.graphml,2,1,adversarial,0.8,28,28,9,19,0,28,19,28,28,19,0,edgeCount
252,113,161,graphml/Deltacom.graphml,3,2,adversarial,0.8,8,8,5,3,0,22,17,8,8,3,0,edgeCount
251,113,161,graphml/Deltacom.graphml,2,1,adversarial,0.8,51,51,19,32,0,51,32,51,51,32,0,edgeCount
250,113,161,graphml/Deltacom.graphml,2,1,adversarial,0.8,26,50,12,14,0,26,14,26,26,14,0,edgeCount
249,113,161,graphml/Deltacom.graphml,2,1,adversarial,0.8,27,39,10,17,6,-1,-11,11,11,1,6,edgeCount
248,113,161,graphml/Deltacom.graphml,4,3,adversarial,0.8,21,21,7,14,2,21,14,21,21,14,2,edgeCount
247,113,161,graphml/Deltacom.graphml,1,0,adversarial,0.8,6,6,4,2,6,-1,-5,6,6,2,6,edgeCount
246,113,161,graphml/Deltacom.graphml,2,1,adversarial,0.8,49,43,13,36,6,-1,-14,50,26,37,6,edgeCount
245,113,161,graphml/Deltacom.graphml,4,3,adversarial,0.8,21,21,8,13,0,64,56,64,64,56,0,edgeCount
244,113,161,graphml/Deltacom.graphml,3,2,adversarial,0.8,8,8,6,2,0,8,2,8,8,2,0,edgeCount
243,113,161,graphml/Deltacom.graphml,3,2,adversarial,0.8,10,10,9,1,2,10,1,10,10,1,2,edgeCount
242,113,161,graphml/Deltacom.graphml,1,0,adversarial,0.8,5,5,5,0,0,5,0,5,5,0,0,edgeCount
241,113,161,graphml/Deltacom.graphml,2,1,adversarial,0.8,44,44,16,28,0,44,28,44,44,28,0,edgeCount
240,113,161,graphml/Deltacom.graphml,3,2,adversarial,0.8,9,8,7,2,0,9,2,9,8,2,0,edgeCount
239,113,161,graphml/Deltacom.graphml,2,1,adversarial,0.8,76,54,16,60,4,-1,-17,82,42,66,4,edgeCount
238,113,161,graphml/Deltacom.graphml,2,1,adversarial,0.8,45,45,17,28,0,45,28,45,45,28,0,edgeCount
237,113,161,graphml/Deltacom.graphml,2,1,adversarial,0.8,11,3,3,8,2,3,0,11,3,8,2,edgeCount
236,113,161,graphml/Deltacom.graphml,2,1,adversarial,0.8,3,3,3,0,2,3,0,3,3,0,2,edgeCount
235,113,161,graphml/Deltacom.graphml,4,3,adversarial,0.8,48,48,10,38,2,44,34,44,44,34,2,edgeCount
234,113,161,graphml/Deltacom.graphml,2,1,adversarial,0.8,16,16,6,10,0,16,10,16,16,10,0,edgeCount
233,113,161,graphml/Deltacom.graphml,2,1,adversarial,0.8,14,14,5,9,0,14,9,14,14,9,0,edgeCount
232,113,161,graphml/Deltacom.graphml,2,1,adversarial,0.8,11,11,10,1,2,30,20,12,40,2,2,edgeCount
231,113,161,graphml/Deltacom.graphml,2,1,adversarial,0.8,47,39,11,36,4,-1,-12,36,14,25,4,edgeCount
230,113,161,graphml/Deltacom.graphml,2,1,adversarial,0.8,11,11,10,1,0,11,1,11,11,1,0,edgeCount
229,113,161,graphml/Deltacom.graphml,5,4,adversarial,0.8,12,12,3,9,0,12,9,12,12,9,0,edgeCount
228,113,161,graphml/Deltacom.graphml,2,1,adversarial,0.8,19,19,7,12,0,11,4,11,11,4,0,edgeCount
227,113,161,graphml/Deltacom.graphml,2,1,adversarial,0.8,48,20,15,33,0,44,29,44,44,29,0,edgeCount
226,113,161,graphml/Deltacom.graphml,1,0,adversarial,0.8,10,8,8,2,2,-1,-9,10,8,2,2,edgeCount
225,113,161,graphml/Deltacom.graphml,2,1,adversarial,0.8,7,7,7,0,0,7,0,7,7,0,0,edgeCount
224,113,161,graphml/Deltacom.graphml,2,1,adversarial,0.8,5,5,5,0,0,5,0,5,5,0,0,edgeCount
223,113,161,graphml/Deltacom.graphml,2,1,adversarial,0.8,4,4,2,2,0,4,2,4,4,2,0,edgeCount
222,113,161,graphml/Deltacom.graphml,2,1,adversarial,0.8,15,15,15,0,2,15,0,15,15,0,2,edgeCount
221,113,161,graphml/Deltacom.graphml,2,1,adversarial,0.8,56,46,10,46,6,-1,-11,54,18,44,6,edgeCount
220,113,161,graphml/Deltacom.graphml,2,1,adversarial,0.8,13,13,13,0,0,13,0,13,13,0,0,edgeCount
219,113,161,graphml/Deltacom.graphml,2,1,adversarial,0.8,3,3,3,0,0,3,0,3,3,0,0,edgeCount
218,113,161,graphml/Deltacom.graphml,2,1,adversarial,0.8,9,9,9,0,2,9,0,33,35,24,2,edgeCount
217,113,161,graphml/Deltacom.graphml,2,1,adversarial,0.8,6,6,6,0,2,6,0,24,38,18,2,edgeCount
216,113,161,graphml/Deltacom.graphml,2,1,adversarial,0.8,12,12,8,4,0,23,15,23,23,15,0,edgeCount
215,113,161,graphml/Deltacom.graphml,2,1,adversarial,0.8,23,23,9,14,2,23,14,23,23,14,2,edgeCount
214,113,161,graphml/Deltacom.graphml,2,1,adversarial,0.8,8,8,7,1,0,8,1,8,8,1,0,edgeCount
213,113,161,graphml/Deltacom.graphml,2,1,adversarial,0.8,30,30,8,22,0,18,10,18,18,10,0,edgeCount
212,113,161,graphml/Deltacom.graphml,1,0,adversarial,0.8,40,40,18,22,2,-1,-19,40,40,22,2,edgeCount
211,113,161,graphml/Deltacom.graphml,2,1,adversarial,0.8,28,28,6,22,2,12,6,8,26,2,2,edgeCount
210,113,161,graphml/Deltacom.graphml,2,1,adversarial,0.8,5,10,4,1,0,5,1,5,5,1,0,edgeCount
209,113,161,graphml/Deltacom.graphml,3,2,adversarial,0.8,55,49,9,46,4,-1,-10,23,23,14,4,edgeCount
208,113,161,graphml/Deltacom.graphml,2,1,adversarial,0.8,4,4,4,0,0,4,0,4,4,0,0,edgeCount
207,113,161,graphml/Deltacom.graphml,3,2,adversarial,0.8,24,24,8,16,0,42,34,24,24,16,0,edgeCount
206,113,161,graphml/Deltacom.graphml,1,0,adversarial,0.8,8,8,8,0,2,8,0,8,8,0,2,edgeCount
205,113,161,graphml/Deltacom.graphml,2,1,adversarial,0.8,15,15,15,0,0,15,0,15,15,0,0,edgeCount
204,113,161,graphml/Deltacom.graphml,2,1,adversarial,0.8,10,10,10,0,0,10,0,10,10,0,0,edgeCount
203,113,161,graphml/Deltacom.graphml,3,2,adversarial,0.8,42,48,9,33,0,24,15,42,42,33,0,edgeCount
202,113,161,graphml/Deltacom.graphml,2,1,adversarial,0.8,35,35,9,26,2,19,10,9,33,0,2,edgeCount
201,113,161,graphml/Deltacom.graphml,3,2,adversarial,0.8,72,58,8,64,2,-1,-9,62,16,54,2,edgeCount
200,113,161,graphml/Deltacom.graphml,3,2,adversarial,0.8,62,40,17,45,4,-1,-18,62,40,45,4,edgeCount
199,113,161,graphml/Deltacom.graphml,2,1,adversarial,0.8,15,15,15,0,0,15,0,15,15,0,0,edgeCount
198,113,161,graphml/Deltacom.graphml,2,1,adversarial,0.8,20,20,6,14,0,20,14,20,20,14,0,edgeCount
197,113,161,graphml/Deltacom.graphml,1,0,adversarial,0.8,15,15,15,0,2,15,0,15,15,0,2,edgeCount
196,113,161,graphml/Deltacom.graphml,1,0,adversarial,0.8,29,13,13,16,2,-1,-14,29,13,16,2,edgeCount
195,113,161,graphml/Deltacom.graphml,2,1,adversarial,0.8,27,27,9,18,2,-1,-10,27,27,18,2,edgeCount
194,113,161,graphml/Deltacom.graphml,2,1,adversarial,0.8,21,27,9,12,0,21,12,21,21,12,0,edgeCount
193,113,161,graphml/Deltacom.graphml,2,1,adversarial,0.8,26,26,12,14,0,26,14,26,26,14,0,edgeCount
192,113,161,graphml/Deltacom.graphml,2,1,adversarial,0.8,3,3,3,0,0,3,0,3,3,0,0,edgeCount
191,113,161,graphml/Deltacom.graphml,2,1,adversarial,0.8,19,19,8,11,0,19,11,19,19,11,0,edgeCount
190,113,161,graphml/Deltacom.graphml,2,1,adversarial,0.8,4,4,4,0,0,4,0,4,4,0,0,edgeCount
189,113,161,graphml/Deltacom.graphml,2,1,adversarial,0.8,28,28,12,16,0,28,16,28,28,16,0,edgeCount
188,113,161,graphml/Deltacom.graphml,1,0,adversarial,0.8,16,16,7,9,2,-1,-8,16,16,9,2,edgeCount
187,113,161,graphml/Deltacom.graphml,2,1,adversarial,0.8,31,55,11,20,6,31,20,13,71,2,6,edgeCount
186,113,161,graphml/Deltacom.graphml,1,0,adversarial,0.8,7,7,7,0,0,7,0,7,7,0,0,edgeCount
184,113,161,graphml/Deltacom.graphml,2,1,adversarial,0.8,32,32,10,22,0,18,8,18,18,8,0,edgeCount
183,113,161,graphml/Deltacom.graphml,1,0,adversarial,0.8,7,7,7,0,0,7,0,7,7,0,0,edgeCount
182,113,161,graphml/Deltacom.graphml,2,1,adversarial,0.8,12,12,11,1,6,12,1,38,12,27,6,edgeCount
181,113,161,graphml/Deltacom.graphml,2,1,adversarial,0.8,38,16,14,24,0,36,22,36,36,22,0,edgeCount
180,113,161,graphml/Deltacom.graphml,2,1,adversarial,0.8,8,8,8,0,0,8,0,8,8,0,0,edgeCount
179,113,161,graphml/Deltacom.graphml,1,0,adversarial,0.8,28,28,12,16,2,-1,-13,28,28,16,2,edgeCount
178,113,161,graphml/Deltacom.graphml,1,0,adversarial,0.8,4,16,4,0,4,4,0,4,16,0,4,edgeCount
177,113,161,graphml/Deltacom.graphml,1,0,adversarial,0.8,6,6,6,0,0,6,0,6,6,0,0,edgeCount
176,113,161,graphml/Deltacom.graphml,2,1,adversarial,0.8,39,39,16,23,0,35,19,35,35,19,0,edgeCount
175,113,161,graphml/Deltacom.graphml,2,1,adversarial,0.8,28,28,12,16,0,26,14,26,26,14,0,edgeCount
174,113,161,graphml/Deltacom.graphml,2,1,adversarial,0.8,37,37,14,23,2,37,23,37,37,23,2,edgeCount
173,113,161,graphml/Deltacom.graphml,1,0,adversarial,0.8,5,5,5,0,0,5,0,5,5,0,0,edgeCount
172,113,161,graphml/Deltacom.graphml,2,1,adversarial,0.8,7,7,7,0,0,7,0,7,7,0,0,edgeCount
171,113,161,graphml/Deltacom.graphml,2,1,adversarial,0.8,24,24,8,16,0,24,16,24,24,16,0,edgeCount
170,113,161,graphml/Deltacom.graphml,2,1,adversarial,0.8,69,69,19,50,2,-1,-20,49,19,30,2,edgeCount
169,113,161,graphml/Deltacom.graphml,1,0,adversarial,0.8,4,4,4,0,0,4,0,4,4,0,0,edgeCount
168,113,161,graphml/Deltacom.graphml,4,3,adversarial,0.8,3,3,3,0,0,3,0,3,3,0,0,edgeCount
167,113,161,graphml/Deltacom.graphml,2,1,adversarial,0.8,16,16,13,3,2,44,31,16,82,3,2,edgeCount
166,113,161,graphml/Deltacom.graphml,2,1,adversarial,0.8,16,16,6,10,0,16,10,16,16,10,0,edgeCount
165,113,161,graphml/Deltacom.graphml,1,0,adversarial,0.8,7,7,7,0,6,7,0,7,7,0,6,edgeCount
164,113,161,graphml/Deltacom.graphml,2,1,adversarial,0.8,33,33,12,21,2,33,21,33,33,21,2,edgeCount
163,113,161,graphml/Deltacom.graphml,1,0,adversarial,0.8,20,20,20,0,0,20,0,20,20,0,0,edgeCount
162,113,161,graphml/Deltacom.graphml,2,1,adversarial,0.8,4,4,4,0,0,4,0,4,4,0,0,edgeCount
161,113,161,graphml/Deltacom.graphml,2,1,adversarial,0.8,15,15,14,1,0,15,1,15,15,1,0,edgeCount
160,113,161,graphml/Deltacom.graphml,2,1,adversarial,0.8,33,19,8,25,2,-1,-9,12,8,4,2,edgeCount
159,113,161,graphml/Deltacom.graphml,2,1,adversarial,0.8,16,16,14,2,2,44,30,16,80,2,2,edgeCount
158,113,161,graphml/Deltacom.graphml,2,1,adversarial,0.8,62,62,17,45,2,-1,-18,41,17,24,2,edgeCount
156,113,161,graphml/Deltacom.graphml,2,1,adversarial,0.8,26,22,5,21,6,-1,-6,25,17,20,6,edgeCount
155,113,161,graphml/Deltacom.graphml,3,2,adversarial,0.8,9,9,9,0,2,9,0,51,17,42,2,edgeCount
154,113,161,graphml/Deltacom.graphml,2,1,adversarial,0.8,29,57,5,24,6,11,6,21,49,16,6,edgeCount
153,113,161,graphml/Deltacom.graphml,1,0,adversarial,0.8,6,14,6,0,4,6,0,6,14,0,4,edgeCount
151,113,161,graphml/Deltacom.graphml,2,1,adversarial,0.8,16,14,6,10,0,14,8,14,14,8,0,edgeCount
150,113,161,graphml/Deltacom.graphml,3,2,adversarial,0.8,14,6,5,9,0,24,19,24,24,19,0,edgeCount
149,113,161,graphml/Deltacom.graphml,2,1,adversarial,0.8,29,61,7,22,2,-1,-8,9,9,2,2,edgeCount
148,113,161,graphml/Deltacom.graphml,3,2,adversarial,0.8,26,68,5,21,0,26,21,26,26,21,0,edgeCount
147,113,161,graphml/Deltacom.graphml,2,1,adversarial,0.8,37,25,10,27,0,25,15,25,25,15,0,edgeCount
145,113,161,graphml/Deltacom.graphml,1,0,adversarial,0.8,7,7,7,0,0,7,0,7,7,0,0,edgeCount
144,113,161,graphml/Deltacom.graphml,2,1,adversarial,0.8,15,15,15,0,0,15,0,15,15,0,0,edgeCount
143,113,161,graphml/Deltacom.graphml,2,1,adversarial,0.8,5,16,4,1,6,5,1,4,4,0,6,edgeCount
141,113,161,graphml/Deltacom.graphml,3,2,adversarial,0.8,3,3,3,0,0,3,0,3,3,0,0,edgeCount
140,113,161,graphml/Deltacom.graphml,2,1,adversarial,0.8,4,7,3,1,0,10,7,10,10,7,0,edgeCount
139,113,161,graphml/Deltacom.graphml,2,1,adversarial,0.8,9,9,9,0,4,9,0,27,9,18,2,edgeCount
138,113,161,graphml/Deltacom.graphml,2,1,adversarial,0.8,15,15,14,1,0,15,1,15,15,1,0,edgeCount
137,113,161,graphml/Deltacom.graphml,3,2,adversarial,0.8,5,5,5,0,4,5,0,5,5,0,4,edgeCount
136,113,161,graphml/Deltacom.graphml,2,1,adversarial,0.8,15,15,13,2,0,15,2,15,15,2,0,edgeCount
135,113,161,graphml/Deltacom.graphml,4,3,adversarial,0.8,35,17,8,27,2,35,27,29,37,21,2,edgeCount
134,113,161,graphml/Deltacom.graphml,2,1,adversarial,0.8,13,13,6,7,2,13,7,13,13,7,2,edgeCount
133,113,161,graphml/Deltacom.graphml,3,2,adversarial,0.8,4,4,4,0,2,25,21,4,4,0,2,edgeCount
132,113,161,graphml/Deltacom.graphml,2,1,adversarial,0.8,3,21,3,0,12,7,4,7,3,4,12,edgeCount
131,113,161,graphml/Deltacom.graphml,2,1,adversarial,0.8,6,6,6,0,0,6,0,6,6,0,0,edgeCount
130,113,161,graphml/Deltacom.graphml,3,2,adversarial,0.8,22,24,9,13,0,44,35,44,24,35,0,edgeCount
129,113,161,graphml/Deltacom.graphml,3,2,adversarial,0.8,30,12,11,19,4,-1,-12,30,12,19,4,edgeCount
128,113,161,graphml/Deltacom.graphml,2,1,adversarial,0.8,9,9,9,0,0,9,0,9,9,0,0,edgeCount
127,113,161,graphml/Deltacom.graphml,2,1,adversarial,0.8,20,20,7,13,0,20,13,20,20,13,0,edgeCount
126,113,161,graphml/Deltacom.graphml,2,1,adversarial,0.8,20,36,8,12,0,20,12,20,20,12,0,edgeCount
125,113,161,graphml/Deltacom.graphml,3,2,adversarial,0.8,29,29,9,20,0,29,20,29,29,20,0,edgeCount
124,113,161,graphml/Deltacom.graphml,2,1,adversarial,0.8,24,24,10,14,2,24,14,10,52,0,2,edgeCount
123,113,161,graphml/Deltacom.graphml,3,2,adversarial,0.8,10,10,4,6,2,10,6,22,18,18,2,edgeCount
122,113,161,graphml/Deltacom.graphml,2,1,adversarial,0.8,14,14,14,0,0,14,0,14,14,0,0,edgeCount
121,113,161,graphml/Deltacom.graphml,2,1,adversarial,0.8,18,14,8,10,0,14,6,14,14,6,0,edgeCount
120,113,161,graphml/Deltacom.graphml,2,1,adversarial,0.8,30,30,10,20,0,30,20,30,30,20,0,edgeCount
119,113,161,graphml/Deltacom.graphml,2,1,adversarial,0.8,3,3,3,0,0,3,0,3,3,0,0,edgeCount
118,113,161,graphml/Deltacom.graphml,2,1,adversarial,0.8,9,9,9,0,2,9,0,29,9,20,2,edgeCount
117,113,161,graphml/Deltacom.graphml,2,1,adversarial,0.8,2,2,2,0,0,2,0,2,2,0,0,edgeCount
116,113,161,graphml/Deltacom.graphml,2,1,adversarial,0.8,54,54,23,31,2,-1,-24,54,54,31,2,edgeCount
115,113,161,graphml/Deltacom.graphml,3,2,adversarial,0.8,3,3,3,0,2,3,0,3,3,0,2,edgeCount
114,113,161,graphml/Deltacom.graphml,1,0,adversarial,0.8,16,16,16,0,2,16,0,16,16,0,2,edgeCount
113,113,161,graphml/Deltacom.graphml,2,1,adversarial,0.8,18,18,9,9,0,18,9,18,18,9,0,edgeCount
112,113,161,graphml/Deltacom.graphml,2,1,adversarial,0.8,10,10,5,5,0,10,5,10,10,5,0,edgeCount
111,113,161,graphml/Deltacom.graphml,3,2,adversarial,0.8,26,26,10,16,0,26,16,26,26,16,0,edgeCount
110,113,161,graphml/Deltacom.graphml,2,1,adversarial,0.8,10,14,10,0,4,10,0,32,14,22,2,edgeCount
109,113,161,graphml/Deltacom.graphml,2,1,adversarial,0.8,48,48,15,33,4,48,33,22,86,7,4,edgeCount
108,113,161,graphml/Deltacom.graphml,2,1,adversarial,0.8,17,17,5,12,0,17,12,17,17,12,0,edgeCount
107,113,161,graphml/Deltacom.graphml,2,1,adversarial,0.8,13,13,5,8,0,13,8,13,13,8,0,edgeCount
106,113,161,graphml/Deltacom.graphml,2,1,adversarial,0.8,14,14,14,0,0,14,0,14,14,0,0,edgeCount
105,113,161,graphml/Deltacom.graphml,1,0,adversarial,0.8,56,56,21,35,2,-1,-22,56,56,35,2,edgeCount
104,113,161,graphml/Deltacom.graphml,2,1,adversarial,0.8,7,7,7,0,0,7,0,7,7,0,0,edgeCount
103,113,161,graphml/Deltacom.graphml,2,1,adversarial,0.8,46,46,9,37,4,-1,-10,29,23,20,4,edgeCount
102,113,161,graphml/Deltacom.graphml,2,1,adversarial,0.8,39,39,18,21,2,-1,-19,39,39,21,2,edgeCount
101,113,161,graphml/Deltacom.graphml,3,2,adversarial,0.8,52,52,12,40,0,52,40,52,52,40,0,edgeCount
100,113,161,graphml/Deltacom.graphml,2,1,adversarial,0.8,44,44,15,29,2,44,29,44,44,29,2,edgeCount
99,113,161,graphml/Deltacom.graphml,3,2,adversarial,0.8,4,4,4,0,0,4,0,4,4,0,0,edgeCount
98,113,161,graphml/Deltacom.graphml,3,2,adversarial,0.8,15,15,5,10,0,15,10,15,15,10,0,edgeCount
97,113,161,graphml/Deltacom.graphml,2,1,adversarial,0.8,7,7,4,3,0,7,3,7,7,3,0,edgeCount
96,113,161,graphml/Deltacom.graphml,1,0,adversarial,0.8,10,10,10,0,0,10,0,10,10,0,0,edgeCount
95,113,161,graphml/Deltacom.graphml,2,1,adversarial,0.8,35,35,9,26,2,19,10,9,33,0,2,edgeCount
94,113,161,graphml/Deltacom.graphml,2,1,adversarial,0.8,7,7,7,0,2,7,0,7,7,0,2,edgeCount
93,113,161,graphml/Deltacom.graphml,2,1,adversarial,0.8,10,10,9,1,0,10,1,10,10,1,0,edgeCount
91,113,161,graphml/Deltacom.graphml,1,0,adversarial,0.8,9,9,9,0,0,9,0,9,9,0,0,edgeCount
90,113,161,graphml/Deltacom.graphml,3,2,adversarial,0.8,11,24,6,5,0,11,5,11,25,5,0,edgeCount
89,113,161,graphml/Deltacom.graphml,2,1,adversarial,0.8,8,8,8,0,2,8,0,28,32,20,2,edgeCount
88,113,161,graphml/Deltacom.graphml,2,1,adversarial,0.8,28,28,10,18,4,28,18,14,56,4,4,edgeCount
87,113,161,graphml/Deltacom.graphml,2,1,adversarial,0.8,9,9,9,0,2,9,0,31,27,22,2,edgeCount
86,113,161,graphml/Deltacom.graphml,2,1,adversarial,0.8,11,11,4,7,0,11,7,11,11,7,0,edgeCount
85,113,161,graphml/Deltacom.graphml,3,2,adversarial,0.8,16,16,6,10,0,16,10,16,16,10,0,edgeCount
84,113,161,graphml/Deltacom.graphml,2,1,adversarial,0.8,38,24,8,30,2,-1,-9,39,17,31,2,edgeCount
83,113,161,graphml/Deltacom.graphml,2,1,adversarial,0.8,3,3,3,0,0,3,0,3,3,0,0,edgeCount
82,113,161,graphml/Deltacom.graphml,2,1,adversarial,0.8,20,20,7,13,0,20,13,20,20,13,0,edgeCount
81,113,161,graphml/Deltacom.graphml,3,2,adversarial,0.8,7,7,6,1,0,7,1,7,7,1,0,edgeCount
80,113,161,graphml/Deltacom.graphml,2,1,adversarial,0.8,43,29,8,35,4,-1,-9,41,25,33,4,edgeCount
79,113,161,graphml/Deltacom.graphml,3,2,adversarial,0.8,14,6,4,10,0,6,2,6,6,2,0,edgeCount
78,113,161,graphml/Deltacom.graphml,2,1,adversarial,0.8,36,36,14,22,4,36,22,36,36,22,4,edgeCount
77,113,161,graphml/Deltacom.graphml,2,1,adversarial,0.8,5,5,5,0,2,5,0,23,5,18,2,edgeCount
76,113,161,graphml/Deltacom.graphml,2,1,adversarial,0.8,2,2,2,0,0,2,0,2,2,0,0,edgeCount
75,113,161,graphml/Deltacom.graphml,2,1,adversarial,0.8,10,6,6,4,4,-1,-7,20,6,14,4,edgeCount
74,113,161,graphml/Deltacom.graphml,2,1,adversarial,0.8,47,19,17,30,0,45,28,45,45,28,0,edgeCount
73,113,161,graphml/Deltacom.graphml,2,1,adversarial,0.8,28,28,13,15,2,-1,-14,28,28,15,2,edgeCount
72,113,161,graphml/Deltacom.graphml,3,2,adversarial,0.8,4,4,3,1,0,4,1,4,4,1,0,edgeCount
71,113,161,graphml/Deltacom.graphml,1,0,adversarial,0.8,7,29,7,0,6,-1,-8,7,29,0,6,edgeCount
70,113,161,graphml/Deltacom.graphml,2,1,adversarial,0.8,21,21,6,15,0,21,15,21,21,15,0,edgeCount
69,113,161,graphml/Deltacom.graphml,2,1,adversarial,0.8,37,37,11,26,4,21,10,11,35,0,4,edgeCount
68,113,161,graphml/Deltacom.graphml,2,1,adversarial,0.8,20,20,6,14,2,20,14,10,44,4,2,edgeCount
67,113,161,graphml/Deltacom.graphml,2,1,adversarial,0.8,19,39,7,12,0,19,12,19,19,12,0,edgeCount
66,113,161,graphml/Deltacom.graphml,3,2,adversarial,0.8,17,7,7,10,0,17,10,17,7,10,0,edgeCount
65,113,161,graphml/Deltacom.graphml,2,1,adversarial,0.8,40,22,12,28,0,32,20,32,32,20,0,edgeCount
64,113,161,graphml/Deltacom.graphml,1,0,adversarial,0.8,3,3,3,0,4,3,0,3,3,0,4,edgeCount
63,113,161,graphml/Deltacom.graphml,3,2,adversarial,0.8,30,8,7,23,0,28,21,28,28,21,0,edgeCount
62,113,161,graphml/Deltacom.graphml,2,1,adversarial,0.8,11,11,9,2,4,-1,-10,29,11,20,2,edgeCount
61,113,161,graphml/Deltacom.graphml,2,1,adversarial,0.8,25,47,8,17,6,-1,-9,47,35,39,6,edgeCount
60,113,161,graphml/Deltacom.graphml,2,1,adversarial,0.8,9,9,8,1,0,25,17,9,9,1,0,edgeCount
59,113,161,graphml/Deltacom.graphml,3,2,adversarial,0.8,4,4,4,0,0,4,0,4,4,0,0,edgeCount
58,113,161,graphml/Deltacom.graphml,1,0,adversarial,0.8,9,7,6,3,6,-1,-7,9,7,3,6,edgeCount
57,113,161,graphml/Deltacom.graphml,3,2,adversarial,0.8,26,26,5,21,4,22,17,22,22,17,2,edgeCount
56,113,161,graphml/Deltacom.graphml,2,1,adversarial,0.8,30,54,10,20,0,30,20,30,30,20,0,edgeCount
55,113,161,graphml/Deltacom.graphml,2,1,adversarial,0.8,23,23,4,19,2,-1,-5,14,6,10,2,edgeCount
54,113,161,graphml/Deltacom.graphml,2,1,adversarial,0.8,13,21,5,8,4,-1,-6,5,5,0,4,edgeCount
53,113,161,graphml/Deltacom.graphml,2,1,adversarial,0.8,5,5,5,0,0,5,0,5,5,0,0,edgeCount
52,113,161,graphml/Deltacom.graphml,2,1,adversarial,0.8,8,8,4,4,0,8,4,8,8,4,0,edgeCount
51,113,161,graphml/Deltacom.graphml,1,0,adversarial,0.8,3,3,3,0,0,3,0,3,3,0,0,edgeCount
50,113,161,graphml/Deltacom.graphml,2,1,adversarial,0.8,8,8,6,2,0,8,2,8,8,2,0,edgeCount
49,113,161,graphml/Deltacom.graphml,1,0,adversarial,0.8,8,8,8,0,0,8,0,8,8,0,0,edgeCount
48,113,161,graphml/Deltacom.graphml,1,0,adversarial,0.8,34,34,18,16,4,-1,-19,34,34,16,4,edgeCount
47,113,161,graphml/Deltacom.graphml,2,1,adversarial,0.8,42,28,9,33,2,-1,-10,28,10,19,2,edgeCount
46,113,161,graphml/Deltacom.graphml,2,1,adversarial,0.8,49,49,17,32,0,49,32,49,49,32,0,edgeCount
45,113,161,graphml/Deltacom.graphml,3,2,adversarial,0.8,32,32,5,27,4,-1,-6,24,8,19,4,edgeCount
44,113,161,graphml/Deltacom.graphml,1,0,adversarial,0.8,6,6,6,0,0,6,0,6,6,0,0,edgeCount
43,113,161,graphml/Deltacom.graphml,2,1,adversarial,0.8,6,6,6,0,0,6,0,6,6,0,0,edgeCount
42,113,161,graphml/Deltacom.graphml,3,2,adversarial,0.8,4,4,4,0,4,4,0,4,4,0,4,edgeCount
41,113,161,graphml/Deltacom.graphml,1,0,adversarial,0.8,6,6,6,0,2,6,0,6,6,0,2,edgeCount
40,113,161,graphml/Deltacom.graphml,2,1,adversarial,0.8,11,11,6,5,0,21,15,21,21,15,0,edgeCount
39,113,161,graphml/Deltacom.graphml,3,2,adversarial,0.8,5,5,5,0,0,5,0,5,5,0,0,edgeCount
38,113,161,graphml/Deltacom.graphml,3,2,adversarial,0.8,10,10,3,7,0,10,7,10,10,7,0,edgeCount
37,113,161,graphml/Deltacom.graphml,2,1,adversarial,0.8,38,24,8,30,4,-1,-9,35,11,27,4,edgeCount
36,113,161,graphml/Deltacom.graphml,2,1,adversarial,0.8,31,31,13,18,2,31,18,31,31,18,2,edgeCount
35,113,161,graphml/Deltacom.graphml,2,1,adversarial,0.8,17,17,17,0,4,17,0,57,25,40,4,edgeCount
34,113,161,graphml/Deltacom.graphml,2,1,adversarial,0.8,10,10,10,0,0,10,0,10,10,0,0,edgeCount
33,113,161,graphml/Deltacom.graphml,2,1,adversarial,0.8,5,5,5,0,2,5,0,5,5,0,2,edgeCount
32,113,161,graphml/Deltacom.graphml,1,0,adversarial,0.8,24,10,9,15,2,-1,-10,24,10,15,2,edgeCount
31,113,161,graphml/Deltacom.graphml,1,0,adversarial,0.8,8,8,8,0,0,8,0,8,8,0,0,edgeCount
30,113,161,graphml/Deltacom.graphml,1,0,adversarial,0.8,6,6,6,0,0,6,0,6,6,0,0,edgeCount
29,113,161,graphml/Deltacom.graphml,2,1,adversarial,0.8,10,10,10,0,4,35,25,15,10,5,4,edgeCount
28,113,161,graphml/Deltacom.graphml,3,2,adversarial,0.8,8,8,8,0,2,8,0,8,8,0,2,edgeCount
27,113,161,graphml/Deltacom.graphml,2,1,adversarial,0.8,48,48,10,38,2,-1,-11,54,28,44,2,edgeCount
26,113,161,graphml/Deltacom.graphml,2,1,adversarial,0.8,42,42,16,26,0,38,22,38,38,22,0,edgeCount
25,113,161,graphml/Deltacom.graphml,2,1,adversarial,0.8,14,34,4,10,0,14,10,14,14,10,0,edgeCount
24,113,161,graphml/Deltacom.graphml,2,1,adversarial,0.8,31,23,8,23,4,-1,-9,36,14,28,4,edgeCount
23,113,161,graphml/Deltacom.graphml,2,1,adversarial,0.8,14,14,14,0,0,14,0,14,14,0,0,edgeCount
22,113,161,graphml/Deltacom.graphml,2,1,adversarial,0.8,10,10,10,0,0,10,0,10,10,0,0,edgeCount
21,113,161,graphml/Deltacom.graphml,2,1,adversarial,0.8,44,44,16,28,0,44,28,44,44,28,0,edgeCount
20,113,161,graphml/Deltacom.graphml,2,1,adversarial,0.8,52,34,11,41,2,-1,-12,50,18,39,2,edgeCount
19,113,161,graphml/Deltacom.graphml,1,0,adversarial,0.8,3,3,3,0,0,3,0,3,3,0,0,edgeCount
18,113,161,graphml/Deltacom.graphml,2,1,adversarial,0.8,4,4,4,0,0,4,0,4,4,0,0,edgeCount
17,113,161,graphml/Deltacom.graphml,2,1,adversarial,0.8,29,29,11,18,0,29,18,29,29,18,0,edgeCount
16,113,161,graphml/Deltacom.graphml,2,1,adversarial,0.8,9,14,9,0,0,25,16,9,9,0,0,edgeCount
15,113,161,graphml/Deltacom.graphml,2,1,adversarial,0.8,6,8,5,1,0,16,11,6,6,1,0,edgeCount
14,113,161,graphml/Deltacom.graphml,2,1,adversarial,0.8,53,53,18,35,0,53,35,53,53,35,0,edgeCount
13,113,161,graphml/Deltacom.graphml,2,1,adversarial,0.8,18,18,9,9,0,18,9,18,18,9,0,edgeCount
12,113,161,graphml/Deltacom.graphml,2,1,adversarial,0.8,4,4,4,0,0,4,0,4,4,0,0,edgeCount
11,113,161,graphml/Deltacom.graphml,3,2,adversarial,0.8,20,48,4,16,0,20,16,20,20,16,0,edgeCount
10,113,161,graphml/Deltacom.graphml,1,0,adversarial,0.8,6,6,6,0,0,6,0,6,6,0,0,edgeCount
9,113,161,graphml/Deltacom.graphml,3,2,adversarial,0.8,13,13,4,9,0,13,9,13,13,9,0,edgeCount
8,113,161,graphml/Deltacom.graphml,3,2,adversarial,0.8,29,7,6,23,0,17,11,29,7,23,0,edgeCount
7,113,161,graphml/Deltacom.graphml,4,3,adversarial,0.8,28,26,6,22,2,-1,-7,12,12,6,2,edgeCount
6,113,161,graphml/Deltacom.graphml,1,0,adversarial,0.8,21,15,7,14,6,-1,-8,21,15,14,6,edgeCount
4,113,161,graphml/Deltacom.graphml,1,0,adversarial,0.8,14,14,14,0,0,14,0,14,14,0,0,edgeCount
3,113,161,graphml/Deltacom.graphml,3,2,adversarial,0.8,9,9,9,0,0,9,0,9,9,0,0,edgeCount
2,113,161,graphml/Deltacom.graphml,4,3,adversarial,0.8,11,10,4,7,2,11,7,11,10,7,2,edgeCount
1,113,161,graphml/Deltacom.graphml,2,1,adversarial,0.8,7,7,7,0,0,7,0,7,7,0,0,edgeCount
