rep,nrNodes,nrEdges,edgeProb,nrPaths,nrFails,failureModel,failurePercent,hopsRanked,hopsUnranked,spLength,stretch_mult,nodeAdditions,hopsPath,stretch_path,hopsRankedOne,hopsUnrankedOne,stretch_one,overallNodeAdditionsOne,treeChoice
1000,113,161,graphml/Deltacom.graphml,2,1,clustered,0.6;-0.3,23,23,8,15,4,23,15,9,53,1,4,edgeCount
999,113,161,graphml/Deltacom.graphml,4,3,clustered,0.6;-0.3,24,24,6,18,2,25,19,25,24,19,2,edgeCount
998,113,161,graphml/Deltacom.graphml,1,0,clustered,0.6;-0.3,-1,-1,12,-13,4,-1,-13,-1,-1,-13,4,edgeCount
996,113,161,graphml/Deltacom.graphml,2,1,clustered,0.6;-0.3,16,16,15,1,2,44,29,44,16,29,2,edgeCount
995,113,161,graphml/Deltacom.graphml,2,1,clustered,0.6;-0.3,21,21,8,13,2,21,13,9,49,1,2,edgeCount
994,113,161,graphml/Deltacom.graphml,2,1,clustered,0.6;-0.3,4,4,4,0,0,4,0,4,4,0,0,edgeCount
993,113,161,graphml/Deltacom.graphml,2,1,clustered,0.6;-0.3,17,33,7,10,0,17,10,17,17,10,0,edgeCount
991,113,161,graphml/Deltacom.graphml,2,1,clustered,0.6;-0.3,14,14,11,3,2,38,27,14,76,3,2,edgeCount
989,113,161,graphml/Deltacom.graphml,1,0,clustered,0.6;-0.3,2,2,2,0,0,2,0,2,2,0,0,edgeCount
988,113,161,graphml/Deltacom.graphml,2,1,clustered,0.6;-0.3,14,14,14,0,0,14,0,14,14,0,0,edgeCount
987,113,161,graphml/Deltacom.graphml,2,1,clustered,0.6;-0.3,-1,-1,11,-12,0,-1,-12,-1,-1,-12,0,edgeCount
986,113,161,graphml/Deltacom.graphml,2,1,clustered,0.6;-0.3,6,6,6,0,0,6,0,6,6,0,0,edgeCount
985,113,161,graphml/Deltacom.graphml,2,1,clustered,0.6;-0.3,-1,-1,12,-13,0,-1,-13,-1,-1,-13,0,edgeCount
984,113,161,graphml/Deltacom.graphml,2,1,clustered,0.6;-0.3,51,51,12,39,2,-1,-13,15,15,3,2,edgeCount
982,113,161,graphml/Deltacom.graphml,2,1,clustered,0.6;-0.3,15,15,5,10,0,9,4,9,9,4,0,edgeCount
981,113,161,graphml/Deltacom.graphml,4,3,clustered,0.6;-0.3,-1,-1,7,-8,2,-1,-8,-1,-1,-8,2,edgeCount
980,113,161,graphml/Deltacom.graphml,2,1,clustered,0.6;-0.3,29,15,5,24,0,15,10,15,15,10,0,edgeCount
979,113,161,graphml/Deltacom.graphml,3,2,clustered,0.6;-0.3,13,13,5,8,0,13,8,13,13,8,0,edgeCount
977,113,161,graphml/Deltacom.graphml,2,1,clustered,0.6;-0.3,10,10,10,0,0,10,0,10,10,0,0,edgeCount
976,113,161,graphml/Deltacom.graphml,3,2,clustered,0.6;-0.3,10,10,6,4,0,10,4,10,10,4,0,edgeCount
975,113,161,graphml/Deltacom.graphml,2,1,clustered,0.6;-0.3,16,16,16,0,2,-1,-17,-1,-1,-17,2,edgeCount
974,113,161,graphml/Deltacom.graphml,2,1,clustered,0.6;-0.3,26,26,12,14,0,24,12,24,24,12,0,edgeCount
973,113,161,graphml/Deltacom.graphml,3,2,clustered,0.6;-0.3,-1,-1,8,-9,2,-1,-9,-1,-1,-9,2,edgeCount
971,113,161,graphml/Deltacom.graphml,2,1,clustered,0.6;-0.3,11,11,11,0,0,11,0,11,11,0,0,edgeCount
970,113,161,graphml/Deltacom.graphml,3,2,clustered,0.6;-0.3,24,24,7,17,0,24,17,24,24,17,0,edgeCount
968,113,161,graphml/Deltacom.graphml,2,1,clustered,0.6;-0.3,7,7,7,0,0,7,0,7,7,0,0,edgeCount
967,113,161,graphml/Deltacom.graphml,3,2,clustered,0.6;-0.3,21,21,8,13,0,21,13,21,21,13,0,edgeCount
966,113,161,graphml/Deltacom.graphml,3,2,clustered,0.6;-0.3,2,2,2,0,0,2,0,2,2,0,0,edgeCount
965,113,161,graphml/Deltacom.graphml,2,1,clustered,0.6;-0.3,30,30,12,18,0,30,18,30,30,18,0,edgeCount
964,113,161,graphml/Deltacom.graphml,3,2,clustered,0.6;-0.3,26,22,4,22,0,-1,-5,-1,-1,-5,0,edgeCount
963,113,161,graphml/Deltacom.graphml,2,1,clustered,0.6;-0.3,8,8,8,0,0,8,0,8,8,0,0,edgeCount
962,113,161,graphml/Deltacom.graphml,2,1,clustered,0.6;-0.3,9,33,4,5,2,9,5,5,21,1,2,edgeCount
961,113,161,graphml/Deltacom.graphml,3,2,clustered,0.6;-0.3,5,5,5,0,2,5,0,5,5,0,2,edgeCount
960,113,161,graphml/Deltacom.graphml,4,3,clustered,0.6;-0.3,-1,-1,6,-7,2,-1,-7,-1,-1,-7,2,edgeCount
959,113,161,graphml/Deltacom.graphml,2,1,clustered,0.6;-0.3,14,14,14,0,0,14,0,14,14,0,0,edgeCount
958,113,161,graphml/Deltacom.graphml,2,1,clustered,0.6;-0.3,5,5,5,0,0,5,0,5,5,0,0,edgeCount
957,113,161,graphml/Deltacom.graphml,1,0,clustered,0.6;-0.3,8,8,8,0,6,8,0,8,8,0,6,edgeCount
956,113,161,graphml/Deltacom.graphml,2,1,clustered,0.6;-0.3,-1,-1,7,-8,0,-1,-8,-1,-1,-8,0,edgeCount
955,113,161,graphml/Deltacom.graphml,2,1,clustered,0.6;-0.3,27,9,9,18,0,-1,-10,-1,-1,-10,0,edgeCount
954,113,161,graphml/Deltacom.graphml,2,1,clustered,0.6;-0.3,34,54,11,23,0,34,23,34,34,23,0,edgeCount
953,113,161,graphml/Deltacom.graphml,1,0,clustered,0.6;-0.3,7,7,7,0,0,7,0,7,7,0,0,edgeCount
952,113,161,graphml/Deltacom.graphml,3,2,clustered,0.6;-0.3,7,7,7,0,0,7,0,7,7,0,0,edgeCount
951,113,161,graphml/Deltacom.graphml,1,0,clustered,0.6;-0.3,14,14,14,0,2,14,0,14,14,0,2,edgeCount
950,113,161,graphml/Deltacom.graphml,2,1,clustered,0.6;-0.3,41,15,15,26,2,41,26,41,15,26,2,edgeCount
949,113,161,graphml/Deltacom.graphml,2,1,clustered,0.6;-0.3,-1,-1,15,-16,2,-1,-16,45,21,30,2,edgeCount
948,113,161,graphml/Deltacom.graphml,2,1,clustered,0.6;-0.3,15,15,7,8,0,15,8,15,15,8,0,edgeCount
946,113,161,graphml/Deltacom.graphml,2,1,clustered,0.6;-0.3,19,19,8,11,2,19,11,9,37,1,2,edgeCount
945,113,161,graphml/Deltacom.graphml,2,1,clustered,0.6;-0.3,-1,-1,8,-9,0,-1,-9,-1,-1,-9,0,edgeCount
944,113,161,graphml/Deltacom.graphml,1,0,clustered,0.6;-0.3,3,3,3,0,0,3,0,3,3,0,0,edgeCount
943,113,161,graphml/Deltacom.graphml,2,1,clustered,0.6;-0.3,20,34,6,14,6,20,14,8,32,2,4,edgeCount
941,113,161,graphml/Deltacom.graphml,3,2,clustered,0.6;-0.3,7,7,7,0,2,7,0,47,29,40,2,edgeCount
940,113,161,graphml/Deltacom.graphml,1,0,clustered,0.6;-0.3,4,4,4,0,4,4,0,4,4,0,4,edgeCount
939,113,161,graphml/Deltacom.graphml,2,1,clustered,0.6;-0.3,-1,-1,5,-6,0,-1,-6,-1,-1,-6,0,edgeCount
936,113,161,graphml/Deltacom.graphml,2,1,clustered,0.6;-0.3,34,38,13,21,2,34,21,14,34,1,2,edgeCount
935,113,161,graphml/Deltacom.graphml,3,2,clustered,0.6;-0.3,8,8,8,0,0,8,0,8,8,0,0,edgeCount
933,113,161,graphml/Deltacom.graphml,1,0,clustered,0.6;-0.3,12,12,12,0,0,12,0,12,12,0,0,edgeCount
932,113,161,graphml/Deltacom.graphml,1,0,clustered,0.6;-0.3,6,6,6,0,0,6,0,6,6,0,0,edgeCount
931,113,161,graphml/Deltacom.graphml,2,1,clustered,0.6;-0.3,18,16,8,10,4,-1,-9,-1,-1,-9,2,edgeCount
930,113,161,graphml/Deltacom.graphml,2,1,clustered,0.6;-0.3,7,7,6,1,2,16,10,8,28,2,2,edgeCount
929,113,161,graphml/Deltacom.graphml,3,2,clustered,0.6;-0.3,18,18,6,12,0,18,12,18,18,12,0,edgeCount
928,113,161,graphml/Deltacom.graphml,3,2,clustered,0.6;-0.3,20,20,5,15,0,20,15,20,20,15,0,edgeCount
927,113,161,graphml/Deltacom.graphml,1,0,clustered,0.6;-0.3,-1,-1,14,-15,4,-1,-15,-1,-1,-15,4,edgeCount
926,113,161,graphml/Deltacom.graphml,2,1,clustered,0.6;-0.3,13,13,12,1,0,13,1,13,13,1,0,edgeCount
925,113,161,graphml/Deltacom.graphml,2,1,clustered,0.6;-0.3,3,3,3,0,0,3,0,3,3,0,0,edgeCount
924,113,161,graphml/Deltacom.graphml,1,0,clustered,0.6;-0.3,10,10,10,0,4,10,0,10,10,0,4,edgeCount
923,113,161,graphml/Deltacom.graphml,2,1,clustered,0.6;-0.3,7,7,5,2,0,7,2,7,7,2,0,edgeCount
922,113,161,graphml/Deltacom.graphml,2,1,clustered,0.6;-0.3,38,26,12,26,0,26,14,26,26,14,0,edgeCount
920,113,161,graphml/Deltacom.graphml,2,1,clustered,0.6;-0.3,40,40,14,26,2,40,26,40,40,26,2,edgeCount
919,113,161,graphml/Deltacom.graphml,1,0,clustered,0.6;-0.3,30,30,16,14,2,-1,-17,30,30,14,2,edgeCount
918,113,161,graphml/Deltacom.graphml,2,1,clustered,0.6;-0.3,11,27,8,3,2,27,19,11,27,3,2,edgeCount
916,113,161,graphml/Deltacom.graphml,2,1,clustered,0.6;-0.3,8,8,8,0,0,8,0,8,8,0,0,edgeCount
914,113,161,graphml/Deltacom.graphml,2,1,clustered,0.6;-0.3,45,33,15,30,0,33,18,33,33,18,0,edgeCount
911,113,161,graphml/Deltacom.graphml,2,1,clustered,0.6;-0.3,39,39,9,30,2,-1,-10,-1,-1,-10,2,edgeCount
910,113,161,graphml/Deltacom.graphml,1,0,clustered,0.6;-0.3,-1,-1,15,-16,8,-1,-16,-1,-1,-16,8,edgeCount
909,113,161,graphml/Deltacom.graphml,2,1,clustered,0.6;-0.3,42,42,13,29,2,-1,-14,-1,-1,-14,2,edgeCount
908,113,161,graphml/Deltacom.graphml,2,1,clustered,0.6;-0.3,14,14,14,0,6,47,33,21,28,7,4,edgeCount
907,113,161,graphml/Deltacom.graphml,1,0,clustered,0.6;-0.3,34,34,16,18,6,-1,-17,34,34,18,6,edgeCount
906,113,161,graphml/Deltacom.graphml,2,1,clustered,0.6;-0.3,6,6,6,0,0,6,0,6,6,0,0,edgeCount
905,113,161,graphml/Deltacom.graphml,3,2,clustered,0.6;-0.3,3,3,2,1,0,3,1,3,3,1,0,edgeCount
904,113,161,graphml/Deltacom.graphml,2,1,clustered,0.6;-0.3,10,10,8,2,0,24,16,24,24,16,0,edgeCount
903,113,161,graphml/Deltacom.graphml,4,3,clustered,0.6;-0.3,14,21,5,9,0,14,9,14,14,9,0,edgeCount
902,113,161,graphml/Deltacom.graphml,3,2,clustered,0.6;-0.3,59,59,8,51,2,39,31,45,45,37,2,edgeCount
901,113,161,graphml/Deltacom.graphml,2,1,clustered,0.6;-0.3,5,5,5,0,6,5,0,15,5,10,6,edgeCount
900,113,161,graphml/Deltacom.graphml,2,1,clustered,0.6;-0.3,15,15,14,1,0,15,1,15,15,1,0,edgeCount
899,113,161,graphml/Deltacom.graphml,2,1,clustered,0.6;-0.3,5,5,5,0,0,5,0,5,5,0,0,edgeCount
898,113,161,graphml/Deltacom.graphml,4,3,clustered,0.6;-0.3,12,4,3,9,0,22,19,12,4,9,0,edgeCount
897,113,161,graphml/Deltacom.graphml,2,1,clustered,0.6;-0.3,36,18,12,24,0,12,0,12,12,0,0,edgeCount
896,113,161,graphml/Deltacom.graphml,2,1,clustered,0.6;-0.3,37,37,15,22,0,37,22,37,37,22,0,edgeCount
895,113,161,graphml/Deltacom.graphml,2,1,clustered,0.6;-0.3,39,39,8,31,4,-1,-9,30,10,22,4,edgeCount
894,113,161,graphml/Deltacom.graphml,4,3,clustered,0.6;-0.3,12,12,5,7,0,12,7,12,12,7,0,edgeCount
893,113,161,graphml/Deltacom.graphml,1,0,clustered,0.6;-0.3,52,22,21,31,2,-1,-22,52,22,31,2,edgeCount
889,113,161,graphml/Deltacom.graphml,2,1,clustered,0.6;-0.3,33,21,10,23,0,21,11,21,21,11,0,edgeCount
888,113,161,graphml/Deltacom.graphml,2,1,clustered,0.6;-0.3,12,12,12,0,6,12,0,36,12,24,6,edgeCount
887,113,161,graphml/Deltacom.graphml,2,1,clustered,0.6;-0.3,57,57,19,38,2,-1,-20,55,21,36,2,edgeCount
886,113,161,graphml/Deltacom.graphml,2,1,clustered,0.6;-0.3,14,50,13,1,2,14,1,14,50,1,2,edgeCount
885,113,161,graphml/Deltacom.graphml,2,1,clustered,0.6;-0.3,8,8,8,0,6,8,0,8,8,0,6,edgeCount
883,113,161,graphml/Deltacom.graphml,2,1,clustered,0.6;-0.3,58,44,16,42,4,-1,-17,62,36,46,4,edgeCount
882,113,161,graphml/Deltacom.graphml,2,1,clustered,0.6;-0.3,16,44,13,3,2,44,31,16,44,3,2,edgeCount
881,113,161,graphml/Deltacom.graphml,3,2,clustered,0.6;-0.3,25,23,9,16,0,25,16,25,23,16,0,edgeCount
880,113,161,graphml/Deltacom.graphml,2,1,clustered,0.6;-0.3,12,8,5,7,0,-1,-6,-1,-1,-6,0,edgeCount
879,113,161,graphml/Deltacom.graphml,2,1,clustered,0.6;-0.3,-1,-1,12,-13,4,-1,-13,-1,-1,-13,4,edgeCount
877,113,161,graphml/Deltacom.graphml,1,0,clustered,0.6;-0.3,3,3,3,0,0,3,0,3,3,0,0,edgeCount
876,113,161,graphml/Deltacom.graphml,2,1,clustered,0.6;-0.3,20,20,7,13,0,20,13,20,20,13,0,edgeCount
875,113,161,graphml/Deltacom.graphml,2,1,clustered,0.6;-0.3,43,25,9,34,0,-1,-10,-1,-1,-10,0,edgeCount
874,113,161,graphml/Deltacom.graphml,2,1,clustered,0.6;-0.3,8,8,8,0,0,8,0,8,8,0,0,edgeCount
873,113,161,graphml/Deltacom.graphml,2,1,clustered,0.6;-0.3,23,37,7,16,0,23,16,23,23,16,0,edgeCount
870,113,161,graphml/Deltacom.graphml,3,2,clustered,0.6;-0.3,23,23,7,16,0,23,16,23,23,16,0,edgeCount
869,113,161,graphml/Deltacom.graphml,1,0,clustered,0.6;-0.3,15,17,6,9,4,-1,-7,15,17,9,4,edgeCount
868,113,161,graphml/Deltacom.graphml,3,2,clustered,0.6;-0.3,43,47,6,37,0,-1,-7,-1,-1,-7,0,edgeCount
867,113,161,graphml/Deltacom.graphml,2,1,clustered,0.6;-0.3,7,7,7,0,0,7,0,7,7,0,0,edgeCount
866,113,161,graphml/Deltacom.graphml,2,1,clustered,0.6;-0.3,4,4,4,0,0,4,0,4,4,0,0,edgeCount
865,113,161,graphml/Deltacom.graphml,1,0,clustered,0.6;-0.3,32,32,11,21,2,-1,-12,32,32,21,2,edgeCount
864,113,161,graphml/Deltacom.graphml,2,1,clustered,0.6;-0.3,5,5,5,0,0,5,0,5,5,0,0,edgeCount
863,113,161,graphml/Deltacom.graphml,2,1,clustered,0.6;-0.3,7,7,5,2,0,7,2,7,7,2,0,edgeCount
860,113,161,graphml/Deltacom.graphml,2,1,clustered,0.6;-0.3,23,43,9,14,4,23,14,25,25,16,4,edgeCount
859,113,161,graphml/Deltacom.graphml,2,1,clustered,0.6;-0.3,9,9,5,4,0,17,12,17,17,12,0,edgeCount
858,113,161,graphml/Deltacom.graphml,2,1,clustered,0.6;-0.3,4,4,4,0,0,4,0,4,4,0,0,edgeCount
857,113,161,graphml/Deltacom.graphml,2,1,clustered,0.6;-0.3,18,30,7,11,2,-1,-8,-1,-1,-8,2,edgeCount
855,113,161,graphml/Deltacom.graphml,2,1,clustered,0.6;-0.3,12,12,10,2,0,12,2,12,12,2,0,edgeCount
854,113,161,graphml/Deltacom.graphml,1,0,clustered,0.6;-0.3,5,5,5,0,4,5,0,5,5,0,4,edgeCount
853,113,161,graphml/Deltacom.graphml,3,2,clustered,0.6;-0.3,59,35,15,44,4,-1,-16,59,35,44,4,edgeCount
850,113,161,graphml/Deltacom.graphml,2,1,clustered,0.6;-0.3,7,7,7,0,0,7,0,7,7,0,0,edgeCount
848,113,161,graphml/Deltacom.graphml,1,0,clustered,0.6;-0.3,34,16,16,18,2,-1,-17,34,16,18,2,edgeCount
847,113,161,graphml/Deltacom.graphml,3,2,clustered,0.6;-0.3,16,19,5,11,4,16,11,5,5,0,4,edgeCount
846,113,161,graphml/Deltacom.graphml,3,2,clustered,0.6;-0.3,25,25,9,16,0,25,16,25,25,16,0,edgeCount
844,113,161,graphml/Deltacom.graphml,2,1,clustered,0.6;-0.3,44,44,13,31,0,44,31,44,44,31,0,edgeCount
843,113,161,graphml/Deltacom.graphml,3,2,clustered,0.6;-0.3,10,32,9,1,4,10,1,10,32,1,4,edgeCount
842,113,161,graphml/Deltacom.graphml,2,1,clustered,0.6;-0.3,11,11,10,1,2,30,20,12,38,2,2,edgeCount
841,113,161,graphml/Deltacom.graphml,2,1,clustered,0.6;-0.3,3,3,3,0,0,3,0,3,3,0,0,edgeCount
840,113,161,graphml/Deltacom.graphml,2,1,clustered,0.6;-0.3,19,35,7,12,2,19,12,19,19,12,2,edgeCount
839,113,161,graphml/Deltacom.graphml,2,1,clustered,0.6;-0.3,5,5,5,0,0,11,6,11,11,6,0,edgeCount
838,113,161,graphml/Deltacom.graphml,2,1,clustered,0.6;-0.3,13,13,13,0,0,13,0,13,13,0,0,edgeCount
837,113,161,graphml/Deltacom.graphml,3,2,clustered,0.6;-0.3,7,7,7,0,0,7,0,7,7,0,0,edgeCount
836,113,161,graphml/Deltacom.graphml,2,1,clustered,0.6;-0.3,10,14,10,0,4,10,0,12,14,2,2,edgeCount
835,113,161,graphml/Deltacom.graphml,3,2,clustered,0.6;-0.3,4,4,4,0,2,4,0,4,4,0,2,edgeCount
833,113,161,graphml/Deltacom.graphml,2,1,clustered,0.6;-0.3,6,24,6,0,4,14,8,14,46,8,4,edgeCount
831,113,161,graphml/Deltacom.graphml,2,1,clustered,0.6;-0.3,22,22,6,16,6,-1,-7,-1,-1,-7,6,edgeCount
830,113,161,graphml/Deltacom.graphml,2,1,clustered,0.6;-0.3,10,30,5,5,0,10,5,10,10,5,0,edgeCount
829,113,161,graphml/Deltacom.graphml,2,1,clustered,0.6;-0.3,22,24,6,16,4,-1,-7,40,14,34,4,edgeCount
828,113,161,graphml/Deltacom.graphml,1,0,clustered,0.6;-0.3,10,10,10,0,2,10,0,10,10,0,2,edgeCount
827,113,161,graphml/Deltacom.graphml,4,3,clustered,0.6;-0.3,2,2,2,0,0,2,0,2,2,0,0,edgeCount
826,113,161,graphml/Deltacom.graphml,2,1,clustered,0.6;-0.3,46,32,11,35,4,-1,-12,29,13,18,4,edgeCount
822,113,161,graphml/Deltacom.graphml,1,0,clustered,0.6;-0.3,17,17,17,0,0,17,0,17,17,0,0,edgeCount
821,113,161,graphml/Deltacom.graphml,2,1,clustered,0.6;-0.3,-1,-1,12,-13,0,-1,-13,-1,-1,-13,0,edgeCount
820,113,161,graphml/Deltacom.graphml,1,0,clustered,0.6;-0.3,2,2,2,0,2,2,0,2,2,0,2,edgeCount
819,113,161,graphml/Deltacom.graphml,2,1,clustered,0.6;-0.3,5,5,5,0,0,15,10,15,15,10,0,edgeCount
818,113,161,graphml/Deltacom.graphml,3,2,clustered,0.6;-0.3,5,5,5,0,0,5,0,5,5,0,0,edgeCount
817,113,161,graphml/Deltacom.graphml,1,0,clustered,0.6;-0.3,59,59,22,37,2,-1,-23,59,59,37,2,edgeCount
816,113,161,graphml/Deltacom.graphml,2,1,clustered,0.6;-0.3,10,10,9,1,0,10,1,10,10,1,0,edgeCount
815,113,161,graphml/Deltacom.graphml,1,0,clustered,0.6;-0.3,7,7,7,0,0,7,0,7,7,0,0,edgeCount
814,113,161,graphml/Deltacom.graphml,1,0,clustered,0.6;-0.3,8,8,8,0,0,8,0,8,8,0,0,edgeCount
813,113,161,graphml/Deltacom.graphml,4,3,clustered,0.6;-0.3,31,46,8,23,2,55,47,43,67,35,2,edgeCount
812,113,161,graphml/Deltacom.graphml,1,0,clustered,0.6;-0.3,4,4,4,0,4,4,0,4,4,0,4,edgeCount
811,113,161,graphml/Deltacom.graphml,4,3,clustered,0.6;-0.3,7,7,6,1,0,7,1,7,7,1,0,edgeCount
810,113,161,graphml/Deltacom.graphml,3,2,clustered,0.6;-0.3,5,5,5,0,4,5,0,5,49,0,4,edgeCount
809,113,161,graphml/Deltacom.graphml,2,1,clustered,0.6;-0.3,8,8,8,0,0,8,0,8,8,0,0,edgeCount
808,113,161,graphml/Deltacom.graphml,2,1,clustered,0.6;-0.3,-1,-1,12,-13,2,-1,-13,32,12,20,2,edgeCount
807,113,161,graphml/Deltacom.graphml,3,2,clustered,0.6;-0.3,2,2,2,0,0,2,0,2,2,0,0,edgeCount
806,113,161,graphml/Deltacom.graphml,2,1,clustered,0.6;-0.3,26,26,8,18,2,26,18,26,26,18,2,edgeCount
805,113,161,graphml/Deltacom.graphml,2,1,clustered,0.6;-0.3,10,10,10,0,0,28,18,10,10,0,0,edgeCount
804,113,161,graphml/Deltacom.graphml,4,3,clustered,0.6;-0.3,7,7,7,0,0,7,0,7,7,0,0,edgeCount
803,113,161,graphml/Deltacom.graphml,3,2,clustered,0.6;-0.3,25,7,6,19,0,23,17,23,13,17,0,edgeCount
802,113,161,graphml/Deltacom.graphml,1,0,clustered,0.6;-0.3,27,27,9,18,2,-1,-10,27,27,18,2,edgeCount
801,113,161,graphml/Deltacom.graphml,3,2,clustered,0.6;-0.3,2,2,2,0,0,2,0,2,2,0,0,edgeCount
800,113,161,graphml/Deltacom.graphml,1,0,clustered,0.6;-0.3,20,20,20,0,0,20,0,20,20,0,0,edgeCount
799,113,161,graphml/Deltacom.graphml,3,2,clustered,0.6;-0.3,9,9,9,0,0,9,0,9,9,0,0,edgeCount
798,113,161,graphml/Deltacom.graphml,3,2,clustered,0.6;-0.3,7,7,7,0,0,7,0,7,7,0,0,edgeCount
797,113,161,graphml/Deltacom.graphml,2,1,clustered,0.6;-0.3,-1,-1,7,-8,0,-1,-8,-1,-1,-8,0,edgeCount
795,113,161,graphml/Deltacom.graphml,3,2,clustered,0.6;-0.3,5,5,5,0,0,5,0,5,5,0,0,edgeCount
794,113,161,graphml/Deltacom.graphml,1,0,clustered,0.6;-0.3,7,7,7,0,0,7,0,7,7,0,0,edgeCount
793,113,161,graphml/Deltacom.graphml,4,3,clustered,0.6;-0.3,9,17,4,5,0,9,5,9,17,5,0,edgeCount
791,113,161,graphml/Deltacom.graphml,2,1,clustered,0.6;-0.3,5,5,4,1,0,5,1,5,5,1,0,edgeCount
790,113,161,graphml/Deltacom.graphml,2,1,clustered,0.6;-0.3,6,6,6,0,0,6,0,6,6,0,0,edgeCount
788,113,161,graphml/Deltacom.graphml,2,1,clustered,0.6;-0.3,15,15,6,9,2,15,9,17,17,11,2,edgeCount
787,113,161,graphml/Deltacom.graphml,2,1,clustered,0.6;-0.3,14,14,14,0,6,-1,-15,19,32,5,6,edgeCount
786,113,161,graphml/Deltacom.graphml,2,1,clustered,0.6;-0.3,31,31,11,20,0,31,20,31,31,20,0,edgeCount
785,113,161,graphml/Deltacom.graphml,2,1,clustered,0.6;-0.3,36,36,14,22,0,34,20,34,34,20,0,edgeCount
783,113,161,graphml/Deltacom.graphml,2,1,clustered,0.6;-0.3,31,11,11,20,0,11,0,11,11,0,0,edgeCount
782,113,161,graphml/Deltacom.graphml,1,0,clustered,0.6;-0.3,16,16,16,0,2,16,0,16,16,0,2,edgeCount
781,113,161,graphml/Deltacom.graphml,2,1,clustered,0.6;-0.3,-1,-1,20,-21,2,-1,-21,-1,-1,-21,2,edgeCount
779,113,161,graphml/Deltacom.graphml,1,0,clustered,0.6;-0.3,13,13,13,0,0,13,0,13,13,0,0,edgeCount
778,113,161,graphml/Deltacom.graphml,2,1,clustered,0.6;-0.3,41,41,17,24,0,41,24,41,41,24,0,edgeCount
777,113,161,graphml/Deltacom.graphml,2,1,clustered,0.6;-0.3,-1,-1,10,-11,0,-1,-11,-1,-1,-11,0,edgeCount
776,113,161,graphml/Deltacom.graphml,1,0,clustered,0.6;-0.3,4,4,4,0,0,4,0,4,4,0,0,edgeCount
775,113,161,graphml/Deltacom.graphml,2,1,clustered,0.6;-0.3,7,29,7,0,0,7,0,7,7,0,0,edgeCount
774,113,161,graphml/Deltacom.graphml,2,1,clustered,0.6;-0.3,32,32,11,21,0,32,21,32,32,21,0,edgeCount
772,113,161,graphml/Deltacom.graphml,2,1,clustered,0.6;-0.3,6,6,6,0,0,6,0,6,6,0,0,edgeCount
771,113,161,graphml/Deltacom.graphml,4,3,clustered,0.6;-0.3,63,63,11,52,0,63,52,63,63,52,0,edgeCount
770,113,161,graphml/Deltacom.graphml,2,1,clustered,0.6;-0.3,-1,-1,10,-11,0,-1,-11,-1,-1,-11,0,edgeCount
769,113,161,graphml/Deltacom.graphml,2,1,clustered,0.6;-0.3,19,23,9,10,4,-1,-10,36,14,27,4,edgeCount
768,113,161,graphml/Deltacom.graphml,2,1,clustered,0.6;-0.3,5,5,5,0,2,10,5,6,10,1,2,edgeCount
767,113,161,graphml/Deltacom.graphml,3,2,clustered,0.6;-0.3,3,3,2,1,0,3,1,3,3,1,0,edgeCount
765,113,161,graphml/Deltacom.graphml,1,0,clustered,0.6;-0.3,6,6,6,0,4,6,0,6,6,0,4,edgeCount
764,113,161,graphml/Deltacom.graphml,1,0,clustered,0.6;-0.3,12,12,12,0,6,12,0,12,12,0,6,edgeCount
763,113,161,graphml/Deltacom.graphml,2,1,clustered,0.6;-0.3,-1,-1,13,-14,0,-1,-14,-1,-1,-14,0,edgeCount
762,113,161,graphml/Deltacom.graphml,1,0,clustered,0.6;-0.3,9,9,9,0,0,9,0,9,9,0,0,edgeCount
758,113,161,graphml/Deltacom.graphml,2,1,clustered,0.6;-0.3,50,50,16,34,0,46,30,46,46,30,0,edgeCount
757,113,161,graphml/Deltacom.graphml,3,2,clustered,0.6;-0.3,5,5,5,0,0,5,0,5,5,0,0,edgeCount
755,113,161,graphml/Deltacom.graphml,1,0,clustered,0.6;-0.3,5,5,5,0,0,5,0,5,5,0,0,edgeCount
754,113,161,graphml/Deltacom.graphml,2,1,clustered,0.6;-0.3,23,23,9,14,0,9,0,23,23,14,0,edgeCount
753,113,161,graphml/Deltacom.graphml,1,0,clustered,0.6;-0.3,7,7,7,0,0,7,0,7,7,0,0,edgeCount
752,113,161,graphml/Deltacom.graphml,2,1,clustered,0.6;-0.3,26,56,8,18,0,26,18,26,26,18,0,edgeCount
750,113,161,graphml/Deltacom.graphml,2,1,clustered,0.6;-0.3,6,6,6,0,0,6,0,6,6,0,0,edgeCount
749,113,161,graphml/Deltacom.graphml,1,0,clustered,0.6;-0.3,13,13,13,0,0,13,0,13,13,0,0,edgeCount
748,113,161,graphml/Deltacom.graphml,2,1,clustered,0.6;-0.3,17,17,17,0,0,17,0,17,17,0,0,edgeCount
746,113,161,graphml/Deltacom.graphml,2,1,clustered,0.6;-0.3,3,3,3,0,4,3,0,3,3,0,4,edgeCount
745,113,161,graphml/Deltacom.graphml,2,1,clustered,0.6;-0.3,-1,-1,13,-14,6,-1,-14,-1,-1,-14,6,edgeCount
744,113,161,graphml/Deltacom.graphml,2,1,clustered,0.6;-0.3,13,13,13,0,2,13,0,13,13,0,2,edgeCount
743,113,161,graphml/Deltacom.graphml,2,1,clustered,0.6;-0.3,9,9,9,0,0,9,0,9,9,0,0,edgeCount
742,113,161,graphml/Deltacom.graphml,2,1,clustered,0.6;-0.3,49,39,12,37,2,-1,-13,49,13,37,2,edgeCount
741,113,161,graphml/Deltacom.graphml,3,2,clustered,0.6;-0.3,3,5,3,0,0,5,2,3,5,0,0,edgeCount
740,113,161,graphml/Deltacom.graphml,2,1,clustered,0.6;-0.3,27,27,7,20,4,27,20,11,11,4,4,edgeCount
739,113,161,graphml/Deltacom.graphml,3,2,clustered,0.6;-0.3,52,52,12,40,0,52,40,52,52,40,0,edgeCount
738,113,161,graphml/Deltacom.graphml,1,0,clustered,0.6;-0.3,7,7,7,0,0,7,0,7,7,0,0,edgeCount
737,113,161,graphml/Deltacom.graphml,3,2,clustered,0.6;-0.3,58,34,13,45,0,50,37,50,50,37,0,edgeCount
736,113,161,graphml/Deltacom.graphml,1,0,clustered,0.6;-0.3,3,3,3,0,0,3,0,3,3,0,0,edgeCount
735,113,161,graphml/Deltacom.graphml,3,2,clustered,0.6;-0.3,-1,-1,6,-7,0,-1,-7,-1,-1,-7,0,edgeCount
734,113,161,graphml/Deltacom.graphml,2,1,clustered,0.6;-0.3,7,7,7,0,4,7,0,10,29,3,2,edgeCount
733,113,161,graphml/Deltacom.graphml,2,1,clustered,0.6;-0.3,6,6,6,0,0,6,0,6,6,0,0,edgeCount
731,113,161,graphml/Deltacom.graphml,3,2,clustered,0.6;-0.3,7,7,5,2,2,7,2,5,5,0,2,edgeCount
730,113,161,graphml/Deltacom.graphml,3,2,clustered,0.6;-0.3,5,5,3,2,0,5,2,5,5,2,0,edgeCount
729,113,161,graphml/Deltacom.graphml,2,1,clustered,0.6;-0.3,18,36,8,10,0,18,10,18,18,10,0,edgeCount
728,113,161,graphml/Deltacom.graphml,2,1,clustered,0.6;-0.3,4,4,4,0,2,4,0,4,4,0,2,edgeCount
727,113,161,graphml/Deltacom.graphml,2,1,clustered,0.6;-0.3,4,4,4,0,2,4,0,4,12,0,2,edgeCount
726,113,161,graphml/Deltacom.graphml,1,0,clustered,0.6;-0.3,11,11,7,4,4,-1,-8,11,11,4,4,edgeCount
725,113,161,graphml/Deltacom.graphml,2,1,clustered,0.6;-0.3,42,42,16,26,0,42,26,42,42,26,0,edgeCount
724,113,161,graphml/Deltacom.graphml,2,1,clustered,0.6;-0.3,7,7,7,0,6,7,0,21,19,14,4,edgeCount
722,113,161,graphml/Deltacom.graphml,2,1,clustered,0.6;-0.3,15,15,13,2,0,15,2,15,15,2,0,edgeCount
720,113,161,graphml/Deltacom.graphml,2,1,clustered,0.6;-0.3,5,5,5,0,6,5,0,5,5,0,6,edgeCount
719,113,161,graphml/Deltacom.graphml,3,2,clustered,0.6;-0.3,25,24,5,20,4,43,38,25,24,20,4,edgeCount
718,113,161,graphml/Deltacom.graphml,2,1,clustered,0.6;-0.3,11,11,11,0,0,11,0,11,11,0,0,edgeCount
717,113,161,graphml/Deltacom.graphml,2,1,clustered,0.6;-0.3,18,16,8,10,0,-1,-9,-1,-1,-9,0,edgeCount
716,113,161,graphml/Deltacom.graphml,2,1,clustered,0.6;-0.3,8,22,4,4,0,8,4,8,8,4,0,edgeCount
714,113,161,graphml/Deltacom.graphml,2,1,clustered,0.6;-0.3,39,39,14,25,0,35,21,35,35,21,0,edgeCount
713,113,161,graphml/Deltacom.graphml,2,1,clustered,0.6;-0.3,-1,-1,11,-12,0,-1,-12,-1,-1,-12,0,edgeCount
712,113,161,graphml/Deltacom.graphml,2,1,clustered,0.6;-0.3,7,7,7,0,2,7,0,23,33,16,2,edgeCount
711,113,161,graphml/Deltacom.graphml,2,1,clustered,0.6;-0.3,9,9,7,2,2,9,2,25,9,18,2,edgeCount
710,113,161,graphml/Deltacom.graphml,3,2,clustered,0.6;-0.3,18,18,6,12,4,18,12,7,7,1,2,edgeCount
708,113,161,graphml/Deltacom.graphml,2,1,clustered,0.6;-0.3,4,6,4,0,0,4,0,4,6,0,0,edgeCount
707,113,161,graphml/Deltacom.graphml,3,2,clustered,0.6;-0.3,18,18,4,14,0,16,12,16,16,12,0,edgeCount
706,113,161,graphml/Deltacom.graphml,2,1,clustered,0.6;-0.3,6,6,6,0,4,6,0,16,20,10,4,edgeCount
704,113,161,graphml/Deltacom.graphml,2,1,clustered,0.6;-0.3,51,51,18,33,0,47,29,47,47,29,0,edgeCount
703,113,161,graphml/Deltacom.graphml,2,1,clustered,0.6;-0.3,6,6,6,0,0,6,0,6,6,0,0,edgeCount
702,113,161,graphml/Deltacom.graphml,2,1,clustered,0.6;-0.3,31,31,11,20,0,11,0,31,31,20,0,edgeCount
701,113,161,graphml/Deltacom.graphml,4,3,clustered,0.6;-0.3,26,26,8,18,0,26,18,26,26,18,0,edgeCount
699,113,161,graphml/Deltacom.graphml,2,1,clustered,0.6;-0.3,23,23,11,12,0,-1,-12,-1,-1,-12,0,edgeCount
698,113,161,graphml/Deltacom.graphml,2,1,clustered,0.6;-0.3,6,6,6,0,0,6,0,6,6,0,0,edgeCount
697,113,161,graphml/Deltacom.graphml,2,1,clustered,0.6;-0.3,41,27,9,32,2,-1,-10,40,24,31,2,edgeCount
696,113,161,graphml/Deltacom.graphml,2,1,clustered,0.6;-0.3,7,7,7,0,2,7,0,25,7,18,2,edgeCount
695,113,161,graphml/Deltacom.graphml,3,2,clustered,0.6;-0.3,22,22,7,15,0,22,15,22,22,15,0,edgeCount
694,113,161,graphml/Deltacom.graphml,2,1,clustered,0.6;-0.3,13,13,13,0,0,13,0,13,13,0,0,edgeCount
693,113,161,graphml/Deltacom.graphml,4,3,clustered,0.6;-0.3,7,7,5,2,0,7,2,7,7,2,0,edgeCount
692,113,161,graphml/Deltacom.graphml,3,2,clustered,0.6;-0.3,10,40,6,4,2,10,4,22,10,16,2,edgeCount
691,113,161,graphml/Deltacom.graphml,1,0,clustered,0.6;-0.3,11,29,7,4,8,-1,-8,11,29,4,8,edgeCount
690,113,161,graphml/Deltacom.graphml,2,1,clustered,0.6;-0.3,30,30,12,18,0,30,18,30,30,18,0,edgeCount
689,113,161,graphml/Deltacom.graphml,2,1,clustered,0.6;-0.3,5,5,5,0,0,5,0,5,5,0,0,edgeCount
688,113,161,graphml/Deltacom.graphml,2,1,clustered,0.6;-0.3,11,11,10,1,0,11,1,11,11,1,0,edgeCount
685,113,161,graphml/Deltacom.graphml,1,0,clustered,0.6;-0.3,9,9,9,0,0,9,0,9,9,0,0,edgeCount
684,113,161,graphml/Deltacom.graphml,2,1,clustered,0.6;-0.3,5,5,5,0,0,5,0,5,5,0,0,edgeCount
683,113,161,graphml/Deltacom.graphml,2,1,clustered,0.6;-0.3,36,30,10,26,4,-1,-11,-1,-1,-11,2,edgeCount
681,113,161,graphml/Deltacom.graphml,2,1,clustered,0.6;-0.3,44,44,15,29,0,40,25,40,40,25,0,edgeCount
680,113,161,graphml/Deltacom.graphml,1,0,clustered,0.6;-0.3,18,18,18,0,0,18,0,18,18,0,0,edgeCount
679,113,161,graphml/Deltacom.graphml,3,2,clustered,0.6;-0.3,4,4,4,0,0,4,0,4,4,0,0,edgeCount
676,113,161,graphml/Deltacom.graphml,2,1,clustered,0.6;-0.3,33,33,14,19,0,33,19,33,33,19,0,edgeCount
675,113,161,graphml/Deltacom.graphml,2,1,clustered,0.6;-0.3,28,60,9,19,2,10,1,10,13,1,2,edgeCount
673,113,161,graphml/Deltacom.graphml,1,0,clustered,0.6;-0.3,7,7,7,0,0,7,0,7,7,0,0,edgeCount
672,113,161,graphml/Deltacom.graphml,2,1,clustered,0.6;-0.3,-1,-1,9,-10,4,-1,-10,-1,-1,-10,4,edgeCount
670,113,161,graphml/Deltacom.graphml,1,0,clustered,0.6;-0.3,6,6,6,0,4,6,0,6,6,0,4,edgeCount
669,113,161,graphml/Deltacom.graphml,1,0,clustered,0.6;-0.3,-1,-1,8,-9,6,-1,-9,-1,-1,-9,6,edgeCount
668,113,161,graphml/Deltacom.graphml,3,2,clustered,0.6;-0.3,9,25,3,6,0,-1,-4,-1,-1,-4,0,edgeCount
667,113,161,graphml/Deltacom.graphml,4,3,clustered,0.6;-0.3,67,87,8,59,0,67,59,67,67,59,0,edgeCount
666,113,161,graphml/Deltacom.graphml,2,1,clustered,0.6;-0.3,17,17,16,1,0,17,1,17,17,1,0,edgeCount
663,113,161,graphml/Deltacom.graphml,2,1,clustered,0.6;-0.3,16,6,6,10,0,-1,-7,16,6,10,0,edgeCount
661,113,161,graphml/Deltacom.graphml,2,1,clustered,0.6;-0.3,17,17,9,8,2,17,8,9,17,0,2,edgeCount
660,113,161,graphml/Deltacom.graphml,2,1,clustered,0.6;-0.3,21,29,8,13,2,21,13,9,9,1,2,edgeCount
659,113,161,graphml/Deltacom.graphml,2,1,clustered,0.6;-0.3,-1,-1,18,-19,0,-1,-19,-1,-1,-19,0,edgeCount
658,113,161,graphml/Deltacom.graphml,2,1,clustered,0.6;-0.3,46,38,13,33,6,-1,-14,53,27,40,6,edgeCount
656,113,161,graphml/Deltacom.graphml,2,1,clustered,0.6;-0.3,10,4,4,6,0,4,0,4,4,0,0,edgeCount
655,113,161,graphml/Deltacom.graphml,2,1,clustered,0.6;-0.3,2,2,2,0,0,2,0,2,2,0,0,edgeCount
654,113,161,graphml/Deltacom.graphml,2,1,clustered,0.6;-0.3,-1,-1,9,-10,0,-1,-10,-1,-1,-10,0,edgeCount
653,113,161,graphml/Deltacom.graphml,2,1,clustered,0.6;-0.3,6,6,6,0,4,6,0,6,16,0,4,edgeCount
652,113,161,graphml/Deltacom.graphml,3,2,clustered,0.6;-0.3,21,21,8,13,2,21,13,9,10,1,2,edgeCount
648,113,161,graphml/Deltacom.graphml,2,1,clustered,0.6;-0.3,7,7,7,0,0,7,0,7,7,0,0,edgeCount
647,113,161,graphml/Deltacom.graphml,2,1,clustered,0.6;-0.3,6,6,6,0,0,6,0,6,6,0,0,edgeCount
645,113,161,graphml/Deltacom.graphml,4,3,clustered,0.6;-0.3,82,82,12,70,2,-1,-13,81,55,69,2,edgeCount
644,113,161,graphml/Deltacom.graphml,2,1,clustered,0.6;-0.3,10,10,10,0,2,10,0,10,10,0,2,edgeCount
643,113,161,graphml/Deltacom.graphml,2,1,clustered,0.6;-0.3,-1,-1,11,-12,2,-1,-12,-1,-1,-12,2,edgeCount
642,113,161,graphml/Deltacom.graphml,2,1,clustered,0.6;-0.3,5,5,5,0,0,5,0,5,5,0,0,edgeCount
640,113,161,graphml/Deltacom.graphml,2,1,clustered,0.6;-0.3,10,10,10,0,0,10,0,10,10,0,0,edgeCount
639,113,161,graphml/Deltacom.graphml,2,1,clustered,0.6;-0.3,12,12,12,0,0,12,0,12,12,0,0,edgeCount
638,113,161,graphml/Deltacom.graphml,2,1,clustered,0.6;-0.3,36,36,15,21,0,34,19,34,34,19,0,edgeCount
637,113,161,graphml/Deltacom.graphml,3,2,clustered,0.6;-0.3,8,8,6,2,0,8,2,8,8,2,0,edgeCount
636,113,161,graphml/Deltacom.graphml,2,1,clustered,0.6;-0.3,4,4,4,0,0,10,6,4,4,0,0,edgeCount
633,113,161,graphml/Deltacom.graphml,2,1,clustered,0.6;-0.3,4,4,4,0,0,4,0,4,4,0,0,edgeCount
632,113,161,graphml/Deltacom.graphml,2,1,clustered,0.6;-0.3,9,9,9,0,2,9,0,29,39,20,2,edgeCount
631,113,161,graphml/Deltacom.graphml,4,3,clustered,0.6;-0.3,62,62,12,50,2,-1,-13,62,62,50,2,edgeCount
630,113,161,graphml/Deltacom.graphml,2,1,clustered,0.6;-0.3,4,4,4,0,0,4,0,4,4,0,0,edgeCount
629,113,161,graphml/Deltacom.graphml,2,1,clustered,0.6;-0.3,8,8,8,0,0,8,0,8,8,0,0,edgeCount
628,113,161,graphml/Deltacom.graphml,2,1,clustered,0.6;-0.3,10,10,10,0,0,10,0,10,10,0,0,edgeCount
627,113,161,graphml/Deltacom.graphml,2,1,clustered,0.6;-0.3,20,54,7,13,4,20,13,10,50,3,4,edgeCount
626,113,161,graphml/Deltacom.graphml,1,0,clustered,0.6;-0.3,7,7,7,0,6,7,0,7,7,0,6,edgeCount
625,113,161,graphml/Deltacom.graphml,1,0,clustered,0.6;-0.3,32,24,15,17,4,-1,-16,32,24,17,4,edgeCount
624,113,161,graphml/Deltacom.graphml,2,1,clustered,0.6;-0.3,-1,-1,10,-11,2,-1,-11,32,12,22,2,edgeCount
623,113,161,graphml/Deltacom.graphml,1,0,clustered,0.6;-0.3,2,2,2,0,0,2,0,2,2,0,0,edgeCount
622,113,161,graphml/Deltacom.graphml,2,1,clustered,0.6;-0.3,27,27,8,19,0,21,13,21,21,13,0,edgeCount
621,113,161,graphml/Deltacom.graphml,2,1,clustered,0.6;-0.3,9,9,9,0,2,9,0,9,9,0,2,edgeCount
620,113,161,graphml/Deltacom.graphml,4,3,clustered,0.6;-0.3,6,6,6,0,0,6,0,6,6,0,0,edgeCount
619,113,161,graphml/Deltacom.graphml,2,1,clustered,0.6;-0.3,73,73,21,52,4,-1,-22,78,28,57,4,edgeCount
616,113,161,graphml/Deltacom.graphml,2,1,clustered,0.6;-0.3,-1,-1,9,-10,4,-1,-10,-1,-1,-10,4,edgeCount
614,113,161,graphml/Deltacom.graphml,2,1,clustered,0.6;-0.3,-1,-1,11,-12,0,-1,-12,-1,-1,-12,0,edgeCount
613,113,161,graphml/Deltacom.graphml,2,1,clustered,0.6;-0.3,24,24,10,14,0,20,10,20,20,10,0,edgeCount
612,113,161,graphml/Deltacom.graphml,2,1,clustered,0.6;-0.3,5,5,5,0,0,5,0,5,5,0,0,edgeCount
611,113,161,graphml/Deltacom.graphml,2,1,clustered,0.6;-0.3,10,10,9,1,2,10,1,10,10,1,2,edgeCount
609,113,161,graphml/Deltacom.graphml,2,1,clustered,0.6;-0.3,33,33,13,20,0,33,20,33,33,20,0,edgeCount
608,113,161,graphml/Deltacom.graphml,1,0,clustered,0.6;-0.3,8,8,8,0,2,8,0,8,8,0,2,edgeCount
606,113,161,graphml/Deltacom.graphml,2,1,clustered,0.6;-0.3,4,4,4,0,2,-1,-5,12,4,8,2,edgeCount
605,113,161,graphml/Deltacom.graphml,3,2,clustered,0.6;-0.3,52,30,10,42,0,46,36,46,46,36,0,edgeCount
604,113,161,graphml/Deltacom.graphml,2,1,clustered,0.6;-0.3,33,11,11,22,0,25,14,25,25,14,0,edgeCount
603,113,161,graphml/Deltacom.graphml,2,1,clustered,0.6;-0.3,9,9,9,0,0,9,0,9,9,0,0,edgeCount
601,113,161,graphml/Deltacom.graphml,2,1,clustered,0.6;-0.3,20,20,7,13,0,20,13,20,20,13,0,edgeCount
600,113,161,graphml/Deltacom.graphml,2,1,clustered,0.6;-0.3,29,29,7,22,0,-1,-8,-1,-1,-8,0,edgeCount
599,113,161,graphml/Deltacom.graphml,2,1,clustered,0.6;-0.3,13,13,13,0,0,13,0,13,13,0,0,edgeCount
598,113,161,graphml/Deltacom.graphml,1,0,clustered,0.6;-0.3,44,44,18,26,4,-1,-19,44,44,26,4,edgeCount
597,113,161,graphml/Deltacom.graphml,4,3,clustered,0.6;-0.3,26,26,7,19,0,26,19,26,26,19,0,edgeCount
596,113,161,graphml/Deltacom.graphml,2,1,clustered,0.6;-0.3,6,6,6,0,6,6,0,6,6,0,6,edgeCount
595,113,161,graphml/Deltacom.graphml,3,2,clustered,0.6;-0.3,6,6,5,1,0,6,1,6,6,1,0,edgeCount
594,113,161,graphml/Deltacom.graphml,1,0,clustered,0.6;-0.3,11,11,11,0,0,11,0,11,11,0,0,edgeCount
593,113,161,graphml/Deltacom.graphml,3,2,clustered,0.6;-0.3,25,25,8,17,0,35,27,35,35,27,0,edgeCount
592,113,161,graphml/Deltacom.graphml,2,1,clustered,0.6;-0.3,42,42,16,26,0,42,26,42,42,26,0,edgeCount
590,113,161,graphml/Deltacom.graphml,2,1,clustered,0.6;-0.3,50,20,18,32,0,48,30,48,48,30,0,edgeCount
589,113,161,graphml/Deltacom.graphml,1,0,clustered,0.6;-0.3,-1,-1,14,-15,0,-1,-15,-1,-1,-15,0,edgeCount
588,113,161,graphml/Deltacom.graphml,2,1,clustered,0.6;-0.3,4,4,4,0,0,4,0,4,4,0,0,edgeCount
587,113,161,graphml/Deltacom.graphml,3,2,clustered,0.6;-0.3,16,4,3,13,0,-1,-4,16,4,13,0,edgeCount
586,113,161,graphml/Deltacom.graphml,3,2,clustered,0.6;-0.3,17,27,9,8,0,-1,-10,-1,-1,-10,0,edgeCount
585,113,161,graphml/Deltacom.graphml,2,1,clustered,0.6;-0.3,56,34,14,42,0,34,20,34,34,20,0,edgeCount
584,113,161,graphml/Deltacom.graphml,3,2,clustered,0.6;-0.3,8,8,5,3,2,8,3,8,34,3,2,edgeCount
582,113,161,graphml/Deltacom.graphml,2,1,clustered,0.6;-0.3,14,14,14,0,4,-1,-15,40,14,26,2,edgeCount
581,113,161,graphml/Deltacom.graphml,2,1,clustered,0.6;-0.3,12,12,12,0,0,12,0,12,12,0,0,edgeCount
580,113,161,graphml/Deltacom.graphml,3,2,clustered,0.6;-0.3,32,32,8,24,4,32,24,32,32,24,4,edgeCount
579,113,161,graphml/Deltacom.graphml,1,0,clustered,0.6;-0.3,24,8,7,17,4,-1,-8,24,8,17,4,edgeCount
578,113,161,graphml/Deltacom.graphml,2,1,clustered,0.6;-0.3,5,5,5,0,0,5,0,5,5,0,0,edgeCount
577,113,161,graphml/Deltacom.graphml,1,0,clustered,0.6;-0.3,25,25,6,19,8,-1,-7,25,25,19,8,edgeCount
576,113,161,graphml/Deltacom.graphml,1,0,clustered,0.6;-0.3,6,6,6,0,0,6,0,6,6,0,0,edgeCount
575,113,161,graphml/Deltacom.graphml,1,0,clustered,0.6;-0.3,-1,-1,7,-8,0,-1,-8,-1,-1,-8,0,edgeCount
574,113,161,graphml/Deltacom.graphml,1,0,clustered,0.6;-0.3,25,25,11,14,4,-1,-12,25,25,14,4,edgeCount
573,113,161,graphml/Deltacom.graphml,2,1,clustered,0.6;-0.3,33,33,12,21,2,29,17,29,29,17,2,edgeCount
571,113,161,graphml/Deltacom.graphml,2,1,clustered,0.6;-0.3,18,6,6,12,2,6,0,18,6,12,2,edgeCount
569,113,161,graphml/Deltacom.graphml,2,1,clustered,0.6;-0.3,52,18,18,34,2,18,0,18,74,0,2,edgeCount
568,113,161,graphml/Deltacom.graphml,2,1,clustered,0.6;-0.3,22,26,9,13,6,-1,-10,25,9,16,4,edgeCount
567,113,161,graphml/Deltacom.graphml,2,1,clustered,0.6;-0.3,45,45,15,30,2,45,30,45,45,30,2,edgeCount
566,113,161,graphml/Deltacom.graphml,2,1,clustered,0.6;-0.3,60,44,16,44,2,-1,-17,65,31,49,2,edgeCount
564,113,161,graphml/Deltacom.graphml,2,1,clustered,0.6;-0.3,11,11,6,5,0,11,5,11,11,5,0,edgeCount
563,113,161,graphml/Deltacom.graphml,2,1,clustered,0.6;-0.3,5,13,5,0,0,5,0,5,5,0,0,edgeCount
562,113,161,graphml/Deltacom.graphml,1,0,clustered,0.6;-0.3,10,12,6,4,4,-1,-7,10,12,4,4,edgeCount
561,113,161,graphml/Deltacom.graphml,2,1,clustered,0.6;-0.3,35,35,9,26,4,-1,-10,10,10,1,4,edgeCount
560,113,161,graphml/Deltacom.graphml,2,1,clustered,0.6;-0.3,26,22,10,16,0,-1,-11,-1,-1,-11,0,edgeCount
556,113,161,graphml/Deltacom.graphml,2,1,clustered,0.6;-0.3,7,7,7,0,0,7,0,7,7,0,0,edgeCount
554,113,161,graphml/Deltacom.graphml,2,1,clustered,0.6;-0.3,36,36,16,20,0,34,18,34,34,18,0,edgeCount
551,113,161,graphml/Deltacom.graphml,2,1,clustered,0.6;-0.3,9,9,5,4,0,9,4,9,9,4,0,edgeCount
550,113,161,graphml/Deltacom.graphml,2,1,clustered,0.6;-0.3,-1,-1,5,-6,2,-1,-6,19,9,14,2,edgeCount
549,113,161,graphml/Deltacom.graphml,3,2,clustered,0.6;-0.3,9,9,5,4,0,9,4,9,15,4,0,edgeCount
548,113,161,graphml/Deltacom.graphml,1,0,clustered,0.6;-0.3,5,5,5,0,0,5,0,5,5,0,0,edgeCount
546,113,161,graphml/Deltacom.graphml,3,2,clustered,0.6;-0.3,8,8,8,0,0,8,0,8,8,0,0,edgeCount
545,113,161,graphml/Deltacom.graphml,1,0,clustered,0.6;-0.3,-1,-1,12,-13,2,-1,-13,-1,-1,-13,2,edgeCount
543,113,161,graphml/Deltacom.graphml,2,1,clustered,0.6;-0.3,17,17,16,1,0,17,1,17,17,1,0,edgeCount
542,113,161,graphml/Deltacom.graphml,1,0,clustered,0.6;-0.3,12,12,12,0,0,12,0,12,12,0,0,edgeCount
541,113,161,graphml/Deltacom.graphml,2,1,clustered,0.6;-0.3,42,34,15,27,6,-1,-16,41,17,26,6,edgeCount
540,113,161,graphml/Deltacom.graphml,1,0,clustered,0.6;-0.3,7,7,7,0,0,7,0,7,7,0,0,edgeCount
539,113,161,graphml/Deltacom.graphml,1,0,clustered,0.6;-0.3,20,20,11,9,2,-1,-12,20,20,9,2,edgeCount
538,113,161,graphml/Deltacom.graphml,2,1,clustered,0.6;-0.3,-1,-1,9,-10,6,-1,-10,-1,-1,-10,4,edgeCount
536,113,161,graphml/Deltacom.graphml,2,1,clustered,0.6;-0.3,56,62,16,40,4,-1,-17,58,24,42,4,edgeCount
535,113,161,graphml/Deltacom.graphml,2,1,clustered,0.6;-0.3,-1,-1,6,-7,0,-1,-7,-1,-1,-7,0,edgeCount
534,113,161,graphml/Deltacom.graphml,2,1,clustered,0.6;-0.3,40,14,14,26,4,14,0,14,14,0,4,edgeCount
533,113,161,graphml/Deltacom.graphml,2,1,clustered,0.6;-0.3,9,9,9,0,2,9,0,17,9,8,2,edgeCount
532,113,161,graphml/Deltacom.graphml,3,2,clustered,0.6;-0.3,28,28,7,21,0,-1,-8,28,28,21,0,edgeCount
531,113,161,graphml/Deltacom.graphml,2,1,clustered,0.6;-0.3,-1,-1,9,-10,4,-1,-10,-1,-1,-10,4,edgeCount
530,113,161,graphml/Deltacom.graphml,2,1,clustered,0.6;-0.3,34,34,11,23,12,-1,-12,25,19,14,12,edgeCount
529,113,161,graphml/Deltacom.graphml,2,1,clustered,0.6;-0.3,-1,-1,15,-16,2,-1,-16,-1,-1,-16,2,edgeCount
526,113,161,graphml/Deltacom.graphml,2,1,clustered,0.6;-0.3,16,26,5,11,2,6,1,6,6,1,2,edgeCount
524,113,161,graphml/Deltacom.graphml,1,0,clustered,0.6;-0.3,10,13,5,5,6,-1,-6,10,13,5,6,edgeCount
523,113,161,graphml/Deltacom.graphml,1,0,clustered,0.6;-0.3,-1,-1,8,-9,2,-1,-9,-1,-1,-9,2,edgeCount
522,113,161,graphml/Deltacom.graphml,2,1,clustered,0.6;-0.3,7,13,7,0,0,7,0,7,7,0,0,edgeCount
521,113,161,graphml/Deltacom.graphml,2,1,clustered,0.6;-0.3,9,9,9,0,2,9,0,9,9,0,2,edgeCount
519,113,161,graphml/Deltacom.graphml,2,1,clustered,0.6;-0.3,-1,-1,6,-7,0,-1,-7,-1,-1,-7,0,edgeCount
518,113,161,graphml/Deltacom.graphml,3,2,clustered,0.6;-0.3,20,20,6,14,4,20,14,7,7,1,4,edgeCount
516,113,161,graphml/Deltacom.graphml,3,2,clustered,0.6;-0.3,29,29,7,22,0,17,10,29,29,22,0,edgeCount
515,113,161,graphml/Deltacom.graphml,3,2,clustered,0.6;-0.3,6,6,4,2,0,6,2,6,6,2,0,edgeCount
514,113,161,graphml/Deltacom.graphml,1,0,clustered,0.6;-0.3,12,12,12,0,0,12,0,12,12,0,0,edgeCount
512,113,161,graphml/Deltacom.graphml,2,1,clustered,0.6;-0.3,-1,-1,8,-9,2,-1,-9,-1,-1,-9,2,edgeCount
511,113,161,graphml/Deltacom.graphml,2,1,clustered,0.6;-0.3,6,6,6,0,0,6,0,6,6,0,0,edgeCount
510,113,161,graphml/Deltacom.graphml,2,1,clustered,0.6;-0.3,7,7,7,0,0,7,0,7,7,0,0,edgeCount
509,113,161,graphml/Deltacom.graphml,2,1,clustered,0.6;-0.3,27,49,9,18,0,27,18,27,27,18,0,edgeCount
508,113,161,graphml/Deltacom.graphml,2,1,clustered,0.6;-0.3,-1,-1,6,-7,0,-1,-7,-1,-1,-7,0,edgeCount
506,113,161,graphml/Deltacom.graphml,2,1,clustered,0.6;-0.3,4,4,3,1,0,4,1,4,4,1,0,edgeCount
505,113,161,graphml/Deltacom.graphml,1,0,clustered,0.6;-0.3,38,38,16,22,2,-1,-17,38,38,22,2,edgeCount
503,113,161,graphml/Deltacom.graphml,3,2,clustered,0.6;-0.3,24,24,8,16,0,24,16,24,24,16,0,edgeCount
502,113,161,graphml/Deltacom.graphml,2,1,clustered,0.6;-0.3,41,37,11,30,4,-1,-12,43,19,32,4,edgeCount
501,113,161,graphml/Deltacom.graphml,3,2,clustered,0.6;-0.3,8,8,7,1,0,8,1,8,8,1,0,edgeCount
500,113,161,graphml/Deltacom.graphml,5,4,clustered,0.6;-0.3,6,2,2,4,0,2,0,6,2,4,0,edgeCount
499,113,161,graphml/Deltacom.graphml,2,1,clustered,0.6;-0.3,8,8,8,0,0,8,0,8,8,0,0,edgeCount
497,113,161,graphml/Deltacom.graphml,2,1,clustered,0.6;-0.3,18,18,6,12,0,18,12,18,18,12,0,edgeCount
496,113,161,graphml/Deltacom.graphml,2,1,clustered,0.6;-0.3,18,38,8,10,2,18,10,10,30,2,2,edgeCount
494,113,161,graphml/Deltacom.graphml,2,1,clustered,0.6;-0.3,6,6,6,0,2,6,0,18,32,12,2,edgeCount
493,113,161,graphml/Deltacom.graphml,2,1,clustered,0.6;-0.3,9,9,8,1,0,9,1,9,9,1,0,edgeCount
491,113,161,graphml/Deltacom.graphml,2,1,clustered,0.6;-0.3,4,4,4,0,0,4,0,4,4,0,0,edgeCount
490,113,161,graphml/Deltacom.graphml,2,1,clustered,0.6;-0.3,26,26,12,14,0,26,14,26,26,14,0,edgeCount
489,113,161,graphml/Deltacom.graphml,2,1,clustered,0.6;-0.3,12,6,6,6,0,12,6,12,6,6,0,edgeCount
488,113,161,graphml/Deltacom.graphml,2,1,clustered,0.6;-0.3,-1,-1,11,-12,6,-1,-12,-1,-1,-12,4,edgeCount
487,113,161,graphml/Deltacom.graphml,2,1,clustered,0.6;-0.3,41,41,13,28,0,41,28,41,41,28,0,edgeCount
485,113,161,graphml/Deltacom.graphml,3,2,clustered,0.6;-0.3,9,25,7,2,0,9,2,25,25,18,0,edgeCount
482,113,161,graphml/Deltacom.graphml,2,1,clustered,0.6;-0.3,15,15,14,1,0,15,1,15,15,1,0,edgeCount
480,113,161,graphml/Deltacom.graphml,2,1,clustered,0.6;-0.3,8,8,8,0,2,8,0,24,8,16,2,edgeCount
479,113,161,graphml/Deltacom.graphml,2,1,clustered,0.6;-0.3,13,13,13,0,0,13,0,13,13,0,0,edgeCount
478,113,161,graphml/Deltacom.graphml,3,2,clustered,0.6;-0.3,14,14,5,9,0,14,9,14,14,9,0,edgeCount
477,113,161,graphml/Deltacom.graphml,1,0,clustered,0.6;-0.3,-1,-1,12,-13,6,-1,-13,-1,-1,-13,6,edgeCount
476,113,161,graphml/Deltacom.graphml,2,1,clustered,0.6;-0.3,45,31,13,32,0,31,18,31,31,18,0,edgeCount
475,113,161,graphml/Deltacom.graphml,2,1,clustered,0.6;-0.3,-1,-1,17,-18,0,-1,-18,-1,-1,-18,0,edgeCount
474,113,161,graphml/Deltacom.graphml,2,1,clustered,0.6;-0.3,4,4,4,0,0,4,0,4,4,0,0,edgeCount
473,113,161,graphml/Deltacom.graphml,3,2,clustered,0.6;-0.3,4,4,4,0,0,4,0,4,4,0,0,edgeCount
472,113,161,graphml/Deltacom.graphml,2,1,clustered,0.6;-0.3,26,26,5,21,2,-1,-6,-1,-1,-6,2,edgeCount
471,113,161,graphml/Deltacom.graphml,2,1,clustered,0.6;-0.3,-1,-1,14,-15,4,-1,-15,-1,-1,-15,4,edgeCount
470,113,161,graphml/Deltacom.graphml,2,1,clustered,0.6;-0.3,30,30,11,19,0,-1,-12,-1,-1,-12,0,edgeCount
469,113,161,graphml/Deltacom.graphml,2,1,clustered,0.6;-0.3,5,5,5,0,0,5,0,5,5,0,0,edgeCount
468,113,161,graphml/Deltacom.graphml,2,1,clustered,0.6;-0.3,17,37,6,11,2,17,11,7,15,1,2,edgeCount
467,113,161,graphml/Deltacom.graphml,2,1,clustered,0.6;-0.3,16,22,6,10,0,16,10,16,16,10,0,edgeCount
466,113,161,graphml/Deltacom.graphml,2,1,clustered,0.6;-0.3,3,3,3,0,0,3,0,3,3,0,0,edgeCount
464,113,161,graphml/Deltacom.graphml,3,2,clustered,0.6;-0.3,34,66,8,26,2,34,26,46,46,38,2,edgeCount
463,113,161,graphml/Deltacom.graphml,2,1,clustered,0.6;-0.3,19,19,7,12,2,19,12,11,33,4,2,edgeCount
461,113,161,graphml/Deltacom.graphml,1,0,clustered,0.6;-0.3,27,23,11,16,4,-1,-12,27,23,16,4,edgeCount
460,113,161,graphml/Deltacom.graphml,2,1,clustered,0.6;-0.3,2,2,2,0,0,2,0,2,2,0,0,edgeCount
458,113,161,graphml/Deltacom.graphml,2,1,clustered,0.6;-0.3,15,15,14,1,4,15,1,15,15,1,4,edgeCount
456,113,161,graphml/Deltacom.graphml,3,2,clustered,0.6;-0.3,13,13,7,6,0,-1,-8,13,13,6,0,edgeCount
455,113,161,graphml/Deltacom.graphml,2,1,clustered,0.6;-0.3,35,21,10,25,2,-1,-11,30,10,20,2,edgeCount
454,113,161,graphml/Deltacom.graphml,1,0,clustered,0.6;-0.3,37,27,11,26,6,-1,-12,37,27,26,6,edgeCount
452,113,161,graphml/Deltacom.graphml,2,1,clustered,0.6;-0.3,12,12,12,0,2,12,0,42,46,30,2,edgeCount
450,113,161,graphml/Deltacom.graphml,2,1,clustered,0.6;-0.3,6,6,6,0,0,6,0,6,6,0,0,edgeCount
448,113,161,graphml/Deltacom.graphml,3,2,clustered,0.6;-0.3,49,45,9,40,2,-1,-10,49,45,40,2,edgeCount
447,113,161,graphml/Deltacom.graphml,2,1,clustered,0.6;-0.3,16,16,6,10,0,16,10,16,16,10,0,edgeCount
444,113,161,graphml/Deltacom.graphml,1,0,clustered,0.6;-0.3,4,4,4,0,0,4,0,4,4,0,0,edgeCount
443,113,161,graphml/Deltacom.graphml,2,1,clustered,0.6;-0.3,4,4,4,0,0,4,0,4,4,0,0,edgeCount
442,113,161,graphml/Deltacom.graphml,4,3,clustered,0.6;-0.3,7,7,3,4,0,7,4,7,7,4,0,edgeCount
441,113,161,graphml/Deltacom.graphml,4,3,clustered,0.6;-0.3,2,2,2,0,0,3,1,2,2,0,0,edgeCount
440,113,161,graphml/Deltacom.graphml,2,1,clustered,0.6;-0.3,37,13,12,25,2,37,25,37,13,25,2,edgeCount
439,113,161,graphml/Deltacom.graphml,1,0,clustered,0.6;-0.3,23,23,13,10,2,-1,-14,23,23,10,2,edgeCount
438,113,161,graphml/Deltacom.graphml,3,2,clustered,0.6;-0.3,4,4,4,0,0,4,0,4,4,0,0,edgeCount
436,113,161,graphml/Deltacom.graphml,2,1,clustered,0.6;-0.3,8,8,8,0,4,8,0,24,36,16,4,edgeCount
435,113,161,graphml/Deltacom.graphml,2,1,clustered,0.6;-0.3,-1,-1,9,-10,0,-1,-10,-1,-1,-10,0,edgeCount
434,113,161,graphml/Deltacom.graphml,2,1,clustered,0.6;-0.3,9,9,9,0,2,9,0,9,9,0,2,edgeCount
433,113,161,graphml/Deltacom.graphml,2,1,clustered,0.6;-0.3,16,6,6,10,2,7,1,6,6,0,2,edgeCount
431,113,161,graphml/Deltacom.graphml,3,2,clustered,0.6;-0.3,44,44,12,32,0,38,26,38,38,26,0,edgeCount
430,113,161,graphml/Deltacom.graphml,2,1,clustered,0.6;-0.3,-1,-1,7,-8,2,-1,-8,-1,-1,-8,2,edgeCount
429,113,161,graphml/Deltacom.graphml,2,1,clustered,0.6;-0.3,-1,-1,5,-6,2,-1,-6,-1,-1,-6,2,edgeCount
427,113,161,graphml/Deltacom.graphml,4,3,clustered,0.6;-0.3,79,49,9,70,2,-1,-10,-1,-1,-10,2,edgeCount
426,113,161,graphml/Deltacom.graphml,1,0,clustered,0.6;-0.3,7,7,7,0,0,7,0,7,7,0,0,edgeCount
425,113,161,graphml/Deltacom.graphml,2,1,clustered,0.6;-0.3,7,7,7,0,0,7,0,7,7,0,0,edgeCount
424,113,161,graphml/Deltacom.graphml,2,1,clustered,0.6;-0.3,38,30,11,27,4,-1,-12,38,16,27,4,edgeCount
420,113,161,graphml/Deltacom.graphml,2,1,clustered,0.6;-0.3,2,2,2,0,0,2,0,2,2,0,0,edgeCount
419,113,161,graphml/Deltacom.graphml,4,3,clustered,0.6;-0.3,8,8,8,0,0,8,0,8,8,0,0,edgeCount
417,113,161,graphml/Deltacom.graphml,3,2,clustered,0.6;-0.3,9,9,9,0,2,10,1,9,9,0,2,edgeCount
416,113,161,graphml/Deltacom.graphml,2,1,clustered,0.6;-0.3,14,11,11,3,0,40,29,40,40,29,0,edgeCount
415,113,161,graphml/Deltacom.graphml,2,1,clustered,0.6;-0.3,8,8,8,0,0,8,0,8,8,0,0,edgeCount
414,113,161,graphml/Deltacom.graphml,3,2,clustered,0.6;-0.3,8,8,4,4,0,8,4,8,8,4,0,edgeCount
413,113,161,graphml/Deltacom.graphml,2,1,clustered,0.6;-0.3,67,53,17,50,6,-1,-18,72,38,55,6,edgeCount
412,113,161,graphml/Deltacom.graphml,2,1,clustered,0.6;-0.3,27,27,11,16,2,27,16,27,27,16,2,edgeCount
411,113,161,graphml/Deltacom.graphml,3,2,clustered,0.6;-0.3,23,23,8,15,0,23,15,23,23,15,0,edgeCount
409,113,161,graphml/Deltacom.graphml,3,2,clustered,0.6;-0.3,4,4,4,0,0,4,0,4,4,0,0,edgeCount
408,113,161,graphml/Deltacom.graphml,2,1,clustered,0.6;-0.3,50,44,17,33,4,-1,-18,47,23,30,4,edgeCount
407,113,161,graphml/Deltacom.graphml,1,0,clustered,0.6;-0.3,11,11,11,0,6,11,0,11,11,0,6,edgeCount
406,113,161,graphml/Deltacom.graphml,4,3,clustered,0.6;-0.3,6,6,4,2,0,6,2,6,6,2,0,edgeCount
405,113,161,graphml/Deltacom.graphml,2,1,clustered,0.6;-0.3,29,29,10,19,0,29,19,29,29,19,0,edgeCount
404,113,161,graphml/Deltacom.graphml,1,0,clustered,0.6;-0.3,9,9,9,0,0,9,0,9,9,0,0,edgeCount
403,113,161,graphml/Deltacom.graphml,2,1,clustered,0.6;-0.3,17,17,7,10,0,-1,-8,-1,-1,-8,0,edgeCount
402,113,161,graphml/Deltacom.graphml,1,0,clustered,0.6;-0.3,12,12,12,0,0,12,0,12,12,0,0,edgeCount
401,113,161,graphml/Deltacom.graphml,2,1,clustered,0.6;-0.3,5,9,3,2,0,5,2,3,5,0,0,edgeCount
399,113,161,graphml/Deltacom.graphml,2,1,clustered,0.6;-0.3,-1,-1,13,-14,0,-1,-14,-1,-1,-14,0,edgeCount
397,113,161,graphml/Deltacom.graphml,3,2,clustered,0.6;-0.3,8,4,4,4,0,8,4,8,4,4,0,edgeCount
396,113,161,graphml/Deltacom.graphml,2,1,clustered,0.6;-0.3,18,18,18,0,0,18,0,18,18,0,0,edgeCount
395,113,161,graphml/Deltacom.graphml,3,2,clustered,0.6;-0.3,23,23,9,14,2,23,14,9,43,0,2,edgeCount
394,113,161,graphml/Deltacom.graphml,2,1,clustered,0.6;-0.3,21,57,6,15,0,21,15,21,21,15,0,edgeCount
393,113,161,graphml/Deltacom.graphml,2,1,clustered,0.6;-0.3,10,10,10,0,6,10,0,28,32,18,6,edgeCount
392,113,161,graphml/Deltacom.graphml,2,1,clustered,0.6;-0.3,4,7,4,0,6,4,0,4,4,0,4,edgeCount
391,113,161,graphml/Deltacom.graphml,2,1,clustered,0.6;-0.3,13,13,13,0,2,13,0,13,13,0,2,edgeCount
389,113,161,graphml/Deltacom.graphml,1,0,clustered,0.6;-0.3,10,10,10,0,0,10,0,10,10,0,0,edgeCount
388,113,161,graphml/Deltacom.graphml,2,1,clustered,0.6;-0.3,27,59,10,17,4,27,17,11,26,1,4,edgeCount
387,113,161,graphml/Deltacom.graphml,3,2,clustered,0.6;-0.3,2,2,2,0,0,2,0,2,2,0,0,edgeCount
386,113,161,graphml/Deltacom.graphml,2,1,clustered,0.6;-0.3,11,11,10,1,0,11,1,11,11,1,0,edgeCount
385,113,161,graphml/Deltacom.graphml,4,3,clustered,0.6;-0.3,88,58,8,80,0,-1,-9,89,59,81,0,edgeCount
382,113,161,graphml/Deltacom.graphml,2,1,clustered,0.6;-0.3,10,10,6,4,0,-1,-7,-1,-1,-7,0,edgeCount
381,113,161,graphml/Deltacom.graphml,3,2,clustered,0.6;-0.3,2,2,2,0,10,2,0,2,2,0,8,edgeCount
380,113,161,graphml/Deltacom.graphml,3,2,clustered,0.6;-0.3,3,3,3,0,0,3,0,3,3,0,0,edgeCount
379,113,161,graphml/Deltacom.graphml,2,1,clustered,0.6;-0.3,44,14,14,30,2,14,0,44,14,30,2,edgeCount
378,113,161,graphml/Deltacom.graphml,1,0,clustered,0.6;-0.3,4,6,4,0,6,4,0,4,6,0,6,edgeCount
377,113,161,graphml/Deltacom.graphml,2,1,clustered,0.6;-0.3,50,28,8,42,6,-1,-9,-1,-1,-9,6,edgeCount
376,113,161,graphml/Deltacom.graphml,3,2,clustered,0.6;-0.3,26,26,8,18,0,-1,-9,26,26,18,0,edgeCount
375,113,161,graphml/Deltacom.graphml,3,2,clustered,0.6;-0.3,16,43,8,8,2,16,8,19,36,11,2,edgeCount
374,113,161,graphml/Deltacom.graphml,2,1,clustered,0.6;-0.3,26,29,9,17,4,26,17,10,18,1,4,edgeCount
373,113,161,graphml/Deltacom.graphml,2,1,clustered,0.6;-0.3,14,14,13,1,0,14,1,14,14,1,0,edgeCount
372,113,161,graphml/Deltacom.graphml,2,1,clustered,0.6;-0.3,6,6,6,0,0,6,0,6,6,0,0,edgeCount
371,113,161,graphml/Deltacom.graphml,2,1,clustered,0.6;-0.3,45,45,10,35,2,-1,-11,44,10,34,2,edgeCount
370,113,161,graphml/Deltacom.graphml,2,1,clustered,0.6;-0.3,10,10,10,0,4,10,0,13,10,3,4,edgeCount
369,113,161,graphml/Deltacom.graphml,2,1,clustered,0.6;-0.3,70,50,16,54,0,-1,-17,-1,-1,-17,0,edgeCount
368,113,161,graphml/Deltacom.graphml,2,1,clustered,0.6;-0.3,9,9,9,0,0,9,0,9,9,0,0,edgeCount
366,113,161,graphml/Deltacom.graphml,4,3,clustered,0.6;-0.3,75,75,12,63,0,75,63,75,75,63,0,edgeCount
365,113,161,graphml/Deltacom.graphml,2,1,clustered,0.6;-0.3,5,5,5,0,0,5,0,5,5,0,0,edgeCount
363,113,161,graphml/Deltacom.graphml,2,1,clustered,0.6;-0.3,4,18,4,0,2,4,0,6,23,2,2,edgeCount
361,113,161,graphml/Deltacom.graphml,2,1,clustered,0.6;-0.3,27,27,9,18,0,27,18,27,27,18,0,edgeCount
360,113,161,graphml/Deltacom.graphml,1,0,clustered,0.6;-0.3,10,10,10,0,0,10,0,10,10,0,0,edgeCount
356,113,161,graphml/Deltacom.graphml,2,1,clustered,0.6;-0.3,31,31,10,21,4,-1,-11,31,31,21,4,edgeCount
355,113,161,graphml/Deltacom.graphml,1,0,clustered,0.6;-0.3,9,9,9,0,0,9,0,9,9,0,0,edgeCount
354,113,161,graphml/Deltacom.graphml,2,1,clustered,0.6;-0.3,4,4,4,0,2,4,0,4,4,0,2,edgeCount
353,113,161,graphml/Deltacom.graphml,1,0,clustered,0.6;-0.3,28,28,12,16,8,-1,-13,28,28,16,8,edgeCount
352,113,161,graphml/Deltacom.graphml,2,1,clustered,0.6;-0.3,2,2,2,0,0,2,0,2,2,0,0,edgeCount
351,113,161,graphml/Deltacom.graphml,2,1,clustered,0.6;-0.3,-1,-1,20,-21,0,-1,-21,-1,-1,-21,0,edgeCount
349,113,161,graphml/Deltacom.graphml,2,1,clustered,0.6;-0.3,39,13,12,27,2,13,1,39,13,27,2,edgeCount
348,113,161,graphml/Deltacom.graphml,1,0,clustered,0.6;-0.3,25,13,12,13,4,-1,-13,25,13,13,4,edgeCount
347,113,161,graphml/Deltacom.graphml,3,2,clustered,0.6;-0.3,-1,-1,11,-12,4,-1,-12,-1,-1,-12,4,edgeCount
346,113,161,graphml/Deltacom.graphml,2,1,clustered,0.6;-0.3,52,52,17,35,0,52,35,52,52,35,0,edgeCount
345,113,161,graphml/Deltacom.graphml,2,1,clustered,0.6;-0.3,13,13,13,0,0,13,0,13,13,0,0,edgeCount
344,113,161,graphml/Deltacom.graphml,2,1,clustered,0.6;-0.3,47,29,9,38,10,-1,-10,49,21,40,10,edgeCount
343,113,161,graphml/Deltacom.graphml,2,1,clustered,0.6;-0.3,14,14,5,9,0,6,1,14,14,9,0,edgeCount
341,113,161,graphml/Deltacom.graphml,1,0,clustered,0.6;-0.3,10,10,10,0,2,10,0,10,10,0,2,edgeCount
340,113,161,graphml/Deltacom.graphml,1,0,clustered,0.6;-0.3,10,22,6,4,4,-1,-7,10,22,4,4,edgeCount
337,113,161,graphml/Deltacom.graphml,2,1,clustered,0.6;-0.3,5,5,5,0,0,5,0,5,5,0,0,edgeCount
336,113,161,graphml/Deltacom.graphml,1,0,clustered,0.6;-0.3,37,15,15,22,2,-1,-16,37,15,22,2,edgeCount
335,113,161,graphml/Deltacom.graphml,3,2,clustered,0.6;-0.3,44,40,8,36,2,-1,-9,48,12,40,2,edgeCount
334,113,161,graphml/Deltacom.graphml,2,1,clustered,0.6;-0.3,28,52,10,18,0,10,0,28,28,18,0,edgeCount
333,113,161,graphml/Deltacom.graphml,1,0,clustered,0.6;-0.3,3,3,3,0,0,3,0,3,3,0,0,edgeCount
332,113,161,graphml/Deltacom.graphml,4,3,clustered,0.6;-0.3,74,74,13,61,0,76,63,76,76,63,0,edgeCount
331,113,161,graphml/Deltacom.graphml,3,2,clustered,0.6;-0.3,43,21,5,38,0,41,36,41,41,36,0,edgeCount
330,113,161,graphml/Deltacom.graphml,2,1,clustered,0.6;-0.3,57,33,10,47,6,-1,-11,46,56,36,6,edgeCount
329,113,161,graphml/Deltacom.graphml,2,1,clustered,0.6;-0.3,5,9,5,0,0,5,0,5,9,0,0,edgeCount
328,113,161,graphml/Deltacom.graphml,2,1,clustered,0.6;-0.3,24,24,8,16,2,24,16,24,24,16,2,edgeCount
327,113,161,graphml/Deltacom.graphml,2,1,clustered,0.6;-0.3,8,8,8,0,2,8,0,8,8,0,2,edgeCount
326,113,161,graphml/Deltacom.graphml,2,1,clustered,0.6;-0.3,30,30,14,16,0,30,16,30,30,16,0,edgeCount
325,113,161,graphml/Deltacom.graphml,2,1,clustered,0.6;-0.3,4,4,4,0,0,4,0,4,4,0,0,edgeCount
322,113,161,graphml/Deltacom.graphml,2,1,clustered,0.6;-0.3,9,9,9,0,0,9,0,9,9,0,0,edgeCount
320,113,161,graphml/Deltacom.graphml,3,2,clustered,0.6;-0.3,25,31,10,15,0,25,15,25,31,15,0,edgeCount
319,113,161,graphml/Deltacom.graphml,3,2,clustered,0.6;-0.3,-1,-1,11,-12,8,-1,-12,-1,-1,-12,8,edgeCount
318,113,161,graphml/Deltacom.graphml,4,3,clustered,0.6;-0.3,9,9,7,2,0,9,2,9,9,2,0,edgeCount
317,113,161,graphml/Deltacom.graphml,3,2,clustered,0.6;-0.3,9,9,5,4,4,9,4,21,9,16,4,edgeCount
316,113,161,graphml/Deltacom.graphml,2,1,clustered,0.6;-0.3,9,24,8,1,6,23,15,8,8,0,4,edgeCount
314,113,161,graphml/Deltacom.graphml,2,1,clustered,0.6;-0.3,-1,-1,11,-12,0,-1,-12,-1,-1,-12,0,edgeCount
312,113,161,graphml/Deltacom.graphml,1,0,clustered,0.6;-0.3,11,11,11,0,0,11,0,11,11,0,0,edgeCount
311,113,161,graphml/Deltacom.graphml,3,2,clustered,0.6;-0.3,4,4,4,0,0,29,25,4,4,0,0,edgeCount
310,113,161,graphml/Deltacom.graphml,2,1,clustered,0.6;-0.3,5,5,5,0,0,5,0,5,5,0,0,edgeCount
308,113,161,graphml/Deltacom.graphml,2,1,clustered,0.6;-0.3,12,12,6,6,2,12,6,6,12,0,2,edgeCount
304,113,161,graphml/Deltacom.graphml,2,1,clustered,0.6;-0.3,36,56,11,25,4,36,25,16,50,5,4,edgeCount
303,113,161,graphml/Deltacom.graphml,3,2,clustered,0.6;-0.3,26,26,11,15,0,26,15,26,26,15,0,edgeCount
302,113,161,graphml/Deltacom.graphml,3,2,clustered,0.6;-0.3,32,56,8,24,4,30,22,18,42,10,2,edgeCount
301,113,161,graphml/Deltacom.graphml,3,2,clustered,0.6;-0.3,7,7,7,0,0,7,0,7,7,0,0,edgeCount
299,113,161,graphml/Deltacom.graphml,2,1,clustered,0.6;-0.3,49,49,11,38,4,27,16,13,15,2,4,edgeCount
298,113,161,graphml/Deltacom.graphml,1,0,clustered,0.6;-0.3,8,8,8,0,0,8,0,8,8,0,0,edgeCount
297,113,161,graphml/Deltacom.graphml,1,0,clustered,0.6;-0.3,10,10,10,0,6,10,0,10,10,0,6,edgeCount
296,113,161,graphml/Deltacom.graphml,2,1,clustered,0.6;-0.3,25,19,9,16,2,-1,-10,27,13,18,2,edgeCount
295,113,161,graphml/Deltacom.graphml,2,1,clustered,0.6;-0.3,49,31,11,38,4,-1,-12,51,23,40,2,edgeCount
294,113,161,graphml/Deltacom.graphml,3,2,clustered,0.6;-0.3,21,13,6,15,0,-1,-7,-1,-1,-7,0,edgeCount
293,113,161,graphml/Deltacom.graphml,2,1,clustered,0.6;-0.3,18,18,10,8,0,18,8,18,18,8,0,edgeCount
292,113,161,graphml/Deltacom.graphml,2,1,clustered,0.6;-0.3,25,25,9,16,0,25,16,25,25,16,0,edgeCount
289,113,161,graphml/Deltacom.graphml,2,1,clustered,0.6;-0.3,35,27,9,26,4,-1,-10,27,9,18,4,edgeCount
288,113,161,graphml/Deltacom.graphml,2,1,clustered,0.6;-0.3,3,3,3,0,0,3,0,3,3,0,0,edgeCount
287,113,161,graphml/Deltacom.graphml,2,1,clustered,0.6;-0.3,47,29,10,37,2,-1,-11,46,12,36,2,edgeCount
286,113,161,graphml/Deltacom.graphml,1,0,clustered,0.6;-0.3,-1,-1,10,-11,4,-1,-11,-1,-1,-11,4,edgeCount
284,113,161,graphml/Deltacom.graphml,2,1,clustered,0.6;-0.3,25,25,6,19,0,15,9,15,15,9,0,edgeCount
283,113,161,graphml/Deltacom.graphml,2,1,clustered,0.6;-0.3,5,5,5,0,0,5,0,5,5,0,0,edgeCount
282,113,161,graphml/Deltacom.graphml,1,0,clustered,0.6;-0.3,16,16,10,6,4,-1,-11,16,16,6,4,edgeCount
281,113,161,graphml/Deltacom.graphml,2,1,clustered,0.6;-0.3,10,10,4,6,0,10,6,10,10,6,0,edgeCount
279,113,161,graphml/Deltacom.graphml,2,1,clustered,0.6;-0.3,12,12,11,1,0,12,1,12,12,1,0,edgeCount
275,113,161,graphml/Deltacom.graphml,3,2,clustered,0.6;-0.3,6,5,4,2,0,6,2,6,6,2,0,edgeCount
274,113,161,graphml/Deltacom.graphml,1,0,clustered,0.6;-0.3,7,7,7,0,0,7,0,7,7,0,0,edgeCount
273,113,161,graphml/Deltacom.graphml,2,1,clustered,0.6;-0.3,-1,-1,6,-7,0,-1,-7,-1,-1,-7,0,edgeCount
272,113,161,graphml/Deltacom.graphml,2,1,clustered,0.6;-0.3,8,8,8,0,0,8,0,8,8,0,0,edgeCount
271,113,161,graphml/Deltacom.graphml,2,1,clustered,0.6;-0.3,14,14,13,1,0,14,1,14,14,1,0,edgeCount
270,113,161,graphml/Deltacom.graphml,2,1,clustered,0.6;-0.3,6,6,6,0,4,6,0,12,6,6,4,edgeCount
269,113,161,graphml/Deltacom.graphml,2,1,clustered,0.6;-0.3,10,10,10,0,0,10,0,10,10,0,0,edgeCount
268,113,161,graphml/Deltacom.graphml,1,0,clustered,0.6;-0.3,11,11,11,0,0,11,0,11,11,0,0,edgeCount
267,113,161,graphml/Deltacom.graphml,3,2,clustered,0.6;-0.3,-1,-1,10,-11,0,-1,-11,-1,-1,-11,0,edgeCount
266,113,161,graphml/Deltacom.graphml,2,1,clustered,0.6;-0.3,21,21,9,12,0,-1,-10,-1,-1,-10,0,edgeCount
263,113,161,graphml/Deltacom.graphml,2,1,clustered,0.6;-0.3,2,2,2,0,2,2,0,10,10,8,2,edgeCount
262,113,161,graphml/Deltacom.graphml,2,1,clustered,0.6;-0.3,12,12,12,0,0,12,0,12,12,0,0,edgeCount
261,113,161,graphml/Deltacom.graphml,2,1,clustered,0.6;-0.3,15,15,13,2,0,15,2,15,15,2,0,edgeCount
260,113,161,graphml/Deltacom.graphml,2,1,clustered,0.6;-0.3,7,7,7,0,2,7,0,7,7,0,2,edgeCount
257,113,161,graphml/Deltacom.graphml,2,1,clustered,0.6;-0.3,-1,-1,19,-20,2,-1,-20,-1,-1,-20,2,edgeCount
256,113,161,graphml/Deltacom.graphml,1,0,clustered,0.6;-0.3,13,13,13,0,0,13,0,13,13,0,0,edgeCount
255,113,161,graphml/Deltacom.graphml,2,1,clustered,0.6;-0.3,6,6,6,0,0,6,0,6,6,0,0,edgeCount
254,113,161,graphml/Deltacom.graphml,1,0,clustered,0.6;-0.3,3,3,3,0,0,3,0,3,3,0,0,edgeCount
253,113,161,graphml/Deltacom.graphml,2,1,clustered,0.6;-0.3,3,3,3,0,0,3,0,3,3,0,0,edgeCount
252,113,161,graphml/Deltacom.graphml,2,1,clustered,0.6;-0.3,12,12,12,0,2,12,0,12,12,0,2,edgeCount
250,113,161,graphml/Deltacom.graphml,2,1,clustered,0.6;-0.3,5,5,5,0,0,5,0,5,5,0,0,edgeCount
248,113,161,graphml/Deltacom.graphml,1,0,clustered,0.6;-0.3,4,4,4,0,0,4,0,4,4,0,0,edgeCount
247,113,161,graphml/Deltacom.graphml,2,1,clustered,0.6;-0.3,14,14,11,3,0,14,3,14,14,3,0,edgeCount
246,113,161,graphml/Deltacom.graphml,2,1,clustered,0.6;-0.3,-1,-1,17,-18,2,-1,-18,-1,-1,-18,2,edgeCount
245,113,161,graphml/Deltacom.graphml,3,2,clustered,0.6;-0.3,11,11,9,2,0,11,2,11,11,2,0,edgeCount
243,113,161,graphml/Deltacom.graphml,2,1,clustered,0.6;-0.3,13,31,7,6,0,13,6,13,13,6,0,edgeCount
241,113,161,graphml/Deltacom.graphml,3,2,clustered,0.6;-0.3,10,10,2,8,0,10,8,10,10,8,0,edgeCount
239,113,161,graphml/Deltacom.graphml,1,0,clustered,0.6;-0.3,5,5,5,0,0,5,0,5,5,0,0,edgeCount
238,113,161,graphml/Deltacom.graphml,3,2,clustered,0.6;-0.3,12,12,6,6,0,12,6,12,12,6,0,edgeCount
236,113,161,graphml/Deltacom.graphml,2,1,clustered,0.6;-0.3,70,52,17,53,6,-1,-18,76,38,59,4,edgeCount
235,113,161,graphml/Deltacom.graphml,2,1,clustered,0.6;-0.3,21,21,9,12,0,21,12,21,21,12,0,edgeCount
234,113,161,graphml/Deltacom.graphml,4,3,clustered,0.6;-0.3,15,23,5,10,0,33,28,33,33,28,0,edgeCount
231,113,161,graphml/Deltacom.graphml,3,2,clustered,0.6;-0.3,3,3,3,0,2,3,0,3,3,0,2,edgeCount
228,113,161,graphml/Deltacom.graphml,4,3,clustered,0.6;-0.3,6,6,4,2,0,6,2,6,6,2,0,edgeCount
226,113,161,graphml/Deltacom.graphml,4,3,clustered,0.6;-0.3,-1,-1,11,-12,0,-1,-12,-1,-1,-12,0,edgeCount
223,113,161,graphml/Deltacom.graphml,3,2,clustered,0.6;-0.3,7,7,7,0,0,7,0,7,7,0,0,edgeCount
221,113,161,graphml/Deltacom.graphml,2,1,clustered,0.6;-0.3,43,59,10,33,6,-1,-11,38,14,28,6,edgeCount
217,113,161,graphml/Deltacom.graphml,2,1,clustered,0.6;-0.3,-1,-1,12,-13,0,-1,-13,-1,-1,-13,0,edgeCount
216,113,161,graphml/Deltacom.graphml,3,2,clustered,0.6;-0.3,10,16,6,4,0,10,4,10,10,4,0,edgeCount
215,113,161,graphml/Deltacom.graphml,2,1,clustered,0.6;-0.3,7,7,7,0,0,7,0,7,7,0,0,edgeCount
214,113,161,graphml/Deltacom.graphml,3,2,clustered,0.6;-0.3,15,15,5,10,2,15,10,17,37,12,2,edgeCount
213,113,161,graphml/Deltacom.graphml,3,2,clustered,0.6;-0.3,3,3,3,0,2,3,0,31,19,28,2,edgeCount
212,113,161,graphml/Deltacom.graphml,1,0,clustered,0.6;-0.3,6,20,6,0,4,6,0,6,20,0,4,edgeCount
209,113,161,graphml/Deltacom.graphml,1,0,clustered,0.6;-0.3,7,7,7,0,0,7,0,7,7,0,0,edgeCount
208,113,161,graphml/Deltacom.graphml,2,1,clustered,0.6;-0.3,-1,-1,13,-14,10,-1,-14,-1,-1,-14,10,edgeCount
207,113,161,graphml/Deltacom.graphml,2,1,clustered,0.6;-0.3,16,16,6,10,6,16,10,8,36,2,6,edgeCount
206,113,161,graphml/Deltacom.graphml,2,1,clustered,0.6;-0.3,53,41,11,42,2,-1,-12,42,42,31,2,edgeCount
204,113,161,graphml/Deltacom.graphml,3,2,clustered,0.6;-0.3,6,6,6,0,0,6,0,6,6,0,0,edgeCount
201,113,161,graphml/Deltacom.graphml,3,2,clustered,0.6;-0.3,25,59,8,17,0,25,17,25,25,17,0,edgeCount
200,113,161,graphml/Deltacom.graphml,2,1,clustered,0.6;-0.3,28,28,12,16,0,18,6,18,18,6,0,edgeCount
199,113,161,graphml/Deltacom.graphml,4,3,clustered,0.6;-0.3,81,53,9,72,2,53,44,53,53,44,2,edgeCount
198,113,161,graphml/Deltacom.graphml,2,1,clustered,0.6;-0.3,71,53,18,53,2,-1,-19,74,40,56,2,edgeCount
197,113,161,graphml/Deltacom.graphml,3,2,clustered,0.6;-0.3,7,7,7,0,0,7,0,7,7,0,0,edgeCount
195,113,161,graphml/Deltacom.graphml,3,2,clustered,0.6;-0.3,31,11,10,21,4,-1,-11,31,11,21,2,edgeCount
194,113,161,graphml/Deltacom.graphml,3,2,clustered,0.6;-0.3,5,5,4,1,0,5,1,5,5,1,0,edgeCount
193,113,161,graphml/Deltacom.graphml,2,1,clustered,0.6;-0.3,2,2,2,0,0,2,0,2,2,0,0,edgeCount
192,113,161,graphml/Deltacom.graphml,2,1,clustered,0.6;-0.3,-1,-1,13,-14,2,-1,-14,-1,-1,-14,2,edgeCount
191,113,161,graphml/Deltacom.graphml,2,1,clustered,0.6;-0.3,-1,-1,9,-10,0,-1,-10,-1,-1,-10,0,edgeCount
190,113,161,graphml/Deltacom.graphml,2,1,clustered,0.6;-0.3,-1,-1,12,-13,0,-1,-13,-1,-1,-13,0,edgeCount
189,113,161,graphml/Deltacom.graphml,1,0,clustered,0.6;-0.3,7,7,7,0,0,7,0,7,7,0,0,edgeCount
186,113,161,graphml/Deltacom.graphml,4,3,clustered,0.6;-0.3,2,2,2,0,0,2,0,2,2,0,0,edgeCount
185,113,161,graphml/Deltacom.graphml,3,2,clustered,0.6;-0.3,44,34,9,35,2,-1,-10,40,22,31,2,edgeCount
184,113,161,graphml/Deltacom.graphml,2,1,clustered,0.6;-0.3,10,10,10,0,0,10,0,10,10,0,0,edgeCount
182,113,161,graphml/Deltacom.graphml,2,1,clustered,0.6;-0.3,19,19,7,12,4,-1,-8,-1,-1,-8,4,edgeCount
181,113,161,graphml/Deltacom.graphml,2,1,clustered,0.6;-0.3,5,5,5,0,0,5,0,5,5,0,0,edgeCount
179,113,161,graphml/Deltacom.graphml,2,1,clustered,0.6;-0.3,30,30,7,23,6,-1,-8,21,7,14,6,edgeCount
177,113,161,graphml/Deltacom.graphml,2,1,clustered,0.6;-0.3,14,14,14,0,0,14,0,14,14,0,0,edgeCount
176,113,161,graphml/Deltacom.graphml,1,0,clustered,0.6;-0.3,6,6,6,0,2,-1,-7,6,6,0,2,edgeCount
173,113,161,graphml/Deltacom.graphml,2,1,clustered,0.6;-0.3,6,6,6,0,0,6,0,6,6,0,0,edgeCount
172,113,161,graphml/Deltacom.graphml,2,1,clustered,0.6;-0.3,2,2,2,0,0,-1,-3,2,2,0,0,edgeCount
171,113,161,graphml/Deltacom.graphml,2,1,clustered,0.6;-0.3,5,5,5,0,0,5,0,5,5,0,0,edgeCount
170,113,161,graphml/Deltacom.graphml,3,2,clustered,0.6;-0.3,6,8,6,0,0,14,8,14,14,8,0,edgeCount
169,113,161,graphml/Deltacom.graphml,3,2,clustered,0.6;-0.3,4,4,4,0,2,4,0,20,22,16,2,edgeCount
168,113,161,graphml/Deltacom.graphml,4,3,clustered,0.6;-0.3,22,22,8,14,0,22,14,22,22,14,0,edgeCount
167,113,161,graphml/Deltacom.graphml,2,1,clustered,0.6;-0.3,7,7,7,0,12,7,0,23,7,16,12,edgeCount
166,113,161,graphml/Deltacom.graphml,1,0,clustered,0.6;-0.3,21,21,10,11,2,-1,-11,21,21,11,2,edgeCount
165,113,161,graphml/Deltacom.graphml,3,2,clustered,0.6;-0.3,48,54,7,41,2,48,41,48,48,41,2,edgeCount
164,113,161,graphml/Deltacom.graphml,2,1,clustered,0.6;-0.3,4,4,4,0,0,4,0,4,4,0,0,edgeCount
163,113,161,graphml/Deltacom.graphml,2,1,clustered,0.6;-0.3,6,6,4,2,4,6,2,6,6,2,4,edgeCount
162,113,161,graphml/Deltacom.graphml,1,0,clustered,0.6;-0.3,8,8,8,0,0,8,0,8,8,0,0,edgeCount
161,113,161,graphml/Deltacom.graphml,3,2,clustered,0.6;-0.3,21,21,8,13,2,21,13,9,33,1,2,edgeCount
160,113,161,graphml/Deltacom.graphml,2,1,clustered,0.6;-0.3,12,12,12,0,0,12,0,12,12,0,0,edgeCount
159,113,161,graphml/Deltacom.graphml,2,1,clustered,0.6;-0.3,6,3,3,3,0,6,3,6,6,3,0,edgeCount
155,113,161,graphml/Deltacom.graphml,2,1,clustered,0.6;-0.3,9,9,9,0,0,9,0,9,9,0,0,edgeCount
153,113,161,graphml/Deltacom.graphml,2,1,clustered,0.6;-0.3,12,22,5,7,0,12,7,12,12,7,0,edgeCount
152,113,161,graphml/Deltacom.graphml,2,1,clustered,0.6;-0.3,-1,-1,11,-12,0,-1,-12,-1,-1,-12,0,edgeCount
151,113,161,graphml/Deltacom.graphml,2,1,clustered,0.6;-0.3,31,11,11,20,2,11,0,11,43,0,2,edgeCount
150,113,161,graphml/Deltacom.graphml,2,1,clustered,0.6;-0.3,30,10,10,20,2,10,0,30,10,20,2,edgeCount
149,113,161,graphml/Deltacom.graphml,2,1,clustered,0.6;-0.3,5,11,5,0,0,5,0,5,5,0,0,edgeCount
148,113,161,graphml/Deltacom.graphml,1,0,clustered,0.6;-0.3,23,23,14,9,2,-1,-15,23,23,9,2,edgeCount
147,113,161,graphml/Deltacom.graphml,2,1,clustered,0.6;-0.3,12,12,12,0,0,12,0,12,12,0,0,edgeCount
146,113,161,graphml/Deltacom.graphml,2,1,clustered,0.6;-0.3,62,60,22,40,2,-1,-23,58,22,36,2,edgeCount
145,113,161,graphml/Deltacom.graphml,2,1,clustered,0.6;-0.3,52,52,15,37,4,-1,-16,-1,-1,-16,4,edgeCount
144,113,161,graphml/Deltacom.graphml,3,2,clustered,0.6;-0.3,7,7,5,2,2,7,2,5,5,0,2,edgeCount
143,113,161,graphml/Deltacom.graphml,1,0,clustered,0.6;-0.3,21,21,13,8,2,-1,-14,21,21,8,2,edgeCount
142,113,161,graphml/Deltacom.graphml,2,1,clustered,0.6;-0.3,11,11,11,0,6,11,0,37,11,26,6,edgeCount
141,113,161,graphml/Deltacom.graphml,2,1,clustered,0.6;-0.3,5,5,5,0,2,5,0,19,35,14,2,edgeCount
140,113,161,graphml/Deltacom.graphml,3,2,clustered,0.6;-0.3,56,56,12,44,0,56,44,56,56,44,0,edgeCount
138,113,161,graphml/Deltacom.graphml,1,0,clustered,0.6;-0.3,15,15,8,7,4,-1,-9,15,15,7,4,edgeCount
136,113,161,graphml/Deltacom.graphml,2,1,clustered,0.6;-0.3,40,40,14,26,2,40,26,40,40,26,2,edgeCount
133,113,161,graphml/Deltacom.graphml,2,1,clustered,0.6;-0.3,10,10,10,0,4,11,1,36,10,26,4,edgeCount
132,113,161,graphml/Deltacom.graphml,2,1,clustered,0.6;-0.3,11,11,10,1,0,11,1,11,11,1,0,edgeCount
131,113,161,graphml/Deltacom.graphml,2,1,clustered,0.6;-0.3,13,13,13,0,0,13,0,13,13,0,0,edgeCount
130,113,161,graphml/Deltacom.graphml,3,2,clustered,0.6;-0.3,36,36,8,28,0,36,28,36,36,28,0,edgeCount
128,113,161,graphml/Deltacom.graphml,2,1,clustered,0.6;-0.3,15,15,15,0,0,15,0,15,15,0,0,edgeCount
126,113,161,graphml/Deltacom.graphml,2,1,clustered,0.6;-0.3,25,57,10,15,2,25,15,27,27,17,2,edgeCount
125,113,161,graphml/Deltacom.graphml,1,0,clustered,0.6;-0.3,13,13,5,8,4,-1,-6,13,13,8,4,edgeCount
123,113,161,graphml/Deltacom.graphml,1,0,clustered,0.6;-0.3,20,20,10,10,4,-1,-11,20,20,10,4,edgeCount
122,113,161,graphml/Deltacom.graphml,2,1,clustered,0.6;-0.3,3,3,3,0,0,3,0,3,3,0,0,edgeCount
121,113,161,graphml/Deltacom.graphml,3,2,clustered,0.6;-0.3,9,9,4,5,0,9,5,9,9,5,0,edgeCount
120,113,161,graphml/Deltacom.graphml,2,1,clustered,0.6;-0.3,38,38,14,24,0,-1,-15,38,38,24,0,edgeCount
119,113,161,graphml/Deltacom.graphml,2,1,clustered,0.6;-0.3,10,10,3,7,0,10,7,10,10,7,0,edgeCount
118,113,161,graphml/Deltacom.graphml,2,1,clustered,0.6;-0.3,53,41,14,39,6,-1,-15,46,14,32,6,edgeCount
115,113,161,graphml/Deltacom.graphml,2,1,clustered,0.6;-0.3,-1,-1,8,-9,0,-1,-9,-1,-1,-9,0,edgeCount
114,113,161,graphml/Deltacom.graphml,2,1,clustered,0.6;-0.3,22,22,7,15,4,-1,-8,22,22,15,4,edgeCount
113,113,161,graphml/Deltacom.graphml,2,1,clustered,0.6;-0.3,7,7,7,0,0,7,0,7,7,0,0,edgeCount
112,113,161,graphml/Deltacom.graphml,2,1,clustered,0.6;-0.3,27,27,11,16,0,23,12,23,23,12,0,edgeCount
109,113,161,graphml/Deltacom.graphml,1,0,clustered,0.6;-0.3,14,14,14,0,4,14,0,14,14,0,4,edgeCount
108,113,161,graphml/Deltacom.graphml,1,0,clustered,0.6;-0.3,12,12,12,0,0,12,0,12,12,0,0,edgeCount
107,113,161,graphml/Deltacom.graphml,3,2,clustered,0.6;-0.3,5,5,5,0,2,14,9,5,5,0,2,edgeCount
106,113,161,graphml/Deltacom.graphml,3,2,clustered,0.6;-0.3,20,30,7,13,0,20,13,20,20,13,0,edgeCount
104,113,161,graphml/Deltacom.graphml,1,0,clustered,0.6;-0.3,9,9,9,0,2,9,0,9,9,0,2,edgeCount
103,113,161,graphml/Deltacom.graphml,2,1,clustered,0.6;-0.3,-1,-1,10,-11,0,-1,-11,-1,-1,-11,0,edgeCount
102,113,161,graphml/Deltacom.graphml,3,2,clustered,0.6;-0.3,-1,-1,7,-8,2,-1,-8,-1,-1,-8,2,edgeCount
101,113,161,graphml/Deltacom.graphml,2,1,clustered,0.6;-0.3,-1,-1,13,-14,0,-1,-14,-1,-1,-14,0,edgeCount
100,113,161,graphml/Deltacom.graphml,1,0,clustered,0.6;-0.3,5,5,5,0,0,5,0,5,5,0,0,edgeCount
99,113,161,graphml/Deltacom.graphml,3,2,clustered,0.6;-0.3,35,35,8,27,0,35,27,35,35,27,0,edgeCount
98,113,161,graphml/Deltacom.graphml,2,1,clustered,0.6;-0.3,-1,-1,8,-9,0,-1,-9,-1,-1,-9,0,edgeCount
97,113,161,graphml/Deltacom.graphml,3,2,clustered,0.6;-0.3,11,11,5,6,0,11,6,11,11,6,0,edgeCount
96,113,161,graphml/Deltacom.graphml,3,2,clustered,0.6;-0.3,22,22,10,12,0,22,12,22,22,12,0,edgeCount
95,113,161,graphml/Deltacom.graphml,2,1,clustered,0.6;-0.3,8,8,7,1,0,20,13,8,8,1,0,edgeCount
94,113,161,graphml/Deltacom.graphml,4,3,clustered,0.6;-0.3,7,7,6,1,0,7,1,7,7,1,0,edgeCount
93,113,161,graphml/Deltacom.graphml,2,1,clustered,0.6;-0.3,12,12,12,0,2,12,0,12,12,0,2,edgeCount
92,113,161,graphml/Deltacom.graphml,2,1,clustered,0.6;-0.3,20,8,8,12,0,-1,-9,-1,-1,-9,0,edgeCount
91,113,161,graphml/Deltacom.graphml,1,0,clustered,0.6;-0.3,7,7,7,0,4,7,0,7,7,0,4,edgeCount
90,113,161,graphml/Deltacom.graphml,1,0,clustered,0.6;-0.3,9,15,9,0,4,9,0,9,15,0,4,edgeCount
89,113,161,graphml/Deltacom.graphml,2,1,clustered,0.6;-0.3,9,9,9,0,0,9,0,9,9,0,0,edgeCount
88,113,161,graphml/Deltacom.graphml,2,1,clustered,0.6;-0.3,11,11,5,6,0,5,0,11,11,6,0,edgeCount
87,113,161,graphml/Deltacom.graphml,2,1,clustered,0.6;-0.3,6,6,6,0,4,6,0,24,18,18,4,edgeCount
86,113,161,graphml/Deltacom.graphml,3,2,clustered,0.6;-0.3,7,7,2,5,2,7,5,6,21,4,2,edgeCount
85,113,161,graphml/Deltacom.graphml,2,1,clustered,0.6;-0.3,4,4,4,0,0,4,0,4,4,0,0,edgeCount
84,113,161,graphml/Deltacom.graphml,4,3,clustered,0.6;-0.3,16,16,7,9,0,16,9,16,16,9,0,edgeCount
83,113,161,graphml/Deltacom.graphml,2,1,clustered,0.6;-0.3,26,26,9,17,4,-1,-10,33,9,24,4,edgeCount
82,113,161,graphml/Deltacom.graphml,1,0,clustered,0.6;-0.3,8,8,8,0,8,-1,-9,8,8,0,8,edgeCount
81,113,161,graphml/Deltacom.graphml,2,1,clustered,0.6;-0.3,-1,-1,12,-13,0,-1,-13,-1,-1,-13,0,edgeCount
79,113,161,graphml/Deltacom.graphml,3,2,clustered,0.6;-0.3,54,54,14,40,0,46,32,46,46,32,0,edgeCount
78,113,161,graphml/Deltacom.graphml,2,1,clustered,0.6;-0.3,12,12,12,0,2,12,0,12,12,0,2,edgeCount
76,113,161,graphml/Deltacom.graphml,2,1,clustered,0.6;-0.3,3,3,3,0,0,3,0,3,3,0,0,edgeCount
75,113,161,graphml/Deltacom.graphml,3,2,clustered,0.6;-0.3,44,22,9,35,0,-1,-10,-1,-1,-10,0,edgeCount
74,113,161,graphml/Deltacom.graphml,2,1,clustered,0.6;-0.3,7,9,7,0,0,7,0,7,7,0,0,edgeCount
72,113,161,graphml/Deltacom.graphml,2,1,clustered,0.6;-0.3,6,6,6,0,0,6,0,6,6,0,0,edgeCount
71,113,161,graphml/Deltacom.graphml,1,0,clustered,0.6;-0.3,31,36,15,16,4,-1,-16,31,36,16,4,edgeCount
70,113,161,graphml/Deltacom.graphml,2,1,clustered,0.6;-0.3,9,28,8,1,2,25,17,25,17,17,2,edgeCount
69,113,161,graphml/Deltacom.graphml,3,2,clustered,0.6;-0.3,14,14,6,8,0,14,8,14,14,8,0,edgeCount
67,113,161,graphml/Deltacom.graphml,2,1,clustered,0.6;-0.3,74,48,19,55,4,-1,-20,63,31,44,4,edgeCount
65,113,161,graphml/Deltacom.graphml,2,1,clustered,0.6;-0.3,24,34,9,15,0,24,15,24,24,15,0,edgeCount
64,113,161,graphml/Deltacom.graphml,3,2,clustered,0.6;-0.3,20,20,5,15,0,20,15,20,20,15,0,edgeCount
62,113,161,graphml/Deltacom.graphml,2,1,clustered,0.6;-0.3,5,5,5,0,0,5,0,5,5,0,0,edgeCount
60,113,161,graphml/Deltacom.graphml,2,1,clustered,0.6;-0.3,29,29,9,20,0,29,20,29,29,20,0,edgeCount
59,113,161,graphml/Deltacom.graphml,2,1,clustered,0.6;-0.3,43,43,17,26,2,-1,-18,43,43,26,2,edgeCount
58,113,161,graphml/Deltacom.graphml,2,1,clustered,0.6;-0.3,19,19,18,1,0,19,1,19,19,1,0,edgeCount
57,113,161,graphml/Deltacom.graphml,2,1,clustered,0.6;-0.3,14,14,14,0,0,14,0,14,14,0,0,edgeCount
56,113,161,graphml/Deltacom.graphml,2,1,clustered,0.6;-0.3,2,2,2,0,0,2,0,2,2,0,0,edgeCount
55,113,161,graphml/Deltacom.graphml,2,1,clustered,0.6;-0.3,8,8,6,2,0,8,2,8,8,2,0,edgeCount
54,113,161,graphml/Deltacom.graphml,2,1,clustered,0.6;-0.3,29,29,11,18,0,29,18,29,29,18,0,edgeCount
53,113,161,graphml/Deltacom.graphml,2,1,clustered,0.6;-0.3,38,14,14,24,0,38,24,38,14,24,0,edgeCount
51,113,161,graphml/Deltacom.graphml,1,0,clustered,0.6;-0.3,59,59,22,37,2,-1,-23,59,59,37,2,edgeCount
50,113,161,graphml/Deltacom.graphml,2,1,clustered,0.6;-0.3,5,5,5,0,0,5,0,5,5,0,0,edgeCount
49,113,161,graphml/Deltacom.graphml,1,0,clustered,0.6;-0.3,-1,-1,20,-21,4,-1,-21,-1,-1,-21,4,edgeCount
48,113,161,graphml/Deltacom.graphml,2,1,clustered,0.6;-0.3,8,15,4,4,2,-1,-5,4,14,0,2,edgeCount
47,113,161,graphml/Deltacom.graphml,2,1,clustered,0.6;-0.3,-1,-1,7,-8,0,-1,-8,-1,-1,-8,0,edgeCount
45,113,161,graphml/Deltacom.graphml,3,2,clustered,0.6;-0.3,27,27,9,18,0,27,18,27,27,18,0,edgeCount
44,113,161,graphml/Deltacom.graphml,3,2,clustered,0.6;-0.3,10,34,4,6,2,10,6,8,10,4,2,edgeCount
43,113,161,graphml/Deltacom.graphml,2,1,clustered,0.6;-0.3,9,9,9,0,2,9,0,14,9,5,2,edgeCount
42,113,161,graphml/Deltacom.graphml,2,1,clustered,0.6;-0.3,12,37,5,7,4,7,2,5,5,0,4,edgeCount
41,113,161,graphml/Deltacom.graphml,2,1,clustered,0.6;-0.3,37,37,10,27,0,-1,-11,-1,-1,-11,0,edgeCount
39,113,161,graphml/Deltacom.graphml,1,0,clustered,0.6;-0.3,18,18,11,7,2,-1,-12,18,18,7,2,edgeCount
38,113,161,graphml/Deltacom.graphml,2,1,clustered,0.6;-0.3,3,5,3,0,0,5,2,3,5,0,0,edgeCount
37,113,161,graphml/Deltacom.graphml,2,1,clustered,0.6;-0.3,9,9,9,0,2,9,0,33,9,24,2,edgeCount
36,113,161,graphml/Deltacom.graphml,2,1,clustered,0.6;-0.3,35,35,9,26,0,-1,-10,-1,-1,-10,0,edgeCount
35,113,161,graphml/Deltacom.graphml,2,1,clustered,0.6;-0.3,30,30,5,25,0,-1,-6,-1,-1,-6,0,edgeCount
34,113,161,graphml/Deltacom.graphml,2,1,clustered,0.6;-0.3,2,2,2,0,0,2,0,2,2,0,0,edgeCount
33,113,161,graphml/Deltacom.graphml,1,0,clustered,0.6;-0.3,12,12,12,0,0,12,0,12,12,0,0,edgeCount
32,113,161,graphml/Deltacom.graphml,2,1,clustered,0.6;-0.3,17,26,8,9,4,17,9,9,9,1,4,edgeCount
31,113,161,graphml/Deltacom.graphml,2,1,clustered,0.6;-0.3,35,35,13,22,2,35,22,35,35,22,2,edgeCount
30,113,161,graphml/Deltacom.graphml,1,0,clustered,0.6;-0.3,2,2,2,0,0,2,0,2,2,0,0,edgeCount
28,113,161,graphml/Deltacom.graphml,2,1,clustered,0.6;-0.3,19,41,10,9,0,19,9,19,19,9,0,edgeCount
26,113,161,graphml/Deltacom.graphml,3,2,clustered,0.6;-0.3,7,7,4,3,2,7,3,5,13,1,2,edgeCount
25,113,161,graphml/Deltacom.graphml,4,3,clustered,0.6;-0.3,9,9,8,1,0,9,1,9,9,1,0,edgeCount
23,113,161,graphml/Deltacom.graphml,2,1,clustered,0.6;-0.3,14,40,11,3,0,40,29,40,40,29,0,edgeCount
22,113,161,graphml/Deltacom.graphml,1,0,clustered,0.6;-0.3,9,9,9,0,0,9,0,9,9,0,0,edgeCount
21,113,161,graphml/Deltacom.graphml,2,1,clustered,0.6;-0.3,2,2,2,0,0,2,0,2,2,0,0,edgeCount
20,113,161,graphml/Deltacom.graphml,2,1,clustered,0.6;-0.3,8,4,4,4,2,8,4,8,4,4,2,edgeCount
18,113,161,graphml/Deltacom.graphml,2,1,clustered,0.6;-0.3,11,61,11,0,0,-1,-12,-1,-1,-12,0,edgeCount
17,113,161,graphml/Deltacom.graphml,1,0,clustered,0.6;-0.3,15,15,9,6,4,-1,-10,15,15,6,4,edgeCount
16,113,161,graphml/Deltacom.graphml,1,0,clustered,0.6;-0.3,6,6,6,0,0,6,0,6,6,0,0,edgeCount
15,113,161,graphml/Deltacom.graphml,1,0,clustered,0.6;-0.3,28,14,13,15,2,-1,-14,28,14,15,2,edgeCount
14,113,161,graphml/Deltacom.graphml,2,1,clustered,0.6;-0.3,23,23,8,15,0,23,15,23,23,15,0,edgeCount
12,113,161,graphml/Deltacom.graphml,4,3,clustered,0.6;-0.3,12,28,6,6,0,12,6,12,12,6,0,edgeCount
11,113,161,graphml/Deltacom.graphml,1,0,clustered,0.6;-0.3,9,9,9,0,4,9,0,9,9,0,4,edgeCount
10,113,161,graphml/Deltacom.graphml,2,1,clustered,0.6;-0.3,19,9,7,12,0,17,10,17,17,10,0,edgeCount
9,113,161,graphml/Deltacom.graphml,2,1,clustered,0.6;-0.3,22,20,9,13,0,20,11,20,20,11,0,edgeCount
7,113,161,graphml/Deltacom.graphml,2,1,clustered,0.6;-0.3,8,8,8,0,2,8,0,8,8,0,2,edgeCount
6,113,161,graphml/Deltacom.graphml,2,1,clustered,0.6;-0.3,22,44,10,12,0,22,12,22,22,12,0,edgeCount
5,113,161,graphml/Deltacom.graphml,2,1,clustered,0.6;-0.3,10,10,10,0,0,10,0,10,10,0,0,edgeCount
4,113,161,graphml/Deltacom.graphml,3,2,clustered,0.6;-0.3,46,14,14,32,0,46,32,46,14,32,0,edgeCount
3,113,161,graphml/Deltacom.graphml,2,1,clustered,0.6;-0.3,7,17,7,0,2,15,8,15,23,8,2,edgeCount
2,113,161,graphml/Deltacom.graphml,2,1,clustered,0.6;-0.3,14,14,8,6,0,-1,-9,14,14,6,0,edgeCount
1,113,161,graphml/Deltacom.graphml,3,2,clustered,0.6;-0.3,19,19,9,10,0,19,10,19,19,10,0,edgeCount
