rep,nrNodes,nrEdges,edgeProb,nrPaths,nrFails,failureModel,failurePercent,hopsRanked,hopsUnranked,spLength,stretch_mult,nodeAdditions,hopsPath,stretch_path,hopsRankedOne,hopsUnrankedOne,stretch_one,overallNodeAdditionsOne,treeChoice
500,93,103,graphml/Oteglobe.graphml,1,0,random,-1,8,8,8,0,0,8,0,8,8,0,0,edgeCount
499,93,103,graphml/Oteglobe.graphml,2,8,random,-1,31,11,7,24,0,7,0,7,7,0,0,edgeCount
498,93,103,graphml/Oteglobe.graphml,2,8,random,-1,-1,-1,9,-10,0,-1,-10,-1,-1,-10,0,edgeCount
497,93,103,graphml/Oteglobe.graphml,2,8,random,-1,6,6,6,0,0,6,0,6,6,0,0,edgeCount
496,93,103,graphml/Oteglobe.graphml,1,0,random,-1,9,9,9,0,2,9,0,9,9,0,2,edgeCount
495,93,103,graphml/Oteglobe.graphml,2,8,random,-1,4,4,4,0,2,4,0,4,4,0,2,edgeCount
494,93,103,graphml/Oteglobe.graphml,3,16,random,-1,22,22,14,8,0,22,8,22,22,8,0,edgeCount
493,93,103,graphml/Oteglobe.graphml,2,8,random,-1,5,5,5,0,0,5,0,5,5,0,0,edgeCount
492,93,103,graphml/Oteglobe.graphml,1,0,random,-1,10,11,10,0,4,10,0,10,11,0,4,edgeCount
491,93,103,graphml/Oteglobe.graphml,1,0,random,-1,3,3,3,0,0,3,0,3,3,0,0,edgeCount
490,93,103,graphml/Oteglobe.graphml,1,0,random,-1,9,9,9,0,0,9,0,9,9,0,0,edgeCount
489,93,103,graphml/Oteglobe.graphml,2,8,random,-1,16,24,11,5,6,12,1,16,12,5,6,edgeCount
488,93,103,graphml/Oteglobe.graphml,2,8,random,-1,16,15,8,8,6,8,0,8,11,0,6,edgeCount
487,93,103,graphml/Oteglobe.graphml,1,0,random,-1,8,9,8,0,2,8,0,8,9,0,2,edgeCount
486,93,103,graphml/Oteglobe.graphml,2,8,random,-1,16,12,10,6,0,-1,-11,-1,-1,-11,0,edgeCount
485,93,103,graphml/Oteglobe.graphml,1,0,random,-1,2,2,2,0,0,2,0,2,2,0,0,edgeCount
484,93,103,graphml/Oteglobe.graphml,1,0,random,-1,11,12,11,0,2,11,0,11,12,0,2,edgeCount
483,93,103,graphml/Oteglobe.graphml,2,8,random,-1,-1,-1,8,-9,0,-1,-9,-1,-1,-9,0,edgeCount
482,93,103,graphml/Oteglobe.graphml,1,0,random,-1,8,13,8,0,2,8,0,8,13,0,2,edgeCount
481,93,103,graphml/Oteglobe.graphml,2,8,random,-1,8,8,8,0,4,8,0,8,8,0,4,edgeCount
480,93,103,graphml/Oteglobe.graphml,1,0,random,-1,4,17,4,0,6,4,0,4,17,0,6,edgeCount
479,93,103,graphml/Oteglobe.graphml,2,8,random,-1,-1,-1,13,-14,4,-1,-14,-1,-1,-14,4,edgeCount
478,93,103,graphml/Oteglobe.graphml,1,0,random,-1,13,14,13,0,2,13,0,13,14,0,2,edgeCount
477,93,103,graphml/Oteglobe.graphml,1,0,random,-1,7,7,7,0,2,7,0,7,7,0,2,edgeCount
476,93,103,graphml/Oteglobe.graphml,2,8,random,-1,10,21,8,2,6,9,1,9,9,1,6,edgeCount
475,93,103,graphml/Oteglobe.graphml,2,8,random,-1,13,7,7,6,2,7,0,7,7,0,2,edgeCount
474,93,103,graphml/Oteglobe.graphml,1,0,random,-1,4,4,4,0,0,4,0,4,4,0,0,edgeCount
473,93,103,graphml/Oteglobe.graphml,2,8,random,-1,-1,-1,14,-15,0,-1,-15,-1,-1,-15,0,edgeCount
472,93,103,graphml/Oteglobe.graphml,2,8,random,-1,3,3,3,0,0,3,0,3,3,0,0,edgeCount
471,93,103,graphml/Oteglobe.graphml,2,8,random,-1,4,4,4,0,2,4,0,4,4,0,2,edgeCount
470,93,103,graphml/Oteglobe.graphml,2,8,random,-1,16,16,12,4,0,16,4,16,16,4,0,edgeCount
469,93,103,graphml/Oteglobe.graphml,2,8,random,-1,-1,-1,-1,0,0,-1,0,-1,-1,0,0,edgeCount
468,93,103,graphml/Oteglobe.graphml,1,0,random,-1,10,10,10,0,0,10,0,10,10,0,0,edgeCount
467,93,103,graphml/Oteglobe.graphml,2,8,random,-1,4,4,4,0,0,4,0,4,4,0,0,edgeCount
466,93,103,graphml/Oteglobe.graphml,2,8,random,-1,11,29,8,3,0,29,21,29,29,21,0,edgeCount
465,93,103,graphml/Oteglobe.graphml,2,8,random,-1,4,4,4,0,0,6,2,4,4,0,0,edgeCount
464,93,103,graphml/Oteglobe.graphml,1,0,random,-1,6,6,6,0,2,6,0,6,6,0,2,edgeCount
463,93,103,graphml/Oteglobe.graphml,3,16,random,-1,-1,-1,5,-6,2,-1,-6,-1,-1,-6,2,edgeCount
462,93,103,graphml/Oteglobe.graphml,2,8,random,-1,-1,-1,9,-10,2,-1,-10,-1,-1,-10,2,edgeCount
461,93,103,graphml/Oteglobe.graphml,2,8,random,-1,9,9,9,0,0,9,0,9,9,0,0,edgeCount
460,93,103,graphml/Oteglobe.graphml,2,8,random,-1,9,9,9,0,0,-1,-10,-1,-1,-10,0,edgeCount
459,93,103,graphml/Oteglobe.graphml,2,8,random,-1,7,15,3,4,2,3,0,3,3,0,2,edgeCount
458,93,103,graphml/Oteglobe.graphml,2,8,random,-1,2,2,2,0,0,4,2,2,2,0,0,edgeCount
457,93,103,graphml/Oteglobe.graphml,2,8,random,-1,-1,-1,14,-15,0,-1,-15,-1,-1,-15,0,edgeCount
456,93,103,graphml/Oteglobe.graphml,2,8,random,-1,26,16,8,18,0,8,0,8,8,0,0,edgeCount
455,93,103,graphml/Oteglobe.graphml,2,8,random,-1,5,31,3,2,0,3,0,3,3,0,0,edgeCount
454,93,103,graphml/Oteglobe.graphml,1,0,random,-1,5,5,5,0,0,5,0,5,5,0,0,edgeCount
453,93,103,graphml/Oteglobe.graphml,2,8,random,-1,12,8,8,4,2,8,0,8,8,0,2,edgeCount
452,93,103,graphml/Oteglobe.graphml,1,0,random,-1,4,4,4,0,4,4,0,4,4,0,4,edgeCount
451,93,103,graphml/Oteglobe.graphml,1,0,random,-1,2,2,2,0,0,2,0,2,2,0,0,edgeCount
450,93,103,graphml/Oteglobe.graphml,1,0,random,-1,9,9,9,0,0,9,0,9,9,0,0,edgeCount
449,93,103,graphml/Oteglobe.graphml,2,8,random,-1,7,7,7,0,0,7,0,7,7,0,0,edgeCount
448,93,103,graphml/Oteglobe.graphml,2,8,random,-1,4,4,2,2,0,2,0,2,2,0,0,edgeCount
447,93,103,graphml/Oteglobe.graphml,2,8,random,-1,3,3,3,0,0,3,0,3,3,0,0,edgeCount
446,93,103,graphml/Oteglobe.graphml,2,8,random,-1,-1,-1,7,-8,4,-1,-8,-1,-1,-8,4,edgeCount
445,93,103,graphml/Oteglobe.graphml,1,0,random,-1,8,8,8,0,0,8,0,8,8,0,0,edgeCount
444,93,103,graphml/Oteglobe.graphml,1,0,random,-1,5,5,5,0,2,5,0,5,5,0,2,edgeCount
443,93,103,graphml/Oteglobe.graphml,1,0,random,-1,4,4,4,0,0,4,0,4,4,0,0,edgeCount
442,93,103,graphml/Oteglobe.graphml,1,0,random,-1,8,8,8,0,0,8,0,8,8,0,0,edgeCount
441,93,103,graphml/Oteglobe.graphml,2,8,random,-1,20,20,15,5,0,20,5,20,20,5,0,edgeCount
440,93,103,graphml/Oteglobe.graphml,2,8,random,-1,-1,-1,6,-7,0,-1,-7,-1,-1,-7,0,edgeCount
439,93,103,graphml/Oteglobe.graphml,1,0,random,-1,8,8,8,0,0,8,0,8,8,0,0,edgeCount
438,93,103,graphml/Oteglobe.graphml,1,0,random,-1,9,9,9,0,0,9,0,9,9,0,0,edgeCount
437,93,103,graphml/Oteglobe.graphml,2,8,random,-1,10,10,10,0,0,10,0,10,10,0,0,edgeCount
436,93,103,graphml/Oteglobe.graphml,1,0,random,-1,5,5,5,0,0,5,0,5,5,0,0,edgeCount
435,93,103,graphml/Oteglobe.graphml,2,8,random,-1,8,7,5,3,0,7,2,7,7,2,0,edgeCount
434,93,103,graphml/Oteglobe.graphml,2,8,random,-1,3,3,3,0,0,3,0,3,3,0,0,edgeCount
433,93,103,graphml/Oteglobe.graphml,2,8,random,-1,11,11,11,0,0,11,0,11,11,0,0,edgeCount
432,93,103,graphml/Oteglobe.graphml,2,8,random,-1,16,18,4,12,2,4,0,4,4,0,2,edgeCount
431,93,103,graphml/Oteglobe.graphml,2,8,random,-1,35,21,8,27,0,9,1,9,9,1,0,edgeCount
430,93,103,graphml/Oteglobe.graphml,2,8,random,-1,8,8,8,0,0,8,0,8,8,0,0,edgeCount
429,93,103,graphml/Oteglobe.graphml,1,0,random,-1,5,8,5,0,2,5,0,5,8,0,2,edgeCount
428,93,103,graphml/Oteglobe.graphml,2,8,random,-1,4,4,4,0,0,4,0,4,4,0,0,edgeCount
427,93,103,graphml/Oteglobe.graphml,2,8,random,-1,-1,-1,13,-14,0,-1,-14,-1,-1,-14,0,edgeCount
426,93,103,graphml/Oteglobe.graphml,1,0,random,-1,7,7,7,0,2,7,0,7,7,0,2,edgeCount
425,93,103,graphml/Oteglobe.graphml,1,0,random,-1,6,6,6,0,2,6,0,6,6,0,2,edgeCount
424,93,103,graphml/Oteglobe.graphml,1,0,random,-1,9,9,9,0,2,9,0,9,9,0,2,edgeCount
423,93,103,graphml/Oteglobe.graphml,2,8,random,-1,-1,-1,13,-14,0,-1,-14,-1,-1,-14,0,edgeCount
422,93,103,graphml/Oteglobe.graphml,1,0,random,-1,3,3,3,0,0,3,0,3,3,0,0,edgeCount
421,93,103,graphml/Oteglobe.graphml,2,8,random,-1,2,2,2,0,2,2,0,2,2,0,2,edgeCount
420,93,103,graphml/Oteglobe.graphml,1,0,random,-1,9,18,9,0,2,9,0,9,18,0,2,edgeCount
419,93,103,graphml/Oteglobe.graphml,1,0,random,-1,3,16,3,0,6,3,0,3,16,0,6,edgeCount
418,93,103,graphml/Oteglobe.graphml,1,0,random,-1,3,3,3,0,0,3,0,3,3,0,0,edgeCount
417,93,103,graphml/Oteglobe.graphml,2,8,random,-1,7,8,7,0,2,7,0,7,8,0,2,edgeCount
416,93,103,graphml/Oteglobe.graphml,1,0,random,-1,8,8,8,0,0,8,0,8,8,0,0,edgeCount
415,93,103,graphml/Oteglobe.graphml,1,0,random,-1,8,15,8,0,4,8,0,8,15,0,4,edgeCount
414,93,103,graphml/Oteglobe.graphml,1,0,random,-1,6,6,6,0,0,6,0,6,6,0,0,edgeCount
413,93,103,graphml/Oteglobe.graphml,2,8,random,-1,-1,-1,9,-10,0,-1,-10,-1,-1,-10,0,edgeCount
412,93,103,graphml/Oteglobe.graphml,1,0,random,-1,6,6,6,0,2,6,0,6,6,0,2,edgeCount
411,93,103,graphml/Oteglobe.graphml,1,0,random,-1,6,17,6,0,8,6,0,6,17,0,8,edgeCount
410,93,103,graphml/Oteglobe.graphml,1,0,random,-1,8,8,8,0,2,8,0,8,8,0,2,edgeCount
409,93,103,graphml/Oteglobe.graphml,1,0,random,-1,4,4,4,0,0,4,0,4,4,0,0,edgeCount
408,93,103,graphml/Oteglobe.graphml,2,8,random,-1,-1,-1,16,-17,0,-1,-17,-1,-1,-17,0,edgeCount
407,93,103,graphml/Oteglobe.graphml,2,8,random,-1,4,4,4,0,0,4,0,4,4,0,0,edgeCount
406,93,103,graphml/Oteglobe.graphml,2,8,random,-1,10,18,7,3,2,26,19,10,10,3,2,edgeCount
405,93,103,graphml/Oteglobe.graphml,2,8,random,-1,5,5,5,0,4,5,0,5,5,0,4,edgeCount
404,93,103,graphml/Oteglobe.graphml,1,0,random,-1,6,6,6,0,8,6,0,6,6,0,8,edgeCount
403,93,103,graphml/Oteglobe.graphml,2,8,random,-1,8,8,5,3,0,8,3,8,8,3,0,edgeCount
402,93,103,graphml/Oteglobe.graphml,2,8,random,-1,15,21,12,3,0,21,9,21,21,9,0,edgeCount
401,93,103,graphml/Oteglobe.graphml,2,8,random,-1,3,3,3,0,2,3,0,3,3,0,2,edgeCount
400,93,103,graphml/Oteglobe.graphml,2,8,random,-1,-1,-1,15,-16,2,-1,-16,-1,-1,-16,2,edgeCount
399,93,103,graphml/Oteglobe.graphml,1,0,random,-1,4,4,4,0,0,4,0,4,4,0,0,edgeCount
398,93,103,graphml/Oteglobe.graphml,2,8,random,-1,2,2,2,0,0,2,0,2,2,0,0,edgeCount
397,93,103,graphml/Oteglobe.graphml,2,8,random,-1,7,6,4,3,6,6,2,7,6,3,6,edgeCount
396,93,103,graphml/Oteglobe.graphml,2,8,random,-1,7,7,7,0,0,-1,-8,-1,-1,-8,0,edgeCount
395,93,103,graphml/Oteglobe.graphml,1,0,random,-1,8,12,8,0,6,8,0,8,12,0,6,edgeCount
394,93,103,graphml/Oteglobe.graphml,1,0,random,-1,6,6,6,0,0,6,0,6,6,0,0,edgeCount
393,93,103,graphml/Oteglobe.graphml,1,0,random,-1,7,7,7,0,0,7,0,7,7,0,0,edgeCount
392,93,103,graphml/Oteglobe.graphml,2,8,random,-1,7,7,7,0,2,7,0,7,7,0,2,edgeCount
391,93,103,graphml/Oteglobe.graphml,2,8,random,-1,6,6,6,0,0,6,0,6,6,0,0,edgeCount
390,93,103,graphml/Oteglobe.graphml,3,16,random,-1,16,16,6,10,0,16,10,16,16,10,0,edgeCount
389,93,103,graphml/Oteglobe.graphml,3,16,random,-1,8,8,6,2,0,8,2,8,8,2,0,edgeCount
388,93,103,graphml/Oteglobe.graphml,2,8,random,-1,5,5,4,1,0,5,1,5,5,1,0,edgeCount
387,93,103,graphml/Oteglobe.graphml,2,8,random,-1,5,5,5,0,0,7,2,5,5,0,0,edgeCount
386,93,103,graphml/Oteglobe.graphml,2,8,random,-1,9,9,8,1,0,9,1,9,9,1,0,edgeCount
385,93,103,graphml/Oteglobe.graphml,1,0,random,-1,10,10,10,0,0,10,0,10,10,0,0,edgeCount
384,93,103,graphml/Oteglobe.graphml,2,8,random,-1,-1,-1,8,-9,0,-1,-9,-1,-1,-9,0,edgeCount
383,93,103,graphml/Oteglobe.graphml,2,8,random,-1,4,4,4,0,0,4,0,4,4,0,0,edgeCount
382,93,103,graphml/Oteglobe.graphml,2,8,random,-1,-1,-1,7,-8,0,-1,-8,-1,-1,-8,0,edgeCount
381,93,103,graphml/Oteglobe.graphml,4,24,random,-1,5,5,5,0,0,5,0,5,5,0,0,edgeCount
380,93,103,graphml/Oteglobe.graphml,2,8,random,-1,-1,-1,13,-14,0,-1,-14,-1,-1,-14,0,edgeCount
379,93,103,graphml/Oteglobe.graphml,1,0,random,-1,5,5,5,0,0,5,0,5,5,0,0,edgeCount
378,93,103,graphml/Oteglobe.graphml,1,0,random,-1,3,3,3,0,0,3,0,3,3,0,0,edgeCount
377,93,103,graphml/Oteglobe.graphml,2,8,random,-1,3,4,3,0,2,3,0,3,4,0,2,edgeCount
376,93,103,graphml/Oteglobe.graphml,2,8,random,-1,-1,-1,7,-8,0,-1,-8,-1,-1,-8,0,edgeCount
375,93,103,graphml/Oteglobe.graphml,2,8,random,-1,9,9,9,0,0,9,0,9,9,0,0,edgeCount
374,93,103,graphml/Oteglobe.graphml,1,0,random,-1,5,5,5,0,0,5,0,5,5,0,0,edgeCount
373,93,103,graphml/Oteglobe.graphml,3,16,random,-1,2,2,2,0,0,2,0,2,2,0,0,edgeCount
372,93,103,graphml/Oteglobe.graphml,1,0,random,-1,8,8,8,0,0,8,0,8,8,0,0,edgeCount
371,93,103,graphml/Oteglobe.graphml,1,0,random,-1,4,4,4,0,0,4,0,4,4,0,0,edgeCount
370,93,103,graphml/Oteglobe.graphml,2,8,random,-1,11,7,7,4,4,7,0,7,7,0,4,edgeCount
369,93,103,graphml/Oteglobe.graphml,2,8,random,-1,8,8,8,0,2,8,0,8,8,0,2,edgeCount
368,93,103,graphml/Oteglobe.graphml,2,8,random,-1,4,4,4,0,2,4,0,4,4,0,2,edgeCount
367,93,103,graphml/Oteglobe.graphml,1,0,random,-1,10,11,10,0,4,10,0,10,11,0,4,edgeCount
366,93,103,graphml/Oteglobe.graphml,2,8,random,-1,15,15,10,5,0,15,5,15,15,5,0,edgeCount
365,93,103,graphml/Oteglobe.graphml,2,8,random,-1,-1,-1,11,-12,2,-1,-12,-1,-1,-12,2,edgeCount
364,93,103,graphml/Oteglobe.graphml,2,8,random,-1,-1,-1,13,-14,4,-1,-14,-1,-1,-14,4,edgeCount
363,93,103,graphml/Oteglobe.graphml,2,8,random,-1,6,6,6,0,0,6,0,6,6,0,0,edgeCount
362,93,103,graphml/Oteglobe.graphml,1,0,random,-1,10,10,10,0,0,10,0,10,10,0,0,edgeCount
361,93,103,graphml/Oteglobe.graphml,2,8,random,-1,9,9,9,0,2,9,0,9,9,0,2,edgeCount
360,93,103,graphml/Oteglobe.graphml,2,8,random,-1,-1,-1,24,-25,2,-1,-25,-1,-1,-25,2,edgeCount
359,93,103,graphml/Oteglobe.graphml,2,8,random,-1,13,13,12,1,0,13,1,13,13,1,0,edgeCount
358,93,103,graphml/Oteglobe.graphml,1,0,random,-1,4,4,4,0,0,4,0,4,4,0,0,edgeCount
357,93,103,graphml/Oteglobe.graphml,2,8,random,-1,10,6,6,4,2,6,0,6,6,0,2,edgeCount
356,93,103,graphml/Oteglobe.graphml,2,8,random,-1,6,6,6,0,0,6,0,6,6,0,0,edgeCount
355,93,103,graphml/Oteglobe.graphml,1,0,random,-1,12,12,12,0,0,12,0,12,12,0,0,edgeCount
354,93,103,graphml/Oteglobe.graphml,1,0,random,-1,9,10,9,0,2,9,0,9,10,0,2,edgeCount
353,93,103,graphml/Oteglobe.graphml,2,8,random,-1,3,3,3,0,0,5,2,3,3,0,0,edgeCount
352,93,103,graphml/Oteglobe.graphml,2,8,random,-1,8,8,8,0,0,8,0,8,8,0,0,edgeCount
351,93,103,graphml/Oteglobe.graphml,1,0,random,-1,10,14,10,0,6,10,0,10,14,0,6,edgeCount
350,93,103,graphml/Oteglobe.graphml,2,8,random,-1,24,24,12,12,2,24,12,24,24,12,2,edgeCount
349,93,103,graphml/Oteglobe.graphml,1,0,random,-1,4,4,4,0,2,4,0,4,4,0,2,edgeCount
348,93,103,graphml/Oteglobe.graphml,1,0,random,-1,6,6,6,0,2,6,0,6,6,0,2,edgeCount
347,93,103,graphml/Oteglobe.graphml,1,0,random,-1,5,5,5,0,0,5,0,5,5,0,0,edgeCount
346,93,103,graphml/Oteglobe.graphml,2,8,random,-1,17,11,11,6,0,11,0,11,11,0,0,edgeCount
345,93,103,graphml/Oteglobe.graphml,1,0,random,-1,9,9,9,0,2,9,0,9,9,0,2,edgeCount
344,93,103,graphml/Oteglobe.graphml,2,8,random,-1,11,11,11,0,0,11,0,11,11,0,0,edgeCount
343,93,103,graphml/Oteglobe.graphml,1,0,random,-1,9,9,9,0,4,9,0,9,9,0,4,edgeCount
342,93,103,graphml/Oteglobe.graphml,2,8,random,-1,-1,-1,8,-9,0,-1,-9,-1,-1,-9,0,edgeCount
341,93,103,graphml/Oteglobe.graphml,1,0,random,-1,3,3,3,0,0,3,0,3,3,0,0,edgeCount
340,93,103,graphml/Oteglobe.graphml,1,0,random,-1,11,11,11,0,4,11,0,11,11,0,4,edgeCount
339,93,103,graphml/Oteglobe.graphml,1,0,random,-1,5,16,5,0,2,5,0,5,16,0,2,edgeCount
338,93,103,graphml/Oteglobe.graphml,1,0,random,-1,10,10,10,0,2,10,0,10,10,0,2,edgeCount
337,93,103,graphml/Oteglobe.graphml,2,8,random,-1,7,7,7,0,2,7,0,7,7,0,2,edgeCount
336,93,103,graphml/Oteglobe.graphml,2,8,random,-1,11,39,8,3,6,27,19,11,39,3,6,edgeCount
335,93,103,graphml/Oteglobe.graphml,1,0,random,-1,8,13,8,0,2,8,0,8,13,0,2,edgeCount
334,93,103,graphml/Oteglobe.graphml,1,0,random,-1,2,2,2,0,0,2,0,2,2,0,0,edgeCount
333,93,103,graphml/Oteglobe.graphml,2,8,random,-1,5,5,5,0,4,5,0,5,5,0,4,edgeCount
332,93,103,graphml/Oteglobe.graphml,1,0,random,-1,6,6,6,0,0,6,0,6,6,0,0,edgeCount
331,93,103,graphml/Oteglobe.graphml,1,0,random,-1,11,11,11,0,0,11,0,11,11,0,0,edgeCount
330,93,103,graphml/Oteglobe.graphml,2,8,random,-1,15,15,11,4,0,15,4,15,15,4,0,edgeCount
329,93,103,graphml/Oteglobe.graphml,2,8,random,-1,-1,-1,12,-13,0,-1,-13,-1,-1,-13,0,edgeCount
328,93,103,graphml/Oteglobe.graphml,1,0,random,-1,8,8,8,0,2,8,0,8,8,0,2,edgeCount
327,93,103,graphml/Oteglobe.graphml,1,0,random,-1,10,10,10,0,0,10,0,10,10,0,0,edgeCount
326,93,103,graphml/Oteglobe.graphml,1,0,random,-1,9,9,9,0,0,9,0,9,9,0,0,edgeCount
325,93,103,graphml/Oteglobe.graphml,2,8,random,-1,18,6,6,12,2,6,0,6,6,0,2,edgeCount
324,93,103,graphml/Oteglobe.graphml,1,0,random,-1,9,9,9,0,0,9,0,9,9,0,0,edgeCount
323,93,103,graphml/Oteglobe.graphml,2,8,random,-1,-1,-1,-1,0,0,-1,0,-1,-1,0,0,edgeCount
322,93,103,graphml/Oteglobe.graphml,1,0,random,-1,5,5,5,0,4,5,0,5,5,0,4,edgeCount
321,93,103,graphml/Oteglobe.graphml,2,8,random,-1,-1,-1,17,-18,0,-1,-18,-1,-1,-18,0,edgeCount
320,93,103,graphml/Oteglobe.graphml,2,8,random,-1,4,4,4,0,4,4,0,4,4,0,4,edgeCount
319,93,103,graphml/Oteglobe.graphml,3,16,random,-1,18,10,10,8,0,10,0,10,10,0,0,edgeCount
318,93,103,graphml/Oteglobe.graphml,2,8,random,-1,20,10,8,12,0,8,0,8,8,0,0,edgeCount
317,93,103,graphml/Oteglobe.graphml,1,0,random,-1,8,8,8,0,0,8,0,8,8,0,0,edgeCount
316,93,103,graphml/Oteglobe.graphml,2,8,random,-1,-1,-1,12,-13,4,-1,-13,-1,-1,-13,4,edgeCount
315,93,103,graphml/Oteglobe.graphml,2,8,random,-1,13,21,5,8,4,7,2,7,13,2,4,edgeCount
314,93,103,graphml/Oteglobe.graphml,2,8,random,-1,-1,-1,16,-17,0,-1,-17,-1,-1,-17,0,edgeCount
313,93,103,graphml/Oteglobe.graphml,2,8,random,-1,-1,-1,13,-14,2,-1,-14,17,17,4,2,edgeCount
312,93,103,graphml/Oteglobe.graphml,2,8,random,-1,3,3,3,0,0,3,0,3,3,0,0,edgeCount
311,93,103,graphml/Oteglobe.graphml,3,16,random,-1,-1,-1,14,-15,0,-1,-15,-1,-1,-15,0,edgeCount
310,93,103,graphml/Oteglobe.graphml,2,8,random,-1,6,30,6,0,0,6,0,6,6,0,0,edgeCount
309,93,103,graphml/Oteglobe.graphml,1,0,random,-1,8,8,8,0,2,8,0,8,8,0,2,edgeCount
308,93,103,graphml/Oteglobe.graphml,2,8,random,-1,-1,-1,10,-11,0,-1,-11,-1,-1,-11,0,edgeCount
307,93,103,graphml/Oteglobe.graphml,1,0,random,-1,3,3,3,0,2,3,0,3,3,0,2,edgeCount
306,93,103,graphml/Oteglobe.graphml,1,0,random,-1,4,4,4,0,0,4,0,4,4,0,0,edgeCount
305,93,103,graphml/Oteglobe.graphml,1,0,random,-1,9,12,9,0,2,9,0,9,12,0,2,edgeCount
304,93,103,graphml/Oteglobe.graphml,1,0,random,-1,4,4,4,0,0,4,0,4,4,0,0,edgeCount
303,93,103,graphml/Oteglobe.graphml,2,8,random,-1,10,18,8,2,0,8,0,8,8,0,0,edgeCount
302,93,103,graphml/Oteglobe.graphml,1,0,random,-1,5,5,5,0,0,5,0,5,5,0,0,edgeCount
301,93,103,graphml/Oteglobe.graphml,1,0,random,-1,4,16,4,0,4,4,0,4,16,0,4,edgeCount
300,93,103,graphml/Oteglobe.graphml,2,8,random,-1,8,8,8,0,0,8,0,8,8,0,0,edgeCount
299,93,103,graphml/Oteglobe.graphml,2,8,random,-1,11,11,11,0,0,11,0,11,11,0,0,edgeCount
298,93,103,graphml/Oteglobe.graphml,1,0,random,-1,2,2,2,0,0,2,0,2,2,0,0,edgeCount
297,93,103,graphml/Oteglobe.graphml,2,8,random,-1,3,3,3,0,0,3,0,3,3,0,0,edgeCount
296,93,103,graphml/Oteglobe.graphml,1,0,random,-1,11,13,11,0,2,11,0,11,13,0,2,edgeCount
295,93,103,graphml/Oteglobe.graphml,2,8,random,-1,9,9,9,0,0,9,0,9,9,0,0,edgeCount
294,93,103,graphml/Oteglobe.graphml,1,0,random,-1,12,12,12,0,0,12,0,12,12,0,0,edgeCount
293,93,103,graphml/Oteglobe.graphml,2,8,random,-1,4,5,4,0,2,4,0,4,5,0,2,edgeCount
292,93,103,graphml/Oteglobe.graphml,1,0,random,-1,9,9,9,0,0,9,0,9,9,0,0,edgeCount
291,93,103,graphml/Oteglobe.graphml,2,8,random,-1,7,5,5,2,2,19,14,7,5,2,2,edgeCount
290,93,103,graphml/Oteglobe.graphml,4,24,random,-1,-1,-1,-1,0,0,-1,0,-1,-1,0,0,edgeCount
289,93,103,graphml/Oteglobe.graphml,1,0,random,-1,6,15,6,0,2,6,0,6,15,0,2,edgeCount
288,93,103,graphml/Oteglobe.graphml,1,0,random,-1,5,13,5,0,2,5,0,5,13,0,2,edgeCount
287,93,103,graphml/Oteglobe.graphml,2,8,random,-1,5,5,5,0,0,5,0,5,5,0,0,edgeCount
286,93,103,graphml/Oteglobe.graphml,1,0,random,-1,5,5,5,0,0,5,0,5,5,0,0,edgeCount
285,93,103,graphml/Oteglobe.graphml,2,8,random,-1,10,10,10,0,2,10,0,10,10,0,2,edgeCount
284,93,103,graphml/Oteglobe.graphml,1,0,random,-1,2,2,2,0,6,2,0,2,2,0,6,edgeCount
283,93,103,graphml/Oteglobe.graphml,2,8,random,-1,12,12,6,6,2,12,6,12,12,6,2,edgeCount
282,93,103,graphml/Oteglobe.graphml,1,0,random,-1,4,14,4,0,2,4,0,4,14,0,2,edgeCount
281,93,103,graphml/Oteglobe.graphml,2,8,random,-1,15,7,7,8,0,7,0,7,7,0,0,edgeCount
280,93,103,graphml/Oteglobe.graphml,1,0,random,-1,5,5,5,0,0,5,0,5,5,0,0,edgeCount
279,93,103,graphml/Oteglobe.graphml,2,8,random,-1,6,6,6,0,0,6,0,6,6,0,0,edgeCount
278,93,103,graphml/Oteglobe.graphml,2,8,random,-1,4,4,4,0,4,4,0,4,4,0,4,edgeCount
277,93,103,graphml/Oteglobe.graphml,2,8,random,-1,2,8,2,0,2,4,2,2,8,0,2,edgeCount
276,93,103,graphml/Oteglobe.graphml,1,0,random,-1,12,12,12,0,0,12,0,12,12,0,0,edgeCount
275,93,103,graphml/Oteglobe.graphml,3,16,random,-1,3,3,3,0,0,3,0,3,3,0,0,edgeCount
274,93,103,graphml/Oteglobe.graphml,1,0,random,-1,5,5,5,0,2,5,0,5,5,0,2,edgeCount
273,93,103,graphml/Oteglobe.graphml,2,8,random,-1,4,4,4,0,2,4,0,4,4,0,2,edgeCount
272,93,103,graphml/Oteglobe.graphml,1,0,random,-1,5,5,5,0,0,5,0,5,5,0,0,edgeCount
271,93,103,graphml/Oteglobe.graphml,2,8,random,-1,2,2,2,0,4,2,0,2,2,0,4,edgeCount
270,93,103,graphml/Oteglobe.graphml,2,8,random,-1,-1,-1,11,-12,2,-1,-12,-1,-1,-12,2,edgeCount
269,93,103,graphml/Oteglobe.graphml,1,0,random,-1,6,16,6,0,2,6,0,6,16,0,2,edgeCount
268,93,103,graphml/Oteglobe.graphml,2,8,random,-1,8,8,8,0,0,9,1,9,9,1,0,edgeCount
267,93,103,graphml/Oteglobe.graphml,2,8,random,-1,3,3,3,0,0,3,0,3,3,0,0,edgeCount
266,93,103,graphml/Oteglobe.graphml,2,8,random,-1,-1,-1,12,-13,0,-1,-13,-1,-1,-13,0,edgeCount
265,93,103,graphml/Oteglobe.graphml,2,8,random,-1,10,13,9,1,4,10,1,10,13,1,4,edgeCount
264,93,103,graphml/Oteglobe.graphml,1,0,random,-1,9,9,9,0,0,9,0,9,9,0,0,edgeCount
263,93,103,graphml/Oteglobe.graphml,2,8,random,-1,12,12,9,3,0,-1,-10,-1,-1,-10,0,edgeCount
262,93,103,graphml/Oteglobe.graphml,1,0,random,-1,4,16,4,0,2,4,0,4,16,0,2,edgeCount
261,93,103,graphml/Oteglobe.graphml,1,0,random,-1,3,3,3,0,0,3,0,3,3,0,0,edgeCount
260,93,103,graphml/Oteglobe.graphml,1,0,random,-1,9,9,9,0,0,9,0,9,9,0,0,edgeCount
259,93,103,graphml/Oteglobe.graphml,3,16,random,-1,3,3,2,1,2,3,1,3,3,1,2,edgeCount
258,93,103,graphml/Oteglobe.graphml,1,0,random,-1,12,12,12,0,0,12,0,12,12,0,0,edgeCount
257,93,103,graphml/Oteglobe.graphml,1,0,random,-1,8,8,8,0,0,8,0,8,8,0,0,edgeCount
256,93,103,graphml/Oteglobe.graphml,1,0,random,-1,8,8,8,0,0,8,0,8,8,0,0,edgeCount
255,93,103,graphml/Oteglobe.graphml,2,8,random,-1,12,16,6,6,2,6,0,6,6,0,2,edgeCount
254,93,103,graphml/Oteglobe.graphml,2,8,random,-1,9,9,5,4,2,9,4,9,9,4,2,edgeCount
253,93,103,graphml/Oteglobe.graphml,1,0,random,-1,8,8,8,0,0,8,0,8,8,0,0,edgeCount
252,93,103,graphml/Oteglobe.graphml,1,0,random,-1,9,9,9,0,0,9,0,9,9,0,0,edgeCount
251,93,103,graphml/Oteglobe.graphml,2,8,random,-1,18,18,9,9,2,18,9,18,18,9,2,edgeCount
250,93,103,graphml/Oteglobe.graphml,2,8,random,-1,5,5,5,0,0,5,0,5,5,0,0,edgeCount
249,93,103,graphml/Oteglobe.graphml,1,0,random,-1,5,16,5,0,2,5,0,5,16,0,2,edgeCount
248,93,103,graphml/Oteglobe.graphml,2,8,random,-1,21,21,9,12,0,21,12,21,21,12,0,edgeCount
247,93,103,graphml/Oteglobe.graphml,2,8,random,-1,7,7,7,0,4,-1,-8,7,7,0,4,edgeCount
246,93,103,graphml/Oteglobe.graphml,1,0,random,-1,6,6,6,0,2,6,0,6,6,0,2,edgeCount
245,93,103,graphml/Oteglobe.graphml,1,0,random,-1,5,5,5,0,0,5,0,5,5,0,0,edgeCount
244,93,103,graphml/Oteglobe.graphml,2,8,random,-1,13,13,7,6,0,13,6,13,13,6,0,edgeCount
243,93,103,graphml/Oteglobe.graphml,2,8,random,-1,2,2,2,0,0,2,0,2,2,0,0,edgeCount
242,93,103,graphml/Oteglobe.graphml,2,8,random,-1,6,8,6,0,0,6,0,6,6,0,0,edgeCount
241,93,103,graphml/Oteglobe.graphml,2,8,random,-1,11,11,11,0,0,11,0,11,11,0,0,edgeCount
240,93,103,graphml/Oteglobe.graphml,1,0,random,-1,8,8,8,0,2,8,0,8,8,0,2,edgeCount
239,93,103,graphml/Oteglobe.graphml,1,0,random,-1,9,9,9,0,0,9,0,9,9,0,0,edgeCount
238,93,103,graphml/Oteglobe.graphml,2,8,random,-1,12,12,12,0,0,14,2,12,12,0,0,edgeCount
237,93,103,graphml/Oteglobe.graphml,1,0,random,-1,11,11,11,0,2,11,0,11,11,0,2,edgeCount
236,93,103,graphml/Oteglobe.graphml,1,0,random,-1,8,8,8,0,0,8,0,8,8,0,0,edgeCount
235,93,103,graphml/Oteglobe.graphml,3,16,random,-1,-1,-1,8,-9,0,-1,-9,-1,-1,-9,0,edgeCount
234,93,103,graphml/Oteglobe.graphml,1,0,random,-1,3,3,3,0,0,3,0,3,3,0,0,edgeCount
233,93,103,graphml/Oteglobe.graphml,3,16,random,-1,28,12,5,23,4,10,5,10,10,5,4,edgeCount
232,93,103,graphml/Oteglobe.graphml,2,8,random,-1,7,7,7,0,0,7,0,7,7,0,0,edgeCount
231,93,103,graphml/Oteglobe.graphml,1,0,random,-1,8,11,8,0,2,8,0,8,11,0,2,edgeCount
230,93,103,graphml/Oteglobe.graphml,1,0,random,-1,4,4,4,0,0,4,0,4,4,0,0,edgeCount
229,93,103,graphml/Oteglobe.graphml,2,8,random,-1,8,8,5,3,2,6,1,6,6,1,2,edgeCount
228,93,103,graphml/Oteglobe.graphml,2,8,random,-1,-1,-1,14,-15,0,-1,-15,-1,-1,-15,0,edgeCount
227,93,103,graphml/Oteglobe.graphml,2,8,random,-1,-1,-1,3,-4,0,-1,-4,-1,-1,-4,0,edgeCount
226,93,103,graphml/Oteglobe.graphml,2,8,random,-1,-1,-1,9,-10,0,-1,-10,-1,-1,-10,0,edgeCount
225,93,103,graphml/Oteglobe.graphml,1,0,random,-1,12,12,12,0,2,12,0,12,12,0,2,edgeCount
224,93,103,graphml/Oteglobe.graphml,2,8,random,-1,-1,-1,3,-4,0,-1,-4,-1,-1,-4,0,edgeCount
223,93,103,graphml/Oteglobe.graphml,2,8,random,-1,7,7,7,0,0,7,0,7,7,0,0,edgeCount
222,93,103,graphml/Oteglobe.graphml,2,8,random,-1,17,19,7,10,2,17,10,17,19,10,2,edgeCount
221,93,103,graphml/Oteglobe.graphml,2,8,random,-1,23,21,12,11,2,-1,-13,-1,-1,-13,2,edgeCount
220,93,103,graphml/Oteglobe.graphml,2,8,random,-1,-1,-1,5,-6,0,-1,-6,-1,-1,-6,0,edgeCount
219,93,103,graphml/Oteglobe.graphml,1,0,random,-1,5,5,5,0,0,5,0,5,5,0,0,edgeCount
218,93,103,graphml/Oteglobe.graphml,1,0,random,-1,8,12,8,0,2,8,0,8,12,0,2,edgeCount
217,93,103,graphml/Oteglobe.graphml,2,8,random,-1,24,8,8,16,0,8,0,8,8,0,0,edgeCount
216,93,103,graphml/Oteglobe.graphml,2,8,random,-1,-1,-1,5,-6,0,-1,-6,-1,-1,-6,0,edgeCount
215,93,103,graphml/Oteglobe.graphml,1,0,random,-1,9,12,9,0,2,9,0,9,12,0,2,edgeCount
214,93,103,graphml/Oteglobe.graphml,1,0,random,-1,9,9,9,0,6,9,0,9,9,0,6,edgeCount
213,93,103,graphml/Oteglobe.graphml,1,0,random,-1,4,4,4,0,0,4,0,4,4,0,0,edgeCount
212,93,103,graphml/Oteglobe.graphml,1,0,random,-1,4,4,4,0,0,4,0,4,4,0,0,edgeCount
211,93,103,graphml/Oteglobe.graphml,1,0,random,-1,9,9,9,0,0,9,0,9,9,0,0,edgeCount
210,93,103,graphml/Oteglobe.graphml,1,0,random,-1,6,6,6,0,0,6,0,6,6,0,0,edgeCount
209,93,103,graphml/Oteglobe.graphml,1,0,random,-1,5,5,5,0,2,5,0,5,5,0,2,edgeCount
208,93,103,graphml/Oteglobe.graphml,1,0,random,-1,9,9,9,0,4,9,0,9,9,0,4,edgeCount
207,93,103,graphml/Oteglobe.graphml,2,8,random,-1,6,6,6,0,0,6,0,6,6,0,0,edgeCount
206,93,103,graphml/Oteglobe.graphml,1,0,random,-1,8,8,8,0,0,8,0,8,8,0,0,edgeCount
205,93,103,graphml/Oteglobe.graphml,2,8,random,-1,7,7,7,0,0,7,0,7,7,0,0,edgeCount
204,93,103,graphml/Oteglobe.graphml,1,0,random,-1,7,7,7,0,0,7,0,7,7,0,0,edgeCount
203,93,103,graphml/Oteglobe.graphml,2,8,random,-1,2,2,2,0,2,2,0,2,2,0,2,edgeCount
202,93,103,graphml/Oteglobe.graphml,1,0,random,-1,9,9,9,0,0,9,0,9,9,0,0,edgeCount
201,93,103,graphml/Oteglobe.graphml,2,8,random,-1,-1,-1,12,-13,0,-1,-13,-1,-1,-13,0,edgeCount
200,93,103,graphml/Oteglobe.graphml,2,8,random,-1,19,19,13,6,0,22,9,19,19,6,0,edgeCount
199,93,103,graphml/Oteglobe.graphml,1,0,random,-1,5,5,5,0,2,5,0,5,5,0,2,edgeCount
198,93,103,graphml/Oteglobe.graphml,1,0,random,-1,3,3,3,0,2,3,0,3,3,0,2,edgeCount
197,93,103,graphml/Oteglobe.graphml,1,0,random,-1,7,14,7,0,2,7,0,7,14,0,2,edgeCount
196,93,103,graphml/Oteglobe.graphml,1,0,random,-1,3,3,3,0,0,3,0,3,3,0,0,edgeCount
195,93,103,graphml/Oteglobe.graphml,1,0,random,-1,4,4,4,0,0,4,0,4,4,0,0,edgeCount
194,93,103,graphml/Oteglobe.graphml,2,8,random,-1,-1,-1,15,-16,4,-1,-16,-1,-1,-16,4,edgeCount
193,93,103,graphml/Oteglobe.graphml,1,0,random,-1,10,10,10,0,2,10,0,10,10,0,2,edgeCount
192,93,103,graphml/Oteglobe.graphml,1,0,random,-1,11,11,11,0,0,11,0,11,11,0,0,edgeCount
191,93,103,graphml/Oteglobe.graphml,2,8,random,-1,7,7,7,0,4,7,0,7,7,0,4,edgeCount
190,93,103,graphml/Oteglobe.graphml,2,8,random,-1,12,20,12,0,0,20,8,12,12,0,0,edgeCount
189,93,103,graphml/Oteglobe.graphml,1,0,random,-1,2,2,2,0,6,2,0,2,2,0,6,edgeCount
188,93,103,graphml/Oteglobe.graphml,2,8,random,-1,6,6,4,2,0,-1,-5,-1,-1,-5,0,edgeCount
187,93,103,graphml/Oteglobe.graphml,2,8,random,-1,-1,-1,15,-16,0,-1,-16,-1,-1,-16,0,edgeCount
186,93,103,graphml/Oteglobe.graphml,1,0,random,-1,7,7,7,0,4,7,0,7,7,0,4,edgeCount
185,93,103,graphml/Oteglobe.graphml,2,8,random,-1,25,25,10,15,0,25,15,25,25,15,0,edgeCount
184,93,103,graphml/Oteglobe.graphml,2,8,random,-1,10,18,10,0,2,10,0,10,18,0,2,edgeCount
183,93,103,graphml/Oteglobe.graphml,2,8,random,-1,3,3,3,0,0,3,0,3,3,0,0,edgeCount
182,93,103,graphml/Oteglobe.graphml,2,8,random,-1,7,7,7,0,0,7,0,7,7,0,0,edgeCount
181,93,103,graphml/Oteglobe.graphml,2,8,random,-1,-1,-1,13,-14,0,-1,-14,-1,-1,-14,0,edgeCount
180,93,103,graphml/Oteglobe.graphml,1,0,random,-1,5,5,5,0,0,5,0,5,5,0,0,edgeCount
179,93,103,graphml/Oteglobe.graphml,1,0,random,-1,7,12,7,0,2,7,0,7,12,0,2,edgeCount
178,93,103,graphml/Oteglobe.graphml,1,0,random,-1,2,2,2,0,0,2,0,2,2,0,0,edgeCount
177,93,103,graphml/Oteglobe.graphml,3,16,random,-1,3,3,3,0,0,3,0,3,3,0,0,edgeCount
176,93,103,graphml/Oteglobe.graphml,1,0,random,-1,11,15,11,0,2,11,0,11,15,0,2,edgeCount
175,93,103,graphml/Oteglobe.graphml,2,8,random,-1,3,3,3,0,4,5,2,3,3,0,4,edgeCount
174,93,103,graphml/Oteglobe.graphml,2,8,random,-1,9,9,6,3,0,9,3,9,9,3,0,edgeCount
173,93,103,graphml/Oteglobe.graphml,1,0,random,-1,5,5,5,0,0,5,0,5,5,0,0,edgeCount
172,93,103,graphml/Oteglobe.graphml,2,8,random,-1,2,2,2,0,0,4,2,2,2,0,0,edgeCount
171,93,103,graphml/Oteglobe.graphml,1,0,random,-1,12,12,12,0,0,12,0,12,12,0,0,edgeCount
170,93,103,graphml/Oteglobe.graphml,1,0,random,-1,9,9,9,0,2,9,0,9,9,0,2,edgeCount
169,93,103,graphml/Oteglobe.graphml,1,0,random,-1,11,11,11,0,0,11,0,11,11,0,0,edgeCount
168,93,103,graphml/Oteglobe.graphml,1,0,random,-1,7,7,7,0,2,7,0,7,7,0,2,edgeCount
167,93,103,graphml/Oteglobe.graphml,1,0,random,-1,6,6,6,0,0,6,0,6,6,0,0,edgeCount
166,93,103,graphml/Oteglobe.graphml,1,0,random,-1,3,3,3,0,6,3,0,3,3,0,6,edgeCount
165,93,103,graphml/Oteglobe.graphml,2,8,random,-1,10,10,10,0,0,10,0,10,10,0,0,edgeCount
164,93,103,graphml/Oteglobe.graphml,2,8,random,-1,9,15,9,0,2,9,0,9,15,0,2,edgeCount
163,93,103,graphml/Oteglobe.graphml,2,8,random,-1,13,13,13,0,0,13,0,13,13,0,0,edgeCount
162,93,103,graphml/Oteglobe.graphml,2,8,random,-1,19,7,7,12,4,7,0,19,7,12,4,edgeCount
161,93,103,graphml/Oteglobe.graphml,2,8,random,-1,-1,-1,6,-7,0,-1,-7,-1,-1,-7,0,edgeCount
160,93,103,graphml/Oteglobe.graphml,2,8,random,-1,6,6,6,0,2,6,0,6,6,0,2,edgeCount
159,93,103,graphml/Oteglobe.graphml,1,0,random,-1,8,12,8,0,2,8,0,8,12,0,2,edgeCount
158,93,103,graphml/Oteglobe.graphml,2,8,random,-1,11,13,11,0,0,15,4,13,11,2,0,edgeCount
157,93,103,graphml/Oteglobe.graphml,2,8,random,-1,3,3,2,1,2,2,0,3,3,1,2,edgeCount
156,93,103,graphml/Oteglobe.graphml,2,8,random,-1,3,3,3,0,0,3,0,3,3,0,0,edgeCount
155,93,103,graphml/Oteglobe.graphml,1,0,random,-1,8,12,8,0,2,8,0,8,12,0,2,edgeCount
154,93,103,graphml/Oteglobe.graphml,1,0,random,-1,4,4,4,0,0,4,0,4,4,0,0,edgeCount
153,93,103,graphml/Oteglobe.graphml,2,8,random,-1,5,18,5,0,4,11,6,9,22,4,4,edgeCount
152,93,103,graphml/Oteglobe.graphml,2,8,random,-1,5,5,3,2,4,3,0,3,5,0,4,edgeCount
151,93,103,graphml/Oteglobe.graphml,1,0,random,-1,4,4,4,0,0,4,0,4,4,0,0,edgeCount
150,93,103,graphml/Oteglobe.graphml,1,0,random,-1,9,13,9,0,2,9,0,9,13,0,2,edgeCount
149,93,103,graphml/Oteglobe.graphml,1,0,random,-1,7,7,7,0,2,7,0,7,7,0,2,edgeCount
148,93,103,graphml/Oteglobe.graphml,2,8,random,-1,3,3,3,0,0,3,0,3,3,0,0,edgeCount
147,93,103,graphml/Oteglobe.graphml,1,0,random,-1,8,8,8,0,2,8,0,8,8,0,2,edgeCount
146,93,103,graphml/Oteglobe.graphml,1,0,random,-1,6,6,6,0,0,6,0,6,6,0,0,edgeCount
145,93,103,graphml/Oteglobe.graphml,3,16,random,-1,9,9,7,2,0,9,2,9,9,2,0,edgeCount
144,93,103,graphml/Oteglobe.graphml,1,0,random,-1,3,3,3,0,0,3,0,3,3,0,0,edgeCount
143,93,103,graphml/Oteglobe.graphml,2,8,random,-1,8,8,8,0,4,-1,-9,8,8,0,4,edgeCount
142,93,103,graphml/Oteglobe.graphml,2,8,random,-1,5,5,5,0,0,5,0,5,5,0,0,edgeCount
141,93,103,graphml/Oteglobe.graphml,2,8,random,-1,11,11,11,0,0,11,0,11,11,0,0,edgeCount
140,93,103,graphml/Oteglobe.graphml,2,8,random,-1,-1,-1,16,-17,0,-1,-17,-1,-1,-17,0,edgeCount
139,93,103,graphml/Oteglobe.graphml,2,8,random,-1,13,11,10,3,0,11,1,11,13,1,0,edgeCount
138,93,103,graphml/Oteglobe.graphml,1,0,random,-1,10,10,10,0,2,10,0,10,10,0,2,edgeCount
137,93,103,graphml/Oteglobe.graphml,1,0,random,-1,4,4,4,0,2,4,0,4,4,0,2,edgeCount
136,93,103,graphml/Oteglobe.graphml,2,8,random,-1,10,10,10,0,0,10,0,10,10,0,0,edgeCount
135,93,103,graphml/Oteglobe.graphml,2,8,random,-1,-1,-1,16,-17,0,-1,-17,-1,-1,-17,0,edgeCount
134,93,103,graphml/Oteglobe.graphml,2,8,random,-1,-1,-1,14,-15,0,-1,-15,-1,-1,-15,0,edgeCount
133,93,103,graphml/Oteglobe.graphml,2,8,random,-1,5,5,5,0,0,5,0,5,5,0,0,edgeCount
132,93,103,graphml/Oteglobe.graphml,1,0,random,-1,9,9,9,0,0,9,0,9,9,0,0,edgeCount
131,93,103,graphml/Oteglobe.graphml,2,8,random,-1,2,2,2,0,0,2,0,2,2,0,0,edgeCount
130,93,103,graphml/Oteglobe.graphml,2,8,random,-1,16,16,5,11,0,16,11,16,16,11,0,edgeCount
129,93,103,graphml/Oteglobe.graphml,1,0,random,-1,11,11,11,0,2,11,0,11,11,0,2,edgeCount
128,93,103,graphml/Oteglobe.graphml,1,0,random,-1,5,5,5,0,0,5,0,5,5,0,0,edgeCount
127,93,103,graphml/Oteglobe.graphml,2,8,random,-1,16,16,5,11,0,16,11,16,16,11,0,edgeCount
126,93,103,graphml/Oteglobe.graphml,1,0,random,-1,9,16,9,0,4,9,0,9,16,0,4,edgeCount
125,93,103,graphml/Oteglobe.graphml,2,8,random,-1,5,5,5,0,2,5,0,5,5,0,2,edgeCount
124,93,103,graphml/Oteglobe.graphml,2,8,random,-1,9,9,6,3,0,9,3,9,9,3,0,edgeCount
123,93,103,graphml/Oteglobe.graphml,2,8,random,-1,9,23,6,3,0,7,1,7,7,1,0,edgeCount
122,93,103,graphml/Oteglobe.graphml,1,0,random,-1,6,6,6,0,0,6,0,6,6,0,0,edgeCount
121,93,103,graphml/Oteglobe.graphml,1,0,random,-1,9,9,9,0,0,9,0,9,9,0,0,edgeCount
120,93,103,graphml/Oteglobe.graphml,1,0,random,-1,8,15,8,0,2,8,0,8,15,0,2,edgeCount
119,93,103,graphml/Oteglobe.graphml,2,8,random,-1,2,2,2,0,2,2,0,2,2,0,2,edgeCount
118,93,103,graphml/Oteglobe.graphml,2,8,random,-1,12,12,10,2,0,12,2,12,12,2,0,edgeCount
117,93,103,graphml/Oteglobe.graphml,2,8,random,-1,3,3,3,0,0,23,20,3,3,0,0,edgeCount
116,93,103,graphml/Oteglobe.graphml,2,8,random,-1,14,18,10,4,0,18,8,18,18,8,0,edgeCount
115,93,103,graphml/Oteglobe.graphml,1,0,random,-1,8,8,8,0,2,8,0,8,8,0,2,edgeCount
114,93,103,graphml/Oteglobe.graphml,1,0,random,-1,13,14,13,0,2,13,0,13,14,0,2,edgeCount
113,93,103,graphml/Oteglobe.graphml,2,8,random,-1,3,3,3,0,0,3,0,3,3,0,0,edgeCount
112,93,103,graphml/Oteglobe.graphml,2,8,random,-1,3,3,3,0,0,3,0,3,3,0,0,edgeCount
111,93,103,graphml/Oteglobe.graphml,1,0,random,-1,10,11,10,0,2,10,0,10,11,0,2,edgeCount
110,93,103,graphml/Oteglobe.graphml,2,8,random,-1,6,6,6,0,0,6,0,6,6,0,0,edgeCount
109,93,103,graphml/Oteglobe.graphml,1,0,random,-1,5,7,5,0,4,5,0,5,7,0,4,edgeCount
108,93,103,graphml/Oteglobe.graphml,2,8,random,-1,12,26,9,3,0,10,1,10,10,1,0,edgeCount
107,93,103,graphml/Oteglobe.graphml,1,0,random,-1,9,9,9,0,0,9,0,9,9,0,0,edgeCount
106,93,103,graphml/Oteglobe.graphml,2,8,random,-1,9,9,9,0,0,9,0,9,9,0,0,edgeCount
105,93,103,graphml/Oteglobe.graphml,2,8,random,-1,11,7,7,4,0,7,0,7,7,0,0,edgeCount
104,93,103,graphml/Oteglobe.graphml,2,8,random,-1,6,6,6,0,2,18,12,6,6,0,2,edgeCount
103,93,103,graphml/Oteglobe.graphml,1,0,random,-1,4,4,4,0,0,4,0,4,4,0,0,edgeCount
102,93,103,graphml/Oteglobe.graphml,1,0,random,-1,11,11,11,0,0,11,0,11,11,0,0,edgeCount
101,93,103,graphml/Oteglobe.graphml,1,0,random,-1,3,3,3,0,0,3,0,3,3,0,0,edgeCount
100,93,103,graphml/Oteglobe.graphml,1,0,random,-1,2,2,2,0,6,2,0,2,2,0,6,edgeCount
99,93,103,graphml/Oteglobe.graphml,3,16,random,-1,8,8,8,0,2,-1,-9,8,8,0,2,edgeCount
98,93,103,graphml/Oteglobe.graphml,2,8,random,-1,-1,-1,13,-14,4,-1,-14,-1,-1,-14,4,edgeCount
97,93,103,graphml/Oteglobe.graphml,1,0,random,-1,9,9,9,0,0,9,0,9,9,0,0,edgeCount
96,93,103,graphml/Oteglobe.graphml,2,8,random,-1,8,8,6,2,0,8,2,8,8,2,0,edgeCount
95,93,103,graphml/Oteglobe.graphml,2,8,random,-1,6,6,6,0,0,6,0,6,6,0,0,edgeCount
94,93,103,graphml/Oteglobe.graphml,2,8,random,-1,5,5,5,0,0,5,0,5,5,0,0,edgeCount
93,93,103,graphml/Oteglobe.graphml,1,0,random,-1,5,8,5,0,2,5,0,5,8,0,2,edgeCount
92,93,103,graphml/Oteglobe.graphml,1,0,random,-1,8,16,8,0,4,8,0,8,16,0,4,edgeCount
91,93,103,graphml/Oteglobe.graphml,2,8,random,-1,8,8,8,0,0,8,0,8,8,0,0,edgeCount
90,93,103,graphml/Oteglobe.graphml,2,8,random,-1,5,11,5,0,2,5,0,5,5,0,2,edgeCount
89,93,103,graphml/Oteglobe.graphml,2,8,random,-1,14,7,7,7,2,7,0,7,7,0,2,edgeCount
88,93,103,graphml/Oteglobe.graphml,2,8,random,-1,9,16,9,0,0,9,0,9,9,0,0,edgeCount
87,93,103,graphml/Oteglobe.graphml,3,16,random,-1,-1,-1,-1,0,0,-1,0,-1,-1,0,0,edgeCount
86,93,103,graphml/Oteglobe.graphml,2,8,random,-1,9,17,9,0,2,25,16,9,9,0,2,edgeCount
85,93,103,graphml/Oteglobe.graphml,2,8,random,-1,9,8,8,1,4,8,0,8,8,0,4,edgeCount
84,93,103,graphml/Oteglobe.graphml,1,0,random,-1,4,17,4,0,6,4,0,4,17,0,6,edgeCount
83,93,103,graphml/Oteglobe.graphml,1,0,random,-1,10,10,10,0,0,10,0,10,10,0,0,edgeCount
82,93,103,graphml/Oteglobe.graphml,3,16,random,-1,10,4,3,7,0,-1,-4,10,4,7,0,edgeCount
81,93,103,graphml/Oteglobe.graphml,2,8,random,-1,34,16,9,25,2,-1,-10,-1,-1,-10,2,edgeCount
80,93,103,graphml/Oteglobe.graphml,2,8,random,-1,7,7,7,0,0,7,0,7,7,0,0,edgeCount
79,93,103,graphml/Oteglobe.graphml,1,0,random,-1,8,12,8,0,2,8,0,8,12,0,2,edgeCount
78,93,103,graphml/Oteglobe.graphml,2,8,random,-1,13,13,11,2,0,-1,-12,13,13,2,0,edgeCount
77,93,103,graphml/Oteglobe.graphml,1,0,random,-1,8,8,8,0,0,8,0,8,8,0,0,edgeCount
76,93,103,graphml/Oteglobe.graphml,2,8,random,-1,17,45,5,12,2,5,0,5,5,0,2,edgeCount
75,93,103,graphml/Oteglobe.graphml,2,8,random,-1,9,23,9,0,2,21,12,9,23,0,2,edgeCount
74,93,103,graphml/Oteglobe.graphml,2,8,random,-1,-1,-1,7,-8,0,-1,-8,-1,-1,-8,0,edgeCount
73,93,103,graphml/Oteglobe.graphml,1,0,random,-1,8,8,8,0,0,8,0,8,8,0,0,edgeCount
72,93,103,graphml/Oteglobe.graphml,2,8,random,-1,23,23,9,14,0,25,16,23,23,14,0,edgeCount
71,93,103,graphml/Oteglobe.graphml,1,0,random,-1,9,9,9,0,0,9,0,9,9,0,0,edgeCount
70,93,103,graphml/Oteglobe.graphml,1,0,random,-1,6,6,6,0,0,6,0,6,6,0,0,edgeCount
69,93,103,graphml/Oteglobe.graphml,2,8,random,-1,6,2,2,4,0,2,0,6,2,4,0,edgeCount
68,93,103,graphml/Oteglobe.graphml,2,8,random,-1,-1,-1,15,-16,0,-1,-16,-1,-1,-16,0,edgeCount
67,93,103,graphml/Oteglobe.graphml,1,0,random,-1,9,9,9,0,4,9,0,9,9,0,4,edgeCount
66,93,103,graphml/Oteglobe.graphml,1,0,random,-1,3,3,3,0,0,3,0,3,3,0,0,edgeCount
65,93,103,graphml/Oteglobe.graphml,2,8,random,-1,-1,-1,7,-8,0,-1,-8,-1,-1,-8,0,edgeCount
64,93,103,graphml/Oteglobe.graphml,2,8,random,-1,-1,-1,8,-9,4,-1,-9,-1,-1,-9,4,edgeCount
63,93,103,graphml/Oteglobe.graphml,2,8,random,-1,-1,-1,9,-10,0,-1,-10,-1,-1,-10,0,edgeCount
62,93,103,graphml/Oteglobe.graphml,1,0,random,-1,7,7,7,0,2,7,0,7,7,0,2,edgeCount
61,93,103,graphml/Oteglobe.graphml,2,8,random,-1,-1,-1,10,-11,0,-1,-11,-1,-1,-11,0,edgeCount
60,93,103,graphml/Oteglobe.graphml,2,8,random,-1,5,5,5,0,0,5,0,5,5,0,0,edgeCount
59,93,103,graphml/Oteglobe.graphml,2,8,random,-1,6,6,3,3,0,6,3,6,6,3,0,edgeCount
58,93,103,graphml/Oteglobe.graphml,1,0,random,-1,5,5,5,0,0,5,0,5,5,0,0,edgeCount
57,93,103,graphml/Oteglobe.graphml,2,8,random,-1,-1,-1,15,-16,0,-1,-16,-1,-1,-16,0,edgeCount
56,93,103,graphml/Oteglobe.graphml,2,8,random,-1,-1,-1,-1,0,0,-1,0,-1,-1,0,0,edgeCount
55,93,103,graphml/Oteglobe.graphml,2,8,random,-1,3,3,3,0,2,3,0,3,3,0,2,edgeCount
54,93,103,graphml/Oteglobe.graphml,1,0,random,-1,9,9,9,0,2,9,0,9,9,0,2,edgeCount
53,93,103,graphml/Oteglobe.graphml,2,8,random,-1,10,10,10,0,0,10,0,10,10,0,0,edgeCount
52,93,103,graphml/Oteglobe.graphml,2,8,random,-1,9,9,5,4,0,11,6,9,9,4,0,edgeCount
51,93,103,graphml/Oteglobe.graphml,2,8,random,-1,-1,-1,14,-15,0,-1,-15,-1,-1,-15,0,edgeCount
50,93,103,graphml/Oteglobe.graphml,1,0,random,-1,9,9,9,0,0,9,0,9,9,0,0,edgeCount
49,93,103,graphml/Oteglobe.graphml,2,8,random,-1,5,6,5,0,2,5,0,5,6,0,2,edgeCount
48,93,103,graphml/Oteglobe.graphml,1,0,random,-1,7,7,7,0,0,7,0,7,7,0,0,edgeCount
47,93,103,graphml/Oteglobe.graphml,2,8,random,-1,11,11,11,0,0,11,0,11,11,0,0,edgeCount
46,93,103,graphml/Oteglobe.graphml,1,0,random,-1,8,8,8,0,0,8,0,8,8,0,0,edgeCount
45,93,103,graphml/Oteglobe.graphml,1,0,random,-1,9,9,9,0,2,9,0,9,9,0,2,edgeCount
44,93,103,graphml/Oteglobe.graphml,2,8,random,-1,17,17,8,9,0,17,9,17,17,9,0,edgeCount
43,93,103,graphml/Oteglobe.graphml,1,0,random,-1,6,6,6,0,2,6,0,6,6,0,2,edgeCount
42,93,103,graphml/Oteglobe.graphml,1,0,random,-1,5,6,5,0,2,5,0,5,6,0,2,edgeCount
41,93,103,graphml/Oteglobe.graphml,2,8,random,-1,13,13,9,4,0,13,4,13,13,4,0,edgeCount
40,93,103,graphml/Oteglobe.graphml,1,0,random,-1,4,4,4,0,0,4,0,4,4,0,0,edgeCount
39,93,103,graphml/Oteglobe.graphml,1,0,random,-1,5,5,5,0,0,5,0,5,5,0,0,edgeCount
38,93,103,graphml/Oteglobe.graphml,2,8,random,-1,18,18,14,4,0,18,4,18,18,4,0,edgeCount
37,93,103,graphml/Oteglobe.graphml,3,16,random,-1,4,4,2,2,2,-1,-3,4,4,2,2,edgeCount
36,93,103,graphml/Oteglobe.graphml,2,8,random,-1,-1,-1,-1,0,0,-1,0,-1,-1,0,0,edgeCount
35,93,103,graphml/Oteglobe.graphml,1,0,random,-1,10,10,10,0,0,10,0,10,10,0,0,edgeCount
34,93,103,graphml/Oteglobe.graphml,1,0,random,-1,7,11,7,0,2,7,0,7,11,0,2,edgeCount
33,93,103,graphml/Oteglobe.graphml,3,16,random,-1,2,2,2,0,0,2,0,2,2,0,0,edgeCount
32,93,103,graphml/Oteglobe.graphml,3,16,random,-1,-1,-1,5,-6,0,-1,-6,-1,-1,-6,0,edgeCount
31,93,103,graphml/Oteglobe.graphml,1,0,random,-1,9,11,9,0,2,9,0,9,11,0,2,edgeCount
30,93,103,graphml/Oteglobe.graphml,2,8,random,-1,8,8,8,0,0,8,0,8,8,0,0,edgeCount
29,93,103,graphml/Oteglobe.graphml,1,0,random,-1,9,9,9,0,2,9,0,9,9,0,2,edgeCount
28,93,103,graphml/Oteglobe.graphml,2,8,random,-1,-1,-1,10,-11,0,-1,-11,-1,-1,-11,0,edgeCount
27,93,103,graphml/Oteglobe.graphml,2,8,random,-1,-1,-1,-1,0,0,-1,0,-1,-1,0,0,edgeCount
26,93,103,graphml/Oteglobe.graphml,2,8,random,-1,11,11,11,0,0,11,0,11,11,0,0,edgeCount
25,93,103,graphml/Oteglobe.graphml,2,8,random,-1,13,11,11,2,0,11,0,11,11,0,0,edgeCount
24,93,103,graphml/Oteglobe.graphml,2,8,random,-1,15,15,13,2,0,15,2,15,15,2,0,edgeCount
23,93,103,graphml/Oteglobe.graphml,1,0,random,-1,10,10,10,0,0,10,0,10,10,0,0,edgeCount
22,93,103,graphml/Oteglobe.graphml,2,8,random,-1,10,10,10,0,0,10,0,10,10,0,0,edgeCount
21,93,103,graphml/Oteglobe.graphml,2,8,random,-1,13,23,8,5,4,11,3,11,11,3,4,edgeCount
20,93,103,graphml/Oteglobe.graphml,2,8,random,-1,13,16,11,2,2,11,0,11,11,0,2,edgeCount
19,93,103,graphml/Oteglobe.graphml,2,8,random,-1,7,7,7,0,2,7,0,7,7,0,2,edgeCount
18,93,103,graphml/Oteglobe.graphml,3,16,random,-1,5,5,5,0,2,5,0,5,5,0,2,edgeCount
17,93,103,graphml/Oteglobe.graphml,1,0,random,-1,5,5,5,0,2,5,0,5,5,0,2,edgeCount
16,93,103,graphml/Oteglobe.graphml,1,0,random,-1,4,4,4,0,2,4,0,4,4,0,2,edgeCount
15,93,103,graphml/Oteglobe.graphml,3,16,random,-1,-1,-1,-1,0,0,-1,0,-1,-1,0,0,edgeCount
14,93,103,graphml/Oteglobe.graphml,1,0,random,-1,3,3,3,0,0,3,0,3,3,0,0,edgeCount
13,93,103,graphml/Oteglobe.graphml,2,8,random,-1,9,9,9,0,0,9,0,9,9,0,0,edgeCount
12,93,103,graphml/Oteglobe.graphml,2,8,random,-1,23,9,9,14,0,23,14,23,9,14,0,edgeCount
11,93,103,graphml/Oteglobe.graphml,2,8,random,-1,-1,-1,11,-12,0,-1,-12,-1,-1,-12,0,edgeCount
10,93,103,graphml/Oteglobe.graphml,2,8,random,-1,-1,-1,10,-11,4,-1,-11,-1,-1,-11,4,edgeCount
9,93,103,graphml/Oteglobe.graphml,1,0,random,-1,9,9,9,0,0,9,0,9,9,0,0,edgeCount
8,93,103,graphml/Oteglobe.graphml,2,8,random,-1,5,5,5,0,0,5,0,5,5,0,0,edgeCount
7,93,103,graphml/Oteglobe.graphml,1,0,random,-1,4,4,4,0,0,4,0,4,4,0,0,edgeCount
6,93,103,graphml/Oteglobe.graphml,3,16,random,-1,3,3,3,0,0,3,0,3,3,0,0,edgeCount
5,93,103,graphml/Oteglobe.graphml,2,8,random,-1,9,8,8,1,0,8,0,8,8,0,0,edgeCount
4,93,103,graphml/Oteglobe.graphml,1,0,random,-1,4,4,4,0,2,4,0,4,4,0,2,edgeCount
3,93,103,graphml/Oteglobe.graphml,1,0,random,-1,3,3,3,0,4,3,0,3,3,0,4,edgeCount
2,93,103,graphml/Oteglobe.graphml,1,0,random,-1,5,5,5,0,0,5,0,5,5,0,0,edgeCount
1,93,103,graphml/Oteglobe.graphml,1,0,random,-1,6,6,6,0,2,6,0,6,6,0,2,edgeCount
