rep,nrNodes,nrEdges,edgeProb,nrPaths,nrFails,failureModel,failurePercent,hopsRanked,hopsUnranked,spLength,stretch_mult,nodeAdditions,hopsPath,stretch_path,hopsRankedOne,hopsUnrankedOne,stretch_one,overallNodeAdditionsOne,treeChoice
1000,197,243,graphml/Cogentco.graphml,2,1,clustered,0.6;-0.3,18,18,18,0,0,18,0,18,18,0,0,edgeCount
999,197,243,graphml/Cogentco.graphml,2,1,clustered,0.6;-0.3,38,38,17,21,0,38,21,38,38,21,0,edgeCount
998,197,243,graphml/Cogentco.graphml,2,1,clustered,0.6;-0.3,18,18,16,2,0,18,2,18,18,2,0,edgeCount
997,197,243,graphml/Cogentco.graphml,2,1,clustered,0.6;-0.3,4,4,4,0,2,4,0,20,4,16,2,edgeCount
996,197,243,graphml/Cogentco.graphml,1,0,clustered,0.6;-0.3,7,7,7,0,0,7,0,7,7,0,0,edgeCount
994,197,243,graphml/Cogentco.graphml,2,1,clustered,0.6;-0.3,19,19,7,12,4,19,12,9,21,2,4,edgeCount
993,197,243,graphml/Cogentco.graphml,1,0,clustered,0.6;-0.3,16,16,16,0,0,16,0,16,16,0,0,edgeCount
989,197,243,graphml/Cogentco.graphml,2,1,clustered,0.6;-0.3,18,18,18,0,2,18,0,18,18,0,2,edgeCount
988,197,243,graphml/Cogentco.graphml,2,1,clustered,0.6;-0.3,-1,-1,9,-10,2,-1,-10,-1,-1,-10,2,edgeCount
987,197,243,graphml/Cogentco.graphml,1,0,clustered,0.6;-0.3,10,10,10,0,0,10,0,10,10,0,0,edgeCount
986,197,243,graphml/Cogentco.graphml,1,0,clustered,0.6;-0.3,5,5,5,0,0,5,0,5,5,0,0,edgeCount
985,197,243,graphml/Cogentco.graphml,1,0,clustered,0.6;-0.3,33,21,13,20,4,-1,-14,33,21,20,4,edgeCount
984,197,243,graphml/Cogentco.graphml,1,0,clustered,0.6;-0.3,20,20,20,0,0,20,0,20,20,0,0,edgeCount
983,197,243,graphml/Cogentco.graphml,2,1,clustered,0.6;-0.3,-1,-1,20,-21,2,-1,-21,-1,-1,-21,2,edgeCount
982,197,243,graphml/Cogentco.graphml,1,0,clustered,0.6;-0.3,5,5,5,0,0,5,0,5,5,0,0,edgeCount
981,197,243,graphml/Cogentco.graphml,3,2,clustered,0.6;-0.3,40,68,11,29,0,66,55,66,66,55,0,edgeCount
980,197,243,graphml/Cogentco.graphml,2,1,clustered,0.6;-0.3,17,29,5,12,2,7,2,7,21,2,2,edgeCount
978,197,243,graphml/Cogentco.graphml,2,1,clustered,0.6;-0.3,14,6,6,8,2,6,0,6,46,0,2,edgeCount
975,197,243,graphml/Cogentco.graphml,2,1,clustered,0.6;-0.3,45,45,18,27,0,45,27,45,45,27,0,edgeCount
974,197,243,graphml/Cogentco.graphml,1,0,clustered,0.6;-0.3,7,7,7,0,0,7,0,7,7,0,0,edgeCount
973,197,243,graphml/Cogentco.graphml,2,1,clustered,0.6;-0.3,6,6,6,0,0,6,0,6,6,0,0,edgeCount
972,197,243,graphml/Cogentco.graphml,1,0,clustered,0.6;-0.3,36,36,22,14,2,-1,-23,36,36,14,2,edgeCount
971,197,243,graphml/Cogentco.graphml,1,0,clustered,0.6;-0.3,10,10,10,0,0,10,0,10,10,0,0,edgeCount
967,197,243,graphml/Cogentco.graphml,2,1,clustered,0.6;-0.3,14,26,6,8,4,14,8,6,42,0,4,edgeCount
966,197,243,graphml/Cogentco.graphml,1,0,clustered,0.6;-0.3,14,14,9,5,2,-1,-10,14,14,5,2,edgeCount
965,197,243,graphml/Cogentco.graphml,1,0,clustered,0.6;-0.3,10,10,10,0,0,10,0,10,10,0,0,edgeCount
964,197,243,graphml/Cogentco.graphml,1,0,clustered,0.6;-0.3,8,8,8,0,0,8,0,8,8,0,0,edgeCount
962,197,243,graphml/Cogentco.graphml,2,1,clustered,0.6;-0.3,-1,-1,5,-6,0,-1,-6,-1,-1,-6,0,edgeCount
961,197,243,graphml/Cogentco.graphml,1,0,clustered,0.6;-0.3,16,16,16,0,0,16,0,16,16,0,0,edgeCount
960,197,243,graphml/Cogentco.graphml,2,1,clustered,0.6;-0.3,18,18,18,0,0,18,0,18,18,0,0,edgeCount
958,197,243,graphml/Cogentco.graphml,2,1,clustered,0.6;-0.3,-1,-1,11,-12,2,-1,-12,-1,-1,-12,2,edgeCount
957,197,243,graphml/Cogentco.graphml,2,1,clustered,0.6;-0.3,8,8,8,0,2,8,0,8,8,0,2,edgeCount
955,197,243,graphml/Cogentco.graphml,1,0,clustered,0.6;-0.3,5,5,5,0,0,5,0,5,5,0,0,edgeCount
954,197,243,graphml/Cogentco.graphml,2,1,clustered,0.6;-0.3,33,73,10,23,4,33,23,13,55,3,4,edgeCount
953,197,243,graphml/Cogentco.graphml,2,1,clustered,0.6;-0.3,21,21,21,0,0,21,0,21,21,0,0,edgeCount
952,197,243,graphml/Cogentco.graphml,1,0,clustered,0.6;-0.3,18,18,18,0,0,18,0,18,18,0,0,edgeCount
950,197,243,graphml/Cogentco.graphml,2,1,clustered,0.6;-0.3,48,34,11,37,0,-1,-12,-1,-1,-12,0,edgeCount
948,197,243,graphml/Cogentco.graphml,1,0,clustered,0.6;-0.3,15,15,15,0,0,15,0,15,15,0,0,edgeCount
947,197,243,graphml/Cogentco.graphml,2,1,clustered,0.6;-0.3,67,67,22,45,0,67,45,67,67,45,0,edgeCount
945,197,243,graphml/Cogentco.graphml,2,1,clustered,0.6;-0.3,31,31,6,25,2,31,25,15,59,9,2,edgeCount
944,197,243,graphml/Cogentco.graphml,3,2,clustered,0.6;-0.3,9,9,9,0,2,9,0,9,9,0,2,edgeCount
943,197,243,graphml/Cogentco.graphml,2,1,clustered,0.6;-0.3,8,8,8,0,0,8,0,8,8,0,0,edgeCount
942,197,243,graphml/Cogentco.graphml,2,1,clustered,0.6;-0.3,15,15,15,0,0,15,0,15,15,0,0,edgeCount
941,197,243,graphml/Cogentco.graphml,1,0,clustered,0.6;-0.3,10,10,10,0,0,10,0,10,10,0,0,edgeCount
940,197,243,graphml/Cogentco.graphml,2,1,clustered,0.6;-0.3,32,32,10,22,0,32,22,32,32,22,0,edgeCount
938,197,243,graphml/Cogentco.graphml,2,1,clustered,0.6;-0.3,39,95,15,24,0,39,24,39,39,24,0,edgeCount
936,197,243,graphml/Cogentco.graphml,2,1,clustered,0.6;-0.3,4,4,4,0,12,4,0,16,18,12,10,edgeCount
935,197,243,graphml/Cogentco.graphml,2,1,clustered,0.6;-0.3,52,14,11,41,2,-1,-12,50,14,39,2,edgeCount
934,197,243,graphml/Cogentco.graphml,2,1,clustered,0.6;-0.3,17,17,12,5,2,17,5,17,17,5,2,edgeCount
932,197,243,graphml/Cogentco.graphml,1,0,clustered,0.6;-0.3,12,12,12,0,0,12,0,12,12,0,0,edgeCount
930,197,243,graphml/Cogentco.graphml,2,1,clustered,0.6;-0.3,-1,-1,17,-18,4,-1,-18,17,17,0,4,edgeCount
928,197,243,graphml/Cogentco.graphml,1,0,clustered,0.6;-0.3,8,8,8,0,2,8,0,8,8,0,2,edgeCount
927,197,243,graphml/Cogentco.graphml,1,0,clustered,0.6;-0.3,20,44,20,0,2,20,0,20,44,0,2,edgeCount
926,197,243,graphml/Cogentco.graphml,1,0,clustered,0.6;-0.3,25,25,25,0,0,25,0,25,25,0,0,edgeCount
925,197,243,graphml/Cogentco.graphml,1,0,clustered,0.6;-0.3,37,17,15,22,6,-1,-16,37,17,22,6,edgeCount
924,197,243,graphml/Cogentco.graphml,1,0,clustered,0.6;-0.3,-1,-1,9,-10,0,-1,-10,-1,-1,-10,0,edgeCount
922,197,243,graphml/Cogentco.graphml,2,1,clustered,0.6;-0.3,20,20,7,13,4,20,13,8,48,1,4,edgeCount
919,197,243,graphml/Cogentco.graphml,1,0,clustered,0.6;-0.3,7,7,7,0,2,7,0,7,7,0,2,edgeCount
918,197,243,graphml/Cogentco.graphml,2,1,clustered,0.6;-0.3,14,14,14,0,0,14,0,14,14,0,0,edgeCount
917,197,243,graphml/Cogentco.graphml,2,1,clustered,0.6;-0.3,44,44,17,27,0,44,27,44,44,27,0,edgeCount
915,197,243,graphml/Cogentco.graphml,2,1,clustered,0.6;-0.3,17,17,12,5,4,17,5,20,17,8,4,edgeCount
914,197,243,graphml/Cogentco.graphml,1,0,clustered,0.6;-0.3,62,62,25,37,4,-1,-26,62,62,37,4,edgeCount
911,197,243,graphml/Cogentco.graphml,2,1,clustered,0.6;-0.3,13,13,13,0,2,-1,-14,13,13,0,2,edgeCount
910,197,243,graphml/Cogentco.graphml,1,0,clustered,0.6;-0.3,8,8,8,0,0,8,0,8,8,0,0,edgeCount
909,197,243,graphml/Cogentco.graphml,1,0,clustered,0.6;-0.3,37,37,19,18,2,-1,-20,37,37,18,2,edgeCount
908,197,243,graphml/Cogentco.graphml,2,1,clustered,0.6;-0.3,46,46,17,29,0,46,29,46,46,29,0,edgeCount
907,197,243,graphml/Cogentco.graphml,2,1,clustered,0.6;-0.3,60,60,20,40,0,60,40,60,60,40,0,edgeCount
906,197,243,graphml/Cogentco.graphml,2,1,clustered,0.6;-0.3,9,9,9,0,0,9,0,9,9,0,0,edgeCount
904,197,243,graphml/Cogentco.graphml,2,1,clustered,0.6;-0.3,14,14,14,0,0,14,0,14,14,0,0,edgeCount
903,197,243,graphml/Cogentco.graphml,1,0,clustered,0.6;-0.3,5,5,5,0,0,5,0,5,5,0,0,edgeCount
902,197,243,graphml/Cogentco.graphml,3,2,clustered,0.6;-0.3,13,13,8,5,0,13,5,13,13,5,0,edgeCount
901,197,243,graphml/Cogentco.graphml,2,1,clustered,0.6;-0.3,9,9,9,0,0,9,0,9,9,0,0,edgeCount
900,197,243,graphml/Cogentco.graphml,1,0,clustered,0.6;-0.3,14,14,14,0,2,14,0,14,14,0,2,edgeCount
899,197,243,graphml/Cogentco.graphml,2,1,clustered,0.6;-0.3,51,39,15,36,2,15,0,51,39,36,2,edgeCount
897,197,243,graphml/Cogentco.graphml,1,0,clustered,0.6;-0.3,5,5,5,0,0,5,0,5,5,0,0,edgeCount
896,197,243,graphml/Cogentco.graphml,2,1,clustered,0.6;-0.3,6,6,6,0,6,6,0,10,6,4,4,edgeCount
894,197,243,graphml/Cogentco.graphml,1,0,clustered,0.6;-0.3,26,26,14,12,2,-1,-15,26,26,12,2,edgeCount
892,197,243,graphml/Cogentco.graphml,3,2,clustered,0.6;-0.3,46,46,13,33,0,46,33,46,46,33,0,edgeCount
891,197,243,graphml/Cogentco.graphml,2,1,clustered,0.6;-0.3,13,13,12,1,0,37,25,13,13,1,0,edgeCount
889,197,243,graphml/Cogentco.graphml,2,1,clustered,0.6;-0.3,62,74,18,44,2,-1,-19,-1,-1,-19,2,edgeCount
888,197,243,graphml/Cogentco.graphml,2,1,clustered,0.6;-0.3,10,18,6,4,2,20,14,10,18,4,2,edgeCount
887,197,243,graphml/Cogentco.graphml,3,2,clustered,0.6;-0.3,8,8,8,0,0,8,0,8,8,0,0,edgeCount
885,197,243,graphml/Cogentco.graphml,2,1,clustered,0.6;-0.3,14,14,14,0,0,14,0,14,14,0,0,edgeCount
884,197,243,graphml/Cogentco.graphml,1,0,clustered,0.6;-0.3,-1,-1,21,-22,0,-1,-22,-1,-1,-22,0,edgeCount
882,197,243,graphml/Cogentco.graphml,1,0,clustered,0.6;-0.3,15,15,15,0,0,15,0,15,15,0,0,edgeCount
880,197,243,graphml/Cogentco.graphml,2,1,clustered,0.6;-0.3,13,13,13,0,2,13,0,13,21,0,2,edgeCount
879,197,243,graphml/Cogentco.graphml,2,1,clustered,0.6;-0.3,-1,-1,17,-18,2,-1,-18,-1,-1,-18,2,edgeCount
878,197,243,graphml/Cogentco.graphml,2,1,clustered,0.6;-0.3,42,49,16,26,2,42,26,16,42,0,2,edgeCount
876,197,243,graphml/Cogentco.graphml,2,1,clustered,0.6;-0.3,55,47,18,37,2,47,29,53,53,35,2,edgeCount
873,197,243,graphml/Cogentco.graphml,2,1,clustered,0.6;-0.3,47,77,14,33,4,47,33,19,67,5,4,edgeCount
872,197,243,graphml/Cogentco.graphml,3,2,clustered,0.6;-0.3,5,5,5,0,4,5,0,5,5,0,4,edgeCount
871,197,243,graphml/Cogentco.graphml,2,1,clustered,0.6;-0.3,10,10,8,2,0,10,2,10,10,2,0,edgeCount
870,197,243,graphml/Cogentco.graphml,2,1,clustered,0.6;-0.3,9,25,5,4,0,-1,-6,-1,-1,-6,0,edgeCount
869,197,243,graphml/Cogentco.graphml,2,1,clustered,0.6;-0.3,-1,-1,9,-10,0,-1,-10,-1,-1,-10,0,edgeCount
868,197,243,graphml/Cogentco.graphml,2,1,clustered,0.6;-0.3,10,10,10,0,2,10,0,10,10,0,2,edgeCount
867,197,243,graphml/Cogentco.graphml,3,2,clustered,0.6;-0.3,41,41,12,29,0,41,29,41,41,29,0,edgeCount
866,197,243,graphml/Cogentco.graphml,1,0,clustered,0.6;-0.3,9,35,9,0,4,9,0,9,35,0,4,edgeCount
865,197,243,graphml/Cogentco.graphml,2,1,clustered,0.6;-0.3,71,53,17,54,2,-1,-18,85,41,68,2,edgeCount
863,197,243,graphml/Cogentco.graphml,1,0,clustered,0.6;-0.3,-1,-1,21,-22,0,-1,-22,-1,-1,-22,0,edgeCount
862,197,243,graphml/Cogentco.graphml,2,1,clustered,0.6;-0.3,25,33,7,18,2,7,0,25,33,18,2,edgeCount
861,197,243,graphml/Cogentco.graphml,3,2,clustered,0.6;-0.3,39,39,11,28,0,39,28,39,39,28,0,edgeCount
860,197,243,graphml/Cogentco.graphml,2,1,clustered,0.6;-0.3,7,7,7,0,0,7,0,7,7,0,0,edgeCount
859,197,243,graphml/Cogentco.graphml,2,1,clustered,0.6;-0.3,36,36,16,20,0,36,20,36,36,20,0,edgeCount
858,197,243,graphml/Cogentco.graphml,1,0,clustered,0.6;-0.3,8,8,8,0,0,8,0,8,8,0,0,edgeCount
857,197,243,graphml/Cogentco.graphml,2,1,clustered,0.6;-0.3,23,23,13,10,2,23,10,23,23,10,2,edgeCount
856,197,243,graphml/Cogentco.graphml,2,1,clustered,0.6;-0.3,18,18,18,0,0,18,0,18,18,0,0,edgeCount
855,197,243,graphml/Cogentco.graphml,1,0,clustered,0.6;-0.3,34,34,17,17,2,-1,-18,34,34,17,2,edgeCount
854,197,243,graphml/Cogentco.graphml,2,1,clustered,0.6;-0.3,5,5,5,0,0,5,0,5,5,0,0,edgeCount
853,197,243,graphml/Cogentco.graphml,2,1,clustered,0.6;-0.3,-1,-1,16,-17,2,-1,-17,-1,-1,-17,2,edgeCount
852,197,243,graphml/Cogentco.graphml,1,0,clustered,0.6;-0.3,-1,-1,17,-18,0,-1,-18,-1,-1,-18,0,edgeCount
851,197,243,graphml/Cogentco.graphml,2,1,clustered,0.6;-0.3,10,40,6,4,0,10,4,10,10,4,0,edgeCount
850,197,243,graphml/Cogentco.graphml,2,1,clustered,0.6;-0.3,15,15,15,0,2,15,0,47,31,32,2,edgeCount
849,197,243,graphml/Cogentco.graphml,1,0,clustered,0.6;-0.3,12,34,12,0,12,-1,-13,12,34,0,12,edgeCount
848,197,243,graphml/Cogentco.graphml,2,1,clustered,0.6;-0.3,20,20,8,12,0,20,12,20,20,12,0,edgeCount
845,197,243,graphml/Cogentco.graphml,1,0,clustered,0.6;-0.3,13,13,11,2,2,-1,-12,13,13,2,2,edgeCount
843,197,243,graphml/Cogentco.graphml,2,1,clustered,0.6;-0.3,20,20,20,0,0,20,0,20,20,0,0,edgeCount
842,197,243,graphml/Cogentco.graphml,2,1,clustered,0.6;-0.3,9,9,9,0,0,9,0,9,9,0,0,edgeCount
841,197,243,graphml/Cogentco.graphml,1,0,clustered,0.6;-0.3,41,27,15,26,2,-1,-16,41,27,26,2,edgeCount
840,197,243,graphml/Cogentco.graphml,2,1,clustered,0.6;-0.3,40,40,11,29,0,40,29,40,40,29,0,edgeCount
839,197,243,graphml/Cogentco.graphml,2,1,clustered,0.6;-0.3,12,12,12,0,2,12,0,12,12,0,2,edgeCount
838,197,243,graphml/Cogentco.graphml,2,1,clustered,0.6;-0.3,-1,-1,9,-10,0,-1,-10,-1,-1,-10,0,edgeCount
837,197,243,graphml/Cogentco.graphml,2,1,clustered,0.6;-0.3,11,11,11,0,6,11,0,11,11,0,6,edgeCount
836,197,243,graphml/Cogentco.graphml,1,0,clustered,0.6;-0.3,39,39,18,21,6,-1,-19,39,39,21,6,edgeCount
835,197,243,graphml/Cogentco.graphml,2,1,clustered,0.6;-0.3,35,35,11,24,2,35,24,35,35,24,2,edgeCount
834,197,243,graphml/Cogentco.graphml,2,1,clustered,0.6;-0.3,29,29,17,12,0,29,12,29,29,12,0,edgeCount
833,197,243,graphml/Cogentco.graphml,2,1,clustered,0.6;-0.3,12,12,12,0,0,12,0,12,12,0,0,edgeCount
832,197,243,graphml/Cogentco.graphml,2,1,clustered,0.6;-0.3,17,17,14,3,4,17,3,17,17,3,4,edgeCount
831,197,243,graphml/Cogentco.graphml,2,1,clustered,0.6;-0.3,50,38,14,36,0,-1,-15,-1,-1,-15,0,edgeCount
830,197,243,graphml/Cogentco.graphml,2,1,clustered,0.6;-0.3,7,7,7,0,4,7,0,27,7,20,4,edgeCount
829,197,243,graphml/Cogentco.graphml,1,0,clustered,0.6;-0.3,-1,-1,21,-22,2,-1,-22,-1,-1,-22,2,edgeCount
826,197,243,graphml/Cogentco.graphml,2,1,clustered,0.6;-0.3,10,10,10,0,0,10,0,10,10,0,0,edgeCount
825,197,243,graphml/Cogentco.graphml,1,0,clustered,0.6;-0.3,72,30,26,46,2,-1,-27,72,30,46,2,edgeCount
824,197,243,graphml/Cogentco.graphml,2,1,clustered,0.6;-0.3,9,9,9,0,2,9,0,9,9,0,2,edgeCount
823,197,243,graphml/Cogentco.graphml,1,0,clustered,0.6;-0.3,11,11,11,0,0,11,0,11,11,0,0,edgeCount
822,197,243,graphml/Cogentco.graphml,1,0,clustered,0.6;-0.3,8,8,8,0,4,8,0,8,8,0,4,edgeCount
819,197,243,graphml/Cogentco.graphml,1,0,clustered,0.6;-0.3,20,20,20,0,0,20,0,20,20,0,0,edgeCount
818,197,243,graphml/Cogentco.graphml,2,1,clustered,0.6;-0.3,10,10,10,0,2,10,0,32,28,22,2,edgeCount
816,197,243,graphml/Cogentco.graphml,2,1,clustered,0.6;-0.3,30,14,6,24,4,-1,-7,44,48,38,4,edgeCount
814,197,243,graphml/Cogentco.graphml,2,1,clustered,0.6;-0.3,26,60,13,13,0,26,13,26,26,13,0,edgeCount
812,197,243,graphml/Cogentco.graphml,2,1,clustered,0.6;-0.3,5,5,5,0,0,5,0,5,5,0,0,edgeCount
811,197,243,graphml/Cogentco.graphml,1,0,clustered,0.6;-0.3,22,22,22,0,4,-1,-23,22,22,0,4,edgeCount
808,197,243,graphml/Cogentco.graphml,1,0,clustered,0.6;-0.3,41,29,19,22,4,-1,-20,41,29,22,4,edgeCount
807,197,243,graphml/Cogentco.graphml,2,1,clustered,0.6;-0.3,10,10,10,0,0,10,0,10,10,0,0,edgeCount
806,197,243,graphml/Cogentco.graphml,2,1,clustered,0.6;-0.3,5,5,5,0,2,5,0,5,5,0,2,edgeCount
804,197,243,graphml/Cogentco.graphml,1,0,clustered,0.6;-0.3,46,24,16,30,2,-1,-17,46,24,30,2,edgeCount
803,197,243,graphml/Cogentco.graphml,1,0,clustered,0.6;-0.3,12,26,8,4,6,-1,-9,12,26,4,6,edgeCount
802,197,243,graphml/Cogentco.graphml,2,1,clustered,0.6;-0.3,17,19,9,8,2,17,8,17,19,8,2,edgeCount
801,197,243,graphml/Cogentco.graphml,2,1,clustered,0.6;-0.3,22,22,5,17,0,22,17,22,22,17,0,edgeCount
800,197,243,graphml/Cogentco.graphml,2,1,clustered,0.6;-0.3,20,34,8,12,0,-1,-9,-1,-1,-9,0,edgeCount
799,197,243,graphml/Cogentco.graphml,1,0,clustered,0.6;-0.3,10,30,10,0,4,10,0,10,30,0,4,edgeCount
796,197,243,graphml/Cogentco.graphml,1,0,clustered,0.6;-0.3,46,46,20,26,6,-1,-21,46,46,26,6,edgeCount
793,197,243,graphml/Cogentco.graphml,2,1,clustered,0.6;-0.3,9,9,9,0,0,9,0,9,9,0,0,edgeCount
792,197,243,graphml/Cogentco.graphml,1,0,clustered,0.6;-0.3,-1,-1,15,-16,2,-1,-16,-1,-1,-16,2,edgeCount
791,197,243,graphml/Cogentco.graphml,1,0,clustered,0.6;-0.3,4,18,4,0,6,4,0,4,18,0,6,edgeCount
790,197,243,graphml/Cogentco.graphml,1,0,clustered,0.6;-0.3,6,6,6,0,0,6,0,6,6,0,0,edgeCount
788,197,243,graphml/Cogentco.graphml,1,0,clustered,0.6;-0.3,38,38,20,18,2,-1,-21,38,38,18,2,edgeCount
787,197,243,graphml/Cogentco.graphml,1,0,clustered,0.6;-0.3,12,12,12,0,0,12,0,12,12,0,0,edgeCount
785,197,243,graphml/Cogentco.graphml,3,2,clustered,0.6;-0.3,20,20,7,13,0,20,13,20,20,13,0,edgeCount
784,197,243,graphml/Cogentco.graphml,3,2,clustered,0.6;-0.3,24,24,7,17,0,24,17,24,24,17,0,edgeCount
783,197,243,graphml/Cogentco.graphml,2,1,clustered,0.6;-0.3,4,4,4,0,0,4,0,4,4,0,0,edgeCount
782,197,243,graphml/Cogentco.graphml,2,1,clustered,0.6;-0.3,21,21,8,13,2,21,13,9,51,1,2,edgeCount
780,197,243,graphml/Cogentco.graphml,1,0,clustered,0.6;-0.3,14,14,14,0,0,14,0,14,14,0,0,edgeCount
779,197,243,graphml/Cogentco.graphml,2,1,clustered,0.6;-0.3,26,26,10,16,0,26,16,26,26,16,0,edgeCount
778,197,243,graphml/Cogentco.graphml,1,0,clustered,0.6;-0.3,21,21,21,0,0,21,0,21,21,0,0,edgeCount
777,197,243,graphml/Cogentco.graphml,1,0,clustered,0.6;-0.3,-1,-1,16,-17,2,-1,-17,-1,-1,-17,2,edgeCount
776,197,243,graphml/Cogentco.graphml,2,1,clustered,0.6;-0.3,10,10,10,0,0,10,0,10,10,0,0,edgeCount
775,197,243,graphml/Cogentco.graphml,2,1,clustered,0.6;-0.3,16,29,8,8,2,16,8,16,29,8,2,edgeCount
772,197,243,graphml/Cogentco.graphml,3,2,clustered,0.6;-0.3,15,15,7,8,0,15,8,15,15,8,0,edgeCount
771,197,243,graphml/Cogentco.graphml,1,0,clustered,0.6;-0.3,2,2,2,0,0,2,0,2,2,0,0,edgeCount
770,197,243,graphml/Cogentco.graphml,2,1,clustered,0.6;-0.3,11,9,6,5,0,-1,-7,-1,-1,-7,0,edgeCount
769,197,243,graphml/Cogentco.graphml,2,1,clustered,0.6;-0.3,38,38,10,28,0,38,28,38,38,28,0,edgeCount
768,197,243,graphml/Cogentco.graphml,2,1,clustered,0.6;-0.3,6,6,6,0,2,6,0,6,6,0,2,edgeCount
766,197,243,graphml/Cogentco.graphml,2,1,clustered,0.6;-0.3,56,56,20,36,0,56,36,56,56,36,0,edgeCount
764,197,243,graphml/Cogentco.graphml,2,1,clustered,0.6;-0.3,19,19,9,10,0,19,10,19,19,10,0,edgeCount
763,197,243,graphml/Cogentco.graphml,1,0,clustered,0.6;-0.3,27,25,25,2,2,-1,-26,27,25,2,2,edgeCount
762,197,243,graphml/Cogentco.graphml,2,1,clustered,0.6;-0.3,16,10,5,11,2,-1,-6,-1,-1,-6,2,edgeCount
760,197,243,graphml/Cogentco.graphml,1,0,clustered,0.6;-0.3,10,10,10,0,2,10,0,10,10,0,2,edgeCount
759,197,243,graphml/Cogentco.graphml,1,0,clustered,0.6;-0.3,12,10,10,2,2,-1,-11,12,10,2,2,edgeCount
758,197,243,graphml/Cogentco.graphml,2,1,clustered,0.6;-0.3,30,10,10,20,0,-1,-11,30,10,20,0,edgeCount
756,197,243,graphml/Cogentco.graphml,2,1,clustered,0.6;-0.3,8,6,6,2,0,6,0,6,6,0,0,edgeCount
754,197,243,graphml/Cogentco.graphml,1,0,clustered,0.6;-0.3,19,25,19,0,4,19,0,19,25,0,4,edgeCount
753,197,243,graphml/Cogentco.graphml,1,0,clustered,0.6;-0.3,17,15,15,2,2,-1,-16,17,15,2,2,edgeCount
752,197,243,graphml/Cogentco.graphml,2,1,clustered,0.6;-0.3,36,36,12,24,4,-1,-13,-1,-1,-13,4,edgeCount
751,197,243,graphml/Cogentco.graphml,2,1,clustered,0.6;-0.3,37,37,14,23,0,37,23,37,37,23,0,edgeCount
750,197,243,graphml/Cogentco.graphml,2,1,clustered,0.6;-0.3,12,12,8,4,0,12,4,12,12,4,0,edgeCount
749,197,243,graphml/Cogentco.graphml,2,1,clustered,0.6;-0.3,-1,-1,15,-16,0,-1,-16,-1,-1,-16,0,edgeCount
747,197,243,graphml/Cogentco.graphml,2,1,clustered,0.6;-0.3,35,35,9,26,2,35,26,15,27,6,2,edgeCount
746,197,243,graphml/Cogentco.graphml,2,1,clustered,0.6;-0.3,37,37,14,23,2,-1,-15,37,37,23,2,edgeCount
744,197,243,graphml/Cogentco.graphml,2,1,clustered,0.6;-0.3,18,18,18,0,2,18,0,18,18,0,2,edgeCount
743,197,243,graphml/Cogentco.graphml,2,1,clustered,0.6;-0.3,7,3,3,4,10,3,0,3,19,0,10,edgeCount
739,197,243,graphml/Cogentco.graphml,2,1,clustered,0.6;-0.3,36,36,12,24,0,-1,-13,-1,-1,-13,0,edgeCount
738,197,243,graphml/Cogentco.graphml,2,1,clustered,0.6;-0.3,14,14,6,8,0,14,8,14,14,8,0,edgeCount
737,197,243,graphml/Cogentco.graphml,2,1,clustered,0.6;-0.3,11,11,11,0,0,11,0,11,11,0,0,edgeCount
736,197,243,graphml/Cogentco.graphml,2,1,clustered,0.6;-0.3,8,8,4,4,0,-1,-5,8,8,4,0,edgeCount
735,197,243,graphml/Cogentco.graphml,1,0,clustered,0.6;-0.3,44,44,20,24,2,-1,-21,44,44,24,2,edgeCount
734,197,243,graphml/Cogentco.graphml,2,1,clustered,0.6;-0.3,52,52,17,35,2,52,35,22,70,5,2,edgeCount
733,197,243,graphml/Cogentco.graphml,1,0,clustered,0.6;-0.3,12,12,12,0,0,12,0,12,12,0,0,edgeCount
732,197,243,graphml/Cogentco.graphml,3,2,clustered,0.6;-0.3,39,11,11,28,0,59,48,33,11,22,0,edgeCount
731,197,243,graphml/Cogentco.graphml,2,1,clustered,0.6;-0.3,35,35,12,23,2,35,23,35,35,23,2,edgeCount
730,197,243,graphml/Cogentco.graphml,2,1,clustered,0.6;-0.3,28,28,14,14,0,26,12,26,26,12,0,edgeCount
728,197,243,graphml/Cogentco.graphml,1,0,clustered,0.6;-0.3,10,10,10,0,2,10,0,10,10,0,2,edgeCount
723,197,243,graphml/Cogentco.graphml,1,0,clustered,0.6;-0.3,-1,-1,14,-15,0,-1,-15,-1,-1,-15,0,edgeCount
722,197,243,graphml/Cogentco.graphml,2,1,clustered,0.6;-0.3,79,75,24,55,2,67,43,75,75,51,2,edgeCount
721,197,243,graphml/Cogentco.graphml,3,2,clustered,0.6;-0.3,40,40,10,30,0,-1,-11,-1,-1,-11,0,edgeCount
718,197,243,graphml/Cogentco.graphml,1,0,clustered,0.6;-0.3,17,17,17,0,0,17,0,17,17,0,0,edgeCount
717,197,243,graphml/Cogentco.graphml,1,0,clustered,0.6;-0.3,45,23,19,26,2,-1,-20,45,23,26,2,edgeCount
716,197,243,graphml/Cogentco.graphml,2,1,clustered,0.6;-0.3,39,63,13,26,4,-1,-14,15,55,2,4,edgeCount
715,197,243,graphml/Cogentco.graphml,1,0,clustered,0.6;-0.3,12,12,12,0,2,12,0,12,12,0,2,edgeCount
713,197,243,graphml/Cogentco.graphml,1,0,clustered,0.6;-0.3,28,20,11,17,4,-1,-12,28,20,17,4,edgeCount
712,197,243,graphml/Cogentco.graphml,2,1,clustered,0.6;-0.3,4,4,4,0,2,4,0,4,16,0,2,edgeCount
711,197,243,graphml/Cogentco.graphml,1,0,clustered,0.6;-0.3,9,9,9,0,0,9,0,9,9,0,0,edgeCount
708,197,243,graphml/Cogentco.graphml,2,1,clustered,0.6;-0.3,10,10,10,0,2,10,0,44,10,34,2,edgeCount
706,197,243,graphml/Cogentco.graphml,2,1,clustered,0.6;-0.3,57,57,19,38,0,-1,-20,-1,-1,-20,0,edgeCount
705,197,243,graphml/Cogentco.graphml,3,2,clustered,0.6;-0.3,14,14,8,6,0,14,6,14,14,6,0,edgeCount
704,197,243,graphml/Cogentco.graphml,2,1,clustered,0.6;-0.3,54,54,17,37,0,54,37,54,54,37,0,edgeCount
701,197,243,graphml/Cogentco.graphml,1,0,clustered,0.6;-0.3,11,11,11,0,0,11,0,11,11,0,0,edgeCount
700,197,243,graphml/Cogentco.graphml,1,0,clustered,0.6;-0.3,21,21,21,0,0,21,0,21,21,0,0,edgeCount
699,197,243,graphml/Cogentco.graphml,2,1,clustered,0.6;-0.3,18,18,18,0,0,18,0,18,18,0,0,edgeCount
698,197,243,graphml/Cogentco.graphml,2,1,clustered,0.6;-0.3,10,10,10,0,0,10,0,10,10,0,0,edgeCount
697,197,243,graphml/Cogentco.graphml,2,1,clustered,0.6;-0.3,11,11,11,0,0,11,0,11,11,0,0,edgeCount
695,197,243,graphml/Cogentco.graphml,2,1,clustered,0.6;-0.3,7,7,4,3,4,7,3,5,23,1,4,edgeCount
694,197,243,graphml/Cogentco.graphml,1,0,clustered,0.6;-0.3,18,18,18,0,2,-1,-19,18,18,0,2,edgeCount
693,197,243,graphml/Cogentco.graphml,2,1,clustered,0.6;-0.3,32,30,13,19,0,30,17,30,30,17,0,edgeCount
692,197,243,graphml/Cogentco.graphml,2,1,clustered,0.6;-0.3,15,15,15,0,0,15,0,15,15,0,0,edgeCount
689,197,243,graphml/Cogentco.graphml,1,0,clustered,0.6;-0.3,11,11,11,0,0,11,0,11,11,0,0,edgeCount
687,197,243,graphml/Cogentco.graphml,2,1,clustered,0.6;-0.3,48,64,17,31,0,-1,-18,-1,-1,-18,0,edgeCount
686,197,243,graphml/Cogentco.graphml,1,0,clustered,0.6;-0.3,17,17,17,0,0,17,0,17,17,0,0,edgeCount
685,197,243,graphml/Cogentco.graphml,1,0,clustered,0.6;-0.3,35,17,12,23,2,-1,-13,35,17,23,2,edgeCount
684,197,243,graphml/Cogentco.graphml,2,1,clustered,0.6;-0.3,56,18,18,38,0,-1,-19,-1,-1,-19,0,edgeCount
683,197,243,graphml/Cogentco.graphml,1,0,clustered,0.6;-0.3,5,5,5,0,4,-1,-6,5,5,0,4,edgeCount
682,197,243,graphml/Cogentco.graphml,1,0,clustered,0.6;-0.3,23,23,23,0,0,23,0,23,23,0,0,edgeCount
681,197,243,graphml/Cogentco.graphml,2,1,clustered,0.6;-0.3,56,56,18,38,2,-1,-19,56,56,38,2,edgeCount
680,197,243,graphml/Cogentco.graphml,2,1,clustered,0.6;-0.3,10,10,10,0,4,10,0,38,18,28,4,edgeCount
678,197,243,graphml/Cogentco.graphml,2,1,clustered,0.6;-0.3,13,13,5,8,0,13,8,13,13,8,0,edgeCount
677,197,243,graphml/Cogentco.graphml,1,0,clustered,0.6;-0.3,10,10,10,0,0,10,0,10,10,0,0,edgeCount
674,197,243,graphml/Cogentco.graphml,2,1,clustered,0.6;-0.3,26,26,11,15,0,26,15,26,26,15,0,edgeCount
673,197,243,graphml/Cogentco.graphml,1,0,clustered,0.6;-0.3,-1,-1,10,-11,2,-1,-11,-1,-1,-11,2,edgeCount
671,197,243,graphml/Cogentco.graphml,1,0,clustered,0.6;-0.3,66,66,29,37,4,-1,-30,66,66,37,4,edgeCount
670,197,243,graphml/Cogentco.graphml,1,0,clustered,0.6;-0.3,24,22,22,2,4,-1,-23,24,22,2,4,edgeCount
665,197,243,graphml/Cogentco.graphml,3,2,clustered,0.6;-0.3,-1,-1,16,-17,0,-1,-17,-1,-1,-17,0,edgeCount
662,197,243,graphml/Cogentco.graphml,3,2,clustered,0.6;-0.3,9,9,9,0,0,9,0,9,9,0,0,edgeCount
660,197,243,graphml/Cogentco.graphml,2,1,clustered,0.6;-0.3,12,12,12,0,0,45,33,12,12,0,0,edgeCount
659,197,243,graphml/Cogentco.graphml,2,1,clustered,0.6;-0.3,19,49,7,12,0,19,12,19,19,12,0,edgeCount
658,197,243,graphml/Cogentco.graphml,1,0,clustered,0.6;-0.3,2,2,2,0,2,2,0,2,2,0,2,edgeCount
657,197,243,graphml/Cogentco.graphml,2,1,clustered,0.6;-0.3,11,11,11,0,0,11,0,11,11,0,0,edgeCount
656,197,243,graphml/Cogentco.graphml,3,2,clustered,0.6;-0.3,13,11,11,2,2,-1,-12,13,11,2,2,edgeCount
655,197,243,graphml/Cogentco.graphml,2,1,clustered,0.6;-0.3,-1,-1,12,-13,0,-1,-13,-1,-1,-13,0,edgeCount
654,197,243,graphml/Cogentco.graphml,2,1,clustered,0.6;-0.3,66,82,19,47,2,-1,-20,-1,-1,-20,2,edgeCount
652,197,243,graphml/Cogentco.graphml,1,0,clustered,0.6;-0.3,33,33,14,19,2,-1,-15,33,33,19,2,edgeCount
651,197,243,graphml/Cogentco.graphml,1,0,clustered,0.6;-0.3,-1,-1,12,-13,4,-1,-13,-1,-1,-13,4,edgeCount
649,197,243,graphml/Cogentco.graphml,2,1,clustered,0.6;-0.3,12,12,8,4,0,12,4,12,12,4,0,edgeCount
648,197,243,graphml/Cogentco.graphml,3,2,clustered,0.6;-0.3,56,56,16,40,0,57,41,57,57,41,0,edgeCount
647,197,243,graphml/Cogentco.graphml,2,1,clustered,0.6;-0.3,13,13,13,0,0,13,0,13,13,0,0,edgeCount
646,197,243,graphml/Cogentco.graphml,1,0,clustered,0.6;-0.3,-1,-1,9,-10,0,-1,-10,-1,-1,-10,0,edgeCount
644,197,243,graphml/Cogentco.graphml,2,1,clustered,0.6;-0.3,10,10,10,0,2,10,0,10,10,0,2,edgeCount
643,197,243,graphml/Cogentco.graphml,1,0,clustered,0.6;-0.3,7,7,7,0,0,7,0,7,7,0,0,edgeCount
642,197,243,graphml/Cogentco.graphml,3,2,clustered,0.6;-0.3,3,3,3,0,0,3,0,3,3,0,0,edgeCount
640,197,243,graphml/Cogentco.graphml,1,0,clustered,0.6;-0.3,10,10,10,0,0,10,0,10,10,0,0,edgeCount
639,197,243,graphml/Cogentco.graphml,2,1,clustered,0.6;-0.3,13,13,13,0,2,-1,-14,13,13,0,2,edgeCount
638,197,243,graphml/Cogentco.graphml,1,0,clustered,0.6;-0.3,2,2,2,0,0,2,0,2,2,0,0,edgeCount
637,197,243,graphml/Cogentco.graphml,1,0,clustered,0.6;-0.3,13,13,13,0,0,13,0,13,13,0,0,edgeCount
634,197,243,graphml/Cogentco.graphml,1,0,clustered,0.6;-0.3,5,5,5,0,0,5,0,5,5,0,0,edgeCount
633,197,243,graphml/Cogentco.graphml,2,1,clustered,0.6;-0.3,7,7,7,0,2,7,0,23,12,16,2,edgeCount
632,197,243,graphml/Cogentco.graphml,2,1,clustered,0.6;-0.3,13,55,12,1,0,13,1,13,13,1,0,edgeCount
629,197,243,graphml/Cogentco.graphml,1,0,clustered,0.6;-0.3,35,15,15,20,2,15,0,35,15,20,2,edgeCount
628,197,243,graphml/Cogentco.graphml,2,1,clustered,0.6;-0.3,53,53,19,34,2,-1,-20,53,53,34,2,edgeCount
627,197,243,graphml/Cogentco.graphml,2,1,clustered,0.6;-0.3,27,27,11,16,0,13,2,13,13,2,0,edgeCount
626,197,243,graphml/Cogentco.graphml,2,1,clustered,0.6;-0.3,51,51,20,31,0,51,31,51,51,31,0,edgeCount
625,197,243,graphml/Cogentco.graphml,1,0,clustered,0.6;-0.3,13,13,13,0,0,13,0,13,13,0,0,edgeCount
624,197,243,graphml/Cogentco.graphml,1,0,clustered,0.6;-0.3,3,3,3,0,2,3,0,3,3,0,2,edgeCount
623,197,243,graphml/Cogentco.graphml,2,1,clustered,0.6;-0.3,31,31,8,23,0,31,23,31,31,23,0,edgeCount
621,197,243,graphml/Cogentco.graphml,2,1,clustered,0.6;-0.3,48,80,16,32,0,48,32,48,48,32,0,edgeCount
620,197,243,graphml/Cogentco.graphml,2,1,clustered,0.6;-0.3,16,16,12,4,0,16,4,16,16,4,0,edgeCount
619,197,243,graphml/Cogentco.graphml,2,1,clustered,0.6;-0.3,14,14,13,1,0,14,1,14,14,1,0,edgeCount
617,197,243,graphml/Cogentco.graphml,2,1,clustered,0.6;-0.3,-1,-1,19,-20,0,-1,-20,-1,-1,-20,0,edgeCount
616,197,243,graphml/Cogentco.graphml,2,1,clustered,0.6;-0.3,18,18,17,1,0,18,1,18,18,1,0,edgeCount
615,197,243,graphml/Cogentco.graphml,2,1,clustered,0.6;-0.3,19,15,12,7,0,19,7,19,15,7,0,edgeCount
613,197,243,graphml/Cogentco.graphml,2,1,clustered,0.6;-0.3,19,19,19,0,0,19,0,19,19,0,0,edgeCount
612,197,243,graphml/Cogentco.graphml,1,0,clustered,0.6;-0.3,2,2,2,0,0,2,0,2,2,0,0,edgeCount
609,197,243,graphml/Cogentco.graphml,1,0,clustered,0.6;-0.3,18,18,18,0,4,18,0,18,18,0,4,edgeCount
608,197,243,graphml/Cogentco.graphml,2,1,clustered,0.6;-0.3,6,6,6,0,4,6,0,6,6,0,4,edgeCount
607,197,243,graphml/Cogentco.graphml,2,1,clustered,0.6;-0.3,6,6,6,0,0,6,0,6,6,0,0,edgeCount
606,197,243,graphml/Cogentco.graphml,2,1,clustered,0.6;-0.3,54,54,15,39,0,54,39,54,54,39,0,edgeCount
605,197,243,graphml/Cogentco.graphml,2,1,clustered,0.6;-0.3,78,72,29,49,2,72,43,72,72,43,2,edgeCount
604,197,243,graphml/Cogentco.graphml,3,2,clustered,0.6;-0.3,9,9,6,3,0,9,3,9,9,3,0,edgeCount
601,197,243,graphml/Cogentco.graphml,2,1,clustered,0.6;-0.3,4,4,4,0,0,4,0,4,4,0,0,edgeCount
600,197,243,graphml/Cogentco.graphml,1,0,clustered,0.6;-0.3,18,18,18,0,0,18,0,18,18,0,0,edgeCount
599,197,243,graphml/Cogentco.graphml,2,1,clustered,0.6;-0.3,10,10,10,0,0,10,0,10,10,0,0,edgeCount
598,197,243,graphml/Cogentco.graphml,1,0,clustered,0.6;-0.3,32,24,24,8,2,-1,-25,32,24,8,2,edgeCount
596,197,243,graphml/Cogentco.graphml,2,1,clustered,0.6;-0.3,-1,-1,13,-14,2,-1,-14,13,13,0,2,edgeCount
595,197,243,graphml/Cogentco.graphml,1,0,clustered,0.6;-0.3,19,61,19,0,2,19,0,19,61,0,2,edgeCount
594,197,243,graphml/Cogentco.graphml,2,1,clustered,0.6;-0.3,16,16,16,0,2,16,0,16,16,0,2,edgeCount
592,197,243,graphml/Cogentco.graphml,2,1,clustered,0.6;-0.3,9,9,9,0,0,9,0,9,9,0,0,edgeCount
590,197,243,graphml/Cogentco.graphml,2,1,clustered,0.6;-0.3,23,23,9,14,0,23,14,23,23,14,0,edgeCount
589,197,243,graphml/Cogentco.graphml,2,1,clustered,0.6;-0.3,36,41,14,22,2,36,22,36,41,22,2,edgeCount
588,197,243,graphml/Cogentco.graphml,2,1,clustered,0.6;-0.3,45,45,15,30,0,45,30,45,45,30,0,edgeCount
586,197,243,graphml/Cogentco.graphml,1,0,clustered,0.6;-0.3,20,20,14,6,4,-1,-15,20,20,6,4,edgeCount
584,197,243,graphml/Cogentco.graphml,2,1,clustered,0.6;-0.3,8,7,7,1,0,8,1,8,7,1,0,edgeCount
583,197,243,graphml/Cogentco.graphml,1,0,clustered,0.6;-0.3,30,20,14,16,4,-1,-15,30,20,16,4,edgeCount
582,197,243,graphml/Cogentco.graphml,1,0,clustered,0.6;-0.3,11,11,11,0,0,11,0,11,11,0,0,edgeCount
581,197,243,graphml/Cogentco.graphml,1,0,clustered,0.6;-0.3,40,40,14,26,2,-1,-15,40,40,26,2,edgeCount
580,197,243,graphml/Cogentco.graphml,2,1,clustered,0.6;-0.3,16,16,16,0,0,16,0,16,16,0,0,edgeCount
578,197,243,graphml/Cogentco.graphml,2,1,clustered,0.6;-0.3,-1,-1,29,-30,0,-1,-30,-1,-1,-30,0,edgeCount
577,197,243,graphml/Cogentco.graphml,2,1,clustered,0.6;-0.3,16,16,12,4,2,16,4,16,16,4,2,edgeCount
576,197,243,graphml/Cogentco.graphml,1,0,clustered,0.6;-0.3,13,13,13,0,0,13,0,13,13,0,0,edgeCount
572,197,243,graphml/Cogentco.graphml,2,1,clustered,0.6;-0.3,28,26,25,3,2,-1,-26,28,26,3,2,edgeCount
571,197,243,graphml/Cogentco.graphml,2,1,clustered,0.6;-0.3,40,40,10,30,0,40,30,40,40,30,0,edgeCount
570,197,243,graphml/Cogentco.graphml,1,0,clustered,0.6;-0.3,23,23,23,0,0,23,0,23,23,0,0,edgeCount
569,197,243,graphml/Cogentco.graphml,1,0,clustered,0.6;-0.3,-1,-1,16,-17,8,-1,-17,-1,-1,-17,8,edgeCount
568,197,243,graphml/Cogentco.graphml,2,1,clustered,0.6;-0.3,17,17,14,3,0,17,3,17,17,3,0,edgeCount
567,197,243,graphml/Cogentco.graphml,2,1,clustered,0.6;-0.3,33,33,13,20,0,33,20,33,33,20,0,edgeCount
566,197,243,graphml/Cogentco.graphml,2,1,clustered,0.6;-0.3,5,5,5,0,0,5,0,5,5,0,0,edgeCount
565,197,243,graphml/Cogentco.graphml,1,0,clustered,0.6;-0.3,2,2,2,0,0,2,0,2,2,0,0,edgeCount
564,197,243,graphml/Cogentco.graphml,2,1,clustered,0.6;-0.3,18,52,8,10,0,18,10,18,18,10,0,edgeCount
563,197,243,graphml/Cogentco.graphml,3,2,clustered,0.6;-0.3,23,23,9,14,2,23,14,23,23,14,2,edgeCount
562,197,243,graphml/Cogentco.graphml,2,1,clustered,0.6;-0.3,16,16,3,13,4,16,13,8,26,5,4,edgeCount
560,197,243,graphml/Cogentco.graphml,2,1,clustered,0.6;-0.3,3,3,3,0,0,3,0,3,3,0,0,edgeCount
559,197,243,graphml/Cogentco.graphml,2,1,clustered,0.6;-0.3,16,16,16,0,0,16,0,16,16,0,0,edgeCount
558,197,243,graphml/Cogentco.graphml,2,1,clustered,0.6;-0.3,40,40,17,23,0,40,23,40,40,23,0,edgeCount
557,197,243,graphml/Cogentco.graphml,2,1,clustered,0.6;-0.3,14,14,14,0,0,14,0,14,14,0,0,edgeCount
554,197,243,graphml/Cogentco.graphml,1,0,clustered,0.6;-0.3,20,20,20,0,0,20,0,20,20,0,0,edgeCount
553,197,243,graphml/Cogentco.graphml,1,0,clustered,0.6;-0.3,4,4,4,0,0,4,0,4,4,0,0,edgeCount
551,197,243,graphml/Cogentco.graphml,2,1,clustered,0.6;-0.3,14,14,4,10,0,14,10,14,14,10,0,edgeCount
550,197,243,graphml/Cogentco.graphml,2,1,clustered,0.6;-0.3,21,21,10,11,0,21,11,21,21,11,0,edgeCount
548,197,243,graphml/Cogentco.graphml,2,1,clustered,0.6;-0.3,31,31,9,22,12,29,20,15,15,6,10,edgeCount
547,197,243,graphml/Cogentco.graphml,1,0,clustered,0.6;-0.3,20,20,20,0,0,20,0,20,20,0,0,edgeCount
546,197,243,graphml/Cogentco.graphml,2,1,clustered,0.6;-0.3,5,5,5,0,0,5,0,5,5,0,0,edgeCount
543,197,243,graphml/Cogentco.graphml,2,1,clustered,0.6;-0.3,28,26,12,16,2,16,4,26,26,14,2,edgeCount
542,197,243,graphml/Cogentco.graphml,3,2,clustered,0.6;-0.3,68,68,12,56,0,68,56,68,68,56,0,edgeCount
541,197,243,graphml/Cogentco.graphml,2,1,clustered,0.6;-0.3,-1,-1,15,-16,0,-1,-16,-1,-1,-16,0,edgeCount
539,197,243,graphml/Cogentco.graphml,2,1,clustered,0.6;-0.3,14,14,14,0,0,14,0,14,14,0,0,edgeCount
537,197,243,graphml/Cogentco.graphml,2,1,clustered,0.6;-0.3,16,42,9,7,2,16,7,10,34,1,2,edgeCount
533,197,243,graphml/Cogentco.graphml,2,1,clustered,0.6;-0.3,32,26,14,18,0,26,12,26,26,12,0,edgeCount
531,197,243,graphml/Cogentco.graphml,3,2,clustered,0.6;-0.3,54,54,9,45,0,-1,-10,-1,-1,-10,0,edgeCount
530,197,243,graphml/Cogentco.graphml,2,1,clustered,0.6;-0.3,7,7,7,0,0,7,0,7,7,0,0,edgeCount
529,197,243,graphml/Cogentco.graphml,2,1,clustered,0.6;-0.3,10,10,10,0,0,10,0,10,10,0,0,edgeCount
528,197,243,graphml/Cogentco.graphml,1,0,clustered,0.6;-0.3,-1,-1,12,-13,0,-1,-13,-1,-1,-13,0,edgeCount
527,197,243,graphml/Cogentco.graphml,1,0,clustered,0.6;-0.3,30,16,12,18,4,-1,-13,30,16,18,4,edgeCount
526,197,243,graphml/Cogentco.graphml,1,0,clustered,0.6;-0.3,5,5,5,0,4,5,0,5,5,0,4,edgeCount
525,197,243,graphml/Cogentco.graphml,2,1,clustered,0.6;-0.3,11,21,11,0,0,-1,-12,-1,-1,-12,0,edgeCount
524,197,243,graphml/Cogentco.graphml,2,1,clustered,0.6;-0.3,3,3,3,0,2,3,0,3,3,0,2,edgeCount
523,197,243,graphml/Cogentco.graphml,2,1,clustered,0.6;-0.3,43,43,12,31,0,41,29,41,41,29,0,edgeCount
522,197,243,graphml/Cogentco.graphml,1,0,clustered,0.6;-0.3,16,16,16,0,0,16,0,16,16,0,0,edgeCount
521,197,243,graphml/Cogentco.graphml,3,2,clustered,0.6;-0.3,8,8,8,0,2,8,0,8,8,0,2,edgeCount
520,197,243,graphml/Cogentco.graphml,1,0,clustered,0.6;-0.3,12,12,12,0,0,12,0,12,12,0,0,edgeCount
519,197,243,graphml/Cogentco.graphml,1,0,clustered,0.6;-0.3,17,17,17,0,0,17,0,17,17,0,0,edgeCount
516,197,243,graphml/Cogentco.graphml,2,1,clustered,0.6;-0.3,9,9,9,0,0,9,0,9,9,0,0,edgeCount
515,197,243,graphml/Cogentco.graphml,1,0,clustered,0.6;-0.3,11,11,11,0,2,11,0,11,11,0,2,edgeCount
514,197,243,graphml/Cogentco.graphml,3,2,clustered,0.6;-0.3,2,2,2,0,0,2,0,2,2,0,0,edgeCount
513,197,243,graphml/Cogentco.graphml,2,1,clustered,0.6;-0.3,32,32,8,24,2,22,14,10,32,2,2,edgeCount
511,197,243,graphml/Cogentco.graphml,2,1,clustered,0.6;-0.3,21,21,21,0,0,21,0,21,21,0,0,edgeCount
510,197,243,graphml/Cogentco.graphml,2,1,clustered,0.6;-0.3,11,11,11,0,0,11,0,11,11,0,0,edgeCount
509,197,243,graphml/Cogentco.graphml,3,2,clustered,0.6;-0.3,16,16,8,8,0,16,8,16,16,8,0,edgeCount
507,197,243,graphml/Cogentco.graphml,2,1,clustered,0.6;-0.3,39,53,8,31,2,-1,-9,28,14,20,2,edgeCount
504,197,243,graphml/Cogentco.graphml,1,0,clustered,0.6;-0.3,-1,-1,24,-25,4,-1,-25,-1,-1,-25,4,edgeCount
503,197,243,graphml/Cogentco.graphml,2,1,clustered,0.6;-0.3,34,34,8,26,0,34,26,34,34,26,0,edgeCount
502,197,243,graphml/Cogentco.graphml,1,0,clustered,0.6;-0.3,21,21,21,0,0,21,0,21,21,0,0,edgeCount
500,197,243,graphml/Cogentco.graphml,2,1,clustered,0.6;-0.3,-1,-1,14,-15,0,-1,-15,-1,-1,-15,0,edgeCount
498,197,243,graphml/Cogentco.graphml,2,1,clustered,0.6;-0.3,6,6,6,0,0,6,0,6,6,0,0,edgeCount
497,197,243,graphml/Cogentco.graphml,2,1,clustered,0.6;-0.3,-1,-1,12,-13,4,-1,-13,-1,-1,-13,4,edgeCount
496,197,243,graphml/Cogentco.graphml,2,1,clustered,0.6;-0.3,44,70,16,28,0,44,28,44,44,28,0,edgeCount
495,197,243,graphml/Cogentco.graphml,2,1,clustered,0.6;-0.3,12,12,12,0,0,12,0,12,12,0,0,edgeCount
494,197,243,graphml/Cogentco.graphml,1,0,clustered,0.6;-0.3,6,6,6,0,0,6,0,6,6,0,0,edgeCount
493,197,243,graphml/Cogentco.graphml,2,1,clustered,0.6;-0.3,18,16,6,12,2,6,0,18,16,12,2,edgeCount
491,197,243,graphml/Cogentco.graphml,1,0,clustered,0.6;-0.3,17,9,9,8,4,9,0,17,9,8,4,edgeCount
490,197,243,graphml/Cogentco.graphml,1,0,clustered,0.6;-0.3,8,8,8,0,4,8,0,8,8,0,4,edgeCount
489,197,243,graphml/Cogentco.graphml,1,0,clustered,0.6;-0.3,17,17,17,0,0,17,0,17,17,0,0,edgeCount
488,197,243,graphml/Cogentco.graphml,1,0,clustered,0.6;-0.3,-1,-1,18,-19,0,-1,-19,-1,-1,-19,0,edgeCount
486,197,243,graphml/Cogentco.graphml,1,0,clustered,0.6;-0.3,17,17,17,0,0,17,0,17,17,0,0,edgeCount
485,197,243,graphml/Cogentco.graphml,1,0,clustered,0.6;-0.3,12,12,12,0,0,12,0,12,12,0,0,edgeCount
484,197,243,graphml/Cogentco.graphml,2,1,clustered,0.6;-0.3,27,17,6,21,2,-1,-7,28,14,22,2,edgeCount
483,197,243,graphml/Cogentco.graphml,2,1,clustered,0.6;-0.3,10,10,10,0,0,10,0,10,10,0,0,edgeCount
481,197,243,graphml/Cogentco.graphml,1,0,clustered,0.6;-0.3,2,2,2,0,0,2,0,2,2,0,0,edgeCount
480,197,243,graphml/Cogentco.graphml,1,0,clustered,0.6;-0.3,13,13,13,0,2,13,0,13,13,0,2,edgeCount
479,197,243,graphml/Cogentco.graphml,1,0,clustered,0.6;-0.3,5,29,5,0,4,5,0,5,29,0,4,edgeCount
477,197,243,graphml/Cogentco.graphml,1,0,clustered,0.6;-0.3,30,30,12,18,4,-1,-13,30,30,18,4,edgeCount
476,197,243,graphml/Cogentco.graphml,2,1,clustered,0.6;-0.3,20,20,7,13,0,20,13,20,20,13,0,edgeCount
475,197,243,graphml/Cogentco.graphml,2,1,clustered,0.6;-0.3,7,7,7,0,4,7,0,7,7,0,4,edgeCount
474,197,243,graphml/Cogentco.graphml,2,1,clustered,0.6;-0.3,50,48,13,37,2,-1,-14,-1,-1,-14,2,edgeCount
473,197,243,graphml/Cogentco.graphml,2,1,clustered,0.6;-0.3,17,17,7,10,0,17,10,17,17,10,0,edgeCount
472,197,243,graphml/Cogentco.graphml,2,1,clustered,0.6;-0.3,-1,-1,12,-13,0,-1,-13,-1,-1,-13,0,edgeCount
469,197,243,graphml/Cogentco.graphml,3,2,clustered,0.6;-0.3,44,16,16,28,2,44,28,44,16,28,2,edgeCount
466,197,243,graphml/Cogentco.graphml,1,0,clustered,0.6;-0.3,8,8,8,0,0,8,0,8,8,0,0,edgeCount
465,197,243,graphml/Cogentco.graphml,1,0,clustered,0.6;-0.3,53,53,18,35,2,-1,-19,53,53,35,2,edgeCount
464,197,243,graphml/Cogentco.graphml,2,1,clustered,0.6;-0.3,44,44,11,33,0,44,33,44,44,33,0,edgeCount
463,197,243,graphml/Cogentco.graphml,2,1,clustered,0.6;-0.3,54,65,19,35,2,54,35,54,65,35,2,edgeCount
460,197,243,graphml/Cogentco.graphml,1,0,clustered,0.6;-0.3,5,11,5,0,2,5,0,5,11,0,2,edgeCount
459,197,243,graphml/Cogentco.graphml,4,3,clustered,0.6;-0.3,7,7,3,4,0,7,4,7,7,4,0,edgeCount
458,197,243,graphml/Cogentco.graphml,2,1,clustered,0.6;-0.3,5,5,5,0,0,5,0,5,5,0,0,edgeCount
457,197,243,graphml/Cogentco.graphml,2,1,clustered,0.6;-0.3,55,35,13,42,4,-1,-14,47,17,34,4,edgeCount
456,197,243,graphml/Cogentco.graphml,2,1,clustered,0.6;-0.3,17,17,17,0,2,-1,-18,17,17,0,2,edgeCount
455,197,243,graphml/Cogentco.graphml,1,0,clustered,0.6;-0.3,23,23,23,0,0,23,0,23,23,0,0,edgeCount
454,197,243,graphml/Cogentco.graphml,2,1,clustered,0.6;-0.3,23,23,7,16,0,-1,-8,-1,-1,-8,0,edgeCount
451,197,243,graphml/Cogentco.graphml,2,1,clustered,0.6;-0.3,25,25,24,1,0,25,1,25,25,1,0,edgeCount
450,197,243,graphml/Cogentco.graphml,2,1,clustered,0.6;-0.3,8,8,8,0,0,8,0,8,8,0,0,edgeCount
449,197,243,graphml/Cogentco.graphml,2,1,clustered,0.6;-0.3,2,2,2,0,2,2,0,2,2,0,2,edgeCount
448,197,243,graphml/Cogentco.graphml,3,2,clustered,0.6;-0.3,36,34,12,24,0,34,22,34,34,22,0,edgeCount
447,197,243,graphml/Cogentco.graphml,2,1,clustered,0.6;-0.3,54,54,20,34,0,54,34,54,54,34,0,edgeCount
446,197,243,graphml/Cogentco.graphml,2,1,clustered,0.6;-0.3,35,13,11,24,2,13,2,13,13,2,2,edgeCount
444,197,243,graphml/Cogentco.graphml,1,0,clustered,0.6;-0.3,9,9,9,0,0,9,0,9,9,0,0,edgeCount
442,197,243,graphml/Cogentco.graphml,2,1,clustered,0.6;-0.3,6,6,6,0,0,6,0,6,6,0,0,edgeCount
441,197,243,graphml/Cogentco.graphml,2,1,clustered,0.6;-0.3,26,26,19,7,2,-1,-20,-1,-1,-20,2,edgeCount
440,197,243,graphml/Cogentco.graphml,2,1,clustered,0.6;-0.3,97,97,22,75,2,-1,-23,85,35,63,2,edgeCount
439,197,243,graphml/Cogentco.graphml,2,1,clustered,0.6;-0.3,17,17,17,0,0,17,0,17,17,0,0,edgeCount
438,197,243,graphml/Cogentco.graphml,2,1,clustered,0.6;-0.3,74,44,20,54,0,50,30,50,50,30,0,edgeCount
436,197,243,graphml/Cogentco.graphml,3,2,clustered,0.6;-0.3,14,14,8,6,2,14,6,14,14,6,2,edgeCount
435,197,243,graphml/Cogentco.graphml,1,0,clustered,0.6;-0.3,9,9,9,0,2,9,0,9,9,0,2,edgeCount
434,197,243,graphml/Cogentco.graphml,1,0,clustered,0.6;-0.3,15,16,15,0,4,15,0,15,16,0,4,edgeCount
433,197,243,graphml/Cogentco.graphml,1,0,clustered,0.6;-0.3,19,19,19,0,0,19,0,19,19,0,0,edgeCount
430,197,243,graphml/Cogentco.graphml,1,0,clustered,0.6;-0.3,6,6,6,0,0,6,0,6,6,0,0,edgeCount
429,197,243,graphml/Cogentco.graphml,2,1,clustered,0.6;-0.3,74,74,19,55,4,-1,-20,23,23,4,4,edgeCount
428,197,243,graphml/Cogentco.graphml,1,0,clustered,0.6;-0.3,22,22,22,0,0,22,0,22,22,0,0,edgeCount
426,197,243,graphml/Cogentco.graphml,2,1,clustered,0.6;-0.3,47,47,10,37,0,47,37,47,47,37,0,edgeCount
425,197,243,graphml/Cogentco.graphml,1,0,clustered,0.6;-0.3,-1,-1,9,-10,2,-1,-10,-1,-1,-10,2,edgeCount
424,197,243,graphml/Cogentco.graphml,2,1,clustered,0.6;-0.3,14,14,14,0,0,-1,-15,14,14,0,0,edgeCount
422,197,243,graphml/Cogentco.graphml,2,1,clustered,0.6;-0.3,11,11,11,0,0,11,0,11,11,0,0,edgeCount
421,197,243,graphml/Cogentco.graphml,1,0,clustered,0.6;-0.3,21,79,21,0,2,21,0,21,79,0,2,edgeCount
420,197,243,graphml/Cogentco.graphml,2,1,clustered,0.6;-0.3,3,3,3,0,0,3,0,3,3,0,0,edgeCount
418,197,243,graphml/Cogentco.graphml,1,0,clustered,0.6;-0.3,9,13,9,0,4,9,0,9,13,0,4,edgeCount
417,197,243,graphml/Cogentco.graphml,2,1,clustered,0.6;-0.3,65,65,13,52,0,37,24,37,37,24,0,edgeCount
416,197,243,graphml/Cogentco.graphml,2,1,clustered,0.6;-0.3,13,13,13,0,2,13,0,13,13,0,2,edgeCount
414,197,243,graphml/Cogentco.graphml,2,1,clustered,0.6;-0.3,25,30,11,14,2,25,14,25,30,14,2,edgeCount
412,197,243,graphml/Cogentco.graphml,2,1,clustered,0.6;-0.3,15,24,14,1,0,15,1,15,15,1,0,edgeCount
409,197,243,graphml/Cogentco.graphml,2,1,clustered,0.6;-0.3,16,16,15,1,2,16,1,58,32,43,2,edgeCount
408,197,243,graphml/Cogentco.graphml,1,0,clustered,0.6;-0.3,10,48,10,0,2,10,0,10,48,0,2,edgeCount
405,197,243,graphml/Cogentco.graphml,2,1,clustered,0.6;-0.3,14,14,14,0,0,14,0,14,14,0,0,edgeCount
404,197,243,graphml/Cogentco.graphml,2,1,clustered,0.6;-0.3,9,9,9,0,0,9,0,9,9,0,0,edgeCount
403,197,243,graphml/Cogentco.graphml,2,1,clustered,0.6;-0.3,25,25,11,14,2,23,12,11,39,0,2,edgeCount
401,197,243,graphml/Cogentco.graphml,1,0,clustered,0.6;-0.3,19,19,19,0,0,19,0,19,19,0,0,edgeCount
400,197,243,graphml/Cogentco.graphml,2,1,clustered,0.6;-0.3,52,52,20,32,0,52,32,52,52,32,0,edgeCount
398,197,243,graphml/Cogentco.graphml,2,1,clustered,0.6;-0.3,59,47,17,42,2,-1,-18,58,22,41,2,edgeCount
396,197,243,graphml/Cogentco.graphml,2,1,clustered,0.6;-0.3,13,13,10,3,2,13,3,39,27,29,2,edgeCount
394,197,243,graphml/Cogentco.graphml,2,1,clustered,0.6;-0.3,5,5,5,0,0,5,0,5,5,0,0,edgeCount
393,197,243,graphml/Cogentco.graphml,1,0,clustered,0.6;-0.3,6,6,6,0,0,6,0,6,6,0,0,edgeCount
392,197,243,graphml/Cogentco.graphml,1,0,clustered,0.6;-0.3,9,9,9,0,0,9,0,9,9,0,0,edgeCount
391,197,243,graphml/Cogentco.graphml,1,0,clustered,0.6;-0.3,5,5,5,0,4,-1,-6,5,5,0,4,edgeCount
390,197,243,graphml/Cogentco.graphml,1,0,clustered,0.6;-0.3,16,16,16,0,0,16,0,16,16,0,0,edgeCount
389,197,243,graphml/Cogentco.graphml,2,1,clustered,0.6;-0.3,38,30,12,26,0,-1,-13,-1,-1,-13,0,edgeCount
388,197,243,graphml/Cogentco.graphml,2,1,clustered,0.6;-0.3,16,16,7,9,4,16,9,8,40,1,4,edgeCount
387,197,243,graphml/Cogentco.graphml,2,1,clustered,0.6;-0.3,53,53,14,39,2,53,39,53,53,39,2,edgeCount
386,197,243,graphml/Cogentco.graphml,1,0,clustered,0.6;-0.3,56,56,23,33,4,-1,-24,56,56,33,4,edgeCount
385,197,243,graphml/Cogentco.graphml,2,1,clustered,0.6;-0.3,10,10,10,0,0,26,16,10,10,0,0,edgeCount
383,197,243,graphml/Cogentco.graphml,1,0,clustered,0.6;-0.3,13,13,13,0,0,13,0,13,13,0,0,edgeCount
381,197,243,graphml/Cogentco.graphml,2,1,clustered,0.6;-0.3,14,14,14,0,2,14,0,56,14,42,2,edgeCount
380,197,243,graphml/Cogentco.graphml,2,1,clustered,0.6;-0.3,61,59,21,40,4,-1,-22,61,59,40,4,edgeCount
379,197,243,graphml/Cogentco.graphml,2,1,clustered,0.6;-0.3,-1,-1,9,-10,10,-1,-10,-1,-1,-10,10,edgeCount
378,197,243,graphml/Cogentco.graphml,2,1,clustered,0.6;-0.3,28,28,12,16,0,-1,-13,-1,-1,-13,0,edgeCount
375,197,243,graphml/Cogentco.graphml,1,0,clustered,0.6;-0.3,18,80,18,0,2,18,0,18,80,0,2,edgeCount
374,197,243,graphml/Cogentco.graphml,2,1,clustered,0.6;-0.3,13,13,13,0,0,13,0,13,13,0,0,edgeCount
373,197,243,graphml/Cogentco.graphml,2,1,clustered,0.6;-0.3,23,35,11,12,0,-1,-12,-1,-1,-12,0,edgeCount
372,197,243,graphml/Cogentco.graphml,2,1,clustered,0.6;-0.3,21,21,21,0,0,21,0,21,21,0,0,edgeCount
371,197,243,graphml/Cogentco.graphml,2,1,clustered,0.6;-0.3,17,17,16,1,2,17,1,17,17,1,2,edgeCount
369,197,243,graphml/Cogentco.graphml,2,1,clustered,0.6;-0.3,14,14,14,0,0,14,0,14,14,0,0,edgeCount
368,197,243,graphml/Cogentco.graphml,1,0,clustered,0.6;-0.3,6,6,6,0,2,6,0,6,6,0,2,edgeCount
366,197,243,graphml/Cogentco.graphml,2,1,clustered,0.6;-0.3,6,6,6,0,0,6,0,6,6,0,0,edgeCount
364,197,243,graphml/Cogentco.graphml,3,2,clustered,0.6;-0.3,36,36,12,24,0,36,24,36,36,24,0,edgeCount
362,197,243,graphml/Cogentco.graphml,2,1,clustered,0.6;-0.3,50,94,16,34,2,-1,-17,-1,-1,-17,2,edgeCount
361,197,243,graphml/Cogentco.graphml,2,1,clustered,0.6;-0.3,26,24,12,14,2,-1,-13,26,24,14,2,edgeCount
360,197,243,graphml/Cogentco.graphml,2,1,clustered,0.6;-0.3,14,14,14,0,0,14,0,14,14,0,0,edgeCount
359,197,243,graphml/Cogentco.graphml,1,0,clustered,0.6;-0.3,11,11,11,0,0,11,0,11,11,0,0,edgeCount
358,197,243,graphml/Cogentco.graphml,1,0,clustered,0.6;-0.3,10,24,10,0,2,10,0,10,24,0,2,edgeCount
357,197,243,graphml/Cogentco.graphml,2,1,clustered,0.6;-0.3,8,8,8,0,0,8,0,8,8,0,0,edgeCount
356,197,243,graphml/Cogentco.graphml,2,1,clustered,0.6;-0.3,6,6,6,0,0,6,0,6,6,0,0,edgeCount
355,197,243,graphml/Cogentco.graphml,1,0,clustered,0.6;-0.3,18,18,18,0,0,18,0,18,18,0,0,edgeCount
354,197,243,graphml/Cogentco.graphml,2,1,clustered,0.6;-0.3,49,49,22,27,2,49,27,49,49,27,2,edgeCount
353,197,243,graphml/Cogentco.graphml,1,0,clustered,0.6;-0.3,20,20,20,0,4,20,0,20,20,0,4,edgeCount
352,197,243,graphml/Cogentco.graphml,3,2,clustered,0.6;-0.3,11,40,7,4,2,11,4,27,16,20,2,edgeCount
351,197,243,graphml/Cogentco.graphml,2,1,clustered,0.6;-0.3,41,41,14,27,0,41,27,41,41,27,0,edgeCount
350,197,243,graphml/Cogentco.graphml,2,1,clustered,0.6;-0.3,37,37,14,23,0,37,23,37,37,23,0,edgeCount
349,197,243,graphml/Cogentco.graphml,1,0,clustered,0.6;-0.3,38,24,11,27,4,-1,-12,38,24,27,4,edgeCount
346,197,243,graphml/Cogentco.graphml,2,1,clustered,0.6;-0.3,26,26,12,14,0,-1,-13,26,26,14,0,edgeCount
345,197,243,graphml/Cogentco.graphml,2,1,clustered,0.6;-0.3,9,9,9,0,4,9,0,27,9,18,4,edgeCount
344,197,243,graphml/Cogentco.graphml,2,1,clustered,0.6;-0.3,18,72,13,5,0,18,5,18,18,5,0,edgeCount
343,197,243,graphml/Cogentco.graphml,2,1,clustered,0.6;-0.3,16,16,16,0,0,16,0,16,16,0,0,edgeCount
342,197,243,graphml/Cogentco.graphml,2,1,clustered,0.6;-0.3,10,10,10,0,0,40,30,10,10,0,0,edgeCount
341,197,243,graphml/Cogentco.graphml,2,1,clustered,0.6;-0.3,12,12,12,0,2,12,0,42,42,30,2,edgeCount
338,197,243,graphml/Cogentco.graphml,1,0,clustered,0.6;-0.3,3,3,3,0,0,3,0,3,3,0,0,edgeCount
337,197,243,graphml/Cogentco.graphml,2,1,clustered,0.6;-0.3,39,39,8,31,0,-1,-9,-1,-1,-9,0,edgeCount
335,197,243,graphml/Cogentco.graphml,3,2,clustered,0.6;-0.3,63,63,13,50,0,-1,-14,-1,-1,-14,0,edgeCount
334,197,243,graphml/Cogentco.graphml,2,1,clustered,0.6;-0.3,77,73,28,49,2,73,45,73,73,45,2,edgeCount
331,197,243,graphml/Cogentco.graphml,2,1,clustered,0.6;-0.3,10,10,10,0,0,10,0,10,10,0,0,edgeCount
330,197,243,graphml/Cogentco.graphml,2,1,clustered,0.6;-0.3,12,26,6,6,0,12,6,12,12,6,0,edgeCount
329,197,243,graphml/Cogentco.graphml,2,1,clustered,0.6;-0.3,20,20,15,5,0,20,5,20,20,5,0,edgeCount
328,197,243,graphml/Cogentco.graphml,2,1,clustered,0.6;-0.3,78,78,18,60,2,-1,-19,29,29,11,2,edgeCount
326,197,243,graphml/Cogentco.graphml,1,0,clustered,0.6;-0.3,11,11,11,0,0,11,0,11,11,0,0,edgeCount
325,197,243,graphml/Cogentco.graphml,2,1,clustered,0.6;-0.3,11,11,11,0,2,11,0,31,11,20,2,edgeCount
323,197,243,graphml/Cogentco.graphml,2,1,clustered,0.6;-0.3,2,2,2,0,0,2,0,2,2,0,0,edgeCount
322,197,243,graphml/Cogentco.graphml,3,2,clustered,0.6;-0.3,60,60,14,46,0,60,46,60,60,46,0,edgeCount
320,197,243,graphml/Cogentco.graphml,1,0,clustered,0.6;-0.3,-1,-1,20,-21,2,-1,-21,-1,-1,-21,2,edgeCount
318,197,243,graphml/Cogentco.graphml,2,1,clustered,0.6;-0.3,16,16,13,3,2,16,3,16,16,3,2,edgeCount
314,197,243,graphml/Cogentco.graphml,2,1,clustered,0.6;-0.3,6,6,6,0,0,6,0,6,6,0,0,edgeCount
312,197,243,graphml/Cogentco.graphml,1,0,clustered,0.6;-0.3,21,39,9,12,6,-1,-10,21,39,12,6,edgeCount
311,197,243,graphml/Cogentco.graphml,2,1,clustered,0.6;-0.3,42,36,15,27,0,36,21,36,36,21,0,edgeCount
310,197,243,graphml/Cogentco.graphml,2,1,clustered,0.6;-0.3,30,30,10,20,2,-1,-11,30,30,20,2,edgeCount
309,197,243,graphml/Cogentco.graphml,2,1,clustered,0.6;-0.3,3,3,3,0,2,3,0,3,3,0,2,edgeCount
308,197,243,graphml/Cogentco.graphml,2,1,clustered,0.6;-0.3,70,70,28,42,2,70,42,70,70,42,2,edgeCount
306,197,243,graphml/Cogentco.graphml,2,1,clustered,0.6;-0.3,40,40,11,29,0,40,29,40,40,29,0,edgeCount
304,197,243,graphml/Cogentco.graphml,2,1,clustered,0.6;-0.3,15,15,13,2,0,15,2,15,15,2,0,edgeCount
303,197,243,graphml/Cogentco.graphml,2,1,clustered,0.6;-0.3,22,18,9,13,0,18,9,18,18,9,0,edgeCount
301,197,243,graphml/Cogentco.graphml,1,0,clustered,0.6;-0.3,85,85,24,61,4,-1,-25,85,85,61,4,edgeCount
300,197,243,graphml/Cogentco.graphml,1,0,clustered,0.6;-0.3,-1,-1,8,-9,2,-1,-9,-1,-1,-9,2,edgeCount
299,197,243,graphml/Cogentco.graphml,2,1,clustered,0.6;-0.3,50,50,22,28,0,50,28,50,50,28,0,edgeCount
298,197,243,graphml/Cogentco.graphml,2,1,clustered,0.6;-0.3,16,16,15,1,0,16,1,16,16,1,0,edgeCount
297,197,243,graphml/Cogentco.graphml,3,2,clustered,0.6;-0.3,30,39,9,21,2,-1,-10,33,15,24,2,edgeCount
295,197,243,graphml/Cogentco.graphml,3,2,clustered,0.6;-0.3,13,47,3,10,0,13,10,13,13,10,0,edgeCount
294,197,243,graphml/Cogentco.graphml,1,0,clustered,0.6;-0.3,4,48,4,0,4,4,0,4,48,0,4,edgeCount
293,197,243,graphml/Cogentco.graphml,2,1,clustered,0.6;-0.3,33,33,9,24,0,33,24,33,33,24,0,edgeCount
292,197,243,graphml/Cogentco.graphml,2,1,clustered,0.6;-0.3,27,27,13,14,0,25,12,25,25,12,0,edgeCount
291,197,243,graphml/Cogentco.graphml,2,1,clustered,0.6;-0.3,13,13,13,0,0,13,0,13,13,0,0,edgeCount
289,197,243,graphml/Cogentco.graphml,1,0,clustered,0.6;-0.3,16,16,16,0,2,16,0,16,16,0,2,edgeCount
286,197,243,graphml/Cogentco.graphml,1,0,clustered,0.6;-0.3,9,9,9,0,2,9,0,9,9,0,2,edgeCount
285,197,243,graphml/Cogentco.graphml,2,1,clustered,0.6;-0.3,33,33,13,20,2,33,20,13,49,0,2,edgeCount
284,197,243,graphml/Cogentco.graphml,1,0,clustered,0.6;-0.3,28,18,18,10,2,-1,-19,28,18,10,2,edgeCount
283,197,243,graphml/Cogentco.graphml,2,1,clustered,0.6;-0.3,62,110,18,44,2,-1,-19,-1,-1,-19,2,edgeCount
282,197,243,graphml/Cogentco.graphml,3,2,clustered,0.6;-0.3,60,62,10,50,0,60,50,60,60,50,0,edgeCount
280,197,243,graphml/Cogentco.graphml,1,0,clustered,0.6;-0.3,31,19,13,18,2,-1,-14,31,19,18,2,edgeCount
279,197,243,graphml/Cogentco.graphml,1,0,clustered,0.6;-0.3,9,9,9,0,0,9,0,9,9,0,0,edgeCount
277,197,243,graphml/Cogentco.graphml,2,1,clustered,0.6;-0.3,20,20,18,2,0,20,2,20,20,2,0,edgeCount
276,197,243,graphml/Cogentco.graphml,1,0,clustered,0.6;-0.3,3,3,3,0,0,3,0,3,3,0,0,edgeCount
273,197,243,graphml/Cogentco.graphml,2,1,clustered,0.6;-0.3,47,28,15,32,2,-1,-16,44,16,29,2,edgeCount
270,197,243,graphml/Cogentco.graphml,2,1,clustered,0.6;-0.3,-1,-1,12,-13,0,-1,-13,-1,-1,-13,0,edgeCount
269,197,243,graphml/Cogentco.graphml,2,1,clustered,0.6;-0.3,23,49,8,15,4,23,15,13,39,5,4,edgeCount
268,197,243,graphml/Cogentco.graphml,2,1,clustered,0.6;-0.3,41,39,19,22,2,-1,-20,41,39,22,2,edgeCount
267,197,243,graphml/Cogentco.graphml,1,0,clustered,0.6;-0.3,31,15,14,17,2,-1,-15,31,15,17,2,edgeCount
264,197,243,graphml/Cogentco.graphml,1,0,clustered,0.6;-0.3,9,9,9,0,0,9,0,9,9,0,0,edgeCount
262,197,243,graphml/Cogentco.graphml,1,0,clustered,0.6;-0.3,13,29,13,0,4,-1,-14,13,29,0,4,edgeCount
260,197,243,graphml/Cogentco.graphml,1,0,clustered,0.6;-0.3,17,17,17,0,2,-1,-18,17,17,0,2,edgeCount
259,197,243,graphml/Cogentco.graphml,1,0,clustered,0.6;-0.3,14,14,14,0,0,14,0,14,14,0,0,edgeCount
258,197,243,graphml/Cogentco.graphml,2,1,clustered,0.6;-0.3,14,14,14,0,0,14,0,14,14,0,0,edgeCount
257,197,243,graphml/Cogentco.graphml,2,1,clustered,0.6;-0.3,10,10,10,0,0,10,0,10,10,0,0,edgeCount
255,197,243,graphml/Cogentco.graphml,2,1,clustered,0.6;-0.3,54,72,18,36,2,54,36,54,72,36,2,edgeCount
254,197,243,graphml/Cogentco.graphml,1,0,clustered,0.6;-0.3,14,14,14,0,2,14,0,14,14,0,2,edgeCount
253,197,243,graphml/Cogentco.graphml,2,1,clustered,0.6;-0.3,18,6,6,12,2,6,0,18,6,12,2,edgeCount
252,197,243,graphml/Cogentco.graphml,2,1,clustered,0.6;-0.3,46,47,10,36,4,-1,-11,32,11,22,4,edgeCount
251,197,243,graphml/Cogentco.graphml,2,1,clustered,0.6;-0.3,71,91,13,58,14,-1,-14,46,16,33,14,edgeCount
250,197,243,graphml/Cogentco.graphml,2,1,clustered,0.6;-0.3,15,15,14,1,0,15,1,15,15,1,0,edgeCount
249,197,243,graphml/Cogentco.graphml,2,1,clustered,0.6;-0.3,26,31,10,16,2,26,16,26,31,16,2,edgeCount
247,197,243,graphml/Cogentco.graphml,2,1,clustered,0.6;-0.3,11,11,11,0,0,11,0,11,11,0,0,edgeCount
245,197,243,graphml/Cogentco.graphml,2,1,clustered,0.6;-0.3,47,27,10,37,2,-1,-11,41,17,31,2,edgeCount
244,197,243,graphml/Cogentco.graphml,1,0,clustered,0.6;-0.3,-1,-1,9,-10,0,-1,-10,-1,-1,-10,0,edgeCount
243,197,243,graphml/Cogentco.graphml,2,1,clustered,0.6;-0.3,16,16,16,0,0,16,0,16,16,0,0,edgeCount
242,197,243,graphml/Cogentco.graphml,2,1,clustered,0.6;-0.3,19,73,13,6,2,47,34,19,73,6,2,edgeCount
241,197,243,graphml/Cogentco.graphml,1,0,clustered,0.6;-0.3,10,10,10,0,4,10,0,10,10,0,4,edgeCount
240,197,243,graphml/Cogentco.graphml,1,0,clustered,0.6;-0.3,25,25,21,4,2,21,0,25,25,4,2,edgeCount
238,197,243,graphml/Cogentco.graphml,1,0,clustered,0.6;-0.3,9,9,9,0,2,9,0,9,9,0,2,edgeCount
237,197,243,graphml/Cogentco.graphml,2,1,clustered,0.6;-0.3,27,43,9,18,2,23,14,23,53,14,2,edgeCount
236,197,243,graphml/Cogentco.graphml,1,0,clustered,0.6;-0.3,13,13,13,0,0,13,0,13,13,0,0,edgeCount
233,197,243,graphml/Cogentco.graphml,2,1,clustered,0.6;-0.3,-1,-1,31,-32,0,-1,-32,-1,-1,-32,0,edgeCount
232,197,243,graphml/Cogentco.graphml,2,1,clustered,0.6;-0.3,26,14,8,18,0,14,6,14,14,6,0,edgeCount
230,197,243,graphml/Cogentco.graphml,1,0,clustered,0.6;-0.3,46,46,19,27,2,-1,-20,46,46,27,2,edgeCount
227,197,243,graphml/Cogentco.graphml,2,1,clustered,0.6;-0.3,24,20,12,12,2,-1,-13,24,20,12,2,edgeCount
226,197,243,graphml/Cogentco.graphml,2,1,clustered,0.6;-0.3,27,27,10,17,2,27,17,11,47,1,2,edgeCount
223,197,243,graphml/Cogentco.graphml,2,1,clustered,0.6;-0.3,11,11,11,0,2,11,0,11,11,0,2,edgeCount
222,197,243,graphml/Cogentco.graphml,2,1,clustered,0.6;-0.3,16,16,8,8,2,-1,-9,-1,-1,-9,2,edgeCount
220,197,243,graphml/Cogentco.graphml,2,1,clustered,0.6;-0.3,28,16,4,24,2,-1,-5,4,4,0,2,edgeCount
219,197,243,graphml/Cogentco.graphml,1,0,clustered,0.6;-0.3,20,20,20,0,0,20,0,20,20,0,0,edgeCount
218,197,243,graphml/Cogentco.graphml,3,2,clustered,0.6;-0.3,6,6,6,0,8,48,42,40,56,34,8,edgeCount
217,197,243,graphml/Cogentco.graphml,1,0,clustered,0.6;-0.3,9,9,9,0,0,9,0,9,9,0,0,edgeCount
216,197,243,graphml/Cogentco.graphml,2,1,clustered,0.6;-0.3,11,11,7,4,0,11,4,11,11,4,0,edgeCount
215,197,243,graphml/Cogentco.graphml,1,0,clustered,0.6;-0.3,12,12,12,0,0,12,0,12,12,0,0,edgeCount
214,197,243,graphml/Cogentco.graphml,2,1,clustered,0.6;-0.3,18,18,18,0,0,18,0,18,18,0,0,edgeCount
213,197,243,graphml/Cogentco.graphml,2,1,clustered,0.6;-0.3,21,21,6,15,0,21,15,21,21,15,0,edgeCount
212,197,243,graphml/Cogentco.graphml,1,0,clustered,0.6;-0.3,7,7,7,0,0,7,0,7,7,0,0,edgeCount
211,197,243,graphml/Cogentco.graphml,2,1,clustered,0.6;-0.3,71,71,21,50,0,71,50,71,71,50,0,edgeCount
209,197,243,graphml/Cogentco.graphml,1,0,clustered,0.6;-0.3,5,5,5,0,0,5,0,5,5,0,0,edgeCount
207,197,243,graphml/Cogentco.graphml,2,1,clustered,0.6;-0.3,11,11,11,0,0,11,0,11,11,0,0,edgeCount
206,197,243,graphml/Cogentco.graphml,2,1,clustered,0.6;-0.3,31,27,12,19,0,27,15,27,27,15,0,edgeCount
203,197,243,graphml/Cogentco.graphml,2,1,clustered,0.6;-0.3,24,24,21,3,0,24,3,24,24,3,0,edgeCount
201,197,243,graphml/Cogentco.graphml,1,0,clustered,0.6;-0.3,8,52,8,0,4,8,0,8,52,0,4,edgeCount
200,197,243,graphml/Cogentco.graphml,1,0,clustered,0.6;-0.3,24,24,24,0,2,24,0,24,24,0,2,edgeCount
198,197,243,graphml/Cogentco.graphml,2,1,clustered,0.6;-0.3,8,8,7,1,2,8,1,8,8,1,2,edgeCount
196,197,243,graphml/Cogentco.graphml,2,1,clustered,0.6;-0.3,58,42,17,41,0,42,25,42,42,25,0,edgeCount
195,197,243,graphml/Cogentco.graphml,3,2,clustered,0.6;-0.3,36,12,10,26,12,-1,-11,12,12,2,12,edgeCount
193,197,243,graphml/Cogentco.graphml,1,0,clustered,0.6;-0.3,8,8,8,0,0,8,0,8,8,0,0,edgeCount
192,197,243,graphml/Cogentco.graphml,2,1,clustered,0.6;-0.3,27,27,10,17,0,27,17,27,27,17,0,edgeCount
191,197,243,graphml/Cogentco.graphml,2,1,clustered,0.6;-0.3,39,77,16,23,2,-1,-17,-1,-1,-17,2,edgeCount
190,197,243,graphml/Cogentco.graphml,2,1,clustered,0.6;-0.3,17,17,17,0,0,17,0,17,17,0,0,edgeCount
189,197,243,graphml/Cogentco.graphml,1,0,clustered,0.6;-0.3,6,6,6,0,0,6,0,6,6,0,0,edgeCount
187,197,243,graphml/Cogentco.graphml,2,1,clustered,0.6;-0.3,14,14,13,1,0,14,1,14,14,1,0,edgeCount
185,197,243,graphml/Cogentco.graphml,1,0,clustered,0.6;-0.3,8,8,8,0,2,8,0,8,8,0,2,edgeCount
184,197,243,graphml/Cogentco.graphml,2,1,clustered,0.6;-0.3,19,19,19,0,2,19,0,61,19,42,2,edgeCount
182,197,243,graphml/Cogentco.graphml,1,0,clustered,0.6;-0.3,37,39,15,22,4,-1,-16,37,39,22,4,edgeCount
181,197,243,graphml/Cogentco.graphml,2,1,clustered,0.6;-0.3,15,15,15,0,2,15,0,15,15,0,2,edgeCount
180,197,243,graphml/Cogentco.graphml,2,1,clustered,0.6;-0.3,7,7,7,0,0,7,0,7,7,0,0,edgeCount
179,197,243,graphml/Cogentco.graphml,2,1,clustered,0.6;-0.3,11,11,11,0,0,11,0,11,11,0,0,edgeCount
178,197,243,graphml/Cogentco.graphml,2,1,clustered,0.6;-0.3,24,50,12,12,0,24,12,24,24,12,0,edgeCount
177,197,243,graphml/Cogentco.graphml,3,2,clustered,0.6;-0.3,27,15,11,16,0,27,16,27,27,16,0,edgeCount
174,197,243,graphml/Cogentco.graphml,1,0,clustered,0.6;-0.3,-1,-1,26,-27,2,-1,-27,-1,-1,-27,2,edgeCount
173,197,243,graphml/Cogentco.graphml,2,1,clustered,0.6;-0.3,12,12,11,1,0,32,21,32,32,21,0,edgeCount
172,197,243,graphml/Cogentco.graphml,1,0,clustered,0.6;-0.3,6,6,6,0,2,6,0,6,6,0,2,edgeCount
171,197,243,graphml/Cogentco.graphml,1,0,clustered,0.6;-0.3,8,8,8,0,2,8,0,8,8,0,2,edgeCount
170,197,243,graphml/Cogentco.graphml,2,1,clustered,0.6;-0.3,31,31,10,21,0,31,21,31,31,21,0,edgeCount
168,197,243,graphml/Cogentco.graphml,1,0,clustered,0.6;-0.3,43,29,29,14,2,-1,-30,43,29,14,2,edgeCount
167,197,243,graphml/Cogentco.graphml,2,1,clustered,0.6;-0.3,66,28,23,43,2,-1,-24,66,28,43,2,edgeCount
165,197,243,graphml/Cogentco.graphml,1,0,clustered,0.6;-0.3,57,57,21,36,2,-1,-22,57,57,36,2,edgeCount
164,197,243,graphml/Cogentco.graphml,2,1,clustered,0.6;-0.3,2,2,2,0,2,2,0,2,2,0,2,edgeCount
163,197,243,graphml/Cogentco.graphml,1,0,clustered,0.6;-0.3,22,22,22,0,0,22,0,22,22,0,0,edgeCount
162,197,243,graphml/Cogentco.graphml,2,1,clustered,0.6;-0.3,14,14,7,7,2,14,7,7,7,0,2,edgeCount
161,197,243,graphml/Cogentco.graphml,2,1,clustered,0.6;-0.3,47,47,16,31,0,-1,-17,-1,-1,-17,0,edgeCount
159,197,243,graphml/Cogentco.graphml,1,0,clustered,0.6;-0.3,25,25,15,10,4,-1,-16,25,25,10,4,edgeCount
158,197,243,graphml/Cogentco.graphml,2,1,clustered,0.6;-0.3,9,9,9,0,2,9,0,35,9,26,2,edgeCount
157,197,243,graphml/Cogentco.graphml,2,1,clustered,0.6;-0.3,32,32,14,18,0,32,18,32,32,18,0,edgeCount
155,197,243,graphml/Cogentco.graphml,2,1,clustered,0.6;-0.3,32,30,10,22,0,-1,-11,-1,-1,-11,0,edgeCount
154,197,243,graphml/Cogentco.graphml,3,2,clustered,0.6;-0.3,2,2,2,0,0,2,0,2,2,0,0,edgeCount
153,197,243,graphml/Cogentco.graphml,2,1,clustered,0.6;-0.3,22,22,21,1,0,22,1,22,22,1,0,edgeCount
151,197,243,graphml/Cogentco.graphml,4,3,clustered,0.6;-0.3,10,10,4,6,10,4,0,26,4,22,10,edgeCount
150,197,243,graphml/Cogentco.graphml,1,0,clustered,0.6;-0.3,35,15,12,23,2,-1,-13,35,15,23,2,edgeCount
149,197,243,graphml/Cogentco.graphml,2,1,clustered,0.6;-0.3,30,24,12,18,6,-1,-13,18,22,6,6,edgeCount
148,197,243,graphml/Cogentco.graphml,2,1,clustered,0.6;-0.3,23,25,15,8,4,-1,-16,23,25,8,4,edgeCount
147,197,243,graphml/Cogentco.graphml,1,0,clustered,0.6;-0.3,7,7,7,0,2,7,0,7,7,0,2,edgeCount
145,197,243,graphml/Cogentco.graphml,2,1,clustered,0.6;-0.3,16,16,16,0,0,16,0,16,16,0,0,edgeCount
144,197,243,graphml/Cogentco.graphml,2,1,clustered,0.6;-0.3,28,28,23,5,0,28,5,28,28,5,0,edgeCount
143,197,243,graphml/Cogentco.graphml,2,1,clustered,0.6;-0.3,6,6,6,0,0,6,0,6,6,0,0,edgeCount
142,197,243,graphml/Cogentco.graphml,1,0,clustered,0.6;-0.3,-1,-1,16,-17,2,-1,-17,-1,-1,-17,2,edgeCount
141,197,243,graphml/Cogentco.graphml,2,1,clustered,0.6;-0.3,59,59,20,39,0,59,39,59,59,39,0,edgeCount
139,197,243,graphml/Cogentco.graphml,2,1,clustered,0.6;-0.3,47,33,12,35,4,-1,-13,45,13,33,4,edgeCount
138,197,243,graphml/Cogentco.graphml,2,1,clustered,0.6;-0.3,50,60,13,37,0,50,37,50,50,37,0,edgeCount
137,197,243,graphml/Cogentco.graphml,2,1,clustered,0.6;-0.3,11,11,11,0,0,11,0,11,11,0,0,edgeCount
136,197,243,graphml/Cogentco.graphml,2,1,clustered,0.6;-0.3,7,7,7,0,2,7,0,27,7,20,2,edgeCount
135,197,243,graphml/Cogentco.graphml,2,1,clustered,0.6;-0.3,29,51,12,17,2,29,17,13,39,1,2,edgeCount
133,197,243,graphml/Cogentco.graphml,2,1,clustered,0.6;-0.3,38,38,12,26,0,38,26,38,38,26,0,edgeCount
131,197,243,graphml/Cogentco.graphml,2,1,clustered,0.6;-0.3,34,34,9,25,0,34,25,34,34,25,0,edgeCount
129,197,243,graphml/Cogentco.graphml,2,1,clustered,0.6;-0.3,50,72,13,37,0,50,37,50,50,37,0,edgeCount
128,197,243,graphml/Cogentco.graphml,1,0,clustered,0.6;-0.3,10,10,10,0,0,10,0,10,10,0,0,edgeCount
127,197,243,graphml/Cogentco.graphml,3,2,clustered,0.6;-0.3,18,18,13,5,0,18,5,18,18,5,0,edgeCount
126,197,243,graphml/Cogentco.graphml,2,1,clustered,0.6;-0.3,9,9,9,0,2,9,0,37,9,28,2,edgeCount
125,197,243,graphml/Cogentco.graphml,2,1,clustered,0.6;-0.3,-1,-1,9,-10,0,-1,-10,-1,-1,-10,0,edgeCount
124,197,243,graphml/Cogentco.graphml,2,1,clustered,0.6;-0.3,6,6,6,0,0,6,0,6,6,0,0,edgeCount
123,197,243,graphml/Cogentco.graphml,1,0,clustered,0.6;-0.3,12,12,10,2,4,-1,-11,12,12,2,4,edgeCount
122,197,243,graphml/Cogentco.graphml,1,0,clustered,0.6;-0.3,16,16,16,0,0,16,0,16,16,0,0,edgeCount
121,197,243,graphml/Cogentco.graphml,2,1,clustered,0.6;-0.3,20,20,20,0,2,20,0,26,20,6,2,edgeCount
120,197,243,graphml/Cogentco.graphml,2,1,clustered,0.6;-0.3,36,36,14,22,2,36,22,36,36,22,2,edgeCount
119,197,243,graphml/Cogentco.graphml,2,1,clustered,0.6;-0.3,65,79,25,40,2,-1,-26,-1,-1,-26,2,edgeCount
116,197,243,graphml/Cogentco.graphml,1,0,clustered,0.6;-0.3,17,47,17,0,4,17,0,17,47,0,4,edgeCount
115,197,243,graphml/Cogentco.graphml,2,1,clustered,0.6;-0.3,27,27,12,15,0,27,15,27,27,15,0,edgeCount
112,197,243,graphml/Cogentco.graphml,1,0,clustered,0.6;-0.3,-1,-1,20,-21,6,-1,-21,-1,-1,-21,6,edgeCount
110,197,243,graphml/Cogentco.graphml,1,0,clustered,0.6;-0.3,11,11,11,0,2,11,0,11,11,0,2,edgeCount
109,197,243,graphml/Cogentco.graphml,1,0,clustered,0.6;-0.3,8,8,8,0,0,8,0,8,8,0,0,edgeCount
107,197,243,graphml/Cogentco.graphml,1,0,clustered,0.6;-0.3,7,7,7,0,0,7,0,7,7,0,0,edgeCount
106,197,243,graphml/Cogentco.graphml,1,0,clustered,0.6;-0.3,9,9,9,0,0,9,0,9,9,0,0,edgeCount
105,197,243,graphml/Cogentco.graphml,2,1,clustered,0.6;-0.3,48,80,17,31,4,-1,-18,22,64,5,4,edgeCount
104,197,243,graphml/Cogentco.graphml,1,0,clustered,0.6;-0.3,13,51,13,0,4,13,0,13,51,0,4,edgeCount
100,197,243,graphml/Cogentco.graphml,2,1,clustered,0.6;-0.3,7,7,7,0,0,7,0,7,7,0,0,edgeCount
97,197,243,graphml/Cogentco.graphml,2,1,clustered,0.6;-0.3,39,39,18,21,0,39,21,39,39,21,0,edgeCount
96,197,243,graphml/Cogentco.graphml,1,0,clustered,0.6;-0.3,9,9,9,0,0,9,0,9,9,0,0,edgeCount
95,197,243,graphml/Cogentco.graphml,1,0,clustered,0.6;-0.3,21,21,21,0,4,21,0,21,21,0,4,edgeCount
93,197,243,graphml/Cogentco.graphml,1,0,clustered,0.6;-0.3,9,49,9,0,4,9,0,9,49,0,4,edgeCount
92,197,243,graphml/Cogentco.graphml,1,0,clustered,0.6;-0.3,18,18,18,0,0,18,0,18,18,0,0,edgeCount
91,197,243,graphml/Cogentco.graphml,2,1,clustered,0.6;-0.3,26,26,11,15,0,26,15,26,26,15,0,edgeCount
90,197,243,graphml/Cogentco.graphml,3,2,clustered,0.6;-0.3,60,60,10,50,0,60,50,60,60,50,0,edgeCount
89,197,243,graphml/Cogentco.graphml,1,0,clustered,0.6;-0.3,6,6,6,0,0,6,0,6,6,0,0,edgeCount
88,197,243,graphml/Cogentco.graphml,2,1,clustered,0.6;-0.3,-1,-1,6,-7,4,-1,-7,-1,-1,-7,4,edgeCount
87,197,243,graphml/Cogentco.graphml,1,0,clustered,0.6;-0.3,30,30,14,16,4,-1,-15,30,30,16,4,edgeCount
86,197,243,graphml/Cogentco.graphml,1,0,clustered,0.6;-0.3,37,19,15,22,2,-1,-16,37,19,22,2,edgeCount
85,197,243,graphml/Cogentco.graphml,2,1,clustered,0.6;-0.3,15,15,13,2,0,15,2,15,15,2,0,edgeCount
83,197,243,graphml/Cogentco.graphml,2,1,clustered,0.6;-0.3,47,59,13,34,0,47,34,47,47,34,0,edgeCount
82,197,243,graphml/Cogentco.graphml,2,1,clustered,0.6;-0.3,18,18,18,0,2,18,0,18,18,0,2,edgeCount
81,197,243,graphml/Cogentco.graphml,2,1,clustered,0.6;-0.3,-1,-1,15,-16,0,-1,-16,-1,-1,-16,0,edgeCount
80,197,243,graphml/Cogentco.graphml,2,1,clustered,0.6;-0.3,38,38,11,27,0,38,27,38,38,27,0,edgeCount
79,197,243,graphml/Cogentco.graphml,2,1,clustered,0.6;-0.3,35,19,12,23,4,-1,-13,35,40,23,4,edgeCount
78,197,243,graphml/Cogentco.graphml,1,0,clustered,0.6;-0.3,3,3,3,0,0,3,0,3,3,0,0,edgeCount
77,197,243,graphml/Cogentco.graphml,2,1,clustered,0.6;-0.3,48,48,12,36,0,-1,-13,-1,-1,-13,0,edgeCount
73,197,243,graphml/Cogentco.graphml,2,1,clustered,0.6;-0.3,7,7,7,0,0,7,0,7,7,0,0,edgeCount
72,197,243,graphml/Cogentco.graphml,2,1,clustered,0.6;-0.3,17,17,16,1,0,17,1,17,17,1,0,edgeCount
70,197,243,graphml/Cogentco.graphml,2,1,clustered,0.6;-0.3,5,5,5,0,0,5,0,5,5,0,0,edgeCount
69,197,243,graphml/Cogentco.graphml,2,1,clustered,0.6;-0.3,9,9,8,1,0,9,1,9,9,1,0,edgeCount
68,197,243,graphml/Cogentco.graphml,2,1,clustered,0.6;-0.3,6,6,6,0,0,6,0,6,6,0,0,edgeCount
67,197,243,graphml/Cogentco.graphml,2,1,clustered,0.6;-0.3,15,15,15,0,0,-1,-16,15,15,0,0,edgeCount
66,197,243,graphml/Cogentco.graphml,2,1,clustered,0.6;-0.3,10,14,6,4,2,-1,-7,-1,-1,-7,2,edgeCount
65,197,243,graphml/Cogentco.graphml,1,0,clustered,0.6;-0.3,28,28,16,12,2,-1,-17,28,28,12,2,edgeCount
64,197,243,graphml/Cogentco.graphml,2,1,clustered,0.6;-0.3,8,8,8,0,0,8,0,8,8,0,0,edgeCount
63,197,243,graphml/Cogentco.graphml,3,2,clustered,0.6;-0.3,78,102,15,63,2,-1,-16,78,78,63,2,edgeCount
62,197,243,graphml/Cogentco.graphml,2,1,clustered,0.6;-0.3,13,13,13,0,2,13,0,13,13,0,2,edgeCount
61,197,243,graphml/Cogentco.graphml,1,0,clustered,0.6;-0.3,23,23,23,0,0,23,0,23,23,0,0,edgeCount
60,197,243,graphml/Cogentco.graphml,2,1,clustered,0.6;-0.3,23,23,6,17,2,23,17,11,12,5,2,edgeCount
58,197,243,graphml/Cogentco.graphml,1,0,clustered,0.6;-0.3,63,63,22,41,2,-1,-23,63,63,41,2,edgeCount
57,197,243,graphml/Cogentco.graphml,3,2,clustered,0.6;-0.3,-1,-1,13,-14,0,-1,-14,-1,-1,-14,0,edgeCount
56,197,243,graphml/Cogentco.graphml,2,1,clustered,0.6;-0.3,29,29,9,20,0,29,20,29,29,20,0,edgeCount
52,197,243,graphml/Cogentco.graphml,2,1,clustered,0.6;-0.3,8,8,8,0,0,8,0,8,8,0,0,edgeCount
51,197,243,graphml/Cogentco.graphml,1,0,clustered,0.6;-0.3,10,10,10,0,0,10,0,10,10,0,0,edgeCount
49,197,243,graphml/Cogentco.graphml,2,1,clustered,0.6;-0.3,6,6,6,0,0,6,0,6,6,0,0,edgeCount
47,197,243,graphml/Cogentco.graphml,2,1,clustered,0.6;-0.3,63,63,18,45,4,-1,-19,-1,-1,-19,4,edgeCount
46,197,243,graphml/Cogentco.graphml,2,1,clustered,0.6;-0.3,29,29,11,18,0,-1,-12,29,29,18,0,edgeCount
44,197,243,graphml/Cogentco.graphml,3,2,clustered,0.6;-0.3,49,67,10,39,0,49,39,49,49,39,0,edgeCount
43,197,243,graphml/Cogentco.graphml,2,1,clustered,0.6;-0.3,15,15,14,1,2,15,1,47,45,33,2,edgeCount
42,197,243,graphml/Cogentco.graphml,2,1,clustered,0.6;-0.3,11,11,7,4,0,11,4,11,11,4,0,edgeCount
41,197,243,graphml/Cogentco.graphml,1,0,clustered,0.6;-0.3,35,35,14,21,8,-1,-15,35,35,21,8,edgeCount
40,197,243,graphml/Cogentco.graphml,2,1,clustered,0.6;-0.3,16,16,16,0,2,16,0,16,16,0,2,edgeCount
39,197,243,graphml/Cogentco.graphml,2,1,clustered,0.6;-0.3,65,23,21,44,0,59,38,59,59,38,0,edgeCount
37,197,243,graphml/Cogentco.graphml,2,1,clustered,0.6;-0.3,27,49,8,19,0,27,19,27,27,19,0,edgeCount
36,197,243,graphml/Cogentco.graphml,2,1,clustered,0.6;-0.3,63,55,26,37,14,-1,-27,63,55,37,14,edgeCount
34,197,243,graphml/Cogentco.graphml,3,2,clustered,0.6;-0.3,12,26,6,6,4,12,6,12,26,6,4,edgeCount
33,197,243,graphml/Cogentco.graphml,2,1,clustered,0.6;-0.3,11,11,11,0,0,11,0,11,11,0,0,edgeCount
32,197,243,graphml/Cogentco.graphml,2,1,clustered,0.6;-0.3,59,53,22,37,0,53,31,53,53,31,0,edgeCount
30,197,243,graphml/Cogentco.graphml,1,0,clustered,0.6;-0.3,15,15,15,0,0,15,0,15,15,0,0,edgeCount
28,197,243,graphml/Cogentco.graphml,1,0,clustered,0.6;-0.3,11,11,11,0,0,11,0,11,11,0,0,edgeCount
27,197,243,graphml/Cogentco.graphml,2,1,clustered,0.6;-0.3,8,8,8,0,0,8,0,8,8,0,0,edgeCount
26,197,243,graphml/Cogentco.graphml,2,1,clustered,0.6;-0.3,9,9,9,0,4,9,0,25,9,16,4,edgeCount
25,197,243,graphml/Cogentco.graphml,2,1,clustered,0.6;-0.3,22,22,21,1,0,22,1,22,22,1,0,edgeCount
24,197,243,graphml/Cogentco.graphml,1,0,clustered,0.6;-0.3,9,13,9,0,2,9,0,9,13,0,2,edgeCount
23,197,243,graphml/Cogentco.graphml,2,1,clustered,0.6;-0.3,9,9,9,0,0,9,0,9,9,0,0,edgeCount
21,197,243,graphml/Cogentco.graphml,1,0,clustered,0.6;-0.3,13,13,13,0,0,13,0,13,13,0,0,edgeCount
20,197,243,graphml/Cogentco.graphml,2,1,clustered,0.6;-0.3,54,54,18,36,2,-1,-19,-1,-1,-19,2,edgeCount
18,197,243,graphml/Cogentco.graphml,2,1,clustered,0.6;-0.3,-1,-1,12,-13,0,-1,-13,-1,-1,-13,0,edgeCount
17,197,243,graphml/Cogentco.graphml,3,2,clustered,0.6;-0.3,80,80,17,63,0,78,61,78,78,61,0,edgeCount
16,197,243,graphml/Cogentco.graphml,2,1,clustered,0.6;-0.3,17,57,7,10,2,7,0,7,16,0,2,edgeCount
15,197,243,graphml/Cogentco.graphml,2,1,clustered,0.6;-0.3,24,24,11,13,2,-1,-12,24,24,13,2,edgeCount
14,197,243,graphml/Cogentco.graphml,3,2,clustered,0.6;-0.3,25,25,10,15,0,25,15,25,25,15,0,edgeCount
13,197,243,graphml/Cogentco.graphml,1,0,clustered,0.6;-0.3,-1,-1,17,-18,4,-1,-18,-1,-1,-18,4,edgeCount
12,197,243,graphml/Cogentco.graphml,2,1,clustered,0.6;-0.3,11,11,9,2,2,11,2,11,11,2,2,edgeCount
11,197,243,graphml/Cogentco.graphml,1,0,clustered,0.6;-0.3,18,18,18,0,4,18,0,18,18,0,4,edgeCount
10,197,243,graphml/Cogentco.graphml,1,0,clustered,0.6;-0.3,42,24,12,30,2,-1,-13,42,24,30,2,edgeCount
9,197,243,graphml/Cogentco.graphml,1,0,clustered,0.6;-0.3,8,8,8,0,0,8,0,8,8,0,0,edgeCount
8,197,243,graphml/Cogentco.graphml,2,1,clustered,0.6;-0.3,58,58,17,41,0,58,41,58,58,41,0,edgeCount
6,197,243,graphml/Cogentco.graphml,2,1,clustered,0.6;-0.3,18,18,15,3,2,18,3,68,18,53,2,edgeCount
4,197,243,graphml/Cogentco.graphml,3,2,clustered,0.6;-0.3,26,26,9,17,0,26,17,26,26,17,0,edgeCount
3,197,243,graphml/Cogentco.graphml,2,1,clustered,0.6;-0.3,62,62,12,50,0,-1,-13,-1,-1,-13,0,edgeCount
1,197,243,graphml/Cogentco.graphml,1,0,clustered,0.6;-0.3,16,56,16,0,2,16,0,16,56,0,2,edgeCount
