rep,nrNodes,nrEdges,edgeProb,nrPaths,nrFails,failureModel,failurePercent,hopsRanked,hopsUnranked,spLength,stretch_mult,nodeAdditions,hopsPath,stretch_path,hopsRankedOne,hopsUnrankedOne,stretch_one,overallNodeAdditionsOne,treeChoice
1000,100,236,0.05,3,2,clustered,0.5;-0.15,9,9,5,4,8,7,2,7,7,2,4,shortest
999,100,230,0.05,3,2,clustered,0.5;-0.15,-1,-1,5,-6,0,-1,-6,-1,-1,-6,0,shortest
998,100,266,0.05,8,7,clustered,0.5;-0.15,2,2,2,0,0,2,0,2,2,0,0,shortest
996,100,269,0.05,3,2,clustered,0.5;-0.15,4,4,4,0,0,14,10,14,14,10,0,shortest
995,100,251,0.05,5,4,clustered,0.5;-0.15,5,5,4,1,10,-1,-5,-1,-1,-5,4,shortest
994,100,245,0.05,2,1,clustered,0.5;-0.15,-1,-1,5,-6,0,-1,-6,-1,-1,-6,0,shortest
992,100,278,0.05,7,6,clustered,0.5;-0.15,25,31,4,21,22,-1,-5,-1,-1,-5,8,shortest
991,100,271,0.05,3,2,clustered,0.5;-0.15,10,10,5,5,14,-1,-6,-1,-1,-6,6,shortest
990,100,226,0.05,2,1,clustered,0.5;-0.15,6,8,4,2,12,-1,-5,-1,-1,-5,6,shortest
988,100,265,0.05,7,6,clustered,0.5;-0.15,5,5,3,2,0,5,2,5,5,2,0,shortest
987,100,278,0.05,5,4,clustered,0.5;-0.15,30,28,5,25,6,-1,-6,-1,-1,-6,2,shortest
986,100,245,0.05,2,1,clustered,0.5;-0.15,-1,-1,5,-6,0,-1,-6,-1,-1,-6,0,shortest
985,100,245,0.05,6,5,clustered,0.5;-0.15,27,31,5,22,0,-1,-6,-1,-1,-6,0,shortest
983,100,259,0.05,4,3,clustered,0.5;-0.15,-1,-1,5,-6,0,-1,-6,-1,-1,-6,0,shortest
982,100,254,0.05,2,1,clustered,0.5;-0.15,26,26,6,20,8,-1,-7,-1,-1,-7,4,shortest
981,100,242,0.05,2,1,clustered,0.5;-0.15,-1,-1,6,-7,12,-1,-7,-1,-1,-7,6,shortest
979,100,262,0.05,4,3,clustered,0.5;-0.15,-1,-1,5,-6,0,-1,-6,-1,-1,-6,0,shortest
978,100,265,0.05,7,6,clustered,0.5;-0.15,7,12,3,4,0,3,0,3,3,0,0,shortest
977,100,243,0.05,5,4,clustered,0.5;-0.15,18,16,6,12,2,-1,-7,-1,-1,-7,2,shortest
976,100,240,0.05,2,1,clustered,0.5;-0.15,-1,-1,7,-8,8,-1,-8,-1,-1,-8,4,shortest
974,100,239,0.05,4,3,clustered,0.5;-0.15,13,13,4,9,6,13,9,13,13,9,2,shortest
973,100,253,0.05,5,4,clustered,0.5;-0.15,3,3,3,0,0,3,0,3,3,0,0,shortest
972,100,229,0.05,3,2,clustered,0.5;-0.15,41,41,5,36,12,-1,-6,17,27,12,8,shortest
971,100,253,0.05,5,4,clustered,0.5;-0.15,3,3,3,0,12,9,6,3,3,0,6,shortest
970,100,237,0.05,2,1,clustered,0.5;-0.15,-1,-1,7,-8,12,-1,-8,-1,-1,-8,6,shortest
967,100,214,0.05,6,5,clustered,0.5;-0.15,12,10,7,5,8,-1,-8,-1,-1,-8,4,shortest
965,100,252,0.05,1,0,clustered,0.5;-0.15,4,4,4,0,0,4,0,4,4,0,0,shortest
964,100,247,0.05,5,4,clustered,0.5;-0.15,39,35,4,35,0,-1,-5,-1,-1,-5,0,shortest
963,100,245,0.05,3,2,clustered,0.5;-0.15,20,26,4,16,4,-1,-5,-1,-1,-5,2,shortest
962,100,268,0.05,5,4,clustered,0.5;-0.15,65,61,5,60,2,-1,-6,-1,-1,-6,2,shortest
961,100,285,0.05,3,2,clustered,0.5;-0.15,-1,-1,6,-7,26,-1,-7,-1,-1,-7,10,shortest
960,100,251,0.05,5,4,clustered,0.5;-0.15,4,22,4,0,0,-1,-5,-1,-1,-5,0,shortest
958,100,258,0.05,4,3,clustered,0.5;-0.15,-1,-1,6,-7,2,-1,-7,-1,-1,-7,2,shortest
957,100,268,0.05,1,0,clustered,0.5;-0.15,5,5,5,0,0,5,0,5,5,0,0,shortest
956,100,248,0.05,5,4,clustered,0.5;-0.15,18,16,6,12,6,-1,-7,-1,-1,-7,4,shortest
955,100,221,0.05,8,7,clustered,0.5;-0.15,5,5,3,2,4,5,2,5,5,2,2,shortest
954,100,275,0.05,5,4,clustered,0.5;-0.15,5,5,3,2,0,5,2,5,5,2,0,shortest
953,100,236,0.05,2,1,clustered,0.5;-0.15,-1,-1,7,-8,0,-1,-8,-1,-1,-8,0,shortest
952,100,216,0.05,5,4,clustered,0.5;-0.15,17,17,5,12,0,15,10,17,17,12,0,shortest
951,100,243,0.05,2,1,clustered,0.5;-0.15,9,8,5,4,18,-1,-6,9,8,4,10,shortest
950,100,218,0.05,4,3,clustered,0.5;-0.15,-1,-1,7,-8,0,-1,-8,-1,-1,-8,0,shortest
949,100,261,0.05,4,3,clustered,0.5;-0.15,4,6,4,0,0,-1,-5,-1,-1,-5,0,shortest
948,100,256,0.05,2,1,clustered,0.5;-0.15,14,14,4,10,0,8,4,8,8,4,0,shortest
947,100,234,0.05,3,2,clustered,0.5;-0.15,18,26,5,13,6,-1,-6,-1,-1,-6,4,shortest
946,100,274,0.05,6,5,clustered,0.5;-0.15,30,42,4,26,0,4,0,4,4,0,0,shortest
945,100,219,0.05,3,2,clustered,0.5;-0.15,3,3,3,0,0,3,0,3,3,0,0,shortest
944,100,254,0.05,6,5,clustered,0.5;-0.15,2,2,2,0,0,2,0,2,2,0,0,shortest
943,100,253,0.05,4,3,clustered,0.5;-0.15,6,6,5,1,0,-1,-6,-1,-1,-6,0,shortest
942,100,244,0.05,6,5,clustered,0.5;-0.15,52,58,6,46,8,-1,-7,20,10,14,4,shortest
940,100,258,0.05,4,3,clustered,0.5;-0.15,18,18,5,13,2,17,12,9,9,4,2,shortest
939,100,231,0.05,2,1,clustered,0.5;-0.15,-1,-1,5,-6,0,-1,-6,-1,-1,-6,0,shortest
938,100,247,0.05,4,3,clustered,0.5;-0.15,10,10,4,6,0,4,0,6,6,2,0,shortest
937,100,232,0.05,2,1,clustered,0.5;-0.15,4,4,4,0,0,4,0,4,4,0,0,shortest
936,100,252,0.05,1,0,clustered,0.5;-0.15,4,4,4,0,14,4,0,4,4,0,14,shortest
935,100,242,0.05,3,2,clustered,0.5;-0.15,-1,-1,5,-6,8,-1,-6,-1,-1,-6,4,shortest
933,100,239,0.05,3,2,clustered,0.5;-0.15,11,11,5,6,0,-1,-6,-1,-1,-6,0,shortest
931,100,249,0.05,4,3,clustered,0.5;-0.15,3,3,3,0,0,3,0,5,5,2,0,shortest
930,100,259,0.05,4,3,clustered,0.5;-0.15,-1,-1,4,-5,0,-1,-5,-1,-1,-5,0,shortest
929,100,232,0.05,4,3,clustered,0.5;-0.15,32,32,6,26,0,16,10,16,16,10,0,shortest
927,100,256,0.05,5,4,clustered,0.5;-0.15,13,17,4,9,22,-1,-5,-1,-1,-5,8,shortest
926,100,278,0.05,4,3,clustered,0.5;-0.15,4,18,4,0,0,-1,-5,-1,-1,-5,0,shortest
925,100,260,0.05,5,4,clustered,0.5;-0.15,9,31,4,5,6,9,5,9,9,5,2,shortest
924,100,248,0.05,5,4,clustered,0.5;-0.15,-1,-1,6,-7,0,-1,-7,-1,-1,-7,0,shortest
923,100,235,0.05,3,2,clustered,0.5;-0.15,3,3,3,0,12,3,0,3,3,0,6,shortest
922,100,246,0.05,2,1,clustered,0.5;-0.15,31,39,5,26,6,11,6,23,23,18,4,shortest
916,100,226,0.05,3,2,clustered,0.5;-0.15,4,4,4,0,8,8,4,4,4,0,4,shortest
915,100,231,0.05,5,4,clustered,0.5;-0.15,-1,-1,5,-6,10,-1,-6,-1,-1,-6,6,shortest
914,100,236,0.05,3,2,clustered,0.5;-0.15,-1,-1,5,-6,4,-1,-6,-1,-1,-6,2,shortest
913,100,256,0.05,4,3,clustered,0.5;-0.15,-1,-1,6,-7,14,-1,-7,-1,-1,-7,6,shortest
912,100,210,0.05,3,2,clustered,0.5;-0.15,27,35,6,21,4,-1,-7,11,11,5,4,shortest
911,100,261,0.05,3,2,clustered,0.5;-0.15,3,11,3,0,0,3,0,3,3,0,0,shortest
910,100,236,0.05,3,2,clustered,0.5;-0.15,6,6,4,2,16,6,2,6,6,2,8,shortest
909,100,258,0.05,4,3,clustered,0.5;-0.15,-1,-1,5,-6,22,-1,-6,-1,-1,-6,8,shortest
908,100,235,0.05,1,0,clustered,0.5;-0.15,2,2,2,0,0,2,0,2,2,0,0,shortest
907,100,258,0.05,3,2,clustered,0.5;-0.15,-1,-1,5,-6,0,-1,-6,-1,-1,-6,0,shortest
906,100,239,0.05,3,2,clustered,0.5;-0.15,4,4,4,0,12,12,8,11,11,7,4,shortest
905,100,248,0.05,6,5,clustered,0.5;-0.15,-1,-1,4,-5,0,-1,-5,-1,-1,-5,0,shortest
904,100,252,0.05,4,3,clustered,0.5;-0.15,-1,-1,5,-6,0,-1,-6,-1,-1,-6,0,shortest
903,100,233,0.05,3,2,clustered,0.5;-0.15,10,10,5,5,0,-1,-6,-1,-1,-6,0,shortest
902,100,268,0.05,6,5,clustered,0.5;-0.15,-1,-1,7,-8,0,-1,-8,-1,-1,-8,0,shortest
901,100,250,0.05,1,0,clustered,0.5;-0.15,-1,-1,5,-6,0,-1,-6,-1,-1,-6,0,shortest
900,100,253,0.05,4,3,clustered,0.5;-0.15,7,13,5,2,0,-1,-6,-1,-1,-6,0,shortest
899,100,264,0.05,3,2,clustered,0.5;-0.15,3,3,3,0,16,3,0,3,3,0,6,shortest
898,100,252,0.05,5,4,clustered,0.5;-0.15,26,24,5,21,0,-1,-6,-1,-1,-6,0,shortest
897,100,241,0.05,7,6,clustered,0.5;-0.15,-1,-1,5,-6,0,-1,-6,-1,-1,-6,0,shortest
895,100,263,0.05,1,0,clustered,0.5;-0.15,-1,-1,6,-7,12,-1,-7,-1,-1,-7,12,shortest
894,100,252,0.05,5,4,clustered,0.5;-0.15,-1,-1,6,-7,0,-1,-7,-1,-1,-7,0,shortest
893,100,275,0.05,4,3,clustered,0.5;-0.15,15,11,4,11,0,-1,-5,-1,-1,-5,0,shortest
892,100,268,0.05,6,5,clustered,0.5;-0.15,10,10,4,6,0,-1,-5,-1,-1,-5,0,shortest
891,100,246,0.05,6,5,clustered,0.5;-0.15,63,63,4,59,4,-1,-5,-1,-1,-5,2,shortest
890,100,270,0.05,5,4,clustered,0.5;-0.15,-1,-1,7,-8,10,-1,-8,-1,-1,-8,4,shortest
889,100,255,0.05,7,6,clustered,0.5;-0.15,3,3,3,0,0,3,0,3,3,0,0,shortest
888,100,242,0.05,4,3,clustered,0.5;-0.15,15,15,5,10,6,11,6,11,11,6,2,shortest
887,100,274,0.05,4,3,clustered,0.5;-0.15,11,15,4,7,20,-1,-5,21,29,17,8,shortest
886,100,234,0.05,4,3,clustered,0.5;-0.15,30,30,5,25,4,-1,-6,8,8,3,2,shortest
885,100,234,0.05,6,5,clustered,0.5;-0.15,-1,-1,5,-6,0,-1,-6,-1,-1,-6,0,shortest
884,100,261,0.05,6,5,clustered,0.5;-0.15,-1,-1,4,-5,16,-1,-5,-1,-1,-5,8,shortest
883,100,259,0.05,5,4,clustered,0.5;-0.15,9,13,4,5,4,-1,-5,-1,-1,-5,2,shortest
882,100,252,0.05,2,1,clustered,0.5;-0.15,-1,-1,7,-8,8,-1,-8,-1,-1,-8,4,shortest
881,100,251,0.05,4,3,clustered,0.5;-0.15,3,3,3,0,0,7,4,7,7,4,0,shortest
880,100,228,0.05,5,4,clustered,0.5;-0.15,8,6,4,4,6,-1,-5,-1,-1,-5,4,shortest
879,100,244,0.05,4,3,clustered,0.5;-0.15,-1,-1,5,-6,4,-1,-6,-1,-1,-6,2,shortest
878,100,234,0.05,1,0,clustered,0.5;-0.15,-1,-1,5,-6,0,-1,-6,-1,-1,-6,0,shortest
876,100,229,0.05,2,1,clustered,0.5;-0.15,-1,-1,6,-7,4,-1,-7,-1,-1,-7,2,shortest
875,100,260,0.05,4,3,clustered,0.5;-0.15,-1,-1,4,-5,4,-1,-5,-1,-1,-5,2,shortest
874,100,266,0.05,5,4,clustered,0.5;-0.15,14,14,5,9,26,-1,-6,17,25,12,8,shortest
873,100,253,0.05,7,6,clustered,0.5;-0.15,3,3,3,0,0,9,6,3,3,0,0,shortest
872,100,239,0.05,1,0,clustered,0.5;-0.15,4,4,4,0,0,4,0,4,4,0,0,shortest
871,100,235,0.05,5,4,clustered,0.5;-0.15,2,2,2,0,12,2,0,2,2,0,6,shortest
870,100,224,0.05,2,1,clustered,0.5;-0.15,3,3,3,0,8,3,0,3,3,0,4,shortest
869,100,253,0.05,4,3,clustered,0.5;-0.15,23,23,3,20,0,9,6,9,9,6,0,shortest
867,100,254,0.05,3,2,clustered,0.5;-0.15,8,20,4,4,10,4,0,4,4,0,4,shortest
866,100,251,0.05,3,2,clustered,0.5;-0.15,-1,-1,6,-7,12,-1,-7,-1,-1,-7,6,shortest
863,100,247,0.05,4,3,clustered,0.5;-0.15,7,14,5,2,12,-1,-6,7,13,2,4,shortest
862,100,257,0.05,6,5,clustered,0.5;-0.15,3,3,3,0,0,3,0,3,3,0,0,shortest
861,100,219,0.05,4,3,clustered,0.5;-0.15,4,4,4,0,8,4,0,4,4,0,4,shortest
860,100,221,0.05,5,4,clustered,0.5;-0.15,27,27,5,22,0,-1,-6,-1,-1,-6,0,shortest
858,100,258,0.05,6,5,clustered,0.5;-0.15,-1,-1,7,-8,6,-1,-8,-1,-1,-8,2,shortest
856,100,223,0.05,4,3,clustered,0.5;-0.15,-1,-1,6,-7,0,-1,-7,-1,-1,-7,0,shortest
854,100,256,0.05,3,2,clustered,0.5;-0.15,58,56,5,53,26,-1,-6,26,24,21,10,shortest
853,100,245,0.05,3,2,clustered,0.5;-0.15,9,11,5,4,0,-1,-6,-1,-1,-6,0,shortest
852,100,242,0.05,5,4,clustered,0.5;-0.15,19,19,5,14,0,19,14,19,19,14,0,shortest
851,100,258,0.05,4,3,clustered,0.5;-0.15,34,34,4,30,0,17,13,17,17,13,0,shortest
850,100,238,0.05,7,6,clustered,0.5;-0.15,37,37,4,33,0,-1,-5,-1,-1,-5,0,shortest
849,100,254,0.05,4,3,clustered,0.5;-0.15,20,20,4,16,0,8,4,8,8,4,0,shortest
848,100,265,0.05,5,4,clustered,0.5;-0.15,29,29,5,24,0,-1,-6,-1,-1,-6,0,shortest
847,100,267,0.05,5,4,clustered,0.5;-0.15,-1,-1,6,-7,0,-1,-7,-1,-1,-7,0,shortest
846,100,237,0.05,2,1,clustered,0.5;-0.15,-1,-1,6,-7,10,-1,-7,-1,-1,-7,6,shortest
845,100,269,0.05,4,3,clustered,0.5;-0.15,6,6,4,2,6,12,8,6,6,2,2,shortest
844,100,249,0.05,5,4,clustered,0.5;-0.15,6,6,4,2,0,-1,-5,-1,-1,-5,0,shortest
843,100,231,0.05,4,3,clustered,0.5;-0.15,-1,-1,5,-6,2,-1,-6,-1,-1,-6,2,shortest
842,100,238,0.05,6,5,clustered,0.5;-0.15,47,41,6,41,12,21,15,21,21,15,4,shortest
841,100,247,0.05,4,3,clustered,0.5;-0.15,-1,-1,5,-6,6,-1,-6,-1,-1,-6,2,shortest
840,100,273,0.05,4,3,clustered,0.5;-0.15,20,20,4,16,12,6,2,6,6,2,4,shortest
839,100,250,0.05,6,5,clustered,0.5;-0.15,-1,-1,4,-5,0,-1,-5,-1,-1,-5,0,shortest
838,100,242,0.05,3,2,clustered,0.5;-0.15,4,4,4,0,4,4,0,4,4,0,2,shortest
837,100,265,0.05,4,3,clustered,0.5;-0.15,37,37,4,33,0,-1,-5,-1,-1,-5,0,shortest
835,100,254,0.05,4,3,clustered,0.5;-0.15,7,7,5,2,6,7,2,7,7,2,2,shortest
834,100,243,0.05,3,2,clustered,0.5;-0.15,29,29,5,24,10,-1,-6,27,25,22,6,shortest
833,100,246,0.05,5,4,clustered,0.5;-0.15,-1,-1,5,-6,0,-1,-6,-1,-1,-6,0,shortest
832,100,261,0.05,3,2,clustered,0.5;-0.15,-1,-1,8,-9,22,-1,-9,-1,-1,-9,10,shortest
831,100,270,0.05,2,1,clustered,0.5;-0.15,-1,-1,5,-6,0,-1,-6,-1,-1,-6,0,shortest
830,100,241,0.05,4,3,clustered,0.5;-0.15,13,13,5,8,0,13,8,13,13,8,0,shortest
829,100,236,0.05,4,3,clustered,0.5;-0.15,15,15,5,10,0,-1,-6,-1,-1,-6,0,shortest
827,100,229,0.05,5,4,clustered,0.5;-0.15,-1,-1,4,-5,0,-1,-5,-1,-1,-5,0,shortest
826,100,244,0.05,2,1,clustered,0.5;-0.15,18,18,5,13,0,-1,-6,-1,-1,-6,0,shortest
825,100,249,0.05,3,2,clustered,0.5;-0.15,11,7,5,6,0,7,2,11,11,6,0,shortest
824,100,227,0.05,1,0,clustered,0.5;-0.15,-1,-1,4,-5,0,-1,-5,-1,-1,-5,0,shortest
822,100,197,0.05,1,0,clustered,0.5;-0.15,5,5,5,0,0,5,0,5,5,0,0,shortest
820,100,254,0.05,4,3,clustered,0.5;-0.15,4,4,4,0,10,4,0,4,4,0,4,shortest
816,100,242,0.05,3,2,clustered,0.5;-0.15,-1,-1,6,-7,0,-1,-7,-1,-1,-7,0,shortest
815,100,225,0.05,3,2,clustered,0.5;-0.15,19,17,6,13,0,-1,-7,-1,-1,-7,0,shortest
814,100,254,0.05,2,1,clustered,0.5;-0.15,7,11,5,2,16,9,4,9,17,4,8,shortest
813,100,237,0.05,3,2,clustered,0.5;-0.15,3,17,3,0,14,3,0,3,3,0,6,shortest
812,100,239,0.05,7,6,clustered,0.5;-0.15,-1,-1,5,-6,2,-1,-6,-1,-1,-6,2,shortest
811,100,237,0.05,7,6,clustered,0.5;-0.15,-1,-1,6,-7,0,-1,-7,-1,-1,-7,0,shortest
810,100,254,0.05,2,1,clustered,0.5;-0.15,10,12,4,6,0,8,4,4,4,0,0,shortest
809,100,263,0.05,5,4,clustered,0.5;-0.15,-1,-1,6,-7,2,-1,-7,-1,-1,-7,2,shortest
808,100,252,0.05,5,4,clustered,0.5;-0.15,13,19,5,8,0,-1,-6,-1,-1,-6,0,shortest
807,100,239,0.05,5,4,clustered,0.5;-0.15,3,3,3,0,0,3,0,3,3,0,0,shortest
806,100,264,0.05,5,4,clustered,0.5;-0.15,6,6,4,2,10,10,6,6,6,2,4,shortest
805,100,224,0.05,3,2,clustered,0.5;-0.15,-1,-1,7,-8,0,-1,-8,-1,-1,-8,0,shortest
804,100,261,0.05,6,5,clustered,0.5;-0.15,25,23,5,20,16,-1,-6,-1,-1,-6,6,shortest
803,100,228,0.05,5,4,clustered,0.5;-0.15,-1,-1,4,-5,10,-1,-5,-1,-1,-5,4,shortest
802,100,245,0.05,4,3,clustered,0.5;-0.15,-1,-1,7,-8,0,-1,-8,-1,-1,-8,0,shortest
799,100,254,0.05,4,3,clustered,0.5;-0.15,-1,-1,5,-6,0,-1,-6,-1,-1,-6,0,shortest
798,100,274,0.05,2,1,clustered,0.5;-0.15,26,18,6,20,4,-1,-7,14,12,8,2,shortest
796,100,232,0.05,4,3,clustered,0.5;-0.15,5,5,4,1,4,6,2,6,6,2,2,shortest
794,100,251,0.05,5,4,clustered,0.5;-0.15,21,29,5,16,6,-1,-6,-1,-1,-6,2,shortest
793,100,238,0.05,1,0,clustered,0.5;-0.15,3,3,3,0,0,3,0,3,3,0,0,shortest
792,100,224,0.05,4,3,clustered,0.5;-0.15,2,2,2,0,4,2,0,2,2,0,2,shortest
791,100,203,0.05,5,4,clustered,0.5;-0.15,2,2,2,0,2,2,0,2,2,0,2,shortest
789,100,268,0.05,6,5,clustered,0.5;-0.15,7,7,3,4,0,3,0,7,7,4,0,shortest
788,100,262,0.05,4,3,clustered,0.5;-0.15,-1,-1,5,-6,14,-1,-6,-1,-1,-6,6,shortest
787,100,240,0.05,3,2,clustered,0.5;-0.15,2,2,2,0,6,2,0,2,2,0,4,shortest
786,100,261,0.05,4,3,clustered,0.5;-0.15,-1,-1,6,-7,0,-1,-7,-1,-1,-7,0,shortest
785,100,251,0.05,3,2,clustered,0.5;-0.15,4,4,4,0,20,4,0,4,4,0,10,shortest
783,100,257,0.05,6,5,clustered,0.5;-0.15,37,37,5,32,0,-1,-6,-1,-1,-6,0,shortest
782,100,293,0.05,4,3,clustered,0.5;-0.15,9,9,6,3,0,-1,-7,-1,-1,-7,0,shortest
781,100,261,0.05,5,4,clustered,0.5;-0.15,8,8,5,3,0,9,4,11,11,6,0,shortest
780,100,215,0.05,2,1,clustered,0.5;-0.15,-1,-1,6,-7,8,-1,-7,-1,-1,-7,4,shortest
779,100,224,0.05,5,4,clustered,0.5;-0.15,-1,-1,4,-5,0,-1,-5,-1,-1,-5,0,shortest
777,100,251,0.05,6,5,clustered,0.5;-0.15,21,17,5,16,0,-1,-6,-1,-1,-6,0,shortest
776,100,237,0.05,5,4,clustered,0.5;-0.15,3,3,3,0,0,3,0,3,3,0,0,shortest
775,100,234,0.05,3,2,clustered,0.5;-0.15,-1,-1,7,-8,0,-1,-8,-1,-1,-8,0,shortest
773,100,249,0.05,6,5,clustered,0.5;-0.15,6,22,4,2,18,6,2,6,6,2,6,shortest
772,100,230,0.05,3,2,clustered,0.5;-0.15,11,31,5,6,2,11,6,11,11,6,2,shortest
770,100,244,0.05,5,4,clustered,0.5;-0.15,3,3,3,0,4,3,0,3,3,0,2,shortest
769,100,300,0.05,4,3,clustered,0.5;-0.15,38,38,4,34,12,-1,-5,-1,-1,-5,4,shortest
768,100,276,0.05,4,3,clustered,0.5;-0.15,3,3,3,0,32,3,0,3,3,0,12,shortest
767,100,237,0.05,1,0,clustered,0.5;-0.15,-1,-1,5,-6,10,-1,-6,-1,-1,-6,10,shortest
766,100,262,0.05,2,1,clustered,0.5;-0.15,-1,-1,4,-5,0,-1,-5,-1,-1,-5,0,shortest
765,100,245,0.05,6,5,clustered,0.5;-0.15,23,29,5,18,0,17,12,17,17,12,0,shortest
763,100,230,0.05,4,3,clustered,0.5;-0.15,7,7,5,2,0,13,8,13,13,8,0,shortest
762,100,259,0.05,2,1,clustered,0.5;-0.15,5,15,5,0,0,7,2,7,7,2,0,shortest
760,100,256,0.05,6,5,clustered,0.5;-0.15,3,3,3,0,0,3,0,3,3,0,0,shortest
758,100,268,0.05,4,3,clustered,0.5;-0.15,-1,-1,6,-7,18,-1,-7,-1,-1,-7,8,shortest
757,100,283,0.05,5,4,clustered,0.5;-0.15,2,2,2,0,0,2,0,2,2,0,0,shortest
756,100,257,0.05,4,3,clustered,0.5;-0.15,3,3,3,0,6,3,0,3,3,0,2,shortest
755,100,263,0.05,5,4,clustered,0.5;-0.15,-1,-1,5,-6,20,-1,-6,-1,-1,-6,8,shortest
754,100,254,0.05,1,0,clustered,0.5;-0.15,-1,-1,7,-8,14,-1,-8,-1,-1,-8,14,shortest
753,100,243,0.05,3,2,clustered,0.5;-0.15,-1,-1,4,-5,8,-1,-5,-1,-1,-5,4,shortest
752,100,250,0.05,4,3,clustered,0.5;-0.15,37,37,5,32,0,17,12,17,17,12,0,shortest
751,100,252,0.05,3,2,clustered,0.5;-0.15,6,6,5,1,14,-1,-6,-1,-1,-6,6,shortest
749,100,271,0.05,4,3,clustered,0.5;-0.15,10,16,6,4,0,-1,-7,-1,-1,-7,0,shortest
748,100,253,0.05,3,2,clustered,0.5;-0.15,3,3,3,0,0,3,0,3,3,0,0,shortest
747,100,235,0.05,4,3,clustered,0.5;-0.15,15,17,4,11,8,-1,-5,-1,-1,-5,4,shortest
746,100,247,0.05,4,3,clustered,0.5;-0.15,9,17,5,4,2,-1,-6,-1,-1,-6,2,shortest
745,100,260,0.05,4,3,clustered,0.5;-0.15,7,15,3,4,0,9,6,9,9,6,0,shortest
744,100,256,0.05,5,4,clustered,0.5;-0.15,15,25,3,12,0,-1,-4,-1,-1,-4,0,shortest
742,100,244,0.05,5,4,clustered,0.5;-0.15,-1,-1,7,-8,0,-1,-8,-1,-1,-8,0,shortest
741,100,219,0.05,2,1,clustered,0.5;-0.15,5,5,5,0,0,5,0,5,5,0,0,shortest
740,100,261,0.05,6,5,clustered,0.5;-0.15,27,23,4,23,20,-1,-5,-1,-1,-5,8,shortest
738,100,238,0.05,5,4,clustered,0.5;-0.15,15,15,3,12,2,-1,-4,-1,-1,-4,2,shortest
737,100,229,0.05,4,3,clustered,0.5;-0.15,2,2,2,0,0,2,0,2,2,0,0,shortest
735,100,235,0.05,2,1,clustered,0.5;-0.15,38,38,5,33,8,12,7,16,16,11,4,shortest
733,100,241,0.05,8,7,clustered,0.5;-0.15,-1,-1,4,-5,0,-1,-5,-1,-1,-5,0,shortest
732,100,255,0.05,5,4,clustered,0.5;-0.15,-1,-1,8,-9,14,-1,-9,-1,-1,-9,6,shortest
730,100,272,0.05,4,3,clustered,0.5;-0.15,42,42,6,36,28,-1,-7,29,27,23,10,shortest
729,100,252,0.05,2,1,clustered,0.5;-0.15,-1,-1,5,-6,8,-1,-6,-1,-1,-6,4,shortest
727,100,252,0.05,4,3,clustered,0.5;-0.15,28,28,5,23,4,-1,-6,-1,-1,-6,2,shortest
726,100,245,0.05,4,3,clustered,0.5;-0.15,4,4,4,0,4,4,0,4,4,0,2,shortest
725,100,258,0.05,5,4,clustered,0.5;-0.15,9,17,3,6,30,6,3,6,14,3,12,shortest
723,100,249,0.05,4,3,clustered,0.5;-0.15,15,21,4,11,0,-1,-5,-1,-1,-5,0,shortest
722,100,240,0.05,7,6,clustered,0.5;-0.15,50,50,4,46,0,-1,-5,-1,-1,-5,0,shortest
721,100,204,0.05,5,4,clustered,0.5;-0.15,18,18,4,14,8,10,6,14,14,10,4,shortest
720,100,266,0.05,4,3,clustered,0.5;-0.15,4,8,4,0,4,6,2,6,6,2,2,shortest
719,100,290,0.05,5,4,clustered,0.5;-0.15,8,6,4,4,0,-1,-5,-1,-1,-5,0,shortest
716,100,252,0.05,5,4,clustered,0.5;-0.15,5,5,3,2,16,6,3,6,6,3,8,shortest
715,100,265,0.05,4,3,clustered,0.5;-0.15,3,3,3,0,0,3,0,7,7,4,0,shortest
714,100,249,0.05,4,3,clustered,0.5;-0.15,-1,-1,3,-4,4,-1,-4,-1,-1,-4,2,shortest
713,100,254,0.05,5,4,clustered,0.5;-0.15,-1,-1,7,-8,8,-1,-8,-1,-1,-8,4,shortest
712,100,259,0.05,2,1,clustered,0.5;-0.15,8,14,4,4,10,8,4,8,12,4,6,shortest
711,100,252,0.05,2,1,clustered,0.5;-0.15,-1,-1,6,-7,10,-1,-7,-1,-1,-7,6,shortest
710,100,240,0.05,3,2,clustered,0.5;-0.15,7,7,5,2,0,7,2,7,7,2,0,shortest
709,100,274,0.05,5,4,clustered,0.5;-0.15,2,2,2,0,16,2,0,2,2,0,6,shortest
707,100,259,0.05,5,4,clustered,0.5;-0.15,77,71,5,72,20,-1,-6,-1,-1,-6,8,shortest
706,100,265,0.05,6,5,clustered,0.5;-0.15,5,5,3,2,0,5,2,5,5,2,0,shortest
705,100,268,0.05,4,3,clustered,0.5;-0.15,30,28,5,25,0,11,6,15,15,10,0,shortest
704,100,275,0.05,6,5,clustered,0.5;-0.15,-1,-1,6,-7,0,-1,-7,-1,-1,-7,0,shortest
702,100,252,0.05,5,4,clustered,0.5;-0.15,29,29,5,24,0,23,18,23,23,18,0,shortest
701,100,225,0.05,4,3,clustered,0.5;-0.15,50,50,6,44,0,18,12,18,18,12,0,shortest
699,100,268,0.05,3,2,clustered,0.5;-0.15,3,11,3,0,0,3,0,3,3,0,0,shortest
697,100,251,0.05,4,3,clustered,0.5;-0.15,16,16,4,12,6,10,6,10,10,6,2,shortest
695,100,216,0.05,2,1,clustered,0.5;-0.15,14,14,6,8,0,14,8,14,14,8,0,shortest
694,100,241,0.05,5,4,clustered,0.5;-0.15,21,21,6,15,2,-1,-7,23,23,17,2,shortest
693,100,221,0.05,1,0,clustered,0.5;-0.15,4,4,4,0,0,4,0,4,4,0,0,shortest
691,100,223,0.05,6,5,clustered,0.5;-0.15,18,18,4,14,10,12,8,18,18,14,6,shortest
690,100,241,0.05,1,0,clustered,0.5;-0.15,-1,-1,5,-6,0,-1,-6,-1,-1,-6,0,shortest
689,100,238,0.05,3,2,clustered,0.5;-0.15,11,7,5,6,0,13,8,13,13,8,0,shortest
688,100,245,0.05,4,3,clustered,0.5;-0.15,-1,-1,7,-8,10,-1,-8,-1,-1,-8,6,shortest
687,100,245,0.05,4,3,clustered,0.5;-0.15,3,3,3,0,0,3,0,3,3,0,0,shortest
686,100,274,0.05,4,3,clustered,0.5;-0.15,7,7,3,4,0,7,4,3,3,0,0,shortest
685,100,219,0.05,5,4,clustered,0.5;-0.15,4,4,4,0,0,4,0,4,4,0,0,shortest
683,100,250,0.05,5,4,clustered,0.5;-0.15,-1,-1,5,-6,6,-1,-6,-1,-1,-6,2,shortest
681,100,246,0.05,4,3,clustered,0.5;-0.15,41,39,4,37,12,-1,-5,-1,-1,-5,6,shortest
680,100,263,0.05,3,2,clustered,0.5;-0.15,-1,-1,7,-8,0,-1,-8,-1,-1,-8,0,shortest
679,100,266,0.05,6,5,clustered,0.5;-0.15,21,21,5,16,0,-1,-6,-1,-1,-6,0,shortest
678,100,246,0.05,2,1,clustered,0.5;-0.15,14,14,6,8,0,10,4,10,10,4,0,shortest
677,100,258,0.05,5,4,clustered,0.5;-0.15,49,49,5,44,0,21,16,21,21,16,0,shortest
675,100,222,0.05,2,1,clustered,0.5;-0.15,-1,-1,6,-7,12,-1,-7,-1,-1,-7,6,shortest
674,100,232,0.05,3,2,clustered,0.5;-0.15,7,7,3,4,0,7,4,7,7,4,0,shortest
673,100,274,0.05,7,6,clustered,0.5;-0.15,7,7,3,4,0,11,8,7,7,4,0,shortest
672,100,257,0.05,2,1,clustered,0.5;-0.15,-1,-1,5,-6,12,-1,-6,-1,-1,-6,6,shortest
671,100,259,0.05,7,6,clustered,0.5;-0.15,4,4,4,0,4,10,6,10,10,6,2,shortest
670,100,255,0.05,5,4,clustered,0.5;-0.15,-1,-1,5,-6,0,-1,-6,-1,-1,-6,0,shortest
669,100,241,0.05,4,3,clustered,0.5;-0.15,27,29,5,22,12,-1,-6,-1,-1,-6,4,shortest
668,100,252,0.05,1,0,clustered,0.5;-0.15,-1,-1,5,-6,0,-1,-6,-1,-1,-6,0,shortest
667,100,230,0.05,1,0,clustered,0.5;-0.15,7,13,5,2,12,-1,-6,7,13,2,12,shortest
665,100,239,0.05,2,1,clustered,0.5;-0.15,-1,-1,5,-6,0,-1,-6,-1,-1,-6,0,shortest
664,100,249,0.05,6,5,clustered,0.5;-0.15,-1,-1,5,-6,10,-1,-6,-1,-1,-6,4,shortest
662,100,267,0.05,6,5,clustered,0.5;-0.15,23,29,6,17,0,-1,-7,-1,-1,-7,0,shortest
660,100,249,0.05,3,2,clustered,0.5;-0.15,8,8,5,3,12,-1,-6,11,21,6,6,shortest
659,100,226,0.05,2,1,clustered,0.5;-0.15,7,7,5,2,0,-1,-6,-1,-1,-6,0,shortest
657,100,246,0.05,5,4,clustered,0.5;-0.15,7,7,3,4,12,7,4,7,7,4,6,shortest
656,100,247,0.05,3,2,clustered,0.5;-0.15,30,26,6,24,8,-1,-7,10,6,4,4,shortest
655,100,281,0.05,5,4,clustered,0.5;-0.15,6,6,4,2,16,6,2,6,6,2,6,shortest
654,100,237,0.05,2,1,clustered,0.5;-0.15,-1,-1,6,-7,0,-1,-7,-1,-1,-7,0,shortest
653,100,236,0.05,3,2,clustered,0.5;-0.15,41,35,6,35,10,-1,-7,-1,-1,-7,4,shortest
652,100,263,0.05,6,5,clustered,0.5;-0.15,22,22,4,18,0,-1,-5,-1,-1,-5,0,shortest
650,100,279,0.05,5,4,clustered,0.5;-0.15,-1,-1,4,-5,0,-1,-5,-1,-1,-5,0,shortest
649,100,238,0.05,5,4,clustered,0.5;-0.15,9,9,3,6,0,5,2,5,5,2,0,shortest
648,100,255,0.05,5,4,clustered,0.5;-0.15,52,52,5,47,0,22,17,22,22,17,0,shortest
647,100,274,0.05,2,1,clustered,0.5;-0.15,5,17,5,0,22,-1,-6,-1,-1,-6,12,shortest
646,100,251,0.05,2,1,clustered,0.5;-0.15,-1,-1,6,-7,8,-1,-7,-1,-1,-7,8,shortest
645,100,233,0.05,2,1,clustered,0.5;-0.15,4,5,4,0,12,-1,-5,11,11,7,6,shortest
644,100,247,0.05,3,2,clustered,0.5;-0.15,5,5,4,1,0,-1,-5,-1,-1,-5,0,shortest
642,100,235,0.05,6,5,clustered,0.5;-0.15,3,3,3,0,0,3,0,3,3,0,0,shortest
641,100,228,0.05,3,2,clustered,0.5;-0.15,6,6,3,3,36,-1,-4,-1,-1,-4,18,shortest
640,100,241,0.05,2,1,clustered,0.5;-0.15,4,4,4,0,16,4,0,4,4,0,8,shortest
639,100,227,0.05,3,2,clustered,0.5;-0.15,9,25,5,4,0,9,4,9,9,4,0,shortest
638,100,224,0.05,2,1,clustered,0.5;-0.15,4,10,4,0,0,4,0,4,4,0,0,shortest
637,100,223,0.05,5,4,clustered,0.5;-0.15,17,17,5,12,0,-1,-6,-1,-1,-6,0,shortest
636,100,239,0.05,4,3,clustered,0.5;-0.15,2,2,2,0,0,2,0,2,2,0,0,shortest
635,100,267,0.05,4,3,clustered,0.5;-0.15,-1,-1,5,-6,0,-1,-6,-1,-1,-6,0,shortest
634,100,262,0.05,4,3,clustered,0.5;-0.15,-1,-1,5,-6,20,-1,-6,-1,-1,-6,8,shortest
633,100,255,0.05,3,2,clustered,0.5;-0.15,3,9,3,0,24,5,2,5,5,2,10,shortest
632,100,236,0.05,7,6,clustered,0.5;-0.15,2,2,2,0,0,2,0,2,2,0,0,shortest
631,100,222,0.05,4,3,clustered,0.5;-0.15,38,34,6,32,0,-1,-7,-1,-1,-7,0,shortest
629,100,240,0.05,5,4,clustered,0.5;-0.15,-1,-1,6,-7,4,-1,-7,-1,-1,-7,2,shortest
628,100,234,0.05,3,2,clustered,0.5;-0.15,10,14,5,5,0,-1,-6,-1,-1,-6,0,shortest
627,100,249,0.05,4,3,clustered,0.5;-0.15,-1,-1,6,-7,0,-1,-7,-1,-1,-7,0,shortest
626,100,263,0.05,4,3,clustered,0.5;-0.15,31,31,5,26,0,9,4,9,9,4,0,shortest
625,100,254,0.05,4,3,clustered,0.5;-0.15,26,26,4,22,0,8,4,8,8,4,0,shortest
624,100,241,0.05,2,1,clustered,0.5;-0.15,4,4,4,0,16,-1,-5,12,8,8,8,shortest
623,100,226,0.05,2,1,clustered,0.5;-0.15,25,25,7,18,0,-1,-8,-1,-1,-8,0,shortest
622,100,256,0.05,5,4,clustered,0.5;-0.15,-1,-1,5,-6,0,-1,-6,-1,-1,-6,0,shortest
621,100,229,0.05,5,4,clustered,0.5;-0.15,13,13,5,8,2,-1,-6,-1,-1,-6,2,shortest
620,100,249,0.05,3,2,clustered,0.5;-0.15,10,20,4,6,0,-1,-5,-1,-1,-5,0,shortest
619,100,241,0.05,2,1,clustered,0.5;-0.15,4,12,4,0,0,4,0,4,4,0,0,shortest
618,100,237,0.05,4,3,clustered,0.5;-0.15,-1,-1,6,-7,4,-1,-7,-1,-1,-7,2,shortest
617,100,268,0.05,6,5,clustered,0.5;-0.15,-1,-1,4,-5,28,-1,-5,-1,-1,-5,10,shortest
616,100,262,0.05,4,3,clustered,0.5;-0.15,8,8,4,4,24,6,2,8,8,4,10,shortest
614,100,232,0.05,5,4,clustered,0.5;-0.15,10,10,4,6,4,4,0,8,8,4,2,shortest
613,100,244,0.05,7,6,clustered,0.5;-0.15,-1,-1,6,-7,0,-1,-7,-1,-1,-7,0,shortest
612,100,244,0.05,1,0,clustered,0.5;-0.15,4,4,4,0,0,4,0,4,4,0,0,shortest
610,100,242,0.05,4,3,clustered,0.5;-0.15,9,9,4,5,0,-1,-5,-1,-1,-5,0,shortest
609,100,245,0.05,6,5,clustered,0.5;-0.15,-1,-1,5,-6,14,-1,-6,-1,-1,-6,8,shortest
608,100,241,0.05,4,3,clustered,0.5;-0.15,3,3,3,0,4,3,0,3,3,0,2,shortest
606,100,243,0.05,7,6,clustered,0.5;-0.15,-1,-1,5,-6,4,-1,-6,-1,-1,-6,2,shortest
604,100,273,0.05,4,3,clustered,0.5;-0.15,4,6,4,0,0,-1,-5,-1,-1,-5,0,shortest
603,100,253,0.05,7,6,clustered,0.5;-0.15,-1,-1,6,-7,0,-1,-7,-1,-1,-7,0,shortest
602,100,251,0.05,4,3,clustered,0.5;-0.15,-1,-1,4,-5,0,-1,-5,-1,-1,-5,0,shortest
601,100,267,0.05,2,1,clustered,0.5;-0.15,14,14,6,8,20,-1,-7,-1,-1,-7,10,shortest
597,100,251,0.05,3,2,clustered,0.5;-0.15,10,10,5,5,0,11,6,11,11,6,0,shortest
596,100,260,0.05,6,5,clustered,0.5;-0.15,-1,-1,6,-7,0,-1,-7,-1,-1,-7,0,shortest
593,100,257,0.05,3,2,clustered,0.5;-0.15,-1,-1,5,-6,14,-1,-6,-1,-1,-6,8,shortest
592,100,253,0.05,2,1,clustered,0.5;-0.15,3,11,3,0,12,3,0,3,3,0,6,shortest
591,100,216,0.05,4,3,clustered,0.5;-0.15,13,13,5,8,0,-1,-6,-1,-1,-6,0,shortest
590,100,247,0.05,4,3,clustered,0.5;-0.15,34,38,4,30,10,14,10,16,16,12,4,shortest
588,100,257,0.05,4,3,clustered,0.5;-0.15,25,25,5,20,4,-1,-6,7,7,2,2,shortest
587,100,251,0.05,5,4,clustered,0.5;-0.15,-1,-1,6,-7,0,-1,-7,-1,-1,-7,0,shortest
586,100,276,0.05,5,4,clustered,0.5;-0.15,18,24,2,16,14,2,0,2,2,0,4,shortest
585,100,272,0.05,4,3,clustered,0.5;-0.15,-1,-1,6,-7,28,-1,-7,-1,-1,-7,10,shortest
584,100,246,0.05,7,6,clustered,0.5;-0.15,-1,-1,4,-5,0,-1,-5,-1,-1,-5,0,shortest
583,100,249,0.05,4,3,clustered,0.5;-0.15,-1,-1,4,-5,0,-1,-5,-1,-1,-5,0,shortest
582,100,236,0.05,3,2,clustered,0.5;-0.15,5,5,5,0,0,-1,-6,-1,-1,-6,0,shortest
581,100,246,0.05,3,2,clustered,0.5;-0.15,14,14,5,9,0,-1,-6,-1,-1,-6,0,shortest
580,100,253,0.05,8,7,clustered,0.5;-0.15,-1,-1,5,-6,0,-1,-6,-1,-1,-6,0,shortest
579,100,247,0.05,3,2,clustered,0.5;-0.15,4,4,4,0,0,4,0,4,4,0,0,shortest
577,100,258,0.05,6,5,clustered,0.5;-0.15,-1,-1,6,-7,16,-1,-7,-1,-1,-7,6,shortest
576,100,238,0.05,4,3,clustered,0.5;-0.15,11,7,4,7,4,10,6,4,4,0,2,shortest
575,100,242,0.05,2,1,clustered,0.5;-0.15,12,8,5,7,16,-1,-6,12,8,7,8,shortest
574,100,244,0.05,3,2,clustered,0.5;-0.15,-1,-1,7,-8,0,-1,-8,-1,-1,-8,0,shortest
573,100,270,0.05,5,4,clustered,0.5;-0.15,6,14,4,2,0,6,2,6,6,2,0,shortest
572,100,261,0.05,2,1,clustered,0.5;-0.15,23,23,5,18,0,9,4,9,9,4,0,shortest
571,100,231,0.05,3,2,clustered,0.5;-0.15,22,14,6,16,0,-1,-7,-1,-1,-7,0,shortest
569,100,246,0.05,5,4,clustered,0.5;-0.15,41,49,4,37,0,-1,-5,-1,-1,-5,0,shortest
568,100,231,0.05,5,4,clustered,0.5;-0.15,3,3,3,0,12,5,2,5,5,2,6,shortest
566,100,228,0.05,4,3,clustered,0.5;-0.15,-1,-1,4,-5,0,-1,-5,-1,-1,-5,0,shortest
565,100,274,0.05,4,3,clustered,0.5;-0.15,30,30,5,25,18,-1,-6,-1,-1,-6,6,shortest
563,100,245,0.05,4,3,clustered,0.5;-0.15,4,4,4,0,6,4,0,10,10,6,2,shortest
562,100,262,0.05,5,4,clustered,0.5;-0.15,40,46,5,35,12,-1,-6,-1,-1,-6,4,shortest
560,100,257,0.05,6,5,clustered,0.5;-0.15,3,3,3,0,0,5,2,3,3,0,0,shortest
558,100,244,0.05,3,2,clustered,0.5;-0.15,-1,-1,7,-8,22,-1,-8,-1,-1,-8,12,shortest
557,100,247,0.05,3,2,clustered,0.5;-0.15,-1,-1,7,-8,10,-1,-8,-1,-1,-8,4,shortest
556,100,247,0.05,3,2,clustered,0.5;-0.15,10,16,4,6,0,4,0,8,8,4,0,shortest
554,100,239,0.05,6,5,clustered,0.5;-0.15,12,26,4,8,0,12,8,12,12,8,0,shortest
553,100,244,0.05,1,0,clustered,0.5;-0.15,-1,-1,5,-6,10,-1,-6,-1,-1,-6,10,shortest
552,100,251,0.05,4,3,clustered,0.5;-0.15,4,4,4,0,0,-1,-5,-1,-1,-5,0,shortest
550,100,214,0.05,1,0,clustered,0.5;-0.15,4,12,4,0,8,4,0,4,12,0,8,shortest
549,100,257,0.05,2,1,clustered,0.5;-0.15,-1,-1,7,-8,4,-1,-8,9,7,2,2,shortest
548,100,254,0.05,5,4,clustered,0.5;-0.15,-1,-1,5,-6,0,-1,-6,-1,-1,-6,0,shortest
547,100,236,0.05,4,3,clustered,0.5;-0.15,-1,-1,6,-7,0,-1,-7,-1,-1,-7,0,shortest
546,100,271,0.05,5,4,clustered,0.5;-0.15,-1,-1,4,-5,0,-1,-5,-1,-1,-5,0,shortest
545,100,224,0.05,2,1,clustered,0.5;-0.15,-1,-1,5,-6,0,-1,-6,-1,-1,-6,0,shortest
542,100,259,0.05,3,2,clustered,0.5;-0.15,12,12,5,7,0,15,10,15,15,10,0,shortest
541,100,274,0.05,6,5,clustered,0.5;-0.15,73,73,5,68,12,-1,-6,-1,-1,-6,6,shortest
540,100,245,0.05,3,2,clustered,0.5;-0.15,19,19,6,13,0,15,9,15,15,9,0,shortest
538,100,240,0.05,5,4,clustered,0.5;-0.15,2,2,2,0,24,2,0,2,2,0,12,shortest
537,100,250,0.05,6,5,clustered,0.5;-0.15,3,3,3,0,0,3,0,3,3,0,0,shortest
536,100,248,0.05,1,0,clustered,0.5;-0.15,4,4,4,0,0,4,0,4,4,0,0,shortest
535,100,219,0.05,2,1,clustered,0.5;-0.15,3,3,3,0,0,3,0,3,3,0,0,shortest
532,100,243,0.05,4,3,clustered,0.5;-0.15,-1,-1,6,-7,12,-1,-7,-1,-1,-7,6,shortest
531,100,229,0.05,2,1,clustered,0.5;-0.15,12,12,4,8,22,8,4,8,8,4,12,shortest
529,100,214,0.05,2,1,clustered,0.5;-0.15,-1,-1,5,-6,6,-1,-6,-1,-1,-6,4,shortest
528,100,282,0.05,4,3,clustered,0.5;-0.15,7,7,5,2,6,-1,-6,-1,-1,-6,4,shortest
526,100,250,0.05,8,7,clustered,0.5;-0.15,5,5,3,2,0,5,2,5,5,2,0,shortest
525,100,234,0.05,4,3,clustered,0.5;-0.15,11,9,6,5,0,-1,-7,-1,-1,-7,0,shortest
521,100,248,0.05,3,2,clustered,0.5;-0.15,-1,-1,4,-5,0,-1,-5,-1,-1,-5,0,shortest
519,100,255,0.05,4,3,clustered,0.5;-0.15,20,26,4,16,26,-1,-5,-1,-1,-5,10,shortest
518,100,258,0.05,1,0,clustered,0.5;-0.15,-1,-1,6,-7,6,-1,-7,-1,-1,-7,6,shortest
517,100,244,0.05,4,3,clustered,0.5;-0.15,5,5,4,1,6,-1,-5,-1,-1,-5,2,shortest
516,100,234,0.05,2,1,clustered,0.5;-0.15,12,10,6,6,18,-1,-7,16,16,10,10,shortest
514,100,260,0.05,6,5,clustered,0.5;-0.15,29,29,5,24,0,17,12,13,13,8,0,shortest
513,100,265,0.05,3,2,clustered,0.5;-0.15,4,4,4,0,10,4,0,20,20,16,4,shortest
512,100,267,0.05,3,2,clustered,0.5;-0.15,28,28,4,24,16,-1,-5,-1,-1,-5,6,shortest
511,100,245,0.05,2,1,clustered,0.5;-0.15,-1,-1,6,-7,16,-1,-7,-1,-1,-7,8,shortest
510,100,240,0.05,4,3,clustered,0.5;-0.15,29,27,4,25,0,-1,-5,-1,-1,-5,0,shortest
508,100,258,0.05,4,3,clustered,0.5;-0.15,36,36,5,31,10,-1,-6,26,26,21,6,shortest
507,100,244,0.05,5,4,clustered,0.5;-0.15,4,4,4,0,0,-1,-5,-1,-1,-5,0,shortest
506,100,246,0.05,5,4,clustered,0.5;-0.15,19,19,5,14,12,11,6,11,11,6,6,shortest
505,100,240,0.05,2,1,clustered,0.5;-0.15,-1,-1,6,-7,6,-1,-7,-1,-1,-7,4,shortest
504,100,243,0.05,5,4,clustered,0.5;-0.15,-1,-1,4,-5,4,-1,-5,-1,-1,-5,2,shortest
503,100,244,0.05,5,4,clustered,0.5;-0.15,-1,-1,4,-5,18,-1,-5,-1,-1,-5,8,shortest
500,100,241,0.05,4,3,clustered,0.5;-0.15,9,9,5,4,10,9,4,9,9,4,4,shortest
499,100,228,0.05,3,2,clustered,0.5;-0.15,-1,-1,6,-7,4,-1,-7,-1,-1,-7,2,shortest
498,100,286,0.05,3,2,clustered,0.5;-0.15,18,18,4,14,0,4,0,8,8,4,0,shortest
497,100,244,0.05,3,2,clustered,0.5;-0.15,13,13,5,8,0,9,4,9,9,4,0,shortest
496,100,235,0.05,2,1,clustered,0.5;-0.15,11,11,2,9,24,2,0,2,2,0,12,shortest
495,100,268,0.05,5,4,clustered,0.5;-0.15,22,22,4,18,0,14,10,14,14,10,0,shortest
494,100,250,0.05,4,3,clustered,0.5;-0.15,-1,-1,6,-7,0,-1,-7,-1,-1,-7,0,shortest
493,100,269,0.05,5,4,clustered,0.5;-0.15,-1,-1,5,-6,0,-1,-6,-1,-1,-6,0,shortest
491,100,261,0.05,5,4,clustered,0.5;-0.15,47,47,5,42,12,-1,-6,-1,-1,-6,4,shortest
490,100,246,0.05,2,1,clustered,0.5;-0.15,18,18,4,14,0,-1,-5,-1,-1,-5,0,shortest
488,100,255,0.05,2,1,clustered,0.5;-0.15,-1,-1,5,-6,0,-1,-6,-1,-1,-6,0,shortest
487,100,250,0.05,6,5,clustered,0.5;-0.15,2,2,2,0,0,2,0,2,2,0,0,shortest
486,100,250,0.05,5,4,clustered,0.5;-0.15,14,14,4,10,0,6,2,6,6,2,0,shortest
485,100,243,0.05,4,3,clustered,0.5;-0.15,3,3,3,0,4,3,0,3,3,0,4,shortest
484,100,282,0.05,5,4,clustered,0.5;-0.15,2,2,2,0,0,2,0,2,2,0,0,shortest
482,100,250,0.05,3,2,clustered,0.5;-0.15,8,8,4,4,0,4,0,8,8,4,0,shortest
481,100,237,0.05,7,6,clustered,0.5;-0.15,5,5,3,2,0,5,2,5,5,2,0,shortest
480,100,280,0.05,5,4,clustered,0.5;-0.15,9,13,4,5,0,-1,-5,-1,-1,-5,0,shortest
479,100,256,0.05,5,4,clustered,0.5;-0.15,22,18,4,18,0,8,4,8,8,4,0,shortest
478,100,249,0.05,3,2,clustered,0.5;-0.15,32,32,5,27,12,-1,-6,16,20,11,6,shortest
477,100,247,0.05,1,0,clustered,0.5;-0.15,11,11,5,6,12,-1,-6,11,11,6,12,shortest
475,100,250,0.05,4,3,clustered,0.5;-0.15,-1,-1,5,-6,0,-1,-6,-1,-1,-6,0,shortest
474,100,242,0.05,2,1,clustered,0.5;-0.15,-1,-1,7,-8,22,-1,-8,-1,-1,-8,12,shortest
473,100,250,0.05,3,2,clustered,0.5;-0.15,-1,-1,5,-6,0,-1,-6,-1,-1,-6,0,shortest
470,100,248,0.05,5,4,clustered,0.5;-0.15,-1,-1,5,-6,0,-1,-6,-1,-1,-6,0,shortest
469,100,265,0.05,6,5,clustered,0.5;-0.15,5,5,3,2,0,5,2,5,5,2,0,shortest
466,100,247,0.05,5,4,clustered,0.5;-0.15,6,10,4,2,4,4,0,4,6,0,2,shortest
465,100,267,0.05,3,2,clustered,0.5;-0.15,-1,-1,6,-7,0,-1,-7,-1,-1,-7,0,shortest
464,100,224,0.05,1,0,clustered,0.5;-0.15,-1,-1,6,-7,0,-1,-7,-1,-1,-7,0,shortest
463,100,245,0.05,5,4,clustered,0.5;-0.15,4,4,4,0,0,4,0,16,16,12,0,shortest
460,100,246,0.05,3,2,clustered,0.5;-0.15,-1,-1,6,-7,14,-1,-7,-1,-1,-7,8,shortest
459,100,265,0.05,5,4,clustered,0.5;-0.15,-1,-1,5,-6,0,-1,-6,-1,-1,-6,0,shortest
458,100,267,0.05,3,2,clustered,0.5;-0.15,18,28,4,14,0,12,8,12,12,8,0,shortest
457,100,271,0.05,2,1,clustered,0.5;-0.15,-1,-1,4,-5,12,-1,-5,-1,-1,-5,6,shortest
456,100,259,0.05,2,1,clustered,0.5;-0.15,-1,-1,6,-7,24,-1,-7,-1,-1,-7,12,shortest
455,100,243,0.05,2,1,clustered,0.5;-0.15,-1,-1,6,-7,12,-1,-7,-1,-1,-7,6,shortest
454,100,221,0.05,3,2,clustered,0.5;-0.15,12,16,4,8,0,8,4,8,8,4,0,shortest
452,100,282,0.05,4,3,clustered,0.5;-0.15,29,29,5,24,10,11,6,17,17,12,4,shortest
450,100,272,0.05,4,3,clustered,0.5;-0.15,33,33,5,28,0,-1,-6,-1,-1,-6,0,shortest
449,100,248,0.05,5,4,clustered,0.5;-0.15,3,3,3,0,0,3,0,3,3,0,0,shortest
448,100,206,0.05,3,2,clustered,0.5;-0.15,-1,-1,4,-5,0,-1,-5,-1,-1,-5,0,shortest
447,100,272,0.05,3,2,clustered,0.5;-0.15,-1,-1,5,-6,0,-1,-6,-1,-1,-6,0,shortest
445,100,231,0.05,5,4,clustered,0.5;-0.15,14,8,4,10,14,12,8,16,12,12,6,shortest
442,100,227,0.05,1,0,clustered,0.5;-0.15,-1,-1,6,-7,0,-1,-7,-1,-1,-7,0,shortest
441,100,243,0.05,2,1,clustered,0.5;-0.15,14,14,4,10,0,-1,-5,-1,-1,-5,0,shortest
438,100,266,0.05,4,3,clustered,0.5;-0.15,15,9,5,10,0,-1,-6,-1,-1,-6,0,shortest
437,100,241,0.05,7,6,clustered,0.5;-0.15,22,22,4,18,0,12,8,12,12,8,0,shortest
436,100,249,0.05,4,3,clustered,0.5;-0.15,17,17,5,12,6,19,14,25,25,20,2,shortest
434,100,220,0.05,4,3,clustered,0.5;-0.15,32,28,4,28,0,-1,-5,-1,-1,-5,0,shortest
433,100,235,0.05,5,4,clustered,0.5;-0.15,-1,-1,5,-6,0,-1,-6,-1,-1,-6,0,shortest
432,100,231,0.05,5,4,clustered,0.5;-0.15,20,22,3,17,2,12,9,12,12,9,2,shortest
430,100,246,0.05,4,3,clustered,0.5;-0.15,3,3,3,0,8,3,0,3,3,0,4,shortest
429,100,226,0.05,6,5,clustered,0.5;-0.15,21,33,5,16,6,-1,-6,21,19,16,2,shortest
428,100,249,0.05,3,2,clustered,0.5;-0.15,23,25,5,18,14,-1,-6,15,15,10,8,shortest
426,100,242,0.05,4,3,clustered,0.5;-0.15,-1,-1,5,-6,10,-1,-6,-1,-1,-6,6,shortest
425,100,247,0.05,6,5,clustered,0.5;-0.15,3,3,3,0,0,3,0,3,3,0,0,shortest
424,100,261,0.05,5,4,clustered,0.5;-0.15,-1,-1,6,-7,12,-1,-7,20,20,14,4,shortest
423,100,245,0.05,1,0,clustered,0.5;-0.15,10,10,6,4,2,-1,-7,10,10,4,2,shortest
422,100,256,0.05,6,5,clustered,0.5;-0.15,5,5,3,2,0,5,2,5,5,2,0,shortest
421,100,259,0.05,3,2,clustered,0.5;-0.15,3,3,3,0,0,3,0,3,3,0,0,shortest
420,100,252,0.05,6,5,clustered,0.5;-0.15,8,8,4,4,0,12,8,12,12,8,0,shortest
419,100,253,0.05,3,2,clustered,0.5;-0.15,-1,-1,5,-6,0,-1,-6,-1,-1,-6,0,shortest
418,100,253,0.05,4,3,clustered,0.5;-0.15,-1,-1,6,-7,0,-1,-7,-1,-1,-7,0,shortest
417,100,256,0.05,3,2,clustered,0.5;-0.15,14,10,6,8,4,-1,-7,10,10,4,2,shortest
414,100,232,0.05,2,1,clustered,0.5;-0.15,10,10,5,5,0,-1,-6,-1,-1,-6,0,shortest
411,100,271,0.05,6,5,clustered,0.5;-0.15,23,23,3,20,4,7,4,7,7,4,2,shortest
409,100,228,0.05,4,3,clustered,0.5;-0.15,16,18,4,12,0,8,4,4,4,0,0,shortest
408,100,219,0.05,4,3,clustered,0.5;-0.15,2,2,2,0,0,2,0,2,2,0,0,shortest
407,100,253,0.05,4,3,clustered,0.5;-0.15,31,29,5,26,20,-1,-6,13,19,8,8,shortest
406,100,267,0.05,2,1,clustered,0.5;-0.15,7,17,5,2,16,-1,-6,-1,-1,-6,8,shortest
405,100,269,0.05,1,0,clustered,0.5;-0.15,-1,-1,5,-6,0,-1,-6,-1,-1,-6,0,shortest
404,100,268,0.05,5,4,clustered,0.5;-0.15,2,2,2,0,0,2,0,2,2,0,0,shortest
403,100,267,0.05,2,1,clustered,0.5;-0.15,11,11,5,6,38,-1,-6,11,11,6,20,shortest
400,100,230,0.05,2,1,clustered,0.5;-0.15,-1,-1,6,-7,8,-1,-7,-1,-1,-7,4,shortest
398,100,213,0.05,3,2,clustered,0.5;-0.15,-1,-1,5,-6,14,-1,-6,-1,-1,-6,8,shortest
397,100,222,0.05,4,3,clustered,0.5;-0.15,13,19,5,8,6,-1,-6,12,12,7,2,shortest
395,100,230,0.05,3,2,clustered,0.5;-0.15,7,7,5,2,0,-1,-6,-1,-1,-6,0,shortest
393,100,262,0.05,5,4,clustered,0.5;-0.15,19,17,4,15,0,17,13,17,17,13,0,shortest
390,100,248,0.05,6,5,clustered,0.5;-0.15,15,15,5,10,8,23,18,9,9,4,4,shortest
388,100,239,0.05,7,6,clustered,0.5;-0.15,-1,-1,5,-6,10,-1,-6,-1,-1,-6,6,shortest
387,100,271,0.05,6,5,clustered,0.5;-0.15,15,15,4,11,0,19,15,19,19,15,0,shortest
386,100,231,0.05,5,4,clustered,0.5;-0.15,54,52,5,49,0,19,14,19,19,14,0,shortest
385,100,253,0.05,3,2,clustered,0.5;-0.15,14,10,5,9,4,13,8,12,12,7,2,shortest
384,100,254,0.05,2,1,clustered,0.5;-0.15,17,21,5,12,4,11,6,11,15,6,2,shortest
383,100,247,0.05,6,5,clustered,0.5;-0.15,6,6,3,3,0,6,3,6,6,3,0,shortest
382,100,246,0.05,5,4,clustered,0.5;-0.15,9,17,5,4,4,-1,-6,-1,-1,-6,2,shortest
381,100,246,0.05,3,2,clustered,0.5;-0.15,6,8,4,2,0,4,0,10,10,6,0,shortest
380,100,255,0.05,3,2,clustered,0.5;-0.15,6,8,4,2,0,-1,-5,-1,-1,-5,0,shortest
379,100,252,0.05,5,4,clustered,0.5;-0.15,3,3,3,0,4,3,0,3,3,0,2,shortest
377,100,246,0.05,4,3,clustered,0.5;-0.15,23,29,5,18,0,21,16,21,21,16,0,shortest
376,100,252,0.05,8,7,clustered,0.5;-0.15,-1,-1,7,-8,0,-1,-8,-1,-1,-8,0,shortest
375,100,240,0.05,6,5,clustered,0.5;-0.15,12,12,6,6,0,26,20,26,26,20,0,shortest
374,100,238,0.05,1,0,clustered,0.5;-0.15,-1,-1,6,-7,0,-1,-7,-1,-1,-7,0,shortest
373,100,226,0.05,3,2,clustered,0.5;-0.15,8,16,4,4,0,8,4,8,8,4,0,shortest
372,100,238,0.05,4,3,clustered,0.5;-0.15,3,25,3,0,0,3,0,3,3,0,0,shortest
371,100,238,0.05,4,3,clustered,0.5;-0.15,6,6,4,2,8,6,2,6,6,2,6,shortest
370,100,244,0.05,4,3,clustered,0.5;-0.15,-1,-1,6,-7,0,-1,-7,-1,-1,-7,0,shortest
369,100,209,0.05,3,2,clustered,0.5;-0.15,12,12,6,6,0,12,6,12,12,6,0,shortest
367,100,283,0.05,4,3,clustered,0.5;-0.15,-1,-1,6,-7,16,-1,-7,-1,-1,-7,6,shortest
366,100,235,0.05,1,0,clustered,0.5;-0.15,-1,-1,8,-9,0,-1,-9,-1,-1,-9,0,shortest
365,100,237,0.05,4,3,clustered,0.5;-0.15,-1,-1,4,-5,10,-1,-5,-1,-1,-5,4,shortest
364,100,232,0.05,4,3,clustered,0.5;-0.15,-1,-1,5,-6,0,-1,-6,-1,-1,-6,0,shortest
363,100,234,0.05,3,2,clustered,0.5;-0.15,5,7,5,0,6,5,0,5,5,0,2,shortest
361,100,250,0.05,5,4,clustered,0.5;-0.15,11,11,5,6,6,-1,-6,-1,-1,-6,4,shortest
359,100,264,0.05,6,5,clustered,0.5;-0.15,13,15,5,8,0,-1,-6,-1,-1,-6,0,shortest
358,100,256,0.05,4,3,clustered,0.5;-0.15,22,20,5,17,0,-1,-6,-1,-1,-6,0,shortest
357,100,251,0.05,4,3,clustered,0.5;-0.15,-1,-1,5,-6,0,-1,-6,-1,-1,-6,0,shortest
356,100,265,0.05,2,1,clustered,0.5;-0.15,-1,-1,4,-5,4,-1,-5,-1,-1,-5,2,shortest
355,100,242,0.05,1,0,clustered,0.5;-0.15,4,4,4,0,0,4,0,4,4,0,0,shortest
354,100,239,0.05,7,6,clustered,0.5;-0.15,24,14,4,20,4,-1,-5,-1,-1,-5,2,shortest
353,100,268,0.05,5,4,clustered,0.5;-0.15,18,34,4,14,4,10,6,10,18,6,2,shortest
352,100,239,0.05,4,3,clustered,0.5;-0.15,-1,-1,5,-6,0,-1,-6,-1,-1,-6,0,shortest
351,100,221,0.05,6,5,clustered,0.5;-0.15,6,6,4,2,0,6,2,6,6,2,0,shortest
350,100,246,0.05,3,2,clustered,0.5;-0.15,3,3,2,1,26,2,0,2,2,0,10,shortest
349,100,217,0.05,3,2,clustered,0.5;-0.15,-1,-1,5,-6,0,-1,-6,-1,-1,-6,0,shortest
348,100,265,0.05,3,2,clustered,0.5;-0.15,8,16,5,3,12,-1,-6,-1,-1,-6,4,shortest
347,100,226,0.05,3,2,clustered,0.5;-0.15,20,20,6,14,8,-1,-7,-1,-1,-7,4,shortest
345,100,237,0.05,5,4,clustered,0.5;-0.15,6,6,4,2,16,6,2,6,6,2,6,shortest
343,100,250,0.05,5,4,clustered,0.5;-0.15,5,5,3,2,0,5,2,5,5,2,0,shortest
342,100,259,0.05,2,1,clustered,0.5;-0.15,4,8,4,0,8,-1,-5,-1,-1,-5,4,shortest
341,100,279,0.05,3,2,clustered,0.5;-0.15,4,4,4,0,10,4,0,4,4,0,4,shortest
339,100,260,0.05,6,5,clustered,0.5;-0.15,30,44,4,26,0,-1,-5,-1,-1,-5,0,shortest
338,100,248,0.05,3,2,clustered,0.5;-0.15,-1,-1,5,-6,0,-1,-6,-1,-1,-6,0,shortest
337,100,249,0.05,5,4,clustered,0.5;-0.15,3,3,3,0,4,3,0,3,3,0,2,shortest
336,100,237,0.05,2,1,clustered,0.5;-0.15,-1,-1,4,-5,0,-1,-5,-1,-1,-5,0,shortest
335,100,242,0.05,5,4,clustered,0.5;-0.15,3,7,3,0,6,-1,-4,-1,-1,-4,2,shortest
334,100,271,0.05,4,3,clustered,0.5;-0.15,2,2,2,0,4,2,0,2,2,0,2,shortest
333,100,241,0.05,4,3,clustered,0.5;-0.15,-1,-1,5,-6,6,-1,-6,-1,-1,-6,4,shortest
331,100,262,0.05,5,4,clustered,0.5;-0.15,2,2,2,0,0,2,0,2,2,0,0,shortest
330,100,268,0.05,3,2,clustered,0.5;-0.15,4,4,4,0,12,4,0,4,4,0,4,shortest
329,100,260,0.05,3,2,clustered,0.5;-0.15,20,12,6,14,10,-1,-7,16,12,10,4,shortest
328,100,280,0.05,6,5,clustered,0.5;-0.15,-1,-1,5,-6,0,-1,-6,-1,-1,-6,0,shortest
327,100,242,0.05,2,1,clustered,0.5;-0.15,-1,-1,5,-6,0,-1,-6,-1,-1,-6,0,shortest
326,100,263,0.05,3,2,clustered,0.5;-0.15,9,5,4,5,0,-1,-5,-1,-1,-5,0,shortest
325,100,243,0.05,2,1,clustered,0.5;-0.15,4,4,4,0,8,4,0,4,4,0,4,shortest
324,100,238,0.05,2,1,clustered,0.5;-0.15,12,12,5,7,0,-1,-6,-1,-1,-6,0,shortest
323,100,228,0.05,2,1,clustered,0.5;-0.15,8,8,4,4,4,8,4,8,8,4,2,shortest
321,100,240,0.05,5,4,clustered,0.5;-0.15,-1,-1,4,-5,2,-1,-5,-1,-1,-5,2,shortest
320,100,224,0.05,3,2,clustered,0.5;-0.15,19,17,6,13,8,-1,-7,15,13,9,4,shortest
319,100,255,0.05,5,4,clustered,0.5;-0.15,30,33,4,26,20,10,6,10,11,6,8,shortest
318,100,282,0.05,5,4,clustered,0.5;-0.15,50,46,4,46,0,-1,-5,-1,-1,-5,0,shortest
317,100,226,0.05,2,1,clustered,0.5;-0.15,9,15,5,4,8,-1,-6,9,9,4,4,shortest
316,100,229,0.05,4,3,clustered,0.5;-0.15,6,8,4,2,6,6,2,6,6,2,2,shortest
315,100,249,0.05,3,2,clustered,0.5;-0.15,-1,-1,5,-6,32,-1,-6,-1,-1,-6,18,shortest
314,100,249,0.05,3,2,clustered,0.5;-0.15,14,14,7,7,18,-1,-8,-1,-1,-8,10,shortest
313,100,276,0.05,1,0,clustered,0.5;-0.15,-1,-1,5,-6,0,-1,-6,-1,-1,-6,0,shortest
312,100,236,0.05,4,3,clustered,0.5;-0.15,-1,-1,6,-7,0,-1,-7,-1,-1,-7,0,shortest
311,100,256,0.05,2,1,clustered,0.5;-0.15,10,18,6,4,16,-1,-7,16,24,10,8,shortest
309,100,246,0.05,3,2,clustered,0.5;-0.15,25,25,6,19,10,-1,-7,-1,-1,-7,4,shortest
308,100,242,0.05,3,2,clustered,0.5;-0.15,24,24,5,19,6,-1,-6,-1,-1,-6,2,shortest
307,100,246,0.05,5,4,clustered,0.5;-0.15,33,33,5,28,0,20,15,20,20,15,0,shortest
305,100,257,0.05,6,5,clustered,0.5;-0.15,23,20,5,18,10,-1,-6,-1,-1,-6,4,shortest
304,100,236,0.05,2,1,clustered,0.5;-0.15,16,14,4,12,0,-1,-5,-1,-1,-5,0,shortest
303,100,249,0.05,3,2,clustered,0.5;-0.15,4,14,4,0,12,10,6,22,22,18,6,shortest
301,100,250,0.05,5,4,clustered,0.5;-0.15,27,37,5,22,0,17,12,17,17,12,0,shortest
300,100,256,0.05,4,3,clustered,0.5;-0.15,6,6,4,2,4,12,8,12,12,8,2,shortest
299,100,267,0.05,3,2,clustered,0.5;-0.15,24,24,4,20,6,12,8,22,22,18,4,shortest
298,100,257,0.05,7,6,clustered,0.5;-0.15,14,34,4,10,0,14,10,14,14,10,0,shortest
295,100,268,0.05,3,2,clustered,0.5;-0.15,21,25,5,16,4,-1,-6,-1,-1,-6,2,shortest
294,100,243,0.05,4,3,clustered,0.5;-0.15,11,21,5,6,12,-1,-6,21,23,16,6,shortest
293,100,250,0.05,3,2,clustered,0.5;-0.15,3,15,3,0,0,3,0,3,3,0,0,shortest
292,100,226,0.05,3,2,clustered,0.5;-0.15,-1,-1,5,-6,0,-1,-6,-1,-1,-6,0,shortest
291,100,269,0.05,6,5,clustered,0.5;-0.15,51,51,4,47,6,-1,-5,18,12,14,2,shortest
290,100,273,0.05,3,2,clustered,0.5;-0.15,6,6,6,0,6,-1,-7,-1,-1,-7,2,shortest
289,100,225,0.05,2,1,clustered,0.5;-0.15,3,3,3,0,0,3,0,3,3,0,0,shortest
287,100,239,0.05,6,5,clustered,0.5;-0.15,48,44,6,42,0,32,26,32,32,26,0,shortest
286,100,268,0.05,5,4,clustered,0.5;-0.15,34,34,4,30,14,8,4,8,8,4,6,shortest
285,100,237,0.05,7,6,clustered,0.5;-0.15,-1,-1,4,-5,6,-1,-5,-1,-1,-5,2,shortest
284,100,268,0.05,6,5,clustered,0.5;-0.15,-1,-1,4,-5,0,-1,-5,-1,-1,-5,0,shortest
283,100,232,0.05,6,5,clustered,0.5;-0.15,-1,-1,5,-6,4,-1,-6,-1,-1,-6,2,shortest
282,100,261,0.05,4,3,clustered,0.5;-0.15,-1,-1,5,-6,0,-1,-6,-1,-1,-6,0,shortest
281,100,256,0.05,5,4,clustered,0.5;-0.15,8,8,4,4,0,8,4,6,6,2,0,shortest
279,100,251,0.05,3,2,clustered,0.5;-0.15,5,5,5,0,0,-1,-6,-1,-1,-6,0,shortest
278,100,254,0.05,6,5,clustered,0.5;-0.15,13,13,3,10,0,5,2,5,5,2,0,shortest
277,100,251,0.05,2,1,clustered,0.5;-0.15,-1,-1,4,-5,22,-1,-5,-1,-1,-5,12,shortest
276,100,261,0.05,3,2,clustered,0.5;-0.15,11,11,4,7,0,-1,-5,-1,-1,-5,0,shortest
275,100,262,0.05,5,4,clustered,0.5;-0.15,12,16,4,8,8,-1,-5,19,25,15,4,shortest
274,100,263,0.05,6,5,clustered,0.5;-0.15,-1,-1,5,-6,22,-1,-6,-1,-1,-6,8,shortest
273,100,241,0.05,5,4,clustered,0.5;-0.15,3,3,3,0,0,3,0,3,3,0,0,shortest
272,100,248,0.05,5,4,clustered,0.5;-0.15,-1,-1,6,-7,0,-1,-7,-1,-1,-7,0,shortest
270,100,234,0.05,3,2,clustered,0.5;-0.15,-1,-1,4,-5,0,-1,-5,-1,-1,-5,0,shortest
269,100,275,0.05,4,3,clustered,0.5;-0.15,9,9,4,5,8,15,11,9,9,5,4,shortest
267,100,255,0.05,3,2,clustered,0.5;-0.15,-1,-1,5,-6,0,-1,-6,-1,-1,-6,0,shortest
266,100,238,0.05,3,2,clustered,0.5;-0.15,-1,-1,5,-6,4,-1,-6,-1,-1,-6,2,shortest
265,100,239,0.05,2,1,clustered,0.5;-0.15,6,6,4,2,0,6,2,6,6,2,0,shortest
264,100,258,0.05,3,2,clustered,0.5;-0.15,-1,-1,5,-6,0,-1,-6,-1,-1,-6,0,shortest
262,100,246,0.05,3,2,clustered,0.5;-0.15,2,2,2,0,20,2,0,2,2,0,10,shortest
261,100,247,0.05,3,2,clustered,0.5;-0.15,39,31,5,34,0,-1,-6,-1,-1,-6,0,shortest
260,100,259,0.05,1,0,clustered,0.5;-0.15,-1,-1,5,-6,0,-1,-6,-1,-1,-6,0,shortest
259,100,270,0.05,4,3,clustered,0.5;-0.15,33,33,4,29,0,-1,-5,-1,-1,-5,0,shortest
258,100,231,0.05,3,2,clustered,0.5;-0.15,-1,-1,4,-5,0,-1,-5,-1,-1,-5,0,shortest
257,100,254,0.05,3,2,clustered,0.5;-0.15,6,14,4,2,0,6,2,6,6,2,0,shortest
255,100,250,0.05,3,2,clustered,0.5;-0.15,-1,-1,6,-7,28,-1,-7,-1,-1,-7,10,shortest
253,100,264,0.05,6,5,clustered,0.5;-0.15,-1,-1,4,-5,0,-1,-5,-1,-1,-5,0,shortest
251,100,237,0.05,1,0,clustered,0.5;-0.15,4,4,4,0,0,4,0,4,4,0,0,shortest
249,100,258,0.05,5,4,clustered,0.5;-0.15,6,12,4,2,0,6,2,12,12,8,0,shortest
248,100,248,0.05,1,0,clustered,0.5;-0.15,-1,-1,5,-6,6,-1,-6,-1,-1,-6,6,shortest
247,100,229,0.05,3,2,clustered,0.5;-0.15,4,4,4,0,14,4,0,4,4,0,6,shortest
246,100,245,0.05,3,2,clustered,0.5;-0.15,-1,-1,5,-6,16,-1,-6,-1,-1,-6,8,shortest
245,100,248,0.05,5,4,clustered,0.5;-0.15,22,18,5,17,0,-1,-6,-1,-1,-6,0,shortest
242,100,244,0.05,2,1,clustered,0.5;-0.15,-1,-1,5,-6,0,-1,-6,-1,-1,-6,0,shortest
241,100,253,0.05,2,1,clustered,0.5;-0.15,-1,-1,6,-7,0,-1,-7,-1,-1,-7,0,shortest
240,100,253,0.05,3,2,clustered,0.5;-0.15,-1,-1,5,-6,0,-1,-6,-1,-1,-6,0,shortest
239,100,242,0.05,3,2,clustered,0.5;-0.15,-1,-1,5,-6,6,-1,-6,-1,-1,-6,2,shortest
238,100,258,0.05,2,1,clustered,0.5;-0.15,7,7,5,2,0,-1,-6,-1,-1,-6,0,shortest
237,100,238,0.05,3,2,clustered,0.5;-0.15,4,4,4,0,0,4,0,4,4,0,0,shortest
236,100,243,0.05,2,1,clustered,0.5;-0.15,-1,-1,5,-6,0,-1,-6,-1,-1,-6,0,shortest
235,100,267,0.05,5,4,clustered,0.5;-0.15,8,18,4,4,0,8,4,8,8,4,0,shortest
233,100,283,0.05,7,6,clustered,0.5;-0.15,3,3,3,0,4,3,0,3,3,0,2,shortest
232,100,250,0.05,2,1,clustered,0.5;-0.15,6,6,4,2,0,-1,-5,-1,-1,-5,0,shortest
229,100,241,0.05,3,2,clustered,0.5;-0.15,11,11,5,6,0,9,4,9,9,4,0,shortest
228,100,254,0.05,7,6,clustered,0.5;-0.15,5,5,3,2,0,5,2,5,5,2,0,shortest
227,100,258,0.05,5,4,clustered,0.5;-0.15,-1,-1,6,-7,12,-1,-7,-1,-1,-7,4,shortest
226,100,252,0.05,3,2,clustered,0.5;-0.15,6,12,4,2,0,15,11,15,15,11,0,shortest
225,100,252,0.05,5,4,clustered,0.5;-0.15,3,11,3,0,0,3,0,3,3,0,0,shortest
224,100,236,0.05,6,5,clustered,0.5;-0.15,18,18,4,14,0,16,12,16,16,12,0,shortest
223,100,248,0.05,4,3,clustered,0.5;-0.15,-1,-1,4,-5,0,-1,-5,-1,-1,-5,0,shortest
222,100,259,0.05,3,2,clustered,0.5;-0.15,32,28,6,26,4,-1,-7,10,10,4,2,shortest
221,100,254,0.05,5,4,clustered,0.5;-0.15,17,17,5,12,0,-1,-6,-1,-1,-6,0,shortest
218,100,248,0.05,4,3,clustered,0.5;-0.15,12,12,4,8,4,-1,-5,-1,-1,-5,2,shortest
217,100,263,0.05,3,2,clustered,0.5;-0.15,-1,-1,4,-5,0,-1,-5,-1,-1,-5,0,shortest
215,100,230,0.05,6,5,clustered,0.5;-0.15,31,31,5,26,16,11,6,17,17,12,8,shortest
214,100,252,0.05,1,0,clustered,0.5;-0.15,-1,-1,5,-6,0,-1,-6,-1,-1,-6,0,shortest
213,100,241,0.05,2,1,clustered,0.5;-0.15,8,8,4,4,0,-1,-5,-1,-1,-5,0,shortest
212,100,254,0.05,3,2,clustered,0.5;-0.15,-1,-1,5,-6,0,-1,-6,-1,-1,-6,0,shortest
210,100,265,0.05,1,0,clustered,0.5;-0.15,-1,-1,6,-7,6,-1,-7,-1,-1,-7,6,shortest
208,100,229,0.05,6,5,clustered,0.5;-0.15,60,42,6,54,0,22,16,22,22,16,0,shortest
207,100,246,0.05,5,4,clustered,0.5;-0.15,15,7,5,10,4,-1,-6,-1,-1,-6,4,shortest
206,100,256,0.05,2,1,clustered,0.5;-0.15,-1,-1,3,-4,0,-1,-4,-1,-1,-4,0,shortest
204,100,236,0.05,5,4,clustered,0.5;-0.15,-1,-1,5,-6,0,-1,-6,-1,-1,-6,0,shortest
203,100,225,0.05,6,5,clustered,0.5;-0.15,6,6,4,2,0,6,2,6,6,2,0,shortest
202,100,240,0.05,6,5,clustered,0.5;-0.15,5,5,3,2,0,5,2,5,5,2,0,shortest
200,100,246,0.05,3,2,clustered,0.5;-0.15,8,8,4,4,0,11,7,11,11,7,0,shortest
199,100,266,0.05,4,3,clustered,0.5;-0.15,-1,-1,4,-5,30,-1,-5,-1,-1,-5,12,shortest
198,100,248,0.05,3,2,clustered,0.5;-0.15,27,37,5,22,0,11,6,19,19,14,0,shortest
197,100,266,0.05,3,2,clustered,0.5;-0.15,-1,-1,5,-6,0,-1,-6,-1,-1,-6,0,shortest
195,100,234,0.05,3,2,clustered,0.5;-0.15,8,16,4,4,0,8,4,8,8,4,0,shortest
194,100,249,0.05,3,2,clustered,0.5;-0.15,-1,-1,6,-7,10,-1,-7,-1,-1,-7,6,shortest
193,100,252,0.05,4,3,clustered,0.5;-0.15,11,19,5,6,8,-1,-6,11,11,6,4,shortest
192,100,238,0.05,3,2,clustered,0.5;-0.15,18,18,4,14,0,4,0,4,4,0,0,shortest
191,100,250,0.05,4,3,clustered,0.5;-0.15,13,27,4,9,0,13,9,13,13,9,0,shortest
190,100,255,0.05,3,2,clustered,0.5;-0.15,5,5,5,0,0,5,0,5,5,0,0,shortest
187,100,241,0.05,1,0,clustered,0.5;-0.15,2,2,2,0,4,2,0,2,2,0,4,shortest
186,100,229,0.05,1,0,clustered,0.5;-0.15,-1,-1,9,-10,8,-1,-10,-1,-1,-10,8,shortest
185,100,272,0.05,3,2,clustered,0.5;-0.15,5,11,5,0,0,5,0,5,5,0,0,shortest
184,100,242,0.05,3,2,clustered,0.5;-0.15,-1,-1,6,-7,4,-1,-7,-1,-1,-7,2,shortest
183,100,252,0.05,4,3,clustered,0.5;-0.15,37,37,6,31,0,-1,-7,-1,-1,-7,0,shortest
182,100,250,0.05,2,1,clustered,0.5;-0.15,-1,-1,6,-7,8,-1,-7,-1,-1,-7,4,shortest
181,100,255,0.05,3,2,clustered,0.5;-0.15,4,16,4,0,12,4,0,4,14,0,4,shortest
180,100,261,0.05,5,4,clustered,0.5;-0.15,-1,-1,5,-6,4,-1,-6,-1,-1,-6,2,shortest
179,100,263,0.05,1,0,clustered,0.5;-0.15,-1,-1,5,-6,0,-1,-6,-1,-1,-6,0,shortest
177,100,247,0.05,2,1,clustered,0.5;-0.15,7,9,5,2,16,-1,-6,-1,-1,-6,8,shortest
176,100,285,0.05,7,6,clustered,0.5;-0.15,-1,-1,6,-7,0,-1,-7,-1,-1,-7,0,shortest
175,100,257,0.05,3,2,clustered,0.5;-0.15,37,43,5,32,24,-1,-6,-1,-1,-6,8,shortest
173,100,247,0.05,3,2,clustered,0.5;-0.15,22,18,6,16,4,-1,-7,-1,-1,-7,2,shortest
172,100,253,0.05,5,4,clustered,0.5;-0.15,20,20,4,16,12,-1,-5,-1,-1,-5,4,shortest
171,100,231,0.05,1,0,clustered,0.5;-0.15,7,13,5,2,16,-1,-6,7,13,2,16,shortest
170,100,251,0.05,6,5,clustered,0.5;-0.15,-1,-1,4,-5,28,-1,-5,-1,-1,-5,10,shortest
169,100,245,0.05,6,5,clustered,0.5;-0.15,-1,-1,6,-7,0,-1,-7,-1,-1,-7,0,shortest
168,100,272,0.05,5,4,clustered,0.5;-0.15,-1,-1,5,-6,12,-1,-6,-1,-1,-6,4,shortest
167,100,261,0.05,3,2,clustered,0.5;-0.15,4,4,4,0,0,-1,-5,-1,-1,-5,0,shortest
166,100,251,0.05,3,2,clustered,0.5;-0.15,27,25,5,22,24,-1,-6,23,21,18,10,shortest
165,100,261,0.05,4,3,clustered,0.5;-0.15,-1,-1,4,-5,0,-1,-5,-1,-1,-5,0,shortest
164,100,247,0.05,5,4,clustered,0.5;-0.15,4,4,4,0,0,4,0,4,4,0,0,shortest
162,100,248,0.05,5,4,clustered,0.5;-0.15,37,43,5,32,20,-1,-6,21,27,16,8,shortest
161,100,266,0.05,4,3,clustered,0.5;-0.15,7,13,5,2,0,-1,-6,-1,-1,-6,0,shortest
160,100,268,0.05,5,4,clustered,0.5;-0.15,48,40,5,43,0,-1,-6,-1,-1,-6,0,shortest
159,100,238,0.05,4,3,clustered,0.5;-0.15,4,10,4,0,0,4,0,10,10,6,0,shortest
158,100,248,0.05,3,2,clustered,0.5;-0.15,5,5,5,0,20,-1,-6,-1,-1,-6,10,shortest
157,100,230,0.05,6,5,clustered,0.5;-0.15,70,76,5,65,6,-1,-6,-1,-1,-6,2,shortest
156,100,269,0.05,3,2,clustered,0.5;-0.15,-1,-1,5,-6,12,-1,-6,-1,-1,-6,6,shortest
154,100,272,0.05,5,4,clustered,0.5;-0.15,13,13,5,8,0,-1,-6,-1,-1,-6,0,shortest
152,100,253,0.05,3,2,clustered,0.5;-0.15,-1,-1,5,-6,0,-1,-6,-1,-1,-6,0,shortest
151,100,278,0.05,2,1,clustered,0.5;-0.15,-1,-1,6,-7,16,-1,-7,-1,-1,-7,8,shortest
150,100,244,0.05,3,2,clustered,0.5;-0.15,11,15,5,6,0,-1,-6,-1,-1,-6,0,shortest
149,100,255,0.05,1,0,clustered,0.5;-0.15,-1,-1,6,-7,8,-1,-7,-1,-1,-7,8,shortest
148,100,233,0.05,5,4,clustered,0.5;-0.15,3,3,3,0,20,-1,-4,-1,-1,-4,8,shortest
147,100,251,0.05,3,2,clustered,0.5;-0.15,-1,-1,5,-6,0,-1,-6,-1,-1,-6,0,shortest
146,100,233,0.05,3,2,clustered,0.5;-0.15,32,32,6,26,6,-1,-7,-1,-1,-7,2,shortest
143,100,252,0.05,5,4,clustered,0.5;-0.15,3,3,3,0,0,3,0,3,3,0,0,shortest
141,100,278,0.05,3,2,clustered,0.5;-0.15,-1,-1,4,-5,0,-1,-5,-1,-1,-5,0,shortest
140,100,234,0.05,4,3,clustered,0.5;-0.15,3,3,3,0,0,3,0,3,3,0,0,shortest
138,100,232,0.05,2,1,clustered,0.5;-0.15,-1,-1,6,-7,0,-1,-7,-1,-1,-7,0,shortest
137,100,243,0.05,3,2,clustered,0.5;-0.15,24,24,4,20,0,4,0,4,4,0,0,shortest
136,100,233,0.05,2,1,clustered,0.5;-0.15,22,18,5,17,16,-1,-6,20,18,15,8,shortest
135,100,226,0.05,4,3,clustered,0.5;-0.15,10,22,4,6,10,6,2,6,6,2,4,shortest
133,100,226,0.05,4,3,clustered,0.5;-0.15,-1,-1,7,-8,16,-1,-8,-1,-1,-8,8,shortest
131,100,262,0.05,3,2,clustered,0.5;-0.15,16,16,2,14,0,2,0,2,2,0,0,shortest
129,100,251,0.05,5,4,clustered,0.5;-0.15,45,43,4,41,0,-1,-5,-1,-1,-5,0,shortest
128,100,249,0.05,4,3,clustered,0.5;-0.15,12,14,4,8,0,-1,-5,-1,-1,-5,0,shortest
127,100,257,0.05,8,7,clustered,0.5;-0.15,26,26,4,22,0,14,10,20,20,16,0,shortest
126,100,230,0.05,4,3,clustered,0.5;-0.15,-1,-1,5,-6,8,-1,-6,-1,-1,-6,6,shortest
125,100,248,0.05,2,1,clustered,0.5;-0.15,13,13,5,8,0,5,0,11,11,6,0,shortest
122,100,266,0.05,7,6,clustered,0.5;-0.15,28,28,4,24,0,16,12,18,18,14,0,shortest
120,100,246,0.05,2,1,clustered,0.5;-0.15,19,19,5,14,12,11,6,19,19,14,6,shortest
117,100,273,0.05,4,3,clustered,0.5;-0.15,24,26,6,18,16,-1,-7,14,16,8,8,shortest
116,100,261,0.05,3,2,clustered,0.5;-0.15,38,38,5,33,0,-1,-6,-1,-1,-6,0,shortest
114,100,247,0.05,5,4,clustered,0.5;-0.15,7,5,5,2,0,-1,-6,-1,-1,-6,0,shortest
112,100,259,0.05,2,1,clustered,0.5;-0.15,-1,-1,6,-7,20,-1,-7,-1,-1,-7,10,shortest
111,100,240,0.05,4,3,clustered,0.5;-0.15,4,4,4,0,8,-1,-5,-1,-1,-5,4,shortest
110,100,244,0.05,2,1,clustered,0.5;-0.15,-1,-1,5,-6,8,-1,-6,-1,-1,-6,4,shortest
109,100,264,0.05,1,0,clustered,0.5;-0.15,-1,-1,6,-7,10,-1,-7,-1,-1,-7,10,shortest
108,100,232,0.05,4,3,clustered,0.5;-0.15,19,25,5,14,0,15,10,15,15,10,0,shortest
107,100,225,0.05,4,3,clustered,0.5;-0.15,23,23,5,18,0,11,6,13,13,8,0,shortest
104,100,246,0.05,5,4,clustered,0.5;-0.15,11,17,5,6,0,-1,-6,-1,-1,-6,0,shortest
102,100,219,0.05,2,1,clustered,0.5;-0.15,15,15,5,10,12,-1,-6,13,15,8,6,shortest
101,100,248,0.05,5,4,clustered,0.5;-0.15,-1,-1,5,-6,0,-1,-6,-1,-1,-6,0,shortest
99,100,251,0.05,5,4,clustered,0.5;-0.15,-1,-1,5,-6,0,-1,-6,-1,-1,-6,0,shortest
97,100,209,0.05,5,4,clustered,0.5;-0.15,-1,-1,5,-6,0,-1,-6,-1,-1,-6,0,shortest
96,100,225,0.05,4,3,clustered,0.5;-0.15,4,4,4,0,4,4,0,4,4,0,2,shortest
95,100,253,0.05,4,3,clustered,0.5;-0.15,39,37,6,33,0,-1,-7,-1,-1,-7,0,shortest
91,100,227,0.05,4,3,clustered,0.5;-0.15,-1,-1,4,-5,0,-1,-5,-1,-1,-5,0,shortest
89,100,228,0.05,4,3,clustered,0.5;-0.15,-1,-1,5,-6,26,-1,-6,-1,-1,-6,14,shortest
83,100,240,0.05,1,0,clustered,0.5;-0.15,-1,-1,5,-6,0,-1,-6,-1,-1,-6,0,shortest
82,100,244,0.05,5,4,clustered,0.5;-0.15,24,30,4,20,6,-1,-5,-1,-1,-5,2,shortest
81,100,233,0.05,1,0,clustered,0.5;-0.15,4,4,4,0,0,4,0,4,4,0,0,shortest
80,100,233,0.05,4,3,clustered,0.5;-0.15,8,10,6,2,8,-1,-7,-1,-1,-7,4,shortest
78,100,246,0.05,2,1,clustered,0.5;-0.15,3,3,3,0,0,3,0,3,3,0,0,shortest
77,100,242,0.05,2,1,clustered,0.5;-0.15,-1,-1,6,-7,0,-1,-7,-1,-1,-7,0,shortest
75,100,252,0.05,3,2,clustered,0.5;-0.15,28,28,5,23,6,-1,-6,-1,-1,-6,2,shortest
73,100,234,0.05,4,3,clustered,0.5;-0.15,-1,-1,7,-8,8,-1,-8,-1,-1,-8,4,shortest
72,100,256,0.05,4,3,clustered,0.5;-0.15,-1,-1,6,-7,0,-1,-7,-1,-1,-7,0,shortest
71,100,234,0.05,3,2,clustered,0.5;-0.15,-1,-1,5,-6,6,-1,-6,-1,-1,-6,4,shortest
70,100,250,0.05,2,1,clustered,0.5;-0.15,10,6,5,5,0,11,6,11,11,6,0,shortest
69,100,242,0.05,7,6,clustered,0.5;-0.15,38,56,4,34,0,8,4,8,8,4,0,shortest
68,100,279,0.05,3,2,clustered,0.5;-0.15,3,3,3,0,0,3,0,3,3,0,0,shortest
67,100,240,0.05,5,4,clustered,0.5;-0.15,3,3,3,0,0,3,0,3,3,0,0,shortest
66,100,239,0.05,3,2,clustered,0.5;-0.15,11,7,4,7,0,-1,-5,-1,-1,-5,0,shortest
64,100,235,0.05,3,2,clustered,0.5;-0.15,4,4,4,0,0,4,0,4,4,0,0,shortest
63,100,249,0.05,6,5,clustered,0.5;-0.15,32,30,4,28,4,-1,-5,-1,-1,-5,2,shortest
62,100,223,0.05,3,2,clustered,0.5;-0.15,3,3,3,0,0,3,0,3,3,0,0,shortest
59,100,253,0.05,4,3,clustered,0.5;-0.15,-1,-1,6,-7,6,-1,-7,-1,-1,-7,2,shortest
57,100,251,0.05,4,3,clustered,0.5;-0.15,-1,-1,6,-7,22,-1,-7,-1,-1,-7,12,shortest
56,100,250,0.05,1,0,clustered,0.5;-0.15,-1,-1,6,-7,8,-1,-7,-1,-1,-7,8,shortest
54,100,280,0.05,4,3,clustered,0.5;-0.15,-1,-1,5,-6,0,-1,-6,-1,-1,-6,0,shortest
53,100,251,0.05,6,5,clustered,0.5;-0.15,2,2,2,0,0,2,0,2,2,0,0,shortest
51,100,228,0.05,6,5,clustered,0.5;-0.15,34,40,5,29,8,-1,-6,30,30,25,4,shortest
50,100,241,0.05,4,3,clustered,0.5;-0.15,15,9,4,11,8,8,4,14,14,10,4,shortest
49,100,271,0.05,4,3,clustered,0.5;-0.15,7,7,4,3,4,6,2,12,12,8,2,shortest
48,100,248,0.05,3,2,clustered,0.5;-0.15,23,23,4,19,0,11,7,11,11,7,0,shortest
47,100,261,0.05,5,4,clustered,0.5;-0.15,-1,-1,4,-5,0,-1,-5,-1,-1,-5,0,shortest
45,100,238,0.05,4,3,clustered,0.5;-0.15,28,28,5,23,0,-1,-6,-1,-1,-6,0,shortest
43,100,236,0.05,3,2,clustered,0.5;-0.15,5,5,5,0,0,5,0,5,5,0,0,shortest
42,100,238,0.05,4,3,clustered,0.5;-0.15,11,11,5,6,0,-1,-6,-1,-1,-6,0,shortest
41,100,270,0.05,5,4,clustered,0.5;-0.15,8,8,4,4,0,4,0,8,8,4,0,shortest
40,100,272,0.05,4,3,clustered,0.5;-0.15,27,27,4,23,22,-1,-5,5,5,1,8,shortest
38,100,245,0.05,3,2,clustered,0.5;-0.15,34,32,5,29,4,-1,-6,-1,-1,-6,2,shortest
37,100,252,0.05,5,4,clustered,0.5;-0.15,47,47,5,42,0,-1,-6,-1,-1,-6,0,shortest
35,100,253,0.05,4,3,clustered,0.5;-0.15,-1,-1,6,-7,4,-1,-7,-1,-1,-7,2,shortest
34,100,250,0.05,2,1,clustered,0.5;-0.15,4,10,4,0,0,4,0,4,4,0,0,shortest
33,100,251,0.05,3,2,clustered,0.5;-0.15,3,3,3,0,16,3,0,3,3,0,6,shortest
31,100,258,0.05,6,5,clustered,0.5;-0.15,11,11,5,6,6,15,10,11,11,6,4,shortest
28,100,227,0.05,3,2,clustered,0.5;-0.15,-1,-1,7,-8,10,-1,-8,-1,-1,-8,6,shortest
27,100,258,0.05,3,2,clustered,0.5;-0.15,9,15,6,3,0,-1,-7,-1,-1,-7,0,shortest
25,100,276,0.05,3,2,clustered,0.5;-0.15,8,18,4,4,12,11,7,11,25,7,4,shortest
24,100,237,0.05,4,3,clustered,0.5;-0.15,30,30,4,26,0,-1,-5,-1,-1,-5,0,shortest
23,100,242,0.05,3,2,clustered,0.5;-0.15,3,7,3,0,0,3,0,3,3,0,0,shortest
22,100,239,0.05,6,5,clustered,0.5;-0.15,3,3,3,0,0,3,0,3,3,0,0,shortest
21,100,236,0.05,4,3,clustered,0.5;-0.15,-1,-1,5,-6,0,-1,-6,-1,-1,-6,0,shortest
20,100,242,0.05,4,3,clustered,0.5;-0.15,8,9,6,2,4,-1,-7,-1,-1,-7,2,shortest
19,100,254,0.05,3,2,clustered,0.5;-0.15,4,6,4,0,8,4,0,4,4,0,4,shortest
17,100,260,0.05,4,3,clustered,0.5;-0.15,9,9,4,5,0,-1,-5,-1,-1,-5,0,shortest
16,100,228,0.05,2,1,clustered,0.5;-0.15,13,13,5,8,0,-1,-6,-1,-1,-6,0,shortest
15,100,247,0.05,5,4,clustered,0.5;-0.15,41,63,5,36,12,-1,-6,-1,-1,-6,8,shortest
13,100,239,0.05,7,6,clustered,0.5;-0.15,6,6,4,2,0,4,0,6,6,2,0,shortest
11,100,206,0.05,1,0,clustered,0.5;-0.15,-1,-1,6,-7,0,-1,-7,-1,-1,-7,0,shortest
9,100,256,0.05,2,1,clustered,0.5;-0.15,36,36,6,30,24,-1,-7,24,24,18,12,shortest
8,100,265,0.05,4,3,clustered,0.5;-0.15,3,3,3,0,8,3,0,3,3,0,4,shortest
5,100,254,0.05,5,4,clustered,0.5;-0.15,14,16,5,9,6,-1,-6,-1,-1,-6,2,shortest
3,100,239,0.05,4,3,clustered,0.5;-0.15,-1,-1,5,-6,8,-1,-6,-1,-1,-6,4,shortest
1,100,243,0.05,4,3,clustered,0.5;-0.15,6,20,6,0,6,-1,-7,22,22,16,4,shortest
