rep,nrNodes,nrEdges,edgeProb,nrPaths,nrFails,failureModel,failurePercent,hopsRanked,hopsUnranked,spLength,stretch_mult,nodeAdditions,hopsPath,stretch_path,hopsRankedOne,hopsUnrankedOne,stretch_one,overallNodeAdditionsOne,treeChoice
1000,113,161,graphml/Deltacom.graphml,2,1,adversarial,0.95,8,8,8,0,0,8,0,8,8,0,0,edgeCount
999,113,161,graphml/Deltacom.graphml,2,1,adversarial,0.95,27,49,7,20,2,21,14,11,35,4,2,edgeCount
998,113,161,graphml/Deltacom.graphml,2,1,adversarial,0.95,5,5,5,0,0,5,0,5,5,0,0,edgeCount
997,113,161,graphml/Deltacom.graphml,2,1,adversarial,0.95,19,19,7,12,0,15,8,15,15,8,0,edgeCount
996,113,161,graphml/Deltacom.graphml,3,2,adversarial,0.95,8,8,4,4,0,8,4,8,8,4,0,edgeCount
995,113,161,graphml/Deltacom.graphml,2,1,adversarial,0.95,37,65,14,23,2,37,23,15,65,1,2,edgeCount
994,113,161,graphml/Deltacom.graphml,3,2,adversarial,0.95,41,41,9,32,0,41,32,41,41,32,0,edgeCount
993,113,161,graphml/Deltacom.graphml,2,1,adversarial,0.95,19,37,6,13,2,7,1,7,33,1,2,edgeCount
992,113,161,graphml/Deltacom.graphml,1,0,adversarial,0.95,18,18,10,8,4,-1,-11,18,18,8,4,edgeCount
991,113,161,graphml/Deltacom.graphml,1,0,adversarial,0.95,6,6,6,0,0,6,0,6,6,0,0,edgeCount
990,113,161,graphml/Deltacom.graphml,2,1,adversarial,0.95,9,9,9,0,0,9,0,9,9,0,0,edgeCount
989,113,161,graphml/Deltacom.graphml,2,1,adversarial,0.95,3,3,3,0,0,3,0,3,3,0,0,edgeCount
988,113,161,graphml/Deltacom.graphml,2,1,adversarial,0.95,22,10,10,12,0,22,12,22,10,12,0,edgeCount
987,113,161,graphml/Deltacom.graphml,4,3,adversarial,0.95,25,25,7,18,2,25,18,29,29,22,2,edgeCount
986,113,161,graphml/Deltacom.graphml,2,1,adversarial,0.95,9,9,9,0,2,9,0,31,25,22,2,edgeCount
985,113,161,graphml/Deltacom.graphml,2,1,adversarial,0.95,8,8,8,0,2,8,0,34,8,26,2,edgeCount
984,113,161,graphml/Deltacom.graphml,1,0,adversarial,0.95,15,15,15,0,2,15,0,15,15,0,2,edgeCount
983,113,161,graphml/Deltacom.graphml,2,1,adversarial,0.95,31,11,11,20,0,11,0,11,11,0,0,edgeCount
982,113,161,graphml/Deltacom.graphml,2,1,adversarial,0.95,3,3,3,0,0,3,0,3,3,0,0,edgeCount
981,113,161,graphml/Deltacom.graphml,3,2,adversarial,0.95,8,6,6,2,0,8,2,8,8,2,0,edgeCount
980,113,161,graphml/Deltacom.graphml,2,1,adversarial,0.95,32,26,9,23,4,-1,-10,26,10,17,4,edgeCount
979,113,161,graphml/Deltacom.graphml,1,0,adversarial,0.95,8,52,8,0,6,8,0,8,52,0,6,edgeCount
978,113,161,graphml/Deltacom.graphml,2,1,adversarial,0.95,13,13,13,0,4,-1,-14,71,27,58,2,edgeCount
977,113,161,graphml/Deltacom.graphml,2,1,adversarial,0.95,19,29,9,10,0,19,10,19,19,10,0,edgeCount
976,113,161,graphml/Deltacom.graphml,2,1,adversarial,0.95,23,23,9,14,0,23,14,23,23,14,0,edgeCount
975,113,161,graphml/Deltacom.graphml,2,1,adversarial,0.95,13,13,13,0,0,13,0,13,13,0,0,edgeCount
974,113,161,graphml/Deltacom.graphml,2,1,adversarial,0.95,6,6,6,0,4,6,0,28,18,22,4,edgeCount
973,113,161,graphml/Deltacom.graphml,1,0,adversarial,0.95,12,40,12,0,2,12,0,12,40,0,2,edgeCount
972,113,161,graphml/Deltacom.graphml,2,1,adversarial,0.95,17,17,17,0,0,17,0,17,17,0,0,edgeCount
971,113,161,graphml/Deltacom.graphml,2,1,adversarial,0.95,9,9,9,0,2,9,0,9,9,0,2,edgeCount
970,113,161,graphml/Deltacom.graphml,2,1,adversarial,0.95,5,5,5,0,0,5,0,5,5,0,0,edgeCount
969,113,161,graphml/Deltacom.graphml,2,1,adversarial,0.95,15,15,15,0,2,15,0,45,49,30,2,edgeCount
968,113,161,graphml/Deltacom.graphml,1,0,adversarial,0.95,7,7,7,0,0,7,0,7,7,0,0,edgeCount
967,113,161,graphml/Deltacom.graphml,1,0,adversarial,0.95,26,26,8,18,2,-1,-9,26,26,18,2,edgeCount
966,113,161,graphml/Deltacom.graphml,3,2,adversarial,0.95,36,36,8,28,4,36,28,26,72,18,4,edgeCount
965,113,161,graphml/Deltacom.graphml,2,1,adversarial,0.95,14,14,10,4,2,-1,-11,14,14,4,2,edgeCount
964,113,161,graphml/Deltacom.graphml,1,0,adversarial,0.95,4,4,4,0,0,4,0,4,4,0,0,edgeCount
963,113,161,graphml/Deltacom.graphml,2,1,adversarial,0.95,41,25,9,32,2,-1,-10,39,13,30,2,edgeCount
962,113,161,graphml/Deltacom.graphml,3,2,adversarial,0.95,25,25,7,18,2,25,18,15,57,8,2,edgeCount
961,113,161,graphml/Deltacom.graphml,1,0,adversarial,0.95,8,50,8,0,8,8,0,8,50,0,8,edgeCount
960,113,161,graphml/Deltacom.graphml,2,1,adversarial,0.95,20,20,7,13,2,20,13,8,26,1,2,edgeCount
959,113,161,graphml/Deltacom.graphml,1,0,adversarial,0.95,5,5,5,0,4,5,0,5,5,0,4,edgeCount
958,113,161,graphml/Deltacom.graphml,2,1,adversarial,0.95,5,5,5,0,0,5,0,5,5,0,0,edgeCount
957,113,161,graphml/Deltacom.graphml,2,1,adversarial,0.95,11,11,9,2,6,9,0,29,31,20,4,edgeCount
956,113,161,graphml/Deltacom.graphml,4,3,adversarial,0.95,73,69,10,63,6,-1,-11,42,10,32,6,edgeCount
955,113,161,graphml/Deltacom.graphml,2,1,adversarial,0.95,16,16,14,2,0,46,32,16,16,2,0,edgeCount
954,113,161,graphml/Deltacom.graphml,2,1,adversarial,0.95,11,11,10,1,0,11,1,11,11,1,0,edgeCount
953,113,161,graphml/Deltacom.graphml,2,1,adversarial,0.95,7,7,7,0,2,7,0,29,37,22,2,edgeCount
952,113,161,graphml/Deltacom.graphml,1,0,adversarial,0.95,8,8,8,0,4,-1,-9,8,8,0,4,edgeCount
951,113,161,graphml/Deltacom.graphml,1,0,adversarial,0.95,52,52,23,29,4,-1,-24,52,52,29,4,edgeCount
950,113,161,graphml/Deltacom.graphml,2,1,adversarial,0.95,17,17,16,1,0,17,1,17,17,1,0,edgeCount
949,113,161,graphml/Deltacom.graphml,3,2,adversarial,0.95,45,55,9,36,4,-1,-10,41,11,32,4,edgeCount
948,113,161,graphml/Deltacom.graphml,4,3,adversarial,0.95,17,17,5,12,0,17,12,17,17,12,0,edgeCount
947,113,161,graphml/Deltacom.graphml,2,1,adversarial,0.95,33,33,13,20,2,33,20,33,33,20,2,edgeCount
946,113,161,graphml/Deltacom.graphml,2,1,adversarial,0.95,6,6,6,0,0,6,0,6,6,0,0,edgeCount
945,113,161,graphml/Deltacom.graphml,2,1,adversarial,0.95,2,2,2,0,0,2,0,2,2,0,0,edgeCount
944,113,161,graphml/Deltacom.graphml,2,1,adversarial,0.95,11,11,11,0,2,11,0,11,11,0,2,edgeCount
943,113,161,graphml/Deltacom.graphml,2,1,adversarial,0.95,9,9,9,0,0,9,0,9,9,0,0,edgeCount
942,113,161,graphml/Deltacom.graphml,2,1,adversarial,0.95,6,6,5,1,0,6,1,6,6,1,0,edgeCount
941,113,161,graphml/Deltacom.graphml,2,1,adversarial,0.95,21,33,7,14,0,21,14,21,21,14,0,edgeCount
940,113,161,graphml/Deltacom.graphml,3,2,adversarial,0.95,7,6,6,1,0,7,1,7,6,1,0,edgeCount
939,113,161,graphml/Deltacom.graphml,2,1,adversarial,0.95,61,43,17,44,0,43,26,43,43,26,0,edgeCount
938,113,161,graphml/Deltacom.graphml,2,1,adversarial,0.95,39,39,10,29,0,27,17,27,27,17,0,edgeCount
937,113,161,graphml/Deltacom.graphml,2,1,adversarial,0.95,30,20,6,24,2,-1,-7,27,7,21,2,edgeCount
936,113,161,graphml/Deltacom.graphml,1,0,adversarial,0.95,9,7,7,2,4,-1,-8,9,7,2,4,edgeCount
935,113,161,graphml/Deltacom.graphml,2,1,adversarial,0.95,7,7,7,0,0,7,0,7,7,0,0,edgeCount
934,113,161,graphml/Deltacom.graphml,2,1,adversarial,0.95,11,11,4,7,0,11,7,11,11,7,0,edgeCount
933,113,161,graphml/Deltacom.graphml,2,1,adversarial,0.95,42,72,16,26,0,42,26,42,42,26,0,edgeCount
932,113,161,graphml/Deltacom.graphml,2,1,adversarial,0.95,79,57,16,63,4,-1,-17,60,20,44,4,edgeCount
931,113,161,graphml/Deltacom.graphml,3,2,adversarial,0.95,11,11,5,6,2,11,6,5,21,0,2,edgeCount
930,113,161,graphml/Deltacom.graphml,3,2,adversarial,0.95,4,4,4,0,0,4,0,4,4,0,0,edgeCount
929,113,161,graphml/Deltacom.graphml,2,1,adversarial,0.95,10,10,10,0,2,10,0,10,10,0,2,edgeCount
928,113,161,graphml/Deltacom.graphml,2,1,adversarial,0.95,33,33,14,19,2,-1,-15,33,33,19,2,edgeCount
927,113,161,graphml/Deltacom.graphml,2,1,adversarial,0.95,20,36,8,12,0,20,12,20,20,12,0,edgeCount
926,113,161,graphml/Deltacom.graphml,2,1,adversarial,0.95,58,58,22,36,0,56,34,56,56,34,0,edgeCount
925,113,161,graphml/Deltacom.graphml,2,1,adversarial,0.95,4,4,4,0,0,4,0,4,4,0,0,edgeCount
924,113,161,graphml/Deltacom.graphml,2,1,adversarial,0.95,4,11,4,0,4,10,6,12,4,8,4,edgeCount
923,113,161,graphml/Deltacom.graphml,3,2,adversarial,0.95,7,6,6,1,0,7,1,7,6,1,0,edgeCount
922,113,161,graphml/Deltacom.graphml,2,1,adversarial,0.95,26,26,10,16,4,-1,-11,24,24,14,4,edgeCount
921,113,161,graphml/Deltacom.graphml,2,1,adversarial,0.95,7,7,7,0,0,7,0,7,7,0,0,edgeCount
920,113,161,graphml/Deltacom.graphml,2,1,adversarial,0.95,73,53,17,56,2,-1,-18,78,40,61,2,edgeCount
919,113,161,graphml/Deltacom.graphml,2,1,adversarial,0.95,48,48,10,38,2,-1,-11,38,20,28,2,edgeCount
918,113,161,graphml/Deltacom.graphml,2,1,adversarial,0.95,26,26,7,19,0,26,19,26,26,19,0,edgeCount
917,113,161,graphml/Deltacom.graphml,1,0,adversarial,0.95,19,19,9,10,2,-1,-10,19,19,10,2,edgeCount
916,113,161,graphml/Deltacom.graphml,2,1,adversarial,0.95,20,56,6,14,4,20,14,10,54,4,4,edgeCount
915,113,161,graphml/Deltacom.graphml,2,1,adversarial,0.95,3,3,3,0,0,3,0,3,3,0,0,edgeCount
914,113,161,graphml/Deltacom.graphml,2,1,adversarial,0.95,41,65,14,27,12,-1,-15,44,30,30,12,edgeCount
913,113,161,graphml/Deltacom.graphml,3,2,adversarial,0.95,64,66,9,55,2,-1,-10,49,13,40,2,edgeCount
912,113,161,graphml/Deltacom.graphml,2,1,adversarial,0.95,14,14,14,0,2,14,0,44,14,30,2,edgeCount
910,113,161,graphml/Deltacom.graphml,2,1,adversarial,0.95,36,36,13,23,2,-1,-14,50,20,37,2,edgeCount
909,113,161,graphml/Deltacom.graphml,3,2,adversarial,0.95,27,31,8,19,2,47,39,47,47,39,2,edgeCount
908,113,161,graphml/Deltacom.graphml,2,1,adversarial,0.95,15,15,15,0,0,15,0,15,15,0,0,edgeCount
906,113,161,graphml/Deltacom.graphml,1,0,adversarial,0.95,47,47,10,37,8,-1,-11,47,47,37,8,edgeCount
905,113,161,graphml/Deltacom.graphml,3,2,adversarial,0.95,5,5,5,0,2,5,0,33,27,28,2,edgeCount
904,113,161,graphml/Deltacom.graphml,3,2,adversarial,0.95,36,20,6,30,2,36,30,42,26,36,2,edgeCount
903,113,161,graphml/Deltacom.graphml,3,2,adversarial,0.95,7,7,3,4,0,7,4,7,7,4,0,edgeCount
902,113,161,graphml/Deltacom.graphml,4,3,adversarial,0.95,6,6,6,0,0,6,0,6,6,0,0,edgeCount
901,113,161,graphml/Deltacom.graphml,2,1,adversarial,0.95,28,28,8,20,2,-1,-9,10,10,2,2,edgeCount
900,113,161,graphml/Deltacom.graphml,3,2,adversarial,0.95,78,78,12,66,2,-1,-13,60,16,48,2,edgeCount
899,113,161,graphml/Deltacom.graphml,1,0,adversarial,0.95,12,12,12,0,0,12,0,12,12,0,0,edgeCount
898,113,161,graphml/Deltacom.graphml,2,1,adversarial,0.95,16,16,6,10,0,16,10,16,16,10,0,edgeCount
897,113,161,graphml/Deltacom.graphml,2,1,adversarial,0.95,6,6,6,0,2,6,0,18,20,12,2,edgeCount
896,113,161,graphml/Deltacom.graphml,2,1,adversarial,0.95,5,5,5,0,2,5,0,5,5,0,2,edgeCount
895,113,161,graphml/Deltacom.graphml,2,1,adversarial,0.95,4,4,4,0,2,4,0,4,4,0,2,edgeCount
894,113,161,graphml/Deltacom.graphml,4,3,adversarial,0.95,7,7,5,2,0,74,69,7,7,2,0,edgeCount
893,113,161,graphml/Deltacom.graphml,2,1,adversarial,0.95,37,37,15,22,0,37,22,37,37,22,0,edgeCount
892,113,161,graphml/Deltacom.graphml,4,3,adversarial,0.95,42,42,7,35,0,24,17,42,42,35,0,edgeCount
891,113,161,graphml/Deltacom.graphml,2,1,adversarial,0.95,35,59,10,25,2,35,25,13,39,3,2,edgeCount
890,113,161,graphml/Deltacom.graphml,3,2,adversarial,0.95,21,9,9,12,0,21,12,21,9,12,0,edgeCount
889,113,161,graphml/Deltacom.graphml,2,1,adversarial,0.95,40,26,9,31,4,-1,-10,41,15,32,4,edgeCount
888,113,161,graphml/Deltacom.graphml,2,1,adversarial,0.95,17,17,16,1,0,17,1,17,17,1,0,edgeCount
887,113,161,graphml/Deltacom.graphml,3,2,adversarial,0.95,22,22,7,15,0,22,15,22,22,15,0,edgeCount
886,113,161,graphml/Deltacom.graphml,1,0,adversarial,0.95,11,11,11,0,2,-1,-12,11,11,0,2,edgeCount
885,113,161,graphml/Deltacom.graphml,2,1,adversarial,0.95,23,23,9,14,0,23,14,23,23,14,0,edgeCount
884,113,161,graphml/Deltacom.graphml,2,1,adversarial,0.95,8,8,4,4,2,8,4,4,18,0,2,edgeCount
883,113,161,graphml/Deltacom.graphml,2,1,adversarial,0.95,29,29,10,19,0,29,19,29,29,19,0,edgeCount
882,113,161,graphml/Deltacom.graphml,2,1,adversarial,0.95,13,13,5,8,0,13,8,13,13,8,0,edgeCount
881,113,161,graphml/Deltacom.graphml,3,2,adversarial,0.95,7,3,3,4,0,7,4,7,3,4,0,edgeCount
880,113,161,graphml/Deltacom.graphml,3,2,adversarial,0.95,21,21,8,13,0,21,13,21,21,13,0,edgeCount
879,113,161,graphml/Deltacom.graphml,2,1,adversarial,0.95,18,18,7,11,0,18,11,18,18,11,0,edgeCount
878,113,161,graphml/Deltacom.graphml,2,1,adversarial,0.95,11,11,5,6,0,11,6,11,11,6,0,edgeCount
877,113,161,graphml/Deltacom.graphml,1,0,adversarial,0.95,9,9,9,0,0,9,0,9,9,0,0,edgeCount
876,113,161,graphml/Deltacom.graphml,2,1,adversarial,0.95,8,8,4,4,0,8,4,8,8,4,0,edgeCount
875,113,161,graphml/Deltacom.graphml,2,1,adversarial,0.95,14,14,6,8,0,14,8,14,14,8,0,edgeCount
874,113,161,graphml/Deltacom.graphml,2,1,adversarial,0.95,5,3,3,2,0,5,2,5,3,2,0,edgeCount
873,113,161,graphml/Deltacom.graphml,3,2,adversarial,0.95,57,49,10,47,4,-1,-11,59,13,49,4,edgeCount
872,113,161,graphml/Deltacom.graphml,3,2,adversarial,0.95,55,67,10,45,0,51,41,51,51,41,0,edgeCount
871,113,161,graphml/Deltacom.graphml,1,0,adversarial,0.95,25,25,9,16,4,-1,-10,25,25,16,4,edgeCount
870,113,161,graphml/Deltacom.graphml,3,2,adversarial,0.95,78,78,12,66,4,-1,-13,57,17,45,4,edgeCount
869,113,161,graphml/Deltacom.graphml,1,0,adversarial,0.95,53,53,21,32,2,-1,-22,53,53,32,2,edgeCount
868,113,161,graphml/Deltacom.graphml,2,1,adversarial,0.95,18,18,16,2,0,18,2,18,18,2,0,edgeCount
867,113,161,graphml/Deltacom.graphml,2,1,adversarial,0.95,11,11,9,2,0,11,2,11,11,2,0,edgeCount
866,113,161,graphml/Deltacom.graphml,2,1,adversarial,0.95,7,7,7,0,0,7,0,7,7,0,0,edgeCount
865,113,161,graphml/Deltacom.graphml,2,1,adversarial,0.95,11,11,10,1,0,11,1,11,11,1,0,edgeCount
864,113,161,graphml/Deltacom.graphml,2,1,adversarial,0.95,40,40,9,31,4,-1,-10,25,11,16,4,edgeCount
863,113,161,graphml/Deltacom.graphml,2,1,adversarial,0.95,38,32,13,25,0,32,19,32,32,19,0,edgeCount
862,113,161,graphml/Deltacom.graphml,1,0,adversarial,0.95,17,17,11,6,6,-1,-12,17,17,6,6,edgeCount
861,113,161,graphml/Deltacom.graphml,2,1,adversarial,0.95,3,3,3,0,2,3,0,17,3,14,2,edgeCount
860,113,161,graphml/Deltacom.graphml,2,1,adversarial,0.95,79,63,15,64,6,-1,-16,44,16,29,6,edgeCount
859,113,161,graphml/Deltacom.graphml,3,2,adversarial,0.95,20,20,8,12,0,20,12,20,20,12,0,edgeCount
858,113,161,graphml/Deltacom.graphml,1,0,adversarial,0.95,5,5,5,0,0,5,0,5,5,0,0,edgeCount
857,113,161,graphml/Deltacom.graphml,2,1,adversarial,0.95,9,9,5,4,0,9,4,9,9,4,0,edgeCount
856,113,161,graphml/Deltacom.graphml,2,1,adversarial,0.95,13,13,7,6,0,13,6,13,13,6,0,edgeCount
855,113,161,graphml/Deltacom.graphml,2,1,adversarial,0.95,13,13,6,7,0,13,7,13,13,7,0,edgeCount
854,113,161,graphml/Deltacom.graphml,1,0,adversarial,0.95,6,6,6,0,0,6,0,6,6,0,0,edgeCount
853,113,161,graphml/Deltacom.graphml,1,0,adversarial,0.95,55,9,9,46,6,-1,-10,55,9,46,6,edgeCount
852,113,161,graphml/Deltacom.graphml,2,1,adversarial,0.95,15,15,13,2,0,15,2,15,15,2,0,edgeCount
851,113,161,graphml/Deltacom.graphml,2,1,adversarial,0.95,45,15,11,34,2,-1,-12,37,37,26,2,edgeCount
850,113,161,graphml/Deltacom.graphml,1,0,adversarial,0.95,30,28,12,18,4,-1,-13,30,28,18,4,edgeCount
849,113,161,graphml/Deltacom.graphml,2,1,adversarial,0.95,15,15,8,7,0,15,7,15,15,7,0,edgeCount
848,113,161,graphml/Deltacom.graphml,2,1,adversarial,0.95,72,72,11,61,6,-1,-12,65,15,54,6,edgeCount
847,113,161,graphml/Deltacom.graphml,2,1,adversarial,0.95,31,21,7,24,4,-1,-8,24,8,17,4,edgeCount
846,113,161,graphml/Deltacom.graphml,2,1,adversarial,0.95,12,12,10,2,4,38,28,14,44,4,2,edgeCount
845,113,161,graphml/Deltacom.graphml,2,1,adversarial,0.95,7,7,5,2,0,7,2,7,7,2,0,edgeCount
844,113,161,graphml/Deltacom.graphml,2,1,adversarial,0.95,7,51,4,3,12,-1,-5,12,42,8,12,edgeCount
843,113,161,graphml/Deltacom.graphml,2,1,adversarial,0.95,19,39,7,12,6,19,12,33,33,26,6,edgeCount
842,113,161,graphml/Deltacom.graphml,2,1,adversarial,0.95,30,36,9,21,4,-1,-10,31,15,22,4,edgeCount
841,113,161,graphml/Deltacom.graphml,2,1,adversarial,0.95,11,11,11,0,2,11,0,39,11,28,2,edgeCount
840,113,161,graphml/Deltacom.graphml,3,2,adversarial,0.95,59,59,11,48,0,59,48,59,59,48,0,edgeCount
839,113,161,graphml/Deltacom.graphml,2,1,adversarial,0.95,4,4,4,0,0,4,0,4,4,0,0,edgeCount
838,113,161,graphml/Deltacom.graphml,2,1,adversarial,0.95,37,37,9,28,0,13,4,37,37,28,0,edgeCount
837,113,161,graphml/Deltacom.graphml,2,1,adversarial,0.95,4,4,3,1,0,4,1,4,4,1,0,edgeCount
836,113,161,graphml/Deltacom.graphml,2,1,adversarial,0.95,9,9,9,0,0,9,0,9,9,0,0,edgeCount
835,113,161,graphml/Deltacom.graphml,1,0,adversarial,0.95,14,14,14,0,0,14,0,14,14,0,0,edgeCount
834,113,161,graphml/Deltacom.graphml,3,2,adversarial,0.95,40,56,6,34,2,40,34,26,58,20,2,edgeCount
833,113,161,graphml/Deltacom.graphml,2,1,adversarial,0.95,34,34,8,26,0,20,12,20,20,12,0,edgeCount
832,113,161,graphml/Deltacom.graphml,2,1,adversarial,0.95,38,38,13,25,2,38,25,38,38,25,2,edgeCount
831,113,161,graphml/Deltacom.graphml,2,1,adversarial,0.95,65,57,15,50,2,-1,-16,70,24,55,2,edgeCount
830,113,161,graphml/Deltacom.graphml,2,1,adversarial,0.95,8,8,4,4,0,8,4,8,8,4,0,edgeCount
829,113,161,graphml/Deltacom.graphml,2,1,adversarial,0.95,44,44,12,32,4,44,32,46,46,34,4,edgeCount
828,113,161,graphml/Deltacom.graphml,3,2,adversarial,0.95,9,9,9,0,0,9,0,9,9,0,0,edgeCount
827,113,161,graphml/Deltacom.graphml,3,2,adversarial,0.95,25,25,9,16,0,25,16,25,25,16,0,edgeCount
826,113,161,graphml/Deltacom.graphml,2,1,adversarial,0.95,17,17,7,10,2,17,10,17,17,10,2,edgeCount
825,113,161,graphml/Deltacom.graphml,3,2,adversarial,0.95,15,15,6,9,0,15,9,15,15,9,0,edgeCount
824,113,161,graphml/Deltacom.graphml,2,1,adversarial,0.95,49,67,14,35,6,-1,-15,15,67,1,6,edgeCount
823,113,161,graphml/Deltacom.graphml,4,3,adversarial,0.95,39,79,9,30,0,63,54,63,63,54,0,edgeCount
822,113,161,graphml/Deltacom.graphml,2,1,adversarial,0.95,6,6,6,0,2,16,10,16,36,10,2,edgeCount
821,113,161,graphml/Deltacom.graphml,3,2,adversarial,0.95,4,4,4,0,0,4,0,4,4,0,0,edgeCount
820,113,161,graphml/Deltacom.graphml,3,2,adversarial,0.95,4,4,4,0,0,4,0,4,4,0,0,edgeCount
819,113,161,graphml/Deltacom.graphml,2,1,adversarial,0.95,16,16,16,0,4,16,0,16,16,0,4,edgeCount
818,113,161,graphml/Deltacom.graphml,2,1,adversarial,0.95,43,43,13,30,0,29,16,29,29,16,0,edgeCount
817,113,161,graphml/Deltacom.graphml,2,1,adversarial,0.95,9,23,5,4,4,9,4,5,53,0,4,edgeCount
816,113,161,graphml/Deltacom.graphml,4,3,adversarial,0.95,21,21,8,13,0,21,13,21,21,13,0,edgeCount
815,113,161,graphml/Deltacom.graphml,2,1,adversarial,0.95,24,42,9,15,2,24,15,10,46,1,2,edgeCount
814,113,161,graphml/Deltacom.graphml,4,3,adversarial,0.95,6,6,6,0,0,6,0,6,6,0,0,edgeCount
813,113,161,graphml/Deltacom.graphml,2,1,adversarial,0.95,19,23,6,13,4,-1,-7,6,6,0,4,edgeCount
812,113,161,graphml/Deltacom.graphml,3,2,adversarial,0.95,29,29,6,23,2,27,21,19,57,13,2,edgeCount
811,113,161,graphml/Deltacom.graphml,2,1,adversarial,0.95,13,13,13,0,0,13,0,13,13,0,0,edgeCount
810,113,161,graphml/Deltacom.graphml,2,1,adversarial,0.95,73,59,13,60,10,-1,-14,77,25,64,10,edgeCount
809,113,161,graphml/Deltacom.graphml,1,0,adversarial,0.95,11,9,8,3,4,-1,-9,11,9,3,4,edgeCount
808,113,161,graphml/Deltacom.graphml,2,1,adversarial,0.95,31,25,8,23,4,-1,-9,27,9,19,4,edgeCount
807,113,161,graphml/Deltacom.graphml,2,1,adversarial,0.95,24,24,9,15,0,24,15,24,24,15,0,edgeCount
806,113,161,graphml/Deltacom.graphml,1,0,adversarial,0.95,3,3,3,0,0,3,0,3,3,0,0,edgeCount
805,113,161,graphml/Deltacom.graphml,2,1,adversarial,0.95,39,13,13,26,2,13,0,39,13,26,2,edgeCount
804,113,161,graphml/Deltacom.graphml,2,1,adversarial,0.95,13,13,13,0,0,13,0,13,13,0,0,edgeCount
803,113,161,graphml/Deltacom.graphml,2,1,adversarial,0.95,45,45,16,29,0,45,29,45,45,29,0,edgeCount
801,113,161,graphml/Deltacom.graphml,1,0,adversarial,0.95,13,11,9,4,6,-1,-10,13,11,4,6,edgeCount
800,113,161,graphml/Deltacom.graphml,2,1,adversarial,0.95,16,6,6,10,0,6,0,16,16,10,0,edgeCount
799,113,161,graphml/Deltacom.graphml,2,1,adversarial,0.95,47,47,19,28,0,43,24,43,43,24,0,edgeCount
798,113,161,graphml/Deltacom.graphml,2,1,adversarial,0.95,44,44,10,34,0,26,16,26,26,16,0,edgeCount
797,113,161,graphml/Deltacom.graphml,4,3,adversarial,0.95,9,9,7,2,0,9,2,9,9,2,0,edgeCount
796,113,161,graphml/Deltacom.graphml,2,1,adversarial,0.95,17,17,6,11,0,17,11,17,17,11,0,edgeCount
795,113,161,graphml/Deltacom.graphml,2,1,adversarial,0.95,7,7,5,2,0,7,2,7,7,2,0,edgeCount
794,113,161,graphml/Deltacom.graphml,2,1,adversarial,0.95,28,10,10,18,0,10,0,10,10,0,0,edgeCount
793,113,161,graphml/Deltacom.graphml,2,1,adversarial,0.95,16,16,15,1,0,16,1,16,16,1,0,edgeCount
792,113,161,graphml/Deltacom.graphml,2,1,adversarial,0.95,27,27,11,16,0,27,16,27,27,16,0,edgeCount
791,113,161,graphml/Deltacom.graphml,2,1,adversarial,0.95,50,50,17,33,0,50,33,50,50,33,0,edgeCount
790,113,161,graphml/Deltacom.graphml,3,2,adversarial,0.95,58,50,10,48,4,-1,-11,58,14,48,4,edgeCount
789,113,161,graphml/Deltacom.graphml,3,2,adversarial,0.95,38,38,9,29,2,38,29,26,56,17,2,edgeCount
787,113,161,graphml/Deltacom.graphml,3,2,adversarial,0.95,51,51,10,41,4,-1,-11,47,47,37,4,edgeCount
786,113,161,graphml/Deltacom.graphml,2,1,adversarial,0.95,39,39,15,24,0,35,20,35,35,20,0,edgeCount
785,113,161,graphml/Deltacom.graphml,4,3,adversarial,0.95,22,8,5,17,6,22,17,28,8,23,6,edgeCount
784,113,161,graphml/Deltacom.graphml,1,0,adversarial,0.95,6,6,6,0,2,6,0,6,6,0,2,edgeCount
782,113,161,graphml/Deltacom.graphml,1,0,adversarial,0.95,7,7,7,0,0,7,0,7,7,0,0,edgeCount
781,113,161,graphml/Deltacom.graphml,2,1,adversarial,0.95,8,45,8,0,6,22,14,22,48,14,6,edgeCount
780,113,161,graphml/Deltacom.graphml,2,1,adversarial,0.95,16,32,8,8,0,16,8,16,16,8,0,edgeCount
779,113,161,graphml/Deltacom.graphml,2,1,adversarial,0.95,6,6,3,3,4,-1,-4,7,3,4,4,edgeCount
778,113,161,graphml/Deltacom.graphml,2,1,adversarial,0.95,20,20,8,12,0,20,12,20,20,12,0,edgeCount
777,113,161,graphml/Deltacom.graphml,1,0,adversarial,0.95,9,9,9,0,0,9,0,9,9,0,0,edgeCount
776,113,161,graphml/Deltacom.graphml,1,0,adversarial,0.95,8,8,8,0,0,8,0,8,8,0,0,edgeCount
775,113,161,graphml/Deltacom.graphml,1,0,adversarial,0.95,2,2,2,0,0,2,0,2,2,0,0,edgeCount
774,113,161,graphml/Deltacom.graphml,2,1,adversarial,0.95,13,47,13,0,2,37,24,37,37,24,2,edgeCount
773,113,161,graphml/Deltacom.graphml,3,2,adversarial,0.95,35,35,11,24,0,33,22,33,33,22,0,edgeCount
772,113,161,graphml/Deltacom.graphml,2,1,adversarial,0.95,39,39,15,24,0,37,22,37,37,22,0,edgeCount
771,113,161,graphml/Deltacom.graphml,2,1,adversarial,0.95,26,24,9,17,4,-1,-10,26,24,17,4,edgeCount
770,113,161,graphml/Deltacom.graphml,3,2,adversarial,0.95,25,25,8,17,4,-1,-9,45,45,37,2,edgeCount
769,113,161,graphml/Deltacom.graphml,3,2,adversarial,0.95,19,19,7,12,0,7,0,19,19,12,0,edgeCount
768,113,161,graphml/Deltacom.graphml,3,2,adversarial,0.95,23,21,9,14,0,23,14,23,21,14,0,edgeCount
767,113,161,graphml/Deltacom.graphml,4,3,adversarial,0.95,12,24,6,6,0,12,6,12,26,6,0,edgeCount
766,113,161,graphml/Deltacom.graphml,3,2,adversarial,0.95,3,3,3,0,0,21,18,3,3,0,0,edgeCount
765,113,161,graphml/Deltacom.graphml,1,0,adversarial,0.95,20,20,20,0,2,20,0,20,20,0,2,edgeCount
764,113,161,graphml/Deltacom.graphml,2,1,adversarial,0.95,36,36,15,21,0,34,19,34,34,19,0,edgeCount
762,113,161,graphml/Deltacom.graphml,2,1,adversarial,0.95,8,8,4,4,0,8,4,8,8,4,0,edgeCount
761,113,161,graphml/Deltacom.graphml,2,1,adversarial,0.95,46,46,16,30,4,16,0,16,90,0,4,edgeCount
760,113,161,graphml/Deltacom.graphml,2,1,adversarial,0.95,11,11,8,3,0,11,3,11,11,3,0,edgeCount
759,113,161,graphml/Deltacom.graphml,2,1,adversarial,0.95,56,36,12,44,4,30,18,12,46,0,4,edgeCount
758,113,161,graphml/Deltacom.graphml,2,1,adversarial,0.95,14,14,6,8,2,14,8,8,28,2,2,edgeCount
757,113,161,graphml/Deltacom.graphml,2,1,adversarial,0.95,25,55,7,18,0,25,18,25,25,18,0,edgeCount
756,113,161,graphml/Deltacom.graphml,2,1,adversarial,0.95,12,12,11,1,0,12,1,12,12,1,0,edgeCount
755,113,161,graphml/Deltacom.graphml,2,1,adversarial,0.95,2,2,2,0,0,11,9,2,2,0,0,edgeCount
754,113,161,graphml/Deltacom.graphml,2,1,adversarial,0.95,43,43,15,28,6,15,0,15,15,0,6,edgeCount
753,113,161,graphml/Deltacom.graphml,2,1,adversarial,0.95,6,6,6,0,0,6,0,6,6,0,0,edgeCount
752,113,161,graphml/Deltacom.graphml,2,1,adversarial,0.95,22,42,8,14,0,22,14,22,22,14,0,edgeCount
751,113,161,graphml/Deltacom.graphml,2,1,adversarial,0.95,11,44,9,2,0,10,1,28,28,19,0,edgeCount
750,113,161,graphml/Deltacom.graphml,3,2,adversarial,0.95,20,20,6,14,0,38,32,20,20,14,0,edgeCount
748,113,161,graphml/Deltacom.graphml,3,2,adversarial,0.95,49,49,7,42,0,29,22,49,49,42,0,edgeCount
747,113,161,graphml/Deltacom.graphml,2,1,adversarial,0.95,11,25,5,6,6,-1,-6,21,5,16,6,edgeCount
746,113,161,graphml/Deltacom.graphml,1,0,adversarial,0.95,6,6,6,0,0,6,0,6,6,0,0,edgeCount
745,113,161,graphml/Deltacom.graphml,3,2,adversarial,0.95,28,14,7,21,0,26,19,26,14,19,0,edgeCount
744,113,161,graphml/Deltacom.graphml,2,1,adversarial,0.95,7,7,7,0,0,7,0,7,7,0,0,edgeCount
743,113,161,graphml/Deltacom.graphml,2,1,adversarial,0.95,16,16,6,10,0,6,0,16,16,10,0,edgeCount
742,113,161,graphml/Deltacom.graphml,4,3,adversarial,0.95,10,10,6,4,0,10,4,10,10,4,0,edgeCount
741,113,161,graphml/Deltacom.graphml,2,1,adversarial,0.95,5,5,5,0,0,5,0,5,5,0,0,edgeCount
740,113,161,graphml/Deltacom.graphml,2,1,adversarial,0.95,4,4,4,0,4,4,0,16,26,12,4,edgeCount
739,113,161,graphml/Deltacom.graphml,2,1,adversarial,0.95,38,38,14,24,2,38,24,38,38,24,2,edgeCount
738,113,161,graphml/Deltacom.graphml,2,1,adversarial,0.95,35,11,11,24,0,27,16,27,27,16,0,edgeCount
737,113,161,graphml/Deltacom.graphml,2,1,adversarial,0.95,11,7,5,6,2,-1,-6,16,12,11,2,edgeCount
736,113,161,graphml/Deltacom.graphml,2,1,adversarial,0.95,14,14,14,0,2,14,0,14,14,0,2,edgeCount
735,113,161,graphml/Deltacom.graphml,1,0,adversarial,0.95,32,32,14,18,2,-1,-15,32,32,18,2,edgeCount
734,113,161,graphml/Deltacom.graphml,2,1,adversarial,0.95,4,4,4,0,0,4,0,4,4,0,0,edgeCount
733,113,161,graphml/Deltacom.graphml,2,1,adversarial,0.95,29,29,13,16,0,27,14,27,27,14,0,edgeCount
732,113,161,graphml/Deltacom.graphml,1,0,adversarial,0.95,16,16,12,4,4,-1,-13,16,16,4,4,edgeCount
731,113,161,graphml/Deltacom.graphml,1,0,adversarial,0.95,19,19,19,0,0,19,0,19,19,0,0,edgeCount
730,113,161,graphml/Deltacom.graphml,2,1,adversarial,0.95,11,11,11,0,2,11,0,35,43,24,2,edgeCount
729,113,161,graphml/Deltacom.graphml,3,2,adversarial,0.95,28,20,5,23,4,-1,-6,27,9,22,4,edgeCount
728,113,161,graphml/Deltacom.graphml,2,1,adversarial,0.95,8,8,8,0,0,8,0,8,8,0,0,edgeCount
727,113,161,graphml/Deltacom.graphml,2,1,adversarial,0.95,10,10,10,0,0,10,0,10,10,0,0,edgeCount
726,113,161,graphml/Deltacom.graphml,1,0,adversarial,0.95,13,11,10,3,6,-1,-11,13,11,3,6,edgeCount
725,113,161,graphml/Deltacom.graphml,2,1,adversarial,0.95,5,5,5,0,0,5,0,5,5,0,0,edgeCount
724,113,161,graphml/Deltacom.graphml,2,1,adversarial,0.95,30,66,9,21,0,30,21,30,30,21,0,edgeCount
723,113,161,graphml/Deltacom.graphml,1,0,adversarial,0.95,6,6,6,0,0,6,0,6,6,0,0,edgeCount
722,113,161,graphml/Deltacom.graphml,2,1,adversarial,0.95,6,6,6,0,0,20,14,6,6,0,0,edgeCount
721,113,161,graphml/Deltacom.graphml,2,1,adversarial,0.95,10,19,9,1,0,28,19,10,10,1,0,edgeCount
720,113,161,graphml/Deltacom.graphml,3,2,adversarial,0.95,10,9,9,1,0,10,1,10,9,1,0,edgeCount
719,113,161,graphml/Deltacom.graphml,2,1,adversarial,0.95,18,38,8,10,0,18,10,18,18,10,0,edgeCount
718,113,161,graphml/Deltacom.graphml,2,1,adversarial,0.95,13,45,11,2,2,35,24,13,45,2,2,edgeCount
717,113,161,graphml/Deltacom.graphml,2,1,adversarial,0.95,8,8,8,0,0,8,0,8,8,0,0,edgeCount
716,113,161,graphml/Deltacom.graphml,2,1,adversarial,0.95,5,8,5,0,0,13,8,13,13,8,0,edgeCount
715,113,161,graphml/Deltacom.graphml,2,1,adversarial,0.95,25,9,9,16,2,-1,-10,25,9,16,2,edgeCount
714,113,161,graphml/Deltacom.graphml,2,1,adversarial,0.95,6,6,5,1,0,6,1,6,6,1,0,edgeCount
713,113,161,graphml/Deltacom.graphml,3,2,adversarial,0.95,20,27,7,13,0,20,13,20,20,13,0,edgeCount
712,113,161,graphml/Deltacom.graphml,4,3,adversarial,0.95,28,28,7,21,0,28,21,28,28,21,0,edgeCount
711,113,161,graphml/Deltacom.graphml,2,1,adversarial,0.95,35,53,16,19,2,-1,-17,35,35,19,2,edgeCount
710,113,161,graphml/Deltacom.graphml,1,0,adversarial,0.95,16,16,7,9,4,-1,-8,16,16,9,4,edgeCount
709,113,161,graphml/Deltacom.graphml,2,1,adversarial,0.95,37,37,14,23,0,37,23,37,37,23,0,edgeCount
708,113,161,graphml/Deltacom.graphml,2,1,adversarial,0.95,26,26,10,16,0,26,16,26,26,16,0,edgeCount
707,113,161,graphml/Deltacom.graphml,2,1,adversarial,0.95,31,39,11,20,0,11,0,31,31,20,0,edgeCount
706,113,161,graphml/Deltacom.graphml,2,1,adversarial,0.95,26,16,8,18,0,16,8,16,16,8,0,edgeCount
705,113,161,graphml/Deltacom.graphml,2,1,adversarial,0.95,11,27,5,6,6,11,6,5,23,0,6,edgeCount
704,113,161,graphml/Deltacom.graphml,2,1,adversarial,0.95,17,17,4,13,2,17,13,7,23,3,2,edgeCount
703,113,161,graphml/Deltacom.graphml,2,1,adversarial,0.95,6,6,5,1,0,6,1,6,6,1,0,edgeCount
702,113,161,graphml/Deltacom.graphml,1,0,adversarial,0.95,10,10,10,0,0,10,0,10,10,0,0,edgeCount
701,113,161,graphml/Deltacom.graphml,2,1,adversarial,0.95,48,24,14,34,0,38,24,38,38,24,0,edgeCount
700,113,161,graphml/Deltacom.graphml,2,1,adversarial,0.95,13,13,7,6,0,13,6,13,13,6,0,edgeCount
699,113,161,graphml/Deltacom.graphml,2,1,adversarial,0.95,14,14,6,8,0,14,8,14,14,8,0,edgeCount
698,113,161,graphml/Deltacom.graphml,2,1,adversarial,0.95,50,50,17,33,4,-1,-18,59,29,42,4,edgeCount
697,113,161,graphml/Deltacom.graphml,2,1,adversarial,0.95,5,5,5,0,0,5,0,5,5,0,0,edgeCount
696,113,161,graphml/Deltacom.graphml,3,2,adversarial,0.95,4,4,4,0,0,4,0,4,4,0,0,edgeCount
695,113,161,graphml/Deltacom.graphml,2,1,adversarial,0.95,4,14,4,0,0,4,0,4,4,0,0,edgeCount
694,113,161,graphml/Deltacom.graphml,2,1,adversarial,0.95,7,7,6,1,4,7,1,21,31,15,4,edgeCount
693,113,161,graphml/Deltacom.graphml,2,1,adversarial,0.95,8,8,4,4,0,8,4,8,8,4,0,edgeCount
692,113,161,graphml/Deltacom.graphml,2,1,adversarial,0.95,11,15,10,1,0,31,21,31,31,21,0,edgeCount
691,113,161,graphml/Deltacom.graphml,2,1,adversarial,0.95,38,70,11,27,4,-1,-12,18,70,7,4,edgeCount
690,113,161,graphml/Deltacom.graphml,2,1,adversarial,0.95,20,20,7,13,0,14,7,14,14,7,0,edgeCount
689,113,161,graphml/Deltacom.graphml,3,2,adversarial,0.95,24,54,6,18,0,22,16,22,22,16,0,edgeCount
688,113,161,graphml/Deltacom.graphml,2,1,adversarial,0.95,14,14,6,8,2,-1,-7,14,14,8,2,edgeCount
687,113,161,graphml/Deltacom.graphml,3,2,adversarial,0.95,6,16,3,3,0,14,11,14,14,11,0,edgeCount
685,113,161,graphml/Deltacom.graphml,2,1,adversarial,0.95,16,52,13,3,2,42,29,16,52,3,2,edgeCount
684,113,161,graphml/Deltacom.graphml,2,1,adversarial,0.95,19,53,8,11,2,19,11,23,23,15,2,edgeCount
683,113,161,graphml/Deltacom.graphml,2,1,adversarial,0.95,9,9,9,0,2,9,0,9,9,0,2,edgeCount
682,113,161,graphml/Deltacom.graphml,2,1,adversarial,0.95,33,49,8,25,4,-1,-9,40,12,32,4,edgeCount
681,113,161,graphml/Deltacom.graphml,1,0,adversarial,0.95,11,11,11,0,0,11,0,11,11,0,0,edgeCount
680,113,161,graphml/Deltacom.graphml,2,1,adversarial,0.95,8,8,6,2,0,8,2,8,8,2,0,edgeCount
679,113,161,graphml/Deltacom.graphml,3,2,adversarial,0.95,46,42,8,38,2,-1,-9,50,12,42,2,edgeCount
678,113,161,graphml/Deltacom.graphml,1,0,adversarial,0.95,5,5,5,0,0,5,0,5,5,0,0,edgeCount
677,113,161,graphml/Deltacom.graphml,3,2,adversarial,0.95,45,71,9,36,4,41,32,23,55,14,2,edgeCount
676,113,161,graphml/Deltacom.graphml,3,2,adversarial,0.95,38,38,13,25,0,34,21,34,34,21,0,edgeCount
675,113,161,graphml/Deltacom.graphml,3,2,adversarial,0.95,54,54,9,45,2,-1,-10,34,18,25,2,edgeCount
672,113,161,graphml/Deltacom.graphml,4,3,adversarial,0.95,93,57,10,83,0,93,83,93,57,83,0,edgeCount
671,113,161,graphml/Deltacom.graphml,2,1,adversarial,0.95,41,41,11,30,0,25,14,25,25,14,0,edgeCount
670,113,161,graphml/Deltacom.graphml,1,0,adversarial,0.95,10,10,10,0,0,10,0,10,10,0,0,edgeCount
669,113,161,graphml/Deltacom.graphml,2,1,adversarial,0.95,4,4,4,0,4,4,0,16,46,12,4,edgeCount
668,113,161,graphml/Deltacom.graphml,2,1,adversarial,0.95,18,18,18,0,0,18,0,18,18,0,0,edgeCount
667,113,161,graphml/Deltacom.graphml,2,1,adversarial,0.95,21,21,8,13,0,21,13,21,21,13,0,edgeCount
666,113,161,graphml/Deltacom.graphml,1,0,adversarial,0.95,7,7,7,0,0,7,0,7,7,0,0,edgeCount
665,113,161,graphml/Deltacom.graphml,2,1,adversarial,0.95,27,27,7,20,2,-1,-8,32,10,25,2,edgeCount
664,113,161,graphml/Deltacom.graphml,3,2,adversarial,0.95,35,35,8,27,2,35,27,27,67,19,2,edgeCount
663,113,161,graphml/Deltacom.graphml,4,3,adversarial,0.95,43,77,4,39,0,43,39,43,43,39,0,edgeCount
662,113,161,graphml/Deltacom.graphml,1,0,adversarial,0.95,6,6,6,0,0,6,0,6,6,0,0,edgeCount
661,113,161,graphml/Deltacom.graphml,3,2,adversarial,0.95,41,33,10,31,0,33,23,33,33,23,0,edgeCount
660,113,161,graphml/Deltacom.graphml,2,1,adversarial,0.95,32,32,13,19,0,32,19,32,32,19,0,edgeCount
659,113,161,graphml/Deltacom.graphml,1,0,adversarial,0.95,13,13,13,0,0,13,0,13,13,0,0,edgeCount
658,113,161,graphml/Deltacom.graphml,2,1,adversarial,0.95,49,49,18,31,0,49,31,49,49,31,0,edgeCount
657,113,161,graphml/Deltacom.graphml,3,2,adversarial,0.95,20,20,6,14,0,33,27,33,33,27,0,edgeCount
656,113,161,graphml/Deltacom.graphml,2,1,adversarial,0.95,26,26,12,14,0,26,14,26,26,14,0,edgeCount
655,113,161,graphml/Deltacom.graphml,3,2,adversarial,0.95,22,8,8,14,4,22,14,22,8,14,4,edgeCount
654,113,161,graphml/Deltacom.graphml,2,1,adversarial,0.95,14,48,13,1,2,38,25,14,48,1,2,edgeCount
653,113,161,graphml/Deltacom.graphml,1,0,adversarial,0.95,5,5,5,0,0,5,0,5,5,0,0,edgeCount
652,113,161,graphml/Deltacom.graphml,2,1,adversarial,0.95,29,29,9,20,2,-1,-10,29,29,20,2,edgeCount
651,113,161,graphml/Deltacom.graphml,3,2,adversarial,0.95,84,84,14,70,0,58,44,58,58,44,0,edgeCount
650,113,161,graphml/Deltacom.graphml,4,3,adversarial,0.95,48,48,10,38,0,46,36,46,46,36,0,edgeCount
649,113,161,graphml/Deltacom.graphml,2,1,adversarial,0.95,4,4,4,0,0,4,0,4,4,0,0,edgeCount
648,113,161,graphml/Deltacom.graphml,1,0,adversarial,0.95,6,6,6,0,6,6,0,6,6,0,6,edgeCount
646,113,161,graphml/Deltacom.graphml,2,1,adversarial,0.95,22,22,7,15,0,22,15,22,22,15,0,edgeCount
645,113,161,graphml/Deltacom.graphml,2,1,adversarial,0.95,14,14,14,0,2,14,0,14,14,0,2,edgeCount
644,113,161,graphml/Deltacom.graphml,1,0,adversarial,0.95,34,34,12,22,8,-1,-13,34,34,22,8,edgeCount
643,113,161,graphml/Deltacom.graphml,3,2,adversarial,0.95,14,14,6,8,0,14,8,14,14,8,0,edgeCount
642,113,161,graphml/Deltacom.graphml,1,0,adversarial,0.95,22,34,9,13,8,-1,-10,22,34,13,8,edgeCount
641,113,161,graphml/Deltacom.graphml,2,1,adversarial,0.95,12,11,10,2,0,12,2,12,12,2,0,edgeCount
640,113,161,graphml/Deltacom.graphml,2,1,adversarial,0.95,27,27,11,16,2,23,12,23,23,12,2,edgeCount
639,113,161,graphml/Deltacom.graphml,2,1,adversarial,0.95,9,9,7,2,0,23,16,23,23,16,0,edgeCount
638,113,161,graphml/Deltacom.graphml,2,1,adversarial,0.95,21,21,9,12,0,21,12,21,21,12,0,edgeCount
637,113,161,graphml/Deltacom.graphml,3,2,adversarial,0.95,9,13,5,4,0,9,4,9,19,4,0,edgeCount
636,113,161,graphml/Deltacom.graphml,2,1,adversarial,0.95,5,5,5,0,0,5,0,5,5,0,0,edgeCount
635,113,161,graphml/Deltacom.graphml,1,0,adversarial,0.95,28,28,15,13,2,-1,-16,28,28,13,2,edgeCount
634,113,161,graphml/Deltacom.graphml,3,2,adversarial,0.95,15,24,7,8,0,27,20,27,27,20,0,edgeCount
633,113,161,graphml/Deltacom.graphml,2,1,adversarial,0.95,49,29,11,38,0,29,18,29,29,18,0,edgeCount
632,113,161,graphml/Deltacom.graphml,1,0,adversarial,0.95,9,9,9,0,2,9,0,9,9,0,2,edgeCount
631,113,161,graphml/Deltacom.graphml,2,1,adversarial,0.95,10,10,9,1,0,28,19,10,10,1,0,edgeCount
630,113,161,graphml/Deltacom.graphml,2,1,adversarial,0.95,9,9,8,1,0,9,1,9,9,1,0,edgeCount
629,113,161,graphml/Deltacom.graphml,2,1,adversarial,0.95,4,4,4,0,2,4,0,22,20,18,2,edgeCount
628,113,161,graphml/Deltacom.graphml,2,1,adversarial,0.95,36,36,17,19,2,-1,-18,36,36,19,2,edgeCount
626,113,161,graphml/Deltacom.graphml,3,2,adversarial,0.95,5,5,5,0,2,5,0,5,5,0,2,edgeCount
625,113,161,graphml/Deltacom.graphml,3,2,adversarial,0.95,11,11,5,6,0,11,6,11,11,6,0,edgeCount
624,113,161,graphml/Deltacom.graphml,3,2,adversarial,0.95,4,4,4,0,2,4,0,4,4,0,2,edgeCount
623,113,161,graphml/Deltacom.graphml,1,0,adversarial,0.95,8,8,8,0,6,8,0,8,8,0,6,edgeCount
622,113,161,graphml/Deltacom.graphml,2,1,adversarial,0.95,15,15,15,0,0,15,0,15,15,0,0,edgeCount
621,113,161,graphml/Deltacom.graphml,3,2,adversarial,0.95,50,50,9,41,0,44,35,44,44,35,0,edgeCount
620,113,161,graphml/Deltacom.graphml,3,2,adversarial,0.95,10,10,10,0,2,10,0,10,10,0,2,edgeCount
619,113,161,graphml/Deltacom.graphml,3,2,adversarial,0.95,6,6,6,0,0,6,0,6,6,0,0,edgeCount
618,113,161,graphml/Deltacom.graphml,4,3,adversarial,0.95,26,26,7,19,0,78,71,26,26,19,0,edgeCount
617,113,161,graphml/Deltacom.graphml,1,0,adversarial,0.95,6,6,4,2,4,-1,-5,6,6,2,4,edgeCount
616,113,161,graphml/Deltacom.graphml,2,1,adversarial,0.95,46,36,9,37,4,-1,-10,39,11,30,4,edgeCount
615,113,161,graphml/Deltacom.graphml,1,0,adversarial,0.95,15,15,15,0,4,15,0,15,15,0,4,edgeCount
614,113,161,graphml/Deltacom.graphml,1,0,adversarial,0.95,13,13,13,0,0,13,0,13,13,0,0,edgeCount
613,113,161,graphml/Deltacom.graphml,2,1,adversarial,0.95,11,11,11,0,0,11,0,11,11,0,0,edgeCount
612,113,161,graphml/Deltacom.graphml,2,1,adversarial,0.95,7,7,5,2,0,5,0,5,5,0,0,edgeCount
611,113,161,graphml/Deltacom.graphml,2,1,adversarial,0.95,35,35,13,22,2,35,22,35,35,22,2,edgeCount
610,113,161,graphml/Deltacom.graphml,3,2,adversarial,0.95,57,49,13,44,0,49,36,49,49,36,0,edgeCount
609,113,161,graphml/Deltacom.graphml,1,0,adversarial,0.95,13,7,7,6,4,-1,-8,13,7,6,4,edgeCount
608,113,161,graphml/Deltacom.graphml,2,1,adversarial,0.95,8,8,8,0,0,8,0,8,8,0,0,edgeCount
607,113,161,graphml/Deltacom.graphml,2,1,adversarial,0.95,25,13,11,14,2,-1,-12,25,13,14,2,edgeCount
606,113,161,graphml/Deltacom.graphml,2,1,adversarial,0.95,22,22,9,13,2,22,13,22,22,13,2,edgeCount
605,113,161,graphml/Deltacom.graphml,2,1,adversarial,0.95,4,4,4,0,0,4,0,4,4,0,0,edgeCount
604,113,161,graphml/Deltacom.graphml,2,1,adversarial,0.95,15,5,5,10,0,13,8,13,13,8,0,edgeCount
603,113,161,graphml/Deltacom.graphml,2,1,adversarial,0.95,43,43,15,28,0,43,28,43,43,28,0,edgeCount
602,113,161,graphml/Deltacom.graphml,3,2,adversarial,0.95,8,8,8,0,4,8,0,8,8,0,4,edgeCount
601,113,161,graphml/Deltacom.graphml,2,1,adversarial,0.95,23,23,7,16,0,23,16,23,23,16,0,edgeCount
600,113,161,graphml/Deltacom.graphml,2,1,adversarial,0.95,6,6,6,0,0,6,0,6,6,0,0,edgeCount
599,113,161,graphml/Deltacom.graphml,2,1,adversarial,0.95,35,35,11,24,0,35,24,35,35,24,0,edgeCount
598,113,161,graphml/Deltacom.graphml,1,0,adversarial,0.95,14,14,14,0,8,14,0,14,14,0,8,edgeCount
597,113,161,graphml/Deltacom.graphml,2,1,adversarial,0.95,22,22,12,10,2,-1,-13,22,22,10,2,edgeCount
596,113,161,graphml/Deltacom.graphml,2,1,adversarial,0.95,25,7,7,18,6,7,0,25,7,18,6,edgeCount
595,113,161,graphml/Deltacom.graphml,2,1,adversarial,0.95,9,17,5,4,4,9,4,11,11,6,4,edgeCount
594,113,161,graphml/Deltacom.graphml,2,1,adversarial,0.95,8,8,8,0,2,22,14,22,8,14,2,edgeCount
593,113,161,graphml/Deltacom.graphml,2,1,adversarial,0.95,21,15,4,17,2,-1,-5,6,6,2,2,edgeCount
592,113,161,graphml/Deltacom.graphml,2,1,adversarial,0.95,14,14,14,0,4,14,0,20,14,6,4,edgeCount
591,113,161,graphml/Deltacom.graphml,2,1,adversarial,0.95,42,30,6,36,2,-1,-7,10,10,4,2,edgeCount
590,113,161,graphml/Deltacom.graphml,2,1,adversarial,0.95,12,12,12,0,2,12,0,44,18,32,2,edgeCount
589,113,161,graphml/Deltacom.graphml,2,1,adversarial,0.95,15,15,15,0,6,-1,-16,79,29,64,4,edgeCount
588,113,161,graphml/Deltacom.graphml,3,2,adversarial,0.95,23,23,9,14,0,23,14,23,23,14,0,edgeCount
587,113,161,graphml/Deltacom.graphml,3,2,adversarial,0.95,44,58,7,37,4,42,35,44,44,37,2,edgeCount
586,113,161,graphml/Deltacom.graphml,2,1,adversarial,0.95,10,10,10,0,0,27,17,27,27,17,0,edgeCount
585,113,161,graphml/Deltacom.graphml,2,1,adversarial,0.95,30,30,10,20,0,30,20,30,30,20,0,edgeCount
584,113,161,graphml/Deltacom.graphml,1,0,adversarial,0.95,21,21,13,8,2,-1,-14,21,21,8,2,edgeCount
583,113,161,graphml/Deltacom.graphml,2,1,adversarial,0.95,12,12,12,0,0,12,0,12,12,0,0,edgeCount
582,113,161,graphml/Deltacom.graphml,1,0,adversarial,0.95,10,10,10,0,0,10,0,10,10,0,0,edgeCount
581,113,161,graphml/Deltacom.graphml,1,0,adversarial,0.95,14,14,10,4,4,-1,-11,14,14,4,4,edgeCount
579,113,161,graphml/Deltacom.graphml,2,1,adversarial,0.95,6,6,6,0,4,6,0,8,6,2,2,edgeCount
578,113,161,graphml/Deltacom.graphml,3,2,adversarial,0.95,4,4,4,0,0,4,0,4,4,0,0,edgeCount
577,113,161,graphml/Deltacom.graphml,2,1,adversarial,0.95,2,2,2,0,4,2,0,6,6,4,4,edgeCount
576,113,161,graphml/Deltacom.graphml,2,1,adversarial,0.95,66,66,15,51,2,-1,-16,68,24,53,2,edgeCount
575,113,161,graphml/Deltacom.graphml,2,1,adversarial,0.95,51,51,8,43,4,-1,-9,50,16,42,4,edgeCount
574,113,161,graphml/Deltacom.graphml,2,1,adversarial,0.95,44,44,14,30,0,44,30,44,44,30,0,edgeCount
573,113,161,graphml/Deltacom.graphml,2,1,adversarial,0.95,17,17,16,1,2,17,1,17,17,1,2,edgeCount
572,113,161,graphml/Deltacom.graphml,2,1,adversarial,0.95,9,9,4,5,0,9,5,9,9,5,0,edgeCount
571,113,161,graphml/Deltacom.graphml,2,1,adversarial,0.95,5,5,5,0,0,5,0,5,5,0,0,edgeCount
570,113,161,graphml/Deltacom.graphml,4,3,adversarial,0.95,28,20,8,20,0,24,16,24,24,16,0,edgeCount
569,113,161,graphml/Deltacom.graphml,2,1,adversarial,0.95,26,26,11,15,2,26,15,12,54,1,2,edgeCount
568,113,161,graphml/Deltacom.graphml,2,1,adversarial,0.95,22,22,8,14,4,22,14,12,36,4,4,edgeCount
567,113,161,graphml/Deltacom.graphml,3,2,adversarial,0.95,10,10,4,6,0,4,0,10,10,6,0,edgeCount
566,113,161,graphml/Deltacom.graphml,2,1,adversarial,0.95,38,38,14,24,0,38,24,38,38,24,0,edgeCount
565,113,161,graphml/Deltacom.graphml,2,1,adversarial,0.95,64,52,16,48,10,-1,-17,65,43,49,10,edgeCount
564,113,161,graphml/Deltacom.graphml,2,1,adversarial,0.95,43,43,17,26,2,43,26,43,43,26,2,edgeCount
563,113,161,graphml/Deltacom.graphml,2,1,adversarial,0.95,6,6,6,0,4,6,0,20,14,14,4,edgeCount
562,113,161,graphml/Deltacom.graphml,2,1,adversarial,0.95,10,10,10,0,0,10,0,10,10,0,0,edgeCount
561,113,161,graphml/Deltacom.graphml,2,1,adversarial,0.95,12,37,9,3,2,9,0,9,57,0,2,edgeCount
559,113,161,graphml/Deltacom.graphml,2,1,adversarial,0.95,49,31,10,39,2,-1,-11,45,45,35,2,edgeCount
558,113,161,graphml/Deltacom.graphml,2,1,adversarial,0.95,30,30,9,21,0,24,15,24,24,15,0,edgeCount
557,113,161,graphml/Deltacom.graphml,1,0,adversarial,0.95,15,15,15,0,0,15,0,15,15,0,0,edgeCount
556,113,161,graphml/Deltacom.graphml,2,1,adversarial,0.95,4,20,4,0,2,10,6,4,20,0,2,edgeCount
555,113,161,graphml/Deltacom.graphml,2,1,adversarial,0.95,42,20,11,31,6,-1,-12,47,17,36,6,edgeCount
554,113,161,graphml/Deltacom.graphml,2,1,adversarial,0.95,51,51,19,32,0,49,30,49,49,30,0,edgeCount
553,113,161,graphml/Deltacom.graphml,2,1,adversarial,0.95,14,14,4,10,2,14,10,6,28,2,2,edgeCount
552,113,161,graphml/Deltacom.graphml,2,1,adversarial,0.95,41,41,13,28,2,41,28,17,51,4,2,edgeCount
551,113,161,graphml/Deltacom.graphml,2,1,adversarial,0.95,5,5,5,0,0,5,0,5,5,0,0,edgeCount
550,113,161,graphml/Deltacom.graphml,2,1,adversarial,0.95,31,31,13,18,0,31,18,31,31,18,0,edgeCount
549,113,161,graphml/Deltacom.graphml,1,0,adversarial,0.95,5,5,5,0,0,5,0,5,5,0,0,edgeCount
548,113,161,graphml/Deltacom.graphml,2,1,adversarial,0.95,45,33,9,36,4,-1,-10,48,20,39,4,edgeCount
547,113,161,graphml/Deltacom.graphml,2,1,adversarial,0.95,21,21,8,13,0,21,13,21,21,13,0,edgeCount
546,113,161,graphml/Deltacom.graphml,2,1,adversarial,0.95,17,47,7,10,2,17,10,9,27,2,2,edgeCount
545,113,161,graphml/Deltacom.graphml,3,2,adversarial,0.95,22,12,6,16,0,12,6,12,12,6,0,edgeCount
544,113,161,graphml/Deltacom.graphml,1,0,adversarial,0.95,14,14,14,0,2,14,0,14,14,0,2,edgeCount
543,113,161,graphml/Deltacom.graphml,1,0,adversarial,0.95,4,4,4,0,0,4,0,4,4,0,0,edgeCount
542,113,161,graphml/Deltacom.graphml,2,1,adversarial,0.95,46,72,16,30,0,46,30,46,46,30,0,edgeCount
541,113,161,graphml/Deltacom.graphml,2,1,adversarial,0.95,18,36,7,11,0,18,11,18,18,11,0,edgeCount
540,113,161,graphml/Deltacom.graphml,3,2,adversarial,0.95,4,4,4,0,0,4,0,4,4,0,0,edgeCount
539,113,161,graphml/Deltacom.graphml,2,1,adversarial,0.95,11,11,11,0,2,11,0,35,11,24,2,edgeCount
538,113,161,graphml/Deltacom.graphml,3,2,adversarial,0.95,6,8,6,0,0,6,0,16,16,10,0,edgeCount
537,113,161,graphml/Deltacom.graphml,1,0,adversarial,0.95,4,4,4,0,4,-1,-5,4,4,0,4,edgeCount
536,113,161,graphml/Deltacom.graphml,2,1,adversarial,0.95,12,8,7,5,0,8,1,8,8,1,0,edgeCount
535,113,161,graphml/Deltacom.graphml,3,2,adversarial,0.95,49,69,8,41,2,41,33,19,63,11,2,edgeCount
534,113,161,graphml/Deltacom.graphml,2,1,adversarial,0.95,5,5,5,0,2,5,0,15,5,10,2,edgeCount
533,113,161,graphml/Deltacom.graphml,1,0,adversarial,0.95,2,2,2,0,0,2,0,2,2,0,0,edgeCount
532,113,161,graphml/Deltacom.graphml,2,1,adversarial,0.95,11,26,10,1,2,10,0,10,10,0,2,edgeCount
531,113,161,graphml/Deltacom.graphml,2,1,adversarial,0.95,52,52,20,32,0,50,30,50,50,30,0,edgeCount
530,113,161,graphml/Deltacom.graphml,2,1,adversarial,0.95,4,4,4,0,0,4,0,4,4,0,0,edgeCount
529,113,161,graphml/Deltacom.graphml,2,1,adversarial,0.95,18,18,4,14,0,18,14,18,18,14,0,edgeCount
528,113,161,graphml/Deltacom.graphml,1,0,adversarial,0.95,8,8,8,0,4,8,0,8,8,0,4,edgeCount
527,113,161,graphml/Deltacom.graphml,3,2,adversarial,0.95,3,3,3,0,0,21,18,3,3,0,0,edgeCount
526,113,161,graphml/Deltacom.graphml,2,1,adversarial,0.95,21,21,9,12,0,21,12,21,21,12,0,edgeCount
525,113,161,graphml/Deltacom.graphml,2,1,adversarial,0.95,11,11,11,0,0,11,0,11,11,0,0,edgeCount
524,113,161,graphml/Deltacom.graphml,4,3,adversarial,0.95,9,9,7,2,0,9,2,9,9,2,0,edgeCount
523,113,161,graphml/Deltacom.graphml,2,1,adversarial,0.95,37,13,13,24,2,33,20,13,57,0,2,edgeCount
522,113,161,graphml/Deltacom.graphml,1,0,adversarial,0.95,8,8,8,0,0,8,0,8,8,0,0,edgeCount
521,113,161,graphml/Deltacom.graphml,2,1,adversarial,0.95,12,18,12,0,0,34,22,34,34,22,0,edgeCount
520,113,161,graphml/Deltacom.graphml,2,1,adversarial,0.95,32,32,14,18,0,28,14,28,28,14,0,edgeCount
519,113,161,graphml/Deltacom.graphml,2,1,adversarial,0.95,37,63,14,23,4,37,23,15,49,1,4,edgeCount
518,113,161,graphml/Deltacom.graphml,2,1,adversarial,0.95,23,39,7,16,0,23,16,23,23,16,0,edgeCount
516,113,161,graphml/Deltacom.graphml,2,1,adversarial,0.95,13,13,6,7,0,13,7,13,13,7,0,edgeCount
515,113,161,graphml/Deltacom.graphml,1,0,adversarial,0.95,23,23,10,13,6,-1,-11,23,23,13,6,edgeCount
513,113,161,graphml/Deltacom.graphml,3,2,adversarial,0.95,39,39,6,33,0,39,33,39,39,33,0,edgeCount
512,113,161,graphml/Deltacom.graphml,2,1,adversarial,0.95,12,12,2,10,2,2,0,12,12,10,2,edgeCount
511,113,161,graphml/Deltacom.graphml,2,1,adversarial,0.95,16,22,5,11,0,6,1,6,6,1,0,edgeCount
510,113,161,graphml/Deltacom.graphml,1,0,adversarial,0.95,6,6,6,0,0,6,0,6,6,0,0,edgeCount
509,113,161,graphml/Deltacom.graphml,2,1,adversarial,0.95,4,4,4,0,0,4,0,4,4,0,0,edgeCount
508,113,161,graphml/Deltacom.graphml,3,2,adversarial,0.95,53,29,8,45,2,29,21,31,31,23,2,edgeCount
507,113,161,graphml/Deltacom.graphml,2,1,adversarial,0.95,6,46,6,0,4,16,10,16,6,10,4,edgeCount
506,113,161,graphml/Deltacom.graphml,4,3,adversarial,0.95,21,21,8,13,0,21,13,21,21,13,0,edgeCount
505,113,161,graphml/Deltacom.graphml,3,2,adversarial,0.95,11,33,8,3,4,29,21,29,29,21,2,edgeCount
504,113,161,graphml/Deltacom.graphml,2,1,adversarial,0.95,38,38,13,25,0,38,25,38,38,25,0,edgeCount
503,113,161,graphml/Deltacom.graphml,2,1,adversarial,0.95,13,13,12,1,0,13,1,13,13,1,0,edgeCount
502,113,161,graphml/Deltacom.graphml,2,1,adversarial,0.95,29,53,9,20,0,29,20,29,29,20,0,edgeCount
501,113,161,graphml/Deltacom.graphml,2,1,adversarial,0.95,12,12,12,0,0,12,0,12,12,0,0,edgeCount
500,113,161,graphml/Deltacom.graphml,3,2,adversarial,0.95,5,5,5,0,0,13,8,5,5,0,0,edgeCount
499,113,161,graphml/Deltacom.graphml,3,2,adversarial,0.95,45,45,10,35,0,45,35,45,45,35,0,edgeCount
498,113,161,graphml/Deltacom.graphml,2,1,adversarial,0.95,5,5,5,0,0,5,0,5,5,0,0,edgeCount
497,113,161,graphml/Deltacom.graphml,2,1,adversarial,0.95,22,22,8,14,0,22,14,22,22,14,0,edgeCount
496,113,161,graphml/Deltacom.graphml,1,0,adversarial,0.95,4,4,4,0,0,4,0,4,4,0,0,edgeCount
495,113,161,graphml/Deltacom.graphml,3,2,adversarial,0.95,8,11,2,6,0,11,9,11,11,9,0,edgeCount
494,113,161,graphml/Deltacom.graphml,2,1,adversarial,0.95,44,40,10,34,12,-1,-11,37,19,27,12,edgeCount
493,113,161,graphml/Deltacom.graphml,2,1,adversarial,0.95,7,27,5,2,0,7,2,7,7,2,0,edgeCount
492,113,161,graphml/Deltacom.graphml,2,1,adversarial,0.95,12,12,12,0,0,12,0,12,12,0,0,edgeCount
491,113,161,graphml/Deltacom.graphml,3,2,adversarial,0.95,60,24,7,53,2,-1,-8,11,7,4,2,edgeCount
490,113,161,graphml/Deltacom.graphml,3,2,adversarial,0.95,22,22,5,17,0,22,17,22,22,17,0,edgeCount
489,113,161,graphml/Deltacom.graphml,2,1,adversarial,0.95,72,56,14,58,6,-1,-15,40,14,26,6,edgeCount
488,113,161,graphml/Deltacom.graphml,3,2,adversarial,0.95,6,6,6,0,0,48,42,6,6,0,0,edgeCount
487,113,161,graphml/Deltacom.graphml,2,1,adversarial,0.95,12,12,12,0,0,12,0,12,12,0,0,edgeCount
486,113,161,graphml/Deltacom.graphml,2,1,adversarial,0.95,3,3,3,0,0,4,1,3,3,0,0,edgeCount
485,113,161,graphml/Deltacom.graphml,2,1,adversarial,0.95,28,14,7,21,0,10,3,10,10,3,0,edgeCount
484,113,161,graphml/Deltacom.graphml,3,2,adversarial,0.95,4,4,4,0,0,4,0,4,4,0,0,edgeCount
483,113,161,graphml/Deltacom.graphml,2,1,adversarial,0.95,9,9,9,0,2,9,0,9,9,0,2,edgeCount
482,113,161,graphml/Deltacom.graphml,1,0,adversarial,0.95,4,4,4,0,2,4,0,4,4,0,2,edgeCount
481,113,161,graphml/Deltacom.graphml,2,1,adversarial,0.95,30,30,8,22,0,30,22,30,30,22,0,edgeCount
480,113,161,graphml/Deltacom.graphml,2,1,adversarial,0.95,41,41,16,25,0,41,25,41,41,25,0,edgeCount
479,113,161,graphml/Deltacom.graphml,2,1,adversarial,0.95,9,9,9,0,6,9,0,29,45,20,6,edgeCount
478,113,161,graphml/Deltacom.graphml,2,1,adversarial,0.95,7,7,7,0,0,7,0,7,7,0,0,edgeCount
477,113,161,graphml/Deltacom.graphml,1,0,adversarial,0.95,14,14,7,7,6,-1,-8,14,14,7,6,edgeCount
476,113,161,graphml/Deltacom.graphml,2,1,adversarial,0.95,9,9,9,0,0,25,16,9,9,0,0,edgeCount
475,113,161,graphml/Deltacom.graphml,1,0,adversarial,0.95,6,6,6,0,4,-1,-7,6,6,0,4,edgeCount
474,113,161,graphml/Deltacom.graphml,2,1,adversarial,0.95,7,7,7,0,0,7,0,7,7,0,0,edgeCount
473,113,161,graphml/Deltacom.graphml,2,1,adversarial,0.95,50,20,19,31,2,-1,-20,50,20,31,2,edgeCount
472,113,161,graphml/Deltacom.graphml,2,1,adversarial,0.95,31,31,12,19,2,31,19,31,31,19,2,edgeCount
471,113,161,graphml/Deltacom.graphml,5,4,adversarial,0.95,64,46,8,56,0,60,52,60,60,52,0,edgeCount
470,113,161,graphml/Deltacom.graphml,2,1,adversarial,0.95,9,9,5,4,0,9,4,9,9,4,0,edgeCount
469,113,161,graphml/Deltacom.graphml,2,1,adversarial,0.95,9,9,5,4,0,9,4,9,9,4,0,edgeCount
468,113,161,graphml/Deltacom.graphml,2,1,adversarial,0.95,29,29,9,20,0,17,8,17,17,8,0,edgeCount
467,113,161,graphml/Deltacom.graphml,2,1,adversarial,0.95,10,10,10,0,0,10,0,10,10,0,0,edgeCount
466,113,161,graphml/Deltacom.graphml,2,1,adversarial,0.95,7,20,7,0,2,19,12,19,7,12,2,edgeCount
465,113,161,graphml/Deltacom.graphml,1,0,adversarial,0.95,10,10,10,0,6,-1,-11,10,10,0,6,edgeCount
463,113,161,graphml/Deltacom.graphml,2,1,adversarial,0.95,13,13,13,0,4,13,0,13,21,0,4,edgeCount
462,113,161,graphml/Deltacom.graphml,2,1,adversarial,0.95,24,24,10,14,0,24,14,24,24,14,0,edgeCount
461,113,161,graphml/Deltacom.graphml,2,1,adversarial,0.95,12,12,12,0,0,12,0,12,12,0,0,edgeCount
459,113,161,graphml/Deltacom.graphml,2,1,adversarial,0.95,50,24,8,42,4,-1,-9,12,12,4,4,edgeCount
458,113,161,graphml/Deltacom.graphml,1,0,adversarial,0.95,36,36,14,22,2,-1,-15,36,36,22,2,edgeCount
457,113,161,graphml/Deltacom.graphml,2,1,adversarial,0.95,37,15,8,29,6,-1,-9,38,18,30,6,edgeCount
456,113,161,graphml/Deltacom.graphml,2,1,adversarial,0.95,13,7,7,6,0,13,6,13,7,6,0,edgeCount
455,113,161,graphml/Deltacom.graphml,3,2,adversarial,0.95,4,4,4,0,0,10,6,4,4,0,0,edgeCount
454,113,161,graphml/Deltacom.graphml,2,1,adversarial,0.95,32,32,6,26,6,-1,-7,26,36,20,6,edgeCount
453,113,161,graphml/Deltacom.graphml,3,2,adversarial,0.95,29,29,11,18,0,29,18,29,29,18,0,edgeCount
452,113,161,graphml/Deltacom.graphml,2,1,adversarial,0.95,38,24,6,32,2,-1,-7,27,11,21,2,edgeCount
451,113,161,graphml/Deltacom.graphml,2,1,adversarial,0.95,12,28,5,7,0,12,7,12,12,7,0,edgeCount
450,113,161,graphml/Deltacom.graphml,2,1,adversarial,0.95,15,15,6,9,0,15,9,15,15,9,0,edgeCount
449,113,161,graphml/Deltacom.graphml,2,1,adversarial,0.95,26,8,8,18,2,8,0,26,8,18,2,edgeCount
448,113,161,graphml/Deltacom.graphml,2,1,adversarial,0.95,17,17,17,0,0,17,0,17,17,0,0,edgeCount
447,113,161,graphml/Deltacom.graphml,2,1,adversarial,0.95,36,36,8,28,2,20,12,8,34,0,2,edgeCount
446,113,161,graphml/Deltacom.graphml,3,2,adversarial,0.95,18,18,8,10,0,18,10,18,18,10,0,edgeCount
445,113,161,graphml/Deltacom.graphml,2,1,adversarial,0.95,21,21,9,12,0,21,12,21,21,12,0,edgeCount
444,113,161,graphml/Deltacom.graphml,2,1,adversarial,0.95,6,6,6,0,0,6,0,6,6,0,0,edgeCount
443,113,161,graphml/Deltacom.graphml,3,2,adversarial,0.95,8,8,7,1,0,8,1,8,8,1,0,edgeCount
442,113,161,graphml/Deltacom.graphml,2,1,adversarial,0.95,23,23,9,14,4,23,14,11,37,2,4,edgeCount
440,113,161,graphml/Deltacom.graphml,3,2,adversarial,0.95,23,49,7,16,2,23,16,17,33,10,2,edgeCount
439,113,161,graphml/Deltacom.graphml,3,2,adversarial,0.95,7,7,7,0,0,7,0,7,7,0,0,edgeCount
438,113,161,graphml/Deltacom.graphml,2,1,adversarial,0.95,13,13,13,0,0,13,0,13,13,0,0,edgeCount
437,113,161,graphml/Deltacom.graphml,2,1,adversarial,0.95,5,5,5,0,0,5,0,5,5,0,0,edgeCount
436,113,161,graphml/Deltacom.graphml,4,3,adversarial,0.95,57,69,7,50,0,57,50,57,57,50,0,edgeCount
435,113,161,graphml/Deltacom.graphml,2,1,adversarial,0.95,17,17,16,1,0,17,1,17,17,1,0,edgeCount
434,113,161,graphml/Deltacom.graphml,2,1,adversarial,0.95,11,11,7,4,2,11,4,11,11,4,2,edgeCount
433,113,161,graphml/Deltacom.graphml,1,0,adversarial,0.95,4,4,4,0,0,4,0,4,4,0,0,edgeCount
432,113,161,graphml/Deltacom.graphml,2,1,adversarial,0.95,57,21,11,46,2,-1,-12,38,12,27,2,edgeCount
431,113,161,graphml/Deltacom.graphml,2,1,adversarial,0.95,37,13,12,25,2,13,1,13,13,1,2,edgeCount
430,113,161,graphml/Deltacom.graphml,1,0,adversarial,0.95,18,18,18,0,0,18,0,18,18,0,0,edgeCount
429,113,161,graphml/Deltacom.graphml,3,2,adversarial,0.95,17,17,7,10,0,17,10,17,17,10,0,edgeCount
428,113,161,graphml/Deltacom.graphml,1,0,adversarial,0.95,17,17,8,9,4,-1,-9,17,17,9,4,edgeCount
427,113,161,graphml/Deltacom.graphml,1,0,adversarial,0.95,13,13,13,0,0,13,0,13,13,0,0,edgeCount
426,113,161,graphml/Deltacom.graphml,2,1,adversarial,0.95,40,58,12,28,4,-1,-13,41,15,29,4,edgeCount
425,113,161,graphml/Deltacom.graphml,2,1,adversarial,0.95,10,10,10,0,0,10,0,10,10,0,0,edgeCount
424,113,161,graphml/Deltacom.graphml,4,3,adversarial,0.95,8,4,4,4,0,8,4,8,4,4,0,edgeCount
423,113,161,graphml/Deltacom.graphml,3,2,adversarial,0.95,38,38,8,30,0,38,30,38,38,30,0,edgeCount
422,113,161,graphml/Deltacom.graphml,1,0,adversarial,0.95,11,11,11,0,2,11,0,11,11,0,2,edgeCount
421,113,161,graphml/Deltacom.graphml,3,2,adversarial,0.95,39,15,7,32,2,-1,-8,31,31,24,2,edgeCount
420,113,161,graphml/Deltacom.graphml,2,1,adversarial,0.95,52,52,17,35,0,52,35,52,52,35,0,edgeCount
419,113,161,graphml/Deltacom.graphml,2,1,adversarial,0.95,5,5,5,0,0,5,0,5,5,0,0,edgeCount
418,113,161,graphml/Deltacom.graphml,1,0,adversarial,0.95,15,19,6,9,4,-1,-7,15,19,9,4,edgeCount
417,113,161,graphml/Deltacom.graphml,2,1,adversarial,0.95,7,7,7,0,0,7,0,7,7,0,0,edgeCount
416,113,161,graphml/Deltacom.graphml,2,1,adversarial,0.95,23,23,10,13,0,23,13,23,23,13,0,edgeCount
415,113,161,graphml/Deltacom.graphml,2,1,adversarial,0.95,5,5,5,0,2,5,0,19,19,14,2,edgeCount
414,113,161,graphml/Deltacom.graphml,2,1,adversarial,0.95,6,6,6,0,0,6,0,6,6,0,0,edgeCount
413,113,161,graphml/Deltacom.graphml,2,1,adversarial,0.95,24,24,8,16,0,24,16,24,24,16,0,edgeCount
412,113,161,graphml/Deltacom.graphml,1,0,adversarial,0.95,8,8,8,0,2,8,0,8,8,0,2,edgeCount
411,113,161,graphml/Deltacom.graphml,2,1,adversarial,0.95,14,36,6,8,2,14,8,8,28,2,2,edgeCount
410,113,161,graphml/Deltacom.graphml,3,2,adversarial,0.95,30,30,4,26,0,22,18,22,22,18,0,edgeCount
409,113,161,graphml/Deltacom.graphml,2,1,adversarial,0.95,18,12,5,13,4,-1,-6,18,14,13,4,edgeCount
408,113,161,graphml/Deltacom.graphml,1,0,adversarial,0.95,8,8,8,0,0,8,0,8,8,0,0,edgeCount
407,113,161,graphml/Deltacom.graphml,2,1,adversarial,0.95,21,21,10,11,0,21,11,21,21,11,0,edgeCount
406,113,161,graphml/Deltacom.graphml,2,1,adversarial,0.95,2,2,2,0,2,2,0,10,10,8,2,edgeCount
405,113,161,graphml/Deltacom.graphml,2,1,adversarial,0.95,44,44,16,28,0,44,28,44,44,28,0,edgeCount
404,113,161,graphml/Deltacom.graphml,2,1,adversarial,0.95,36,44,12,24,0,36,24,36,36,24,0,edgeCount
403,113,161,graphml/Deltacom.graphml,1,0,adversarial,0.95,5,5,5,0,0,5,0,5,5,0,0,edgeCount
402,113,161,graphml/Deltacom.graphml,2,1,adversarial,0.95,20,20,7,13,0,20,13,20,20,13,0,edgeCount
401,113,161,graphml/Deltacom.graphml,2,1,adversarial,0.95,15,15,14,1,0,15,1,15,15,1,0,edgeCount
400,113,161,graphml/Deltacom.graphml,3,2,adversarial,0.95,29,29,8,21,0,13,5,29,29,21,0,edgeCount
399,113,161,graphml/Deltacom.graphml,2,1,adversarial,0.95,41,41,19,22,2,-1,-20,41,41,22,2,edgeCount
398,113,161,graphml/Deltacom.graphml,4,3,adversarial,0.95,71,71,6,65,0,69,63,69,69,63,0,edgeCount
397,113,161,graphml/Deltacom.graphml,2,1,adversarial,0.95,32,62,12,20,4,32,20,12,62,0,4,edgeCount
396,113,161,graphml/Deltacom.graphml,2,1,adversarial,0.95,3,3,3,0,0,3,0,3,3,0,0,edgeCount
395,113,161,graphml/Deltacom.graphml,2,1,adversarial,0.95,9,15,4,5,2,9,5,5,15,1,2,edgeCount
394,113,161,graphml/Deltacom.graphml,2,1,adversarial,0.95,39,73,13,26,0,39,26,39,39,26,0,edgeCount
393,113,161,graphml/Deltacom.graphml,1,0,adversarial,0.95,17,11,8,9,8,-1,-9,17,11,9,8,edgeCount
392,113,161,graphml/Deltacom.graphml,2,1,adversarial,0.95,29,29,11,18,0,29,18,29,29,18,0,edgeCount
391,113,161,graphml/Deltacom.graphml,2,1,adversarial,0.95,11,11,11,0,0,11,0,11,11,0,0,edgeCount
390,113,161,graphml/Deltacom.graphml,2,1,adversarial,0.95,6,6,4,2,0,6,2,6,6,2,0,edgeCount
389,113,161,graphml/Deltacom.graphml,2,1,adversarial,0.95,20,20,7,13,2,20,13,20,20,13,2,edgeCount
388,113,161,graphml/Deltacom.graphml,2,1,adversarial,0.95,11,11,11,0,2,11,0,39,11,28,2,edgeCount
387,113,161,graphml/Deltacom.graphml,1,0,adversarial,0.95,9,9,9,0,0,9,0,9,9,0,0,edgeCount
386,113,161,graphml/Deltacom.graphml,2,1,adversarial,0.95,12,12,12,0,0,12,0,12,12,0,0,edgeCount
385,113,161,graphml/Deltacom.graphml,2,1,adversarial,0.95,2,2,2,0,4,2,0,12,2,10,4,edgeCount
384,113,161,graphml/Deltacom.graphml,2,1,adversarial,0.95,10,10,10,0,2,10,0,32,10,22,2,edgeCount
383,113,161,graphml/Deltacom.graphml,2,1,adversarial,0.95,33,33,12,21,2,33,21,33,33,21,2,edgeCount
382,113,161,graphml/Deltacom.graphml,1,0,adversarial,0.95,8,8,8,0,6,8,0,8,8,0,6,edgeCount
381,113,161,graphml/Deltacom.graphml,1,0,adversarial,0.95,8,8,8,0,0,8,0,8,8,0,0,edgeCount
380,113,161,graphml/Deltacom.graphml,1,0,adversarial,0.95,7,7,7,0,0,7,0,7,7,0,0,edgeCount
379,113,161,graphml/Deltacom.graphml,2,1,adversarial,0.95,49,29,11,38,2,29,18,15,49,4,2,edgeCount
378,113,161,graphml/Deltacom.graphml,2,1,adversarial,0.95,28,18,7,21,4,-1,-8,28,12,21,4,edgeCount
377,113,161,graphml/Deltacom.graphml,2,1,adversarial,0.95,14,46,11,3,2,36,25,14,46,3,2,edgeCount
376,113,161,graphml/Deltacom.graphml,2,1,adversarial,0.95,7,7,6,1,4,7,1,8,29,2,2,edgeCount
375,113,161,graphml/Deltacom.graphml,2,1,adversarial,0.95,55,31,11,44,4,-1,-12,37,33,26,4,edgeCount
374,113,161,graphml/Deltacom.graphml,2,1,adversarial,0.95,4,4,4,0,0,18,14,4,4,0,0,edgeCount
373,113,161,graphml/Deltacom.graphml,2,1,adversarial,0.95,5,5,5,0,0,5,0,5,5,0,0,edgeCount
372,113,161,graphml/Deltacom.graphml,1,0,adversarial,0.95,49,49,21,28,4,-1,-22,49,49,28,4,edgeCount
371,113,161,graphml/Deltacom.graphml,3,2,adversarial,0.95,8,8,8,0,0,22,14,8,8,0,0,edgeCount
370,113,161,graphml/Deltacom.graphml,2,1,adversarial,0.95,4,4,4,0,2,4,0,4,10,0,2,edgeCount
369,113,161,graphml/Deltacom.graphml,2,1,adversarial,0.95,46,46,16,30,0,46,30,46,46,30,0,edgeCount
368,113,161,graphml/Deltacom.graphml,2,1,adversarial,0.95,5,5,5,0,2,5,0,17,45,12,2,edgeCount
367,113,161,graphml/Deltacom.graphml,3,2,adversarial,0.95,22,22,6,16,4,22,16,14,32,8,4,edgeCount
366,113,161,graphml/Deltacom.graphml,4,3,adversarial,0.95,47,47,11,36,2,-1,-12,41,41,30,2,edgeCount
365,113,161,graphml/Deltacom.graphml,1,0,adversarial,0.95,8,8,8,0,0,8,0,8,8,0,0,edgeCount
364,113,161,graphml/Deltacom.graphml,3,2,adversarial,0.95,32,19,12,20,0,54,42,32,32,20,0,edgeCount
363,113,161,graphml/Deltacom.graphml,3,2,adversarial,0.95,18,18,5,13,0,18,13,18,18,13,0,edgeCount
362,113,161,graphml/Deltacom.graphml,2,1,adversarial,0.95,14,14,14,0,6,48,34,20,14,6,6,edgeCount
361,113,161,graphml/Deltacom.graphml,2,1,adversarial,0.95,6,6,6,0,0,6,0,6,6,0,0,edgeCount
360,113,161,graphml/Deltacom.graphml,2,1,adversarial,0.95,10,10,9,1,0,10,1,10,10,1,0,edgeCount
359,113,161,graphml/Deltacom.graphml,3,2,adversarial,0.95,33,33,8,25,0,33,25,33,33,25,0,edgeCount
358,113,161,graphml/Deltacom.graphml,2,1,adversarial,0.95,43,43,14,29,0,15,1,43,43,29,0,edgeCount
357,113,161,graphml/Deltacom.graphml,4,3,adversarial,0.95,7,7,3,4,0,11,8,7,7,4,0,edgeCount
356,113,161,graphml/Deltacom.graphml,2,1,adversarial,0.95,4,4,4,0,0,5,1,4,4,0,0,edgeCount
355,113,161,graphml/Deltacom.graphml,1,0,adversarial,0.95,3,11,3,0,2,3,0,3,11,0,2,edgeCount
354,113,161,graphml/Deltacom.graphml,2,1,adversarial,0.95,4,4,4,0,0,4,0,4,4,0,0,edgeCount
353,113,161,graphml/Deltacom.graphml,3,2,adversarial,0.95,13,13,4,9,0,13,9,13,13,9,0,edgeCount
352,113,161,graphml/Deltacom.graphml,1,0,adversarial,0.95,21,21,8,13,4,-1,-9,21,21,13,4,edgeCount
351,113,161,graphml/Deltacom.graphml,2,1,adversarial,0.95,12,12,12,0,0,12,0,12,12,0,0,edgeCount
350,113,161,graphml/Deltacom.graphml,1,0,adversarial,0.95,9,21,9,0,4,9,0,9,21,0,4,edgeCount
349,113,161,graphml/Deltacom.graphml,2,1,adversarial,0.95,45,45,13,32,0,33,20,33,33,20,0,edgeCount
348,113,161,graphml/Deltacom.graphml,2,1,adversarial,0.95,12,12,12,0,0,12,0,12,12,0,0,edgeCount
347,113,161,graphml/Deltacom.graphml,2,1,adversarial,0.95,4,4,4,0,0,4,0,4,4,0,0,edgeCount
346,113,161,graphml/Deltacom.graphml,2,1,adversarial,0.95,3,3,3,0,0,3,0,3,3,0,0,edgeCount
345,113,161,graphml/Deltacom.graphml,2,1,adversarial,0.95,36,32,13,23,2,32,19,14,56,1,2,edgeCount
344,113,161,graphml/Deltacom.graphml,2,1,adversarial,0.95,47,37,11,36,2,-1,-12,41,19,30,2,edgeCount
343,113,161,graphml/Deltacom.graphml,2,1,adversarial,0.95,10,10,10,0,0,10,0,10,10,0,0,edgeCount
342,113,161,graphml/Deltacom.graphml,2,1,adversarial,0.95,27,27,10,17,0,27,17,27,27,17,0,edgeCount
341,113,161,graphml/Deltacom.graphml,3,2,adversarial,0.95,22,22,8,14,0,22,14,22,22,14,0,edgeCount
340,113,161,graphml/Deltacom.graphml,2,1,adversarial,0.95,5,5,5,0,4,5,0,21,5,16,4,edgeCount
339,113,161,graphml/Deltacom.graphml,2,1,adversarial,0.95,4,4,4,0,0,4,0,4,4,0,0,edgeCount
337,113,161,graphml/Deltacom.graphml,3,2,adversarial,0.95,7,18,5,2,0,7,2,7,7,2,0,edgeCount
336,113,161,graphml/Deltacom.graphml,2,1,adversarial,0.95,7,7,7,0,0,7,0,7,7,0,0,edgeCount
335,113,161,graphml/Deltacom.graphml,1,0,adversarial,0.95,8,32,8,0,4,-1,-9,8,32,0,4,edgeCount
334,113,161,graphml/Deltacom.graphml,3,2,adversarial,0.95,5,9,5,0,0,5,0,5,5,0,0,edgeCount
333,113,161,graphml/Deltacom.graphml,2,1,adversarial,0.95,26,26,8,18,0,26,18,26,26,18,0,edgeCount
332,113,161,graphml/Deltacom.graphml,2,1,adversarial,0.95,31,13,11,20,0,29,18,29,29,18,0,edgeCount
331,113,161,graphml/Deltacom.graphml,2,1,adversarial,0.95,50,56,9,41,2,-1,-10,39,13,30,2,edgeCount
330,113,161,graphml/Deltacom.graphml,3,2,adversarial,0.95,9,9,7,2,0,7,0,7,7,0,0,edgeCount
329,113,161,graphml/Deltacom.graphml,3,2,adversarial,0.95,7,7,7,0,2,7,0,7,7,0,2,edgeCount
328,113,161,graphml/Deltacom.graphml,2,1,adversarial,0.95,6,6,6,0,0,6,0,6,6,0,0,edgeCount
327,113,161,graphml/Deltacom.graphml,2,1,adversarial,0.95,14,14,4,10,2,-1,-5,4,4,0,2,edgeCount
326,113,161,graphml/Deltacom.graphml,2,1,adversarial,0.95,13,11,10,3,4,36,26,16,78,6,4,edgeCount
325,113,161,graphml/Deltacom.graphml,2,1,adversarial,0.95,7,7,6,1,0,7,1,7,7,1,0,edgeCount
324,113,161,graphml/Deltacom.graphml,3,2,adversarial,0.95,27,43,7,20,0,25,18,25,25,18,0,edgeCount
323,113,161,graphml/Deltacom.graphml,1,0,adversarial,0.95,23,11,10,13,4,-1,-11,23,11,13,4,edgeCount
322,113,161,graphml/Deltacom.graphml,2,1,adversarial,0.95,46,46,16,30,0,16,0,46,46,30,0,edgeCount
321,113,161,graphml/Deltacom.graphml,2,1,adversarial,0.95,19,37,7,12,0,19,12,19,19,12,0,edgeCount
320,113,161,graphml/Deltacom.graphml,1,0,adversarial,0.95,6,6,6,0,0,6,0,6,6,0,0,edgeCount
319,113,161,graphml/Deltacom.graphml,3,2,adversarial,0.95,12,12,6,6,0,12,6,12,12,6,0,edgeCount
318,113,161,graphml/Deltacom.graphml,2,1,adversarial,0.95,16,16,15,1,0,16,1,16,16,1,0,edgeCount
317,113,161,graphml/Deltacom.graphml,3,2,adversarial,0.95,22,22,7,15,0,41,34,41,41,34,0,edgeCount
316,113,161,graphml/Deltacom.graphml,2,1,adversarial,0.95,30,26,12,18,6,-1,-13,12,12,0,4,edgeCount
315,113,161,graphml/Deltacom.graphml,1,0,adversarial,0.95,14,14,14,0,0,14,0,14,14,0,0,edgeCount
313,113,161,graphml/Deltacom.graphml,1,0,adversarial,0.95,13,13,13,0,0,13,0,13,13,0,0,edgeCount
312,113,161,graphml/Deltacom.graphml,3,2,adversarial,0.95,6,6,4,2,0,6,2,6,6,2,0,edgeCount
311,113,161,graphml/Deltacom.graphml,3,2,adversarial,0.95,3,3,3,0,4,17,14,9,29,6,2,edgeCount
310,113,161,graphml/Deltacom.graphml,2,1,adversarial,0.95,6,6,6,0,4,6,0,6,6,0,2,edgeCount
309,113,161,graphml/Deltacom.graphml,2,1,adversarial,0.95,26,26,9,17,0,26,17,26,26,17,0,edgeCount
308,113,161,graphml/Deltacom.graphml,2,1,adversarial,0.95,5,5,5,0,0,5,0,5,5,0,0,edgeCount
307,113,161,graphml/Deltacom.graphml,3,2,adversarial,0.95,15,15,7,8,0,15,8,15,15,8,0,edgeCount
306,113,161,graphml/Deltacom.graphml,2,1,adversarial,0.95,38,38,16,22,0,36,20,36,36,20,0,edgeCount
305,113,161,graphml/Deltacom.graphml,2,1,adversarial,0.95,10,30,6,4,0,10,4,10,10,4,0,edgeCount
304,113,161,graphml/Deltacom.graphml,2,1,adversarial,0.95,31,31,12,19,0,31,19,31,31,19,0,edgeCount
303,113,161,graphml/Deltacom.graphml,2,1,adversarial,0.95,3,3,3,0,0,3,0,3,3,0,0,edgeCount
302,113,161,graphml/Deltacom.graphml,2,1,adversarial,0.95,30,30,9,21,4,-1,-10,27,19,18,4,edgeCount
301,113,161,graphml/Deltacom.graphml,2,1,adversarial,0.95,39,25,8,31,4,-1,-9,32,8,24,4,edgeCount
300,113,161,graphml/Deltacom.graphml,3,2,adversarial,0.95,10,10,4,6,0,10,6,10,10,6,0,edgeCount
299,113,161,graphml/Deltacom.graphml,2,1,adversarial,0.95,8,8,8,0,0,8,0,8,8,0,0,edgeCount
298,113,161,graphml/Deltacom.graphml,2,1,adversarial,0.95,16,16,6,10,0,16,10,16,16,10,0,edgeCount
296,113,161,graphml/Deltacom.graphml,2,1,adversarial,0.95,10,10,9,1,0,26,17,26,26,17,0,edgeCount
295,113,161,graphml/Deltacom.graphml,2,1,adversarial,0.95,29,17,7,22,4,17,10,7,49,0,4,edgeCount
294,113,161,graphml/Deltacom.graphml,1,0,adversarial,0.95,13,13,13,0,0,13,0,13,13,0,0,edgeCount
293,113,161,graphml/Deltacom.graphml,2,1,adversarial,0.95,46,34,9,37,2,-1,-10,30,12,21,2,edgeCount
292,113,161,graphml/Deltacom.graphml,1,0,adversarial,0.95,7,23,7,0,2,7,0,7,23,0,2,edgeCount
291,113,161,graphml/Deltacom.graphml,3,2,adversarial,0.95,18,6,6,12,0,35,29,18,6,12,0,edgeCount
290,113,161,graphml/Deltacom.graphml,3,2,adversarial,0.95,8,8,4,4,0,8,4,8,8,4,0,edgeCount
289,113,161,graphml/Deltacom.graphml,3,2,adversarial,0.95,6,6,6,0,0,6,0,6,6,0,0,edgeCount
288,113,161,graphml/Deltacom.graphml,1,0,adversarial,0.95,37,25,12,25,6,-1,-13,37,25,25,6,edgeCount
287,113,161,graphml/Deltacom.graphml,2,1,adversarial,0.95,11,11,6,5,2,-1,-7,14,6,8,2,edgeCount
286,113,161,graphml/Deltacom.graphml,2,1,adversarial,0.95,6,6,6,0,0,16,10,6,6,0,0,edgeCount
285,113,161,graphml/Deltacom.graphml,2,1,adversarial,0.95,6,6,6,0,0,6,0,6,6,0,0,edgeCount
284,113,161,graphml/Deltacom.graphml,2,1,adversarial,0.95,27,23,11,16,0,23,12,23,23,12,0,edgeCount
283,113,161,graphml/Deltacom.graphml,2,1,adversarial,0.95,4,4,4,0,0,4,0,4,4,0,0,edgeCount
282,113,161,graphml/Deltacom.graphml,2,1,adversarial,0.95,8,8,6,2,0,21,15,21,21,15,0,edgeCount
281,113,161,graphml/Deltacom.graphml,2,1,adversarial,0.95,24,50,8,16,0,24,16,24,24,16,0,edgeCount
280,113,161,graphml/Deltacom.graphml,1,0,adversarial,0.95,11,11,11,0,0,11,0,11,11,0,0,edgeCount
279,113,161,graphml/Deltacom.graphml,3,2,adversarial,0.95,6,14,4,2,0,26,22,16,16,12,0,edgeCount
278,113,161,graphml/Deltacom.graphml,4,3,adversarial,0.95,22,22,9,13,0,22,13,22,22,13,0,edgeCount
277,113,161,graphml/Deltacom.graphml,2,1,adversarial,0.95,23,23,8,15,0,23,15,23,23,15,0,edgeCount
276,113,161,graphml/Deltacom.graphml,1,0,adversarial,0.95,12,12,12,0,4,12,0,12,12,0,4,edgeCount
275,113,161,graphml/Deltacom.graphml,2,1,adversarial,0.95,9,9,9,0,2,9,0,33,9,24,2,edgeCount
274,113,161,graphml/Deltacom.graphml,2,1,adversarial,0.95,5,5,5,0,0,5,0,5,5,0,0,edgeCount
273,113,161,graphml/Deltacom.graphml,1,0,adversarial,0.95,4,4,4,0,0,4,0,4,4,0,0,edgeCount
272,113,161,graphml/Deltacom.graphml,2,1,adversarial,0.95,29,29,11,18,0,29,18,29,29,18,0,edgeCount
271,113,161,graphml/Deltacom.graphml,2,1,adversarial,0.95,14,14,14,0,4,14,0,48,42,34,4,edgeCount
270,113,161,graphml/Deltacom.graphml,2,1,adversarial,0.95,9,9,9,0,0,9,0,9,9,0,0,edgeCount
269,113,161,graphml/Deltacom.graphml,1,0,adversarial,0.95,27,27,9,18,2,-1,-10,27,27,18,2,edgeCount
268,113,161,graphml/Deltacom.graphml,3,2,adversarial,0.95,34,34,7,27,0,32,25,32,32,25,0,edgeCount
267,113,161,graphml/Deltacom.graphml,2,1,adversarial,0.95,15,21,6,9,2,-1,-7,16,6,10,2,edgeCount
266,113,161,graphml/Deltacom.graphml,2,1,adversarial,0.95,51,51,17,34,0,51,34,51,51,34,0,edgeCount
265,113,161,graphml/Deltacom.graphml,2,1,adversarial,0.95,5,8,4,1,0,5,1,5,5,1,0,edgeCount
264,113,161,graphml/Deltacom.graphml,4,3,adversarial,0.95,6,6,5,1,0,6,1,6,6,1,0,edgeCount
263,113,161,graphml/Deltacom.graphml,1,0,adversarial,0.95,9,9,9,0,2,9,0,9,9,0,2,edgeCount
262,113,161,graphml/Deltacom.graphml,3,2,adversarial,0.95,3,3,3,0,4,17,14,9,29,6,2,edgeCount
261,113,161,graphml/Deltacom.graphml,3,2,adversarial,0.95,33,14,11,22,2,33,22,33,33,22,2,edgeCount
260,113,161,graphml/Deltacom.graphml,2,1,adversarial,0.95,15,37,7,8,2,15,8,7,31,0,2,edgeCount
259,113,161,graphml/Deltacom.graphml,4,3,adversarial,0.95,5,5,5,0,0,5,0,5,5,0,0,edgeCount
258,113,161,graphml/Deltacom.graphml,3,2,adversarial,0.95,3,3,3,0,0,3,0,3,3,0,0,edgeCount
257,113,161,graphml/Deltacom.graphml,3,2,adversarial,0.95,35,43,10,25,4,-1,-11,35,43,25,4,edgeCount
256,113,161,graphml/Deltacom.graphml,2,1,adversarial,0.95,50,50,19,31,0,48,29,48,48,29,0,edgeCount
255,113,161,graphml/Deltacom.graphml,3,2,adversarial,0.95,26,10,7,19,0,43,36,43,43,36,0,edgeCount
254,113,161,graphml/Deltacom.graphml,2,1,adversarial,0.95,8,8,8,0,0,8,0,8,8,0,0,edgeCount
253,113,161,graphml/Deltacom.graphml,1,0,adversarial,0.95,12,12,12,0,0,12,0,12,12,0,0,edgeCount
252,113,161,graphml/Deltacom.graphml,2,1,adversarial,0.95,37,79,12,25,4,37,25,15,53,3,4,edgeCount
251,113,161,graphml/Deltacom.graphml,2,1,adversarial,0.95,6,6,6,0,0,6,0,6,6,0,0,edgeCount
250,113,161,graphml/Deltacom.graphml,2,1,adversarial,0.95,7,7,7,0,0,7,0,7,7,0,0,edgeCount
249,113,161,graphml/Deltacom.graphml,3,2,adversarial,0.95,46,40,12,34,2,16,4,16,60,4,2,edgeCount
248,113,161,graphml/Deltacom.graphml,2,1,adversarial,0.95,46,46,18,28,0,44,26,44,44,26,0,edgeCount
247,113,161,graphml/Deltacom.graphml,2,1,adversarial,0.95,36,26,9,27,0,26,17,26,26,17,0,edgeCount
246,113,161,graphml/Deltacom.graphml,2,1,adversarial,0.95,14,14,6,8,2,8,2,14,14,8,2,edgeCount
245,113,161,graphml/Deltacom.graphml,1,0,adversarial,0.95,3,3,3,0,0,3,0,3,3,0,0,edgeCount
244,113,161,graphml/Deltacom.graphml,1,0,adversarial,0.95,9,9,7,2,4,-1,-8,9,9,2,4,edgeCount
243,113,161,graphml/Deltacom.graphml,2,1,adversarial,0.95,32,62,10,22,0,32,22,32,32,22,0,edgeCount
242,113,161,graphml/Deltacom.graphml,2,1,adversarial,0.95,14,8,6,8,0,12,6,12,12,6,0,edgeCount
241,113,161,graphml/Deltacom.graphml,2,1,adversarial,0.95,7,7,6,1,6,23,17,9,45,3,6,edgeCount
240,113,161,graphml/Deltacom.graphml,2,1,adversarial,0.95,46,46,17,29,2,-1,-18,42,42,25,2,edgeCount
239,113,161,graphml/Deltacom.graphml,2,1,adversarial,0.95,16,16,16,0,2,16,0,52,16,36,2,edgeCount
238,113,161,graphml/Deltacom.graphml,2,1,adversarial,0.95,79,49,19,60,4,-1,-20,53,51,34,4,edgeCount
237,113,161,graphml/Deltacom.graphml,2,1,adversarial,0.95,56,72,7,49,12,-1,-8,53,39,46,12,edgeCount
236,113,161,graphml/Deltacom.graphml,2,1,adversarial,0.95,5,5,5,0,0,5,0,5,5,0,0,edgeCount
235,113,161,graphml/Deltacom.graphml,2,1,adversarial,0.95,7,27,5,2,0,7,2,7,7,2,0,edgeCount
234,113,161,graphml/Deltacom.graphml,2,1,adversarial,0.95,3,3,3,0,4,3,0,9,3,6,4,edgeCount
233,113,161,graphml/Deltacom.graphml,1,0,adversarial,0.95,34,34,16,18,8,-1,-17,34,34,18,8,edgeCount
232,113,161,graphml/Deltacom.graphml,3,2,adversarial,0.95,12,12,6,6,4,12,6,12,12,6,4,edgeCount
231,113,161,graphml/Deltacom.graphml,3,2,adversarial,0.95,9,27,9,0,0,25,16,9,9,0,0,edgeCount
230,113,161,graphml/Deltacom.graphml,2,1,adversarial,0.95,45,45,17,28,0,45,28,45,45,28,0,edgeCount
229,113,161,graphml/Deltacom.graphml,2,1,adversarial,0.95,8,8,8,0,0,8,0,8,8,0,0,edgeCount
228,113,161,graphml/Deltacom.graphml,2,1,adversarial,0.95,28,44,8,20,2,-1,-9,28,16,20,2,edgeCount
227,113,161,graphml/Deltacom.graphml,3,2,adversarial,0.95,58,58,11,47,0,46,35,46,46,35,0,edgeCount
226,113,161,graphml/Deltacom.graphml,3,2,adversarial,0.95,40,40,9,31,0,38,29,38,38,29,0,edgeCount
225,113,161,graphml/Deltacom.graphml,2,1,adversarial,0.95,14,36,7,7,4,14,7,8,48,1,4,edgeCount
224,113,161,graphml/Deltacom.graphml,4,3,adversarial,0.95,26,26,8,18,0,26,18,26,26,18,0,edgeCount
223,113,161,graphml/Deltacom.graphml,3,2,adversarial,0.95,3,3,3,0,0,3,0,3,3,0,0,edgeCount
222,113,161,graphml/Deltacom.graphml,3,2,adversarial,0.95,17,17,6,11,4,-1,-7,30,18,24,2,edgeCount
221,113,161,graphml/Deltacom.graphml,3,2,adversarial,0.95,23,22,5,18,4,21,16,9,34,4,2,edgeCount
220,113,161,graphml/Deltacom.graphml,3,2,adversarial,0.95,7,7,7,0,0,7,0,7,7,0,0,edgeCount
219,113,161,graphml/Deltacom.graphml,2,1,adversarial,0.95,3,3,3,0,0,3,0,3,3,0,0,edgeCount
218,113,161,graphml/Deltacom.graphml,4,3,adversarial,0.95,33,33,7,26,0,33,26,33,33,26,0,edgeCount
217,113,161,graphml/Deltacom.graphml,3,2,adversarial,0.95,42,60,8,34,0,42,34,42,42,34,0,edgeCount
216,113,161,graphml/Deltacom.graphml,3,2,adversarial,0.95,21,23,8,13,0,21,13,21,21,13,0,edgeCount
215,113,161,graphml/Deltacom.graphml,1,0,adversarial,0.95,9,9,9,0,0,9,0,9,9,0,0,edgeCount
214,113,161,graphml/Deltacom.graphml,2,1,adversarial,0.95,8,8,8,0,0,8,0,8,8,0,0,edgeCount
213,113,161,graphml/Deltacom.graphml,2,1,adversarial,0.95,13,13,13,0,0,13,0,13,13,0,0,edgeCount
212,113,161,graphml/Deltacom.graphml,1,0,adversarial,0.95,8,8,8,0,0,8,0,8,8,0,0,edgeCount
211,113,161,graphml/Deltacom.graphml,1,0,adversarial,0.95,3,3,3,0,0,3,0,3,3,0,0,edgeCount
210,113,161,graphml/Deltacom.graphml,2,1,adversarial,0.95,13,13,13,0,0,37,24,13,13,0,0,edgeCount
209,113,161,graphml/Deltacom.graphml,2,1,adversarial,0.95,49,31,10,39,2,-1,-11,47,19,37,2,edgeCount
208,113,161,graphml/Deltacom.graphml,2,1,adversarial,0.95,20,20,7,13,0,20,13,20,20,13,0,edgeCount
207,113,161,graphml/Deltacom.graphml,2,1,adversarial,0.95,12,12,12,0,0,12,0,12,12,0,0,edgeCount
206,113,161,graphml/Deltacom.graphml,1,0,adversarial,0.95,5,5,5,0,4,5,0,5,5,0,4,edgeCount
205,113,161,graphml/Deltacom.graphml,3,2,adversarial,0.95,10,10,10,0,0,10,0,10,10,0,0,edgeCount
204,113,161,graphml/Deltacom.graphml,1,0,adversarial,0.95,21,21,21,0,2,21,0,21,21,0,2,edgeCount
203,113,161,graphml/Deltacom.graphml,3,2,adversarial,0.95,58,42,8,50,0,42,34,42,42,34,0,edgeCount
202,113,161,graphml/Deltacom.graphml,2,1,adversarial,0.95,19,19,8,11,0,19,11,19,19,11,0,edgeCount
201,113,161,graphml/Deltacom.graphml,1,0,adversarial,0.95,27,27,13,14,6,-1,-14,27,27,14,6,edgeCount
200,113,161,graphml/Deltacom.graphml,2,1,adversarial,0.95,52,58,9,43,12,-1,-10,55,25,46,12,edgeCount
199,113,161,graphml/Deltacom.graphml,2,1,adversarial,0.95,40,36,10,30,12,-1,-11,23,15,13,12,edgeCount
198,113,161,graphml/Deltacom.graphml,1,0,adversarial,0.95,5,5,5,0,2,-1,-6,5,5,0,2,edgeCount
197,113,161,graphml/Deltacom.graphml,2,1,adversarial,0.95,11,11,11,0,0,11,0,11,11,0,0,edgeCount
196,113,161,graphml/Deltacom.graphml,3,2,adversarial,0.95,41,37,8,33,2,-1,-9,41,37,33,2,edgeCount
195,113,161,graphml/Deltacom.graphml,2,1,adversarial,0.95,37,37,15,22,0,37,22,37,37,22,0,edgeCount
194,113,161,graphml/Deltacom.graphml,2,1,adversarial,0.95,20,20,7,13,0,20,13,20,20,13,0,edgeCount
193,113,161,graphml/Deltacom.graphml,2,1,adversarial,0.95,4,4,4,0,0,4,0,4,4,0,0,edgeCount
192,113,161,graphml/Deltacom.graphml,2,1,adversarial,0.95,6,11,6,0,0,16,10,6,6,0,0,edgeCount
191,113,161,graphml/Deltacom.graphml,2,1,adversarial,0.95,6,6,4,2,0,7,3,7,6,3,0,edgeCount
190,113,161,graphml/Deltacom.graphml,2,1,adversarial,0.95,4,4,4,0,2,4,0,16,4,12,2,edgeCount
189,113,161,graphml/Deltacom.graphml,2,1,adversarial,0.95,31,31,10,21,2,-1,-11,53,17,43,2,edgeCount
188,113,161,graphml/Deltacom.graphml,2,1,adversarial,0.95,8,8,8,0,0,8,0,8,8,0,0,edgeCount
187,113,161,graphml/Deltacom.graphml,2,1,adversarial,0.95,3,3,3,0,0,7,4,7,7,4,0,edgeCount
186,113,161,graphml/Deltacom.graphml,2,1,adversarial,0.95,41,23,8,33,6,-1,-9,34,8,26,6,edgeCount
185,113,161,graphml/Deltacom.graphml,2,1,adversarial,0.95,36,30,7,29,6,-1,-8,39,13,32,4,edgeCount
184,113,161,graphml/Deltacom.graphml,2,1,adversarial,0.95,6,6,3,3,0,16,13,6,6,3,0,edgeCount
183,113,161,graphml/Deltacom.graphml,2,1,adversarial,0.95,4,4,4,0,0,4,0,4,4,0,0,edgeCount
182,113,161,graphml/Deltacom.graphml,2,1,adversarial,0.95,7,7,6,1,0,7,1,7,7,1,0,edgeCount
181,113,161,graphml/Deltacom.graphml,2,1,adversarial,0.95,6,6,6,0,0,6,0,6,6,0,0,edgeCount
180,113,161,graphml/Deltacom.graphml,2,1,adversarial,0.95,11,47,6,5,2,11,5,7,19,1,2,edgeCount
179,113,161,graphml/Deltacom.graphml,2,1,adversarial,0.95,9,9,9,0,0,9,0,9,9,0,0,edgeCount
178,113,161,graphml/Deltacom.graphml,2,1,adversarial,0.95,27,27,6,21,0,27,21,27,27,21,0,edgeCount
177,113,161,graphml/Deltacom.graphml,3,2,adversarial,0.95,23,23,4,19,0,23,19,23,23,19,0,edgeCount
176,113,161,graphml/Deltacom.graphml,1,0,adversarial,0.95,6,42,6,0,8,6,0,6,42,0,8,edgeCount
175,113,161,graphml/Deltacom.graphml,2,1,adversarial,0.95,8,10,8,0,0,22,14,22,22,14,0,edgeCount
174,113,161,graphml/Deltacom.graphml,2,1,adversarial,0.95,14,14,14,0,0,48,34,14,14,0,0,edgeCount
173,113,161,graphml/Deltacom.graphml,2,1,adversarial,0.95,12,12,12,0,2,12,0,12,12,0,2,edgeCount
172,113,161,graphml/Deltacom.graphml,1,0,adversarial,0.95,18,18,10,8,2,-1,-11,18,18,8,2,edgeCount
171,113,161,graphml/Deltacom.graphml,3,2,adversarial,0.95,12,26,4,8,0,20,16,20,20,16,0,edgeCount
170,113,161,graphml/Deltacom.graphml,4,3,adversarial,0.95,15,15,7,8,0,15,8,15,15,8,0,edgeCount
169,113,161,graphml/Deltacom.graphml,2,1,adversarial,0.95,11,11,11,0,0,11,0,11,11,0,0,edgeCount
168,113,161,graphml/Deltacom.graphml,3,2,adversarial,0.95,23,23,9,14,0,23,14,23,23,14,0,edgeCount
167,113,161,graphml/Deltacom.graphml,2,1,adversarial,0.95,8,8,6,2,2,8,2,24,26,18,2,edgeCount
166,113,161,graphml/Deltacom.graphml,2,1,adversarial,0.95,10,10,10,0,0,10,0,10,10,0,0,edgeCount
165,113,161,graphml/Deltacom.graphml,2,1,adversarial,0.95,7,21,6,1,0,7,1,7,7,1,0,edgeCount
164,113,161,graphml/Deltacom.graphml,2,1,adversarial,0.95,49,49,20,29,2,-1,-21,49,49,29,2,edgeCount
163,113,161,graphml/Deltacom.graphml,1,0,adversarial,0.95,8,8,8,0,0,8,0,8,8,0,0,edgeCount
162,113,161,graphml/Deltacom.graphml,1,0,adversarial,0.95,13,13,13,0,2,13,0,13,13,0,2,edgeCount
161,113,161,graphml/Deltacom.graphml,2,1,adversarial,0.95,7,7,7,0,2,7,0,25,29,18,2,edgeCount
160,113,161,graphml/Deltacom.graphml,2,1,adversarial,0.95,11,11,11,0,0,11,0,11,11,0,0,edgeCount
159,113,161,graphml/Deltacom.graphml,2,1,adversarial,0.95,3,3,3,0,0,3,0,3,3,0,0,edgeCount
158,113,161,graphml/Deltacom.graphml,1,0,adversarial,0.95,14,14,12,2,2,-1,-13,14,14,2,2,edgeCount
157,113,161,graphml/Deltacom.graphml,2,1,adversarial,0.95,16,48,6,10,2,16,10,18,18,12,2,edgeCount
156,113,161,graphml/Deltacom.graphml,4,3,adversarial,0.95,3,3,3,0,2,3,0,3,3,0,2,edgeCount
155,113,161,graphml/Deltacom.graphml,2,1,adversarial,0.95,14,14,14,0,0,14,0,14,14,0,0,edgeCount
154,113,161,graphml/Deltacom.graphml,2,1,adversarial,0.95,10,10,9,1,0,10,1,10,10,1,0,edgeCount
153,113,161,graphml/Deltacom.graphml,2,1,adversarial,0.95,19,19,8,11,0,19,11,19,19,11,0,edgeCount
152,113,161,graphml/Deltacom.graphml,4,3,adversarial,0.95,3,3,3,0,2,3,0,7,3,4,2,edgeCount
151,113,161,graphml/Deltacom.graphml,2,1,adversarial,0.95,43,43,15,28,2,43,28,43,43,28,2,edgeCount
150,113,161,graphml/Deltacom.graphml,2,1,adversarial,0.95,49,49,15,34,0,49,34,49,49,34,0,edgeCount
148,113,161,graphml/Deltacom.graphml,3,2,adversarial,0.95,21,21,9,12,0,21,12,21,21,12,0,edgeCount
147,113,161,graphml/Deltacom.graphml,3,2,adversarial,0.95,12,12,5,7,0,12,7,12,12,7,0,edgeCount
146,113,161,graphml/Deltacom.graphml,2,1,adversarial,0.95,24,22,8,16,12,-1,-9,35,53,27,12,edgeCount
145,113,161,graphml/Deltacom.graphml,2,1,adversarial,0.95,17,17,7,10,0,17,10,17,17,10,0,edgeCount
144,113,161,graphml/Deltacom.graphml,2,1,adversarial,0.95,6,6,6,0,2,16,10,16,36,10,2,edgeCount
143,113,161,graphml/Deltacom.graphml,3,2,adversarial,0.95,9,29,6,3,8,23,17,9,53,3,8,edgeCount
142,113,161,graphml/Deltacom.graphml,2,1,adversarial,0.95,15,15,13,2,4,-1,-14,72,40,59,2,edgeCount
141,113,161,graphml/Deltacom.graphml,2,1,adversarial,0.95,4,4,4,0,2,4,0,18,12,14,2,edgeCount
140,113,161,graphml/Deltacom.graphml,1,0,adversarial,0.95,32,32,10,22,2,-1,-11,32,32,22,2,edgeCount
139,113,161,graphml/Deltacom.graphml,3,2,adversarial,0.95,17,17,5,12,0,17,12,17,17,12,0,edgeCount
138,113,161,graphml/Deltacom.graphml,1,0,adversarial,0.95,14,14,14,0,0,14,0,14,14,0,0,edgeCount
137,113,161,graphml/Deltacom.graphml,2,1,adversarial,0.95,10,10,10,0,0,10,0,10,10,0,0,edgeCount
136,113,161,graphml/Deltacom.graphml,2,1,adversarial,0.95,5,5,5,0,0,5,0,5,5,0,0,edgeCount
135,113,161,graphml/Deltacom.graphml,3,2,adversarial,0.95,7,7,7,0,0,7,0,7,7,0,0,edgeCount
134,113,161,graphml/Deltacom.graphml,2,1,adversarial,0.95,7,7,7,0,2,7,0,7,7,0,2,edgeCount
133,113,161,graphml/Deltacom.graphml,2,1,adversarial,0.95,14,14,5,9,0,14,9,14,14,9,0,edgeCount
132,113,161,graphml/Deltacom.graphml,2,1,adversarial,0.95,4,4,4,0,0,4,0,4,4,0,0,edgeCount
131,113,161,graphml/Deltacom.graphml,2,1,adversarial,0.95,8,8,6,2,4,22,16,22,30,16,2,edgeCount
130,113,161,graphml/Deltacom.graphml,2,1,adversarial,0.95,4,4,4,0,0,15,11,4,4,0,0,edgeCount
129,113,161,graphml/Deltacom.graphml,2,1,adversarial,0.95,45,27,12,33,0,27,15,27,27,15,0,edgeCount
128,113,161,graphml/Deltacom.graphml,2,1,adversarial,0.95,10,10,10,0,2,10,0,32,10,22,2,edgeCount
127,113,161,graphml/Deltacom.graphml,3,2,adversarial,0.95,83,35,13,70,2,-1,-14,61,21,48,2,edgeCount
126,113,161,graphml/Deltacom.graphml,1,0,adversarial,0.95,5,5,5,0,0,5,0,5,5,0,0,edgeCount
125,113,161,graphml/Deltacom.graphml,2,1,adversarial,0.95,3,3,3,0,4,3,0,9,13,6,4,edgeCount
124,113,161,graphml/Deltacom.graphml,3,2,adversarial,0.95,19,39,5,14,0,11,6,11,11,6,0,edgeCount
123,113,161,graphml/Deltacom.graphml,1,0,adversarial,0.95,12,12,12,0,4,12,0,12,12,0,4,edgeCount
122,113,161,graphml/Deltacom.graphml,2,1,adversarial,0.95,7,7,7,0,0,7,0,7,7,0,0,edgeCount
121,113,161,graphml/Deltacom.graphml,2,1,adversarial,0.95,22,22,7,15,0,22,15,22,22,15,0,edgeCount
120,113,161,graphml/Deltacom.graphml,1,0,adversarial,0.95,12,12,12,0,0,12,0,12,12,0,0,edgeCount
119,113,161,graphml/Deltacom.graphml,3,2,adversarial,0.95,11,5,4,7,0,18,14,18,18,14,0,edgeCount
118,113,161,graphml/Deltacom.graphml,2,1,adversarial,0.95,26,26,8,18,0,20,12,20,20,12,0,edgeCount
117,113,161,graphml/Deltacom.graphml,1,0,adversarial,0.95,18,18,18,0,2,18,0,18,18,0,2,edgeCount
116,113,161,graphml/Deltacom.graphml,3,2,adversarial,0.95,21,22,7,14,0,21,14,21,21,14,0,edgeCount
115,113,161,graphml/Deltacom.graphml,2,1,adversarial,0.95,13,5,5,8,0,5,0,13,13,8,0,edgeCount
114,113,161,graphml/Deltacom.graphml,3,2,adversarial,0.95,34,32,7,27,0,30,23,30,30,23,0,edgeCount
113,113,161,graphml/Deltacom.graphml,2,1,adversarial,0.95,9,9,7,2,0,9,2,9,9,2,0,edgeCount
112,113,161,graphml/Deltacom.graphml,3,2,adversarial,0.95,5,4,4,1,0,5,1,4,4,0,0,edgeCount
111,113,161,graphml/Deltacom.graphml,1,0,adversarial,0.95,24,12,11,13,6,-1,-12,24,12,13,6,edgeCount
110,113,161,graphml/Deltacom.graphml,2,1,adversarial,0.95,43,43,14,29,2,43,29,43,43,29,2,edgeCount
109,113,161,graphml/Deltacom.graphml,1,0,adversarial,0.95,8,28,8,0,2,8,0,8,28,0,2,edgeCount
108,113,161,graphml/Deltacom.graphml,2,1,adversarial,0.95,38,38,16,22,0,36,20,36,36,20,0,edgeCount
107,113,161,graphml/Deltacom.graphml,2,1,adversarial,0.95,36,36,13,23,0,36,23,36,36,23,0,edgeCount
106,113,161,graphml/Deltacom.graphml,2,1,adversarial,0.95,15,15,6,9,2,15,9,7,21,1,2,edgeCount
105,113,161,graphml/Deltacom.graphml,2,1,adversarial,0.95,16,16,16,0,0,16,0,16,16,0,0,edgeCount
104,113,161,graphml/Deltacom.graphml,3,2,adversarial,0.95,9,9,4,5,0,9,5,9,9,5,0,edgeCount
103,113,161,graphml/Deltacom.graphml,2,1,adversarial,0.95,17,17,9,8,0,32,23,32,32,23,0,edgeCount
102,113,161,graphml/Deltacom.graphml,2,1,adversarial,0.95,19,37,6,13,4,19,13,9,47,3,4,edgeCount
100,113,161,graphml/Deltacom.graphml,2,1,adversarial,0.95,38,12,12,26,2,12,0,38,12,26,2,edgeCount
99,113,161,graphml/Deltacom.graphml,1,0,adversarial,0.95,9,9,9,0,0,9,0,9,9,0,0,edgeCount
98,113,161,graphml/Deltacom.graphml,2,1,adversarial,0.95,76,76,16,60,4,-1,-17,18,16,2,4,edgeCount
97,113,161,graphml/Deltacom.graphml,2,1,adversarial,0.95,4,4,4,0,0,4,0,4,4,0,0,edgeCount
96,113,161,graphml/Deltacom.graphml,2,1,adversarial,0.95,7,21,5,2,0,7,2,7,7,2,0,edgeCount
95,113,161,graphml/Deltacom.graphml,3,2,adversarial,0.95,26,22,6,20,0,22,16,22,22,16,0,edgeCount
94,113,161,graphml/Deltacom.graphml,2,1,adversarial,0.95,37,37,13,24,2,13,0,37,37,24,2,edgeCount
93,113,161,graphml/Deltacom.graphml,1,0,adversarial,0.95,13,13,13,0,2,13,0,13,13,0,2,edgeCount
92,113,161,graphml/Deltacom.graphml,2,1,adversarial,0.95,19,7,7,12,2,19,12,19,7,12,2,edgeCount
91,113,161,graphml/Deltacom.graphml,1,0,adversarial,0.95,6,6,6,0,0,6,0,6,6,0,0,edgeCount
90,113,161,graphml/Deltacom.graphml,1,0,adversarial,0.95,10,10,10,0,0,10,0,10,10,0,0,edgeCount
89,113,161,graphml/Deltacom.graphml,2,1,adversarial,0.95,20,20,20,0,0,20,0,20,20,0,0,edgeCount
87,113,161,graphml/Deltacom.graphml,2,1,adversarial,0.95,8,8,8,0,0,22,14,8,8,0,0,edgeCount
86,113,161,graphml/Deltacom.graphml,1,0,adversarial,0.95,2,2,2,0,0,2,0,2,2,0,0,edgeCount
85,113,161,graphml/Deltacom.graphml,3,2,adversarial,0.95,56,50,9,47,4,-1,-10,25,25,16,4,edgeCount
84,113,161,graphml/Deltacom.graphml,3,2,adversarial,0.95,26,26,8,18,0,26,18,26,26,18,0,edgeCount
83,113,161,graphml/Deltacom.graphml,2,1,adversarial,0.95,6,6,6,0,0,6,0,6,6,0,0,edgeCount
82,113,161,graphml/Deltacom.graphml,2,1,adversarial,0.95,2,2,2,0,0,2,0,2,2,0,0,edgeCount
81,113,161,graphml/Deltacom.graphml,1,0,adversarial,0.95,19,19,11,8,4,-1,-12,19,19,8,4,edgeCount
80,113,161,graphml/Deltacom.graphml,1,0,adversarial,0.95,19,19,9,10,4,-1,-10,19,19,10,4,edgeCount
79,113,161,graphml/Deltacom.graphml,2,1,adversarial,0.95,23,23,7,16,0,23,16,23,23,16,0,edgeCount
78,113,161,graphml/Deltacom.graphml,2,1,adversarial,0.95,44,28,8,36,2,-1,-9,41,13,33,2,edgeCount
77,113,161,graphml/Deltacom.graphml,1,0,adversarial,0.95,2,2,2,0,0,2,0,2,2,0,0,edgeCount
76,113,161,graphml/Deltacom.graphml,3,2,adversarial,0.95,39,11,11,28,4,-1,-12,39,11,28,4,edgeCount
75,113,161,graphml/Deltacom.graphml,2,1,adversarial,0.95,3,3,3,0,0,3,0,3,3,0,0,edgeCount
74,113,161,graphml/Deltacom.graphml,2,1,adversarial,0.95,15,25,7,8,0,15,8,15,15,8,0,edgeCount
73,113,161,graphml/Deltacom.graphml,2,1,adversarial,0.95,49,49,19,30,0,45,26,45,45,26,0,edgeCount
72,113,161,graphml/Deltacom.graphml,1,0,adversarial,0.95,12,12,12,0,2,12,0,12,12,0,2,edgeCount
71,113,161,graphml/Deltacom.graphml,2,1,adversarial,0.95,10,10,9,1,0,26,17,26,26,17,0,edgeCount
70,113,161,graphml/Deltacom.graphml,2,1,adversarial,0.95,27,27,8,19,2,-1,-9,35,17,27,2,edgeCount
69,113,161,graphml/Deltacom.graphml,2,1,adversarial,0.95,4,4,4,0,2,4,0,4,4,0,2,edgeCount
68,113,161,graphml/Deltacom.graphml,2,1,adversarial,0.95,42,18,16,26,0,40,24,40,40,24,0,edgeCount
67,113,161,graphml/Deltacom.graphml,2,1,adversarial,0.95,33,33,9,24,0,17,8,17,17,8,0,edgeCount
66,113,161,graphml/Deltacom.graphml,2,1,adversarial,0.95,23,23,4,19,2,-1,-5,14,6,10,2,edgeCount
65,113,161,graphml/Deltacom.graphml,2,1,adversarial,0.95,10,45,8,2,0,9,1,9,9,1,0,edgeCount
64,113,161,graphml/Deltacom.graphml,2,1,adversarial,0.95,23,23,5,18,2,-1,-6,7,7,2,2,edgeCount
63,113,161,graphml/Deltacom.graphml,2,1,adversarial,0.95,18,18,16,2,0,18,2,18,18,2,0,edgeCount
62,113,161,graphml/Deltacom.graphml,3,2,adversarial,0.95,14,14,6,8,0,14,8,14,14,8,0,edgeCount
61,113,161,graphml/Deltacom.graphml,2,1,adversarial,0.95,6,6,6,0,0,6,0,6,6,0,0,edgeCount
60,113,161,graphml/Deltacom.graphml,3,2,adversarial,0.95,23,27,8,15,0,24,16,42,42,34,0,edgeCount
59,113,161,graphml/Deltacom.graphml,3,2,adversarial,0.95,9,9,9,0,0,9,0,9,9,0,0,edgeCount
58,113,161,graphml/Deltacom.graphml,2,1,adversarial,0.95,37,33,12,25,0,13,1,37,37,25,0,edgeCount
57,113,161,graphml/Deltacom.graphml,2,1,adversarial,0.95,17,17,7,10,0,17,10,17,17,10,0,edgeCount
56,113,161,graphml/Deltacom.graphml,3,2,adversarial,0.95,49,53,10,39,0,49,39,49,49,39,0,edgeCount
55,113,161,graphml/Deltacom.graphml,2,1,adversarial,0.95,11,34,11,0,0,31,20,31,31,20,0,edgeCount
54,113,161,graphml/Deltacom.graphml,2,1,adversarial,0.95,62,62,15,47,2,-1,-16,67,33,52,2,edgeCount
53,113,161,graphml/Deltacom.graphml,2,1,adversarial,0.95,15,15,7,8,0,15,8,15,15,8,0,edgeCount
52,113,161,graphml/Deltacom.graphml,3,2,adversarial,0.95,15,15,6,9,0,15,9,15,15,9,0,edgeCount
51,113,161,graphml/Deltacom.graphml,2,1,adversarial,0.95,16,16,16,0,0,16,0,16,16,0,0,edgeCount
50,113,161,graphml/Deltacom.graphml,3,2,adversarial,0.95,22,22,8,14,0,22,14,22,22,14,0,edgeCount
49,113,161,graphml/Deltacom.graphml,2,1,adversarial,0.95,15,15,6,9,0,15,9,15,15,9,0,edgeCount
48,113,161,graphml/Deltacom.graphml,3,2,adversarial,0.95,11,11,8,3,0,54,46,54,54,46,0,edgeCount
47,113,161,graphml/Deltacom.graphml,3,2,adversarial,0.95,9,9,7,2,0,7,0,7,7,0,0,edgeCount
46,113,161,graphml/Deltacom.graphml,2,1,adversarial,0.95,3,5,3,0,0,5,2,3,5,0,0,edgeCount
45,113,161,graphml/Deltacom.graphml,2,1,adversarial,0.95,29,9,9,20,2,9,0,29,9,20,2,edgeCount
44,113,161,graphml/Deltacom.graphml,2,1,adversarial,0.95,12,12,12,0,0,42,30,12,12,0,0,edgeCount
43,113,161,graphml/Deltacom.graphml,2,1,adversarial,0.95,23,23,8,15,0,23,15,23,23,15,0,edgeCount
42,113,161,graphml/Deltacom.graphml,1,0,adversarial,0.95,44,44,15,29,2,-1,-16,44,44,29,2,edgeCount
41,113,161,graphml/Deltacom.graphml,4,3,adversarial,0.95,10,10,7,3,0,33,26,10,10,3,0,edgeCount
40,113,161,graphml/Deltacom.graphml,2,1,adversarial,0.95,14,14,6,8,2,14,8,14,14,8,2,edgeCount
39,113,161,graphml/Deltacom.graphml,3,2,adversarial,0.95,5,5,5,0,2,16,11,5,5,0,2,edgeCount
38,113,161,graphml/Deltacom.graphml,2,1,adversarial,0.95,6,6,6,0,0,6,0,6,6,0,0,edgeCount
37,113,161,graphml/Deltacom.graphml,2,1,adversarial,0.95,35,35,11,24,2,35,24,15,45,4,2,edgeCount
36,113,161,graphml/Deltacom.graphml,2,1,adversarial,0.95,21,25,5,16,2,-1,-6,19,9,14,2,edgeCount
35,113,161,graphml/Deltacom.graphml,2,1,adversarial,0.95,12,12,12,0,0,12,0,12,12,0,0,edgeCount
33,113,161,graphml/Deltacom.graphml,4,3,adversarial,0.95,75,41,9,66,8,41,32,33,81,24,8,edgeCount
32,113,161,graphml/Deltacom.graphml,2,1,adversarial,0.95,13,29,4,9,0,5,1,13,13,9,0,edgeCount
31,113,161,graphml/Deltacom.graphml,2,1,adversarial,0.95,9,9,7,2,6,7,0,23,37,16,4,edgeCount
30,113,161,graphml/Deltacom.graphml,2,1,adversarial,0.95,15,15,15,0,0,15,0,15,15,0,0,edgeCount
29,113,161,graphml/Deltacom.graphml,3,2,adversarial,0.95,8,8,7,1,0,8,1,8,8,1,0,edgeCount
28,113,161,graphml/Deltacom.graphml,2,1,adversarial,0.95,21,9,8,13,6,-1,-9,9,9,1,6,edgeCount
27,113,161,graphml/Deltacom.graphml,2,1,adversarial,0.95,48,66,13,35,6,-1,-14,16,66,3,6,edgeCount
26,113,161,graphml/Deltacom.graphml,2,1,adversarial,0.95,4,4,4,0,0,4,0,4,4,0,0,edgeCount
25,113,161,graphml/Deltacom.graphml,2,1,adversarial,0.95,9,35,4,5,4,9,5,5,25,1,4,edgeCount
24,113,161,graphml/Deltacom.graphml,2,1,adversarial,0.95,8,8,8,0,0,8,0,8,8,0,0,edgeCount
23,113,161,graphml/Deltacom.graphml,2,1,adversarial,0.95,17,17,7,10,0,17,10,17,17,10,0,edgeCount
22,113,161,graphml/Deltacom.graphml,2,1,adversarial,0.95,4,4,4,0,0,4,0,4,4,0,0,edgeCount
21,113,161,graphml/Deltacom.graphml,1,0,adversarial,0.95,27,15,9,18,6,-1,-10,27,15,18,6,edgeCount
20,113,161,graphml/Deltacom.graphml,1,0,adversarial,0.95,9,9,9,0,4,9,0,9,9,0,4,edgeCount
19,113,161,graphml/Deltacom.graphml,2,1,adversarial,0.95,11,31,9,2,6,-1,-10,11,31,2,6,edgeCount
18,113,161,graphml/Deltacom.graphml,1,0,adversarial,0.95,13,13,13,0,4,13,0,13,13,0,4,edgeCount
17,113,161,graphml/Deltacom.graphml,1,0,adversarial,0.95,12,12,12,0,2,12,0,12,12,0,2,edgeCount
16,113,161,graphml/Deltacom.graphml,2,1,adversarial,0.95,10,10,10,0,0,10,0,10,10,0,0,edgeCount
15,113,161,graphml/Deltacom.graphml,2,1,adversarial,0.95,40,40,13,27,2,40,27,18,82,5,2,edgeCount
14,113,161,graphml/Deltacom.graphml,2,1,adversarial,0.95,51,51,17,34,0,51,34,51,51,34,0,edgeCount
13,113,161,graphml/Deltacom.graphml,2,1,adversarial,0.95,60,48,13,47,4,-1,-14,66,36,53,4,edgeCount
12,113,161,graphml/Deltacom.graphml,2,1,adversarial,0.95,38,38,16,22,0,36,20,36,36,20,0,edgeCount
11,113,161,graphml/Deltacom.graphml,2,1,adversarial,0.95,74,36,12,62,4,36,24,18,56,6,4,edgeCount
10,113,161,graphml/Deltacom.graphml,2,1,adversarial,0.95,9,9,9,0,0,9,0,9,9,0,0,edgeCount
9,113,161,graphml/Deltacom.graphml,3,2,adversarial,0.95,10,10,10,0,0,10,0,10,10,0,0,edgeCount
8,113,161,graphml/Deltacom.graphml,1,0,adversarial,0.95,8,6,5,3,4,-1,-6,8,6,3,4,edgeCount
7,113,161,graphml/Deltacom.graphml,2,1,adversarial,0.95,17,17,9,8,0,13,4,13,13,4,0,edgeCount
6,113,161,graphml/Deltacom.graphml,2,1,adversarial,0.95,8,8,8,0,0,8,0,8,8,0,0,edgeCount
4,113,161,graphml/Deltacom.graphml,2,1,adversarial,0.95,24,24,9,15,0,24,15,24,24,15,0,edgeCount
3,113,161,graphml/Deltacom.graphml,1,0,adversarial,0.95,14,14,14,0,0,14,0,14,14,0,0,edgeCount
2,113,161,graphml/Deltacom.graphml,2,1,adversarial,0.95,5,5,5,0,0,5,0,5,5,0,0,edgeCount
1,113,161,graphml/Deltacom.graphml,3,2,adversarial,0.95,7,7,6,1,4,40,34,26,7,20,4,edgeCount
