rep,nrNodes,nrEdges,edgeProb,nrPaths,nrFails,failureModel,failurePercent,hopsRanked,hopsUnranked,spLength,stretch_mult,nodeAdditions,hopsPath,stretch_path,hopsRankedOne,hopsUnrankedOne,stretch_one,overallNodeAdditionsOne,treeChoice
998,93,103,graphml/Oteglobe.graphml,1,0,clustered,0.6;-0.3,10,10,10,0,0,10,0,10,10,0,0,edgeCount
997,93,103,graphml/Oteglobe.graphml,2,1,clustered,0.6;-0.3,24,24,10,14,0,-1,-11,-1,-1,-11,0,edgeCount
995,93,103,graphml/Oteglobe.graphml,2,1,clustered,0.6;-0.3,49,33,13,36,4,33,20,33,33,20,4,edgeCount
994,93,103,graphml/Oteglobe.graphml,1,0,clustered,0.6;-0.3,8,12,8,0,6,8,0,8,12,0,6,edgeCount
993,93,103,graphml/Oteglobe.graphml,2,1,clustered,0.6;-0.3,24,24,14,10,0,-1,-15,-1,-1,-15,0,edgeCount
992,93,103,graphml/Oteglobe.graphml,1,0,clustered,0.6;-0.3,10,10,10,0,0,10,0,10,10,0,0,edgeCount
991,93,103,graphml/Oteglobe.graphml,1,0,clustered,0.6;-0.3,5,5,5,0,0,5,0,5,5,0,0,edgeCount
990,93,103,graphml/Oteglobe.graphml,1,0,clustered,0.6;-0.3,4,4,4,0,0,4,0,4,4,0,0,edgeCount
989,93,103,graphml/Oteglobe.graphml,1,0,clustered,0.6;-0.3,19,13,13,6,2,-1,-14,19,13,6,2,edgeCount
988,93,103,graphml/Oteglobe.graphml,1,0,clustered,0.6;-0.3,-1,-1,8,-9,0,-1,-9,-1,-1,-9,0,edgeCount
987,93,103,graphml/Oteglobe.graphml,1,0,clustered,0.6;-0.3,-1,-1,8,-9,0,-1,-9,-1,-1,-9,0,edgeCount
986,93,103,graphml/Oteglobe.graphml,2,1,clustered,0.6;-0.3,8,8,6,2,2,8,2,8,8,2,2,edgeCount
985,93,103,graphml/Oteglobe.graphml,1,0,clustered,0.6;-0.3,12,12,12,0,0,12,0,12,12,0,0,edgeCount
984,93,103,graphml/Oteglobe.graphml,2,1,clustered,0.6;-0.3,11,11,11,0,0,11,0,11,11,0,0,edgeCount
983,93,103,graphml/Oteglobe.graphml,3,2,clustered,0.6;-0.3,20,20,14,6,0,20,6,20,20,6,0,edgeCount
976,93,103,graphml/Oteglobe.graphml,1,0,clustered,0.6;-0.3,-1,-1,8,-9,0,-1,-9,-1,-1,-9,0,edgeCount
975,93,103,graphml/Oteglobe.graphml,1,0,clustered,0.6;-0.3,3,3,3,0,0,3,0,3,3,0,0,edgeCount
974,93,103,graphml/Oteglobe.graphml,2,1,clustered,0.6;-0.3,27,23,9,18,2,23,14,23,23,14,2,edgeCount
972,93,103,graphml/Oteglobe.graphml,2,1,clustered,0.6;-0.3,10,10,10,0,0,10,0,10,10,0,0,edgeCount
970,93,103,graphml/Oteglobe.graphml,2,1,clustered,0.6;-0.3,5,5,2,3,2,5,3,5,5,3,2,edgeCount
969,93,103,graphml/Oteglobe.graphml,2,1,clustered,0.6;-0.3,10,4,4,6,0,-1,-5,10,4,6,0,edgeCount
967,93,103,graphml/Oteglobe.graphml,2,1,clustered,0.6;-0.3,22,22,11,11,2,22,11,22,22,11,2,edgeCount
966,93,103,graphml/Oteglobe.graphml,2,1,clustered,0.6;-0.3,9,9,9,0,0,9,0,9,9,0,0,edgeCount
965,93,103,graphml/Oteglobe.graphml,2,1,clustered,0.6;-0.3,8,8,8,0,2,8,0,8,8,0,2,edgeCount
964,93,103,graphml/Oteglobe.graphml,1,0,clustered,0.6;-0.3,-1,-1,11,-12,0,-1,-12,-1,-1,-12,0,edgeCount
963,93,103,graphml/Oteglobe.graphml,3,2,clustered,0.6;-0.3,3,3,3,0,2,3,0,3,3,0,2,edgeCount
961,93,103,graphml/Oteglobe.graphml,2,1,clustered,0.6;-0.3,18,18,8,10,0,18,10,18,18,10,0,edgeCount
960,93,103,graphml/Oteglobe.graphml,2,1,clustered,0.6;-0.3,29,29,13,16,0,-1,-14,-1,-1,-14,0,edgeCount
959,93,103,graphml/Oteglobe.graphml,2,1,clustered,0.6;-0.3,5,5,5,0,2,5,0,5,5,0,2,edgeCount
958,93,103,graphml/Oteglobe.graphml,1,0,clustered,0.6;-0.3,6,32,6,0,4,-1,-7,6,32,0,4,edgeCount
957,93,103,graphml/Oteglobe.graphml,2,1,clustered,0.6;-0.3,26,26,10,16,0,26,16,26,26,16,0,edgeCount
955,93,103,graphml/Oteglobe.graphml,1,0,clustered,0.6;-0.3,7,7,7,0,0,7,0,7,7,0,0,edgeCount
954,93,103,graphml/Oteglobe.graphml,1,0,clustered,0.6;-0.3,-1,-1,17,-18,0,-1,-18,-1,-1,-18,0,edgeCount
948,93,103,graphml/Oteglobe.graphml,2,1,clustered,0.6;-0.3,6,6,6,0,0,6,0,6,6,0,0,edgeCount
947,93,103,graphml/Oteglobe.graphml,1,0,clustered,0.6;-0.3,9,9,9,0,2,9,0,9,9,0,2,edgeCount
946,93,103,graphml/Oteglobe.graphml,1,0,clustered,0.6;-0.3,3,3,3,0,0,3,0,3,3,0,0,edgeCount
945,93,103,graphml/Oteglobe.graphml,2,1,clustered,0.6;-0.3,4,38,4,0,2,10,6,10,10,6,2,edgeCount
944,93,103,graphml/Oteglobe.graphml,2,1,clustered,0.6;-0.3,5,5,5,0,0,5,0,5,5,0,0,edgeCount
942,93,103,graphml/Oteglobe.graphml,2,1,clustered,0.6;-0.3,7,7,7,0,0,7,0,7,7,0,0,edgeCount
940,93,103,graphml/Oteglobe.graphml,1,0,clustered,0.6;-0.3,27,17,13,14,2,-1,-14,27,17,14,2,edgeCount
939,93,103,graphml/Oteglobe.graphml,3,2,clustered,0.6;-0.3,-1,-1,16,-17,0,-1,-17,-1,-1,-17,0,edgeCount
938,93,103,graphml/Oteglobe.graphml,2,1,clustered,0.6;-0.3,43,19,17,26,0,-1,-18,-1,-1,-18,0,edgeCount
936,93,103,graphml/Oteglobe.graphml,2,1,clustered,0.6;-0.3,37,37,12,25,0,37,25,37,37,25,0,edgeCount
933,93,103,graphml/Oteglobe.graphml,2,1,clustered,0.6;-0.3,7,7,6,1,0,33,27,7,7,1,0,edgeCount
932,93,103,graphml/Oteglobe.graphml,2,1,clustered,0.6;-0.3,26,26,11,15,0,26,15,26,26,15,0,edgeCount
931,93,103,graphml/Oteglobe.graphml,2,1,clustered,0.6;-0.3,39,33,8,31,2,-1,-9,34,16,26,2,edgeCount
927,93,103,graphml/Oteglobe.graphml,2,1,clustered,0.6;-0.3,3,3,3,0,2,3,0,3,3,0,2,edgeCount
926,93,103,graphml/Oteglobe.graphml,2,1,clustered,0.6;-0.3,26,26,8,18,0,26,18,26,26,18,0,edgeCount
925,93,103,graphml/Oteglobe.graphml,1,0,clustered,0.6;-0.3,11,11,11,0,0,11,0,11,11,0,0,edgeCount
924,93,103,graphml/Oteglobe.graphml,1,0,clustered,0.6;-0.3,9,9,9,0,0,9,0,9,9,0,0,edgeCount
923,93,103,graphml/Oteglobe.graphml,2,1,clustered,0.6;-0.3,40,40,14,26,0,20,6,20,20,6,0,edgeCount
922,93,103,graphml/Oteglobe.graphml,1,0,clustered,0.6;-0.3,-1,-1,11,-12,2,-1,-12,-1,-1,-12,2,edgeCount
921,93,103,graphml/Oteglobe.graphml,2,1,clustered,0.6;-0.3,7,7,4,3,4,7,3,7,7,3,4,edgeCount
919,93,103,graphml/Oteglobe.graphml,2,1,clustered,0.6;-0.3,16,16,5,11,0,16,11,16,16,11,0,edgeCount
917,93,103,graphml/Oteglobe.graphml,2,1,clustered,0.6;-0.3,26,28,16,10,6,-1,-17,26,28,10,6,edgeCount
916,93,103,graphml/Oteglobe.graphml,2,1,clustered,0.6;-0.3,-1,-1,6,-7,0,-1,-7,-1,-1,-7,0,edgeCount
915,93,103,graphml/Oteglobe.graphml,2,1,clustered,0.6;-0.3,24,24,10,14,0,24,14,24,24,14,0,edgeCount
914,93,103,graphml/Oteglobe.graphml,1,0,clustered,0.6;-0.3,-1,-1,12,-13,2,-1,-13,-1,-1,-13,2,edgeCount
913,93,103,graphml/Oteglobe.graphml,3,2,clustered,0.6;-0.3,19,19,6,13,0,19,13,19,19,13,0,edgeCount
912,93,103,graphml/Oteglobe.graphml,1,0,clustered,0.6;-0.3,-1,-1,16,-17,2,-1,-17,-1,-1,-17,2,edgeCount
911,93,103,graphml/Oteglobe.graphml,2,1,clustered,0.6;-0.3,25,25,11,14,0,25,14,25,25,14,0,edgeCount
910,93,103,graphml/Oteglobe.graphml,2,1,clustered,0.6;-0.3,8,8,8,0,0,8,0,8,8,0,0,edgeCount
909,93,103,graphml/Oteglobe.graphml,2,1,clustered,0.6;-0.3,6,6,6,0,0,6,0,6,6,0,0,edgeCount
908,93,103,graphml/Oteglobe.graphml,1,0,clustered,0.6;-0.3,9,9,9,0,0,9,0,9,9,0,0,edgeCount
907,93,103,graphml/Oteglobe.graphml,1,0,clustered,0.6;-0.3,8,8,8,0,0,8,0,8,8,0,0,edgeCount
906,93,103,graphml/Oteglobe.graphml,2,1,clustered,0.6;-0.3,10,10,10,0,0,10,0,10,10,0,0,edgeCount
905,93,103,graphml/Oteglobe.graphml,2,1,clustered,0.6;-0.3,10,10,10,0,0,10,0,10,10,0,0,edgeCount
904,93,103,graphml/Oteglobe.graphml,1,0,clustered,0.6;-0.3,9,9,9,0,0,9,0,9,9,0,0,edgeCount
902,93,103,graphml/Oteglobe.graphml,2,1,clustered,0.6;-0.3,27,27,8,19,0,27,19,27,27,19,0,edgeCount
901,93,103,graphml/Oteglobe.graphml,1,0,clustered,0.6;-0.3,23,11,11,12,2,-1,-12,23,11,12,2,edgeCount
900,93,103,graphml/Oteglobe.graphml,1,0,clustered,0.6;-0.3,8,8,8,0,2,-1,-9,8,8,0,2,edgeCount
899,93,103,graphml/Oteglobe.graphml,2,1,clustered,0.6;-0.3,5,5,5,0,0,5,0,5,5,0,0,edgeCount
898,93,103,graphml/Oteglobe.graphml,2,1,clustered,0.6;-0.3,5,5,5,0,0,5,0,5,5,0,0,edgeCount
897,93,103,graphml/Oteglobe.graphml,1,0,clustered,0.6;-0.3,7,7,7,0,0,7,0,7,7,0,0,edgeCount
896,93,103,graphml/Oteglobe.graphml,1,0,clustered,0.6;-0.3,10,10,10,0,0,10,0,10,10,0,0,edgeCount
895,93,103,graphml/Oteglobe.graphml,2,1,clustered,0.6;-0.3,7,7,7,0,0,33,26,7,7,0,0,edgeCount
894,93,103,graphml/Oteglobe.graphml,1,0,clustered,0.6;-0.3,7,7,7,0,0,7,0,7,7,0,0,edgeCount
893,93,103,graphml/Oteglobe.graphml,1,0,clustered,0.6;-0.3,4,4,4,0,0,4,0,4,4,0,0,edgeCount
892,93,103,graphml/Oteglobe.graphml,2,1,clustered,0.6;-0.3,-1,-1,11,-12,0,-1,-12,-1,-1,-12,0,edgeCount
890,93,103,graphml/Oteglobe.graphml,2,1,clustered,0.6;-0.3,27,55,11,16,4,27,16,27,27,16,4,edgeCount
889,93,103,graphml/Oteglobe.graphml,1,0,clustered,0.6;-0.3,6,6,6,0,0,6,0,6,6,0,0,edgeCount
888,93,103,graphml/Oteglobe.graphml,2,1,clustered,0.6;-0.3,21,21,11,10,0,21,10,21,21,10,0,edgeCount
887,93,103,graphml/Oteglobe.graphml,2,1,clustered,0.6;-0.3,11,11,11,0,0,11,0,11,11,0,0,edgeCount
884,93,103,graphml/Oteglobe.graphml,1,0,clustered,0.6;-0.3,5,5,5,0,0,5,0,5,5,0,0,edgeCount
883,93,103,graphml/Oteglobe.graphml,1,0,clustered,0.6;-0.3,15,15,11,4,6,-1,-12,15,15,4,6,edgeCount
879,93,103,graphml/Oteglobe.graphml,2,1,clustered,0.6;-0.3,41,25,6,35,4,-1,-7,10,10,4,4,edgeCount
878,93,103,graphml/Oteglobe.graphml,1,0,clustered,0.6;-0.3,2,2,2,0,0,2,0,2,2,0,0,edgeCount
877,93,103,graphml/Oteglobe.graphml,2,1,clustered,0.6;-0.3,8,8,8,0,0,8,0,8,8,0,0,edgeCount
876,93,103,graphml/Oteglobe.graphml,2,1,clustered,0.6;-0.3,16,16,8,8,2,-1,-9,-1,-1,-9,2,edgeCount
875,93,103,graphml/Oteglobe.graphml,1,0,clustered,0.6;-0.3,4,4,4,0,0,4,0,4,4,0,0,edgeCount
874,93,103,graphml/Oteglobe.graphml,3,2,clustered,0.6;-0.3,72,42,14,58,0,-1,-15,-1,-1,-15,0,edgeCount
873,93,103,graphml/Oteglobe.graphml,1,0,clustered,0.6;-0.3,31,17,13,18,4,-1,-14,31,17,18,4,edgeCount
872,93,103,graphml/Oteglobe.graphml,2,1,clustered,0.6;-0.3,-1,-1,11,-12,0,-1,-12,-1,-1,-12,0,edgeCount
871,93,103,graphml/Oteglobe.graphml,2,1,clustered,0.6;-0.3,-1,-1,9,-10,0,-1,-10,-1,-1,-10,0,edgeCount
870,93,103,graphml/Oteglobe.graphml,3,2,clustered,0.6;-0.3,16,16,12,4,0,16,4,16,16,4,0,edgeCount
869,93,103,graphml/Oteglobe.graphml,2,1,clustered,0.6;-0.3,45,45,11,34,2,29,18,29,29,18,2,edgeCount
868,93,103,graphml/Oteglobe.graphml,1,0,clustered,0.6;-0.3,-1,-1,16,-17,0,-1,-17,-1,-1,-17,0,edgeCount
867,93,103,graphml/Oteglobe.graphml,1,0,clustered,0.6;-0.3,12,12,12,0,0,12,0,12,12,0,0,edgeCount
866,93,103,graphml/Oteglobe.graphml,1,0,clustered,0.6;-0.3,5,5,5,0,0,5,0,5,5,0,0,edgeCount
865,93,103,graphml/Oteglobe.graphml,1,0,clustered,0.6;-0.3,-1,-1,14,-15,2,-1,-15,-1,-1,-15,2,edgeCount
864,93,103,graphml/Oteglobe.graphml,2,1,clustered,0.6;-0.3,10,7,7,3,4,7,0,21,7,14,4,edgeCount
863,93,103,graphml/Oteglobe.graphml,2,1,clustered,0.6;-0.3,23,23,14,9,0,23,9,23,23,9,0,edgeCount
862,93,103,graphml/Oteglobe.graphml,1,0,clustered,0.6;-0.3,27,27,11,16,6,-1,-12,27,27,16,6,edgeCount
861,93,103,graphml/Oteglobe.graphml,1,0,clustered,0.6;-0.3,12,12,12,0,2,12,0,12,12,0,2,edgeCount
859,93,103,graphml/Oteglobe.graphml,1,0,clustered,0.6;-0.3,10,30,10,0,2,10,0,10,30,0,2,edgeCount
858,93,103,graphml/Oteglobe.graphml,2,1,clustered,0.6;-0.3,28,28,14,14,0,-1,-15,-1,-1,-15,0,edgeCount
857,93,103,graphml/Oteglobe.graphml,1,0,clustered,0.6;-0.3,4,4,4,0,0,4,0,4,4,0,0,edgeCount
856,93,103,graphml/Oteglobe.graphml,2,1,clustered,0.6;-0.3,45,45,13,32,0,-1,-14,-1,-1,-14,0,edgeCount
853,93,103,graphml/Oteglobe.graphml,2,1,clustered,0.6;-0.3,9,9,9,0,0,9,0,9,9,0,0,edgeCount
852,93,103,graphml/Oteglobe.graphml,1,0,clustered,0.6;-0.3,-1,-1,9,-10,0,-1,-10,-1,-1,-10,0,edgeCount
851,93,103,graphml/Oteglobe.graphml,2,1,clustered,0.6;-0.3,8,8,8,0,2,8,0,8,8,0,2,edgeCount
850,93,103,graphml/Oteglobe.graphml,2,1,clustered,0.6;-0.3,5,5,5,0,0,5,0,5,5,0,0,edgeCount
849,93,103,graphml/Oteglobe.graphml,2,1,clustered,0.6;-0.3,29,29,15,14,4,-1,-16,-1,-1,-16,4,edgeCount
846,93,103,graphml/Oteglobe.graphml,1,0,clustered,0.6;-0.3,9,9,9,0,0,9,0,9,9,0,0,edgeCount
844,93,103,graphml/Oteglobe.graphml,2,1,clustered,0.6;-0.3,30,30,12,18,0,30,18,30,30,18,0,edgeCount
843,93,103,graphml/Oteglobe.graphml,2,1,clustered,0.6;-0.3,7,7,6,1,0,7,1,7,7,1,0,edgeCount
842,93,103,graphml/Oteglobe.graphml,1,0,clustered,0.6;-0.3,3,3,3,0,0,3,0,3,3,0,0,edgeCount
841,93,103,graphml/Oteglobe.graphml,1,0,clustered,0.6;-0.3,29,17,10,19,2,-1,-11,29,17,19,2,edgeCount
840,93,103,graphml/Oteglobe.graphml,2,1,clustered,0.6;-0.3,-1,-1,14,-15,0,-1,-15,-1,-1,-15,0,edgeCount
839,93,103,graphml/Oteglobe.graphml,2,1,clustered,0.6;-0.3,41,41,13,28,4,-1,-14,27,27,14,4,edgeCount
838,93,103,graphml/Oteglobe.graphml,2,1,clustered,0.6;-0.3,-1,-1,10,-11,0,-1,-11,-1,-1,-11,0,edgeCount
837,93,103,graphml/Oteglobe.graphml,1,0,clustered,0.6;-0.3,9,9,9,0,2,9,0,9,9,0,2,edgeCount
836,93,103,graphml/Oteglobe.graphml,2,1,clustered,0.6;-0.3,7,7,7,0,0,7,0,7,7,0,0,edgeCount
835,93,103,graphml/Oteglobe.graphml,1,0,clustered,0.6;-0.3,25,25,9,16,2,-1,-10,25,25,16,2,edgeCount
834,93,103,graphml/Oteglobe.graphml,3,2,clustered,0.6;-0.3,-1,-1,17,-18,0,-1,-18,-1,-1,-18,0,edgeCount
832,93,103,graphml/Oteglobe.graphml,1,0,clustered,0.6;-0.3,5,5,5,0,0,5,0,5,5,0,0,edgeCount
830,93,103,graphml/Oteglobe.graphml,2,1,clustered,0.6;-0.3,27,49,12,15,2,27,15,27,27,15,2,edgeCount
828,93,103,graphml/Oteglobe.graphml,3,2,clustered,0.6;-0.3,-1,-1,16,-17,0,-1,-17,-1,-1,-17,0,edgeCount
827,93,103,graphml/Oteglobe.graphml,2,1,clustered,0.6;-0.3,-1,-1,15,-16,2,-1,-16,-1,-1,-16,2,edgeCount
825,93,103,graphml/Oteglobe.graphml,2,1,clustered,0.6;-0.3,26,26,12,14,0,26,14,26,26,14,0,edgeCount
822,93,103,graphml/Oteglobe.graphml,2,1,clustered,0.6;-0.3,9,30,9,0,0,25,16,25,25,16,0,edgeCount
821,93,103,graphml/Oteglobe.graphml,2,1,clustered,0.6;-0.3,10,10,10,0,0,10,0,10,10,0,0,edgeCount
818,93,103,graphml/Oteglobe.graphml,2,1,clustered,0.6;-0.3,-1,-1,6,-7,0,-1,-7,-1,-1,-7,0,edgeCount
817,93,103,graphml/Oteglobe.graphml,1,0,clustered,0.6;-0.3,12,32,12,0,4,12,0,12,32,0,4,edgeCount
816,93,103,graphml/Oteglobe.graphml,2,1,clustered,0.6;-0.3,7,7,7,0,0,7,0,7,7,0,0,edgeCount
815,93,103,graphml/Oteglobe.graphml,2,1,clustered,0.6;-0.3,9,9,5,4,0,9,4,9,9,4,0,edgeCount
814,93,103,graphml/Oteglobe.graphml,2,1,clustered,0.6;-0.3,35,35,10,25,0,35,25,35,35,25,0,edgeCount
813,93,103,graphml/Oteglobe.graphml,2,1,clustered,0.6;-0.3,12,34,12,0,0,32,20,32,32,20,0,edgeCount
809,93,103,graphml/Oteglobe.graphml,1,0,clustered,0.6;-0.3,5,5,5,0,0,5,0,5,5,0,0,edgeCount
808,93,103,graphml/Oteglobe.graphml,1,0,clustered,0.6;-0.3,19,13,13,6,4,-1,-14,19,13,6,4,edgeCount
807,93,103,graphml/Oteglobe.graphml,1,0,clustered,0.6;-0.3,10,26,10,0,2,10,0,10,26,0,2,edgeCount
806,93,103,graphml/Oteglobe.graphml,1,0,clustered,0.6;-0.3,9,29,9,0,2,9,0,9,29,0,2,edgeCount
804,93,103,graphml/Oteglobe.graphml,2,1,clustered,0.6;-0.3,21,21,9,12,0,21,12,21,21,12,0,edgeCount
803,93,103,graphml/Oteglobe.graphml,3,2,clustered,0.6;-0.3,8,8,4,4,0,-1,-5,8,8,4,0,edgeCount
802,93,103,graphml/Oteglobe.graphml,2,1,clustered,0.6;-0.3,20,20,6,14,0,20,14,20,20,14,0,edgeCount
801,93,103,graphml/Oteglobe.graphml,1,0,clustered,0.6;-0.3,-1,-1,17,-18,0,-1,-18,-1,-1,-18,0,edgeCount
800,93,103,graphml/Oteglobe.graphml,1,0,clustered,0.6;-0.3,7,31,7,0,2,7,0,7,31,0,2,edgeCount
797,93,103,graphml/Oteglobe.graphml,2,1,clustered,0.6;-0.3,47,25,6,41,2,-1,-7,6,6,0,2,edgeCount
795,93,103,graphml/Oteglobe.graphml,2,1,clustered,0.6;-0.3,4,4,4,0,0,4,0,4,4,0,0,edgeCount
794,93,103,graphml/Oteglobe.graphml,1,0,clustered,0.6;-0.3,4,4,4,0,0,4,0,4,4,0,0,edgeCount
792,93,103,graphml/Oteglobe.graphml,2,1,clustered,0.6;-0.3,20,20,11,9,0,20,9,20,20,9,0,edgeCount
791,93,103,graphml/Oteglobe.graphml,2,1,clustered,0.6;-0.3,13,13,11,2,0,13,2,13,13,2,0,edgeCount
790,93,103,graphml/Oteglobe.graphml,2,1,clustered,0.6;-0.3,7,7,7,0,0,7,0,7,7,0,0,edgeCount
789,93,103,graphml/Oteglobe.graphml,2,1,clustered,0.6;-0.3,-1,-1,17,-18,2,-1,-18,-1,-1,-18,2,edgeCount
786,93,103,graphml/Oteglobe.graphml,1,0,clustered,0.6;-0.3,4,4,4,0,0,4,0,4,4,0,0,edgeCount
785,93,103,graphml/Oteglobe.graphml,2,1,clustered,0.6;-0.3,21,21,9,12,0,21,12,21,21,12,0,edgeCount
784,93,103,graphml/Oteglobe.graphml,1,0,clustered,0.6;-0.3,9,9,9,0,2,9,0,9,9,0,2,edgeCount
783,93,103,graphml/Oteglobe.graphml,2,1,clustered,0.6;-0.3,21,53,11,10,2,-1,-12,21,21,10,2,edgeCount
782,93,103,graphml/Oteglobe.graphml,2,1,clustered,0.6;-0.3,3,3,3,0,0,3,0,3,3,0,0,edgeCount
781,93,103,graphml/Oteglobe.graphml,2,1,clustered,0.6;-0.3,31,31,17,14,0,-1,-18,-1,-1,-18,0,edgeCount
780,93,103,graphml/Oteglobe.graphml,1,0,clustered,0.6;-0.3,-1,-1,8,-9,0,-1,-9,-1,-1,-9,0,edgeCount
778,93,103,graphml/Oteglobe.graphml,1,0,clustered,0.6;-0.3,3,11,3,0,4,3,0,3,11,0,4,edgeCount
777,93,103,graphml/Oteglobe.graphml,1,0,clustered,0.6;-0.3,8,8,8,0,2,8,0,8,8,0,2,edgeCount
776,93,103,graphml/Oteglobe.graphml,1,0,clustered,0.6;-0.3,-1,-1,6,-7,4,-1,-7,-1,-1,-7,4,edgeCount
775,93,103,graphml/Oteglobe.graphml,2,1,clustered,0.6;-0.3,7,7,7,0,0,7,0,7,7,0,0,edgeCount
774,93,103,graphml/Oteglobe.graphml,2,1,clustered,0.6;-0.3,9,9,9,0,2,9,0,29,41,20,2,edgeCount
773,93,103,graphml/Oteglobe.graphml,1,0,clustered,0.6;-0.3,33,33,9,24,4,9,0,33,33,24,4,edgeCount
772,93,103,graphml/Oteglobe.graphml,2,1,clustered,0.6;-0.3,9,9,6,3,0,9,3,9,9,3,0,edgeCount
771,93,103,graphml/Oteglobe.graphml,2,1,clustered,0.6;-0.3,27,27,11,16,0,27,16,27,27,16,0,edgeCount
770,93,103,graphml/Oteglobe.graphml,2,1,clustered,0.6;-0.3,8,8,8,0,0,8,0,8,8,0,0,edgeCount
769,93,103,graphml/Oteglobe.graphml,3,2,clustered,0.6;-0.3,4,4,4,0,0,20,16,4,4,0,0,edgeCount
768,93,103,graphml/Oteglobe.graphml,2,1,clustered,0.6;-0.3,9,9,9,0,0,9,0,9,9,0,0,edgeCount
767,93,103,graphml/Oteglobe.graphml,1,0,clustered,0.6;-0.3,11,11,11,0,0,11,0,11,11,0,0,edgeCount
766,93,103,graphml/Oteglobe.graphml,3,2,clustered,0.6;-0.3,2,2,2,0,0,2,0,2,2,0,0,edgeCount
765,93,103,graphml/Oteglobe.graphml,2,1,clustered,0.6;-0.3,8,8,8,0,2,8,0,8,8,0,2,edgeCount
764,93,103,graphml/Oteglobe.graphml,2,1,clustered,0.6;-0.3,5,5,5,0,0,5,0,5,5,0,0,edgeCount
763,93,103,graphml/Oteglobe.graphml,2,1,clustered,0.6;-0.3,24,54,10,14,0,24,14,24,24,14,0,edgeCount
760,93,103,graphml/Oteglobe.graphml,1,0,clustered,0.6;-0.3,-1,-1,10,-11,0,-1,-11,-1,-1,-11,0,edgeCount
759,93,103,graphml/Oteglobe.graphml,2,1,clustered,0.6;-0.3,40,40,12,28,0,20,8,20,20,8,0,edgeCount
758,93,103,graphml/Oteglobe.graphml,2,1,clustered,0.6;-0.3,7,7,7,0,0,7,0,7,7,0,0,edgeCount
757,93,103,graphml/Oteglobe.graphml,2,1,clustered,0.6;-0.3,9,9,9,0,0,9,0,9,9,0,0,edgeCount
755,93,103,graphml/Oteglobe.graphml,2,1,clustered,0.6;-0.3,6,6,6,0,0,6,0,6,6,0,0,edgeCount
754,93,103,graphml/Oteglobe.graphml,2,1,clustered,0.6;-0.3,27,27,13,14,0,27,14,27,27,14,0,edgeCount
752,93,103,graphml/Oteglobe.graphml,1,0,clustered,0.6;-0.3,5,5,5,0,0,5,0,5,5,0,0,edgeCount
750,93,103,graphml/Oteglobe.graphml,1,0,clustered,0.6;-0.3,24,24,10,14,2,-1,-11,24,24,14,2,edgeCount
749,93,103,graphml/Oteglobe.graphml,1,0,clustered,0.6;-0.3,5,5,5,0,0,5,0,5,5,0,0,edgeCount
747,93,103,graphml/Oteglobe.graphml,2,1,clustered,0.6;-0.3,7,7,7,0,0,7,0,7,7,0,0,edgeCount
746,93,103,graphml/Oteglobe.graphml,2,1,clustered,0.6;-0.3,24,24,18,6,0,-1,-19,-1,-1,-19,0,edgeCount
745,93,103,graphml/Oteglobe.graphml,1,0,clustered,0.6;-0.3,9,15,9,0,2,9,0,9,15,0,2,edgeCount
743,93,103,graphml/Oteglobe.graphml,1,0,clustered,0.6;-0.3,12,12,12,0,0,12,0,12,12,0,0,edgeCount
742,93,103,graphml/Oteglobe.graphml,1,0,clustered,0.6;-0.3,21,21,14,7,2,-1,-15,21,21,7,2,edgeCount
740,93,103,graphml/Oteglobe.graphml,2,1,clustered,0.6;-0.3,28,24,10,18,0,24,14,24,24,14,0,edgeCount
739,93,103,graphml/Oteglobe.graphml,2,1,clustered,0.6;-0.3,48,24,12,36,0,-1,-13,-1,-1,-13,0,edgeCount
737,93,103,graphml/Oteglobe.graphml,1,0,clustered,0.6;-0.3,6,6,6,0,0,6,0,6,6,0,0,edgeCount
736,93,103,graphml/Oteglobe.graphml,2,1,clustered,0.6;-0.3,44,30,12,32,2,-1,-13,38,38,26,2,edgeCount
735,93,103,graphml/Oteglobe.graphml,2,1,clustered,0.6;-0.3,19,19,9,10,0,19,10,19,19,10,0,edgeCount
734,93,103,graphml/Oteglobe.graphml,1,0,clustered,0.6;-0.3,4,4,4,0,0,4,0,4,4,0,0,edgeCount
733,93,103,graphml/Oteglobe.graphml,2,1,clustered,0.6;-0.3,11,11,11,0,0,11,0,11,11,0,0,edgeCount
732,93,103,graphml/Oteglobe.graphml,1,0,clustered,0.6;-0.3,15,15,11,4,6,-1,-12,15,15,4,6,edgeCount
731,93,103,graphml/Oteglobe.graphml,1,0,clustered,0.6;-0.3,6,6,6,0,0,6,0,6,6,0,0,edgeCount
730,93,103,graphml/Oteglobe.graphml,1,0,clustered,0.6;-0.3,3,3,3,0,0,3,0,3,3,0,0,edgeCount
727,93,103,graphml/Oteglobe.graphml,4,3,clustered,0.6;-0.3,23,23,9,14,2,-1,-10,23,23,14,2,edgeCount
725,93,103,graphml/Oteglobe.graphml,2,1,clustered,0.6;-0.3,30,30,11,19,0,30,19,30,30,19,0,edgeCount
724,93,103,graphml/Oteglobe.graphml,1,0,clustered,0.6;-0.3,10,10,10,0,0,10,0,10,10,0,0,edgeCount
722,93,103,graphml/Oteglobe.graphml,2,1,clustered,0.6;-0.3,-1,-1,15,-16,0,-1,-16,-1,-1,-16,0,edgeCount
721,93,103,graphml/Oteglobe.graphml,2,1,clustered,0.6;-0.3,7,7,7,0,0,7,0,7,7,0,0,edgeCount
720,93,103,graphml/Oteglobe.graphml,1,0,clustered,0.6;-0.3,10,28,10,0,2,10,0,10,28,0,2,edgeCount
719,93,103,graphml/Oteglobe.graphml,1,0,clustered,0.6;-0.3,-1,-1,13,-14,0,-1,-14,-1,-1,-14,0,edgeCount
718,93,103,graphml/Oteglobe.graphml,2,1,clustered,0.6;-0.3,5,5,5,0,0,5,0,5,5,0,0,edgeCount
716,93,103,graphml/Oteglobe.graphml,2,1,clustered,0.6;-0.3,6,6,2,4,4,2,0,6,6,4,4,edgeCount
715,93,103,graphml/Oteglobe.graphml,2,1,clustered,0.6;-0.3,27,27,9,18,2,27,18,27,27,18,2,edgeCount
714,93,103,graphml/Oteglobe.graphml,2,1,clustered,0.6;-0.3,22,18,14,8,0,18,4,18,18,4,0,edgeCount
713,93,103,graphml/Oteglobe.graphml,2,1,clustered,0.6;-0.3,7,7,7,0,2,7,0,29,35,22,2,edgeCount
712,93,103,graphml/Oteglobe.graphml,1,0,clustered,0.6;-0.3,32,32,12,20,4,-1,-13,32,32,20,4,edgeCount
711,93,103,graphml/Oteglobe.graphml,3,2,clustered,0.6;-0.3,27,47,11,16,0,47,36,27,47,16,0,edgeCount
710,93,103,graphml/Oteglobe.graphml,2,1,clustered,0.6;-0.3,4,4,4,0,0,4,0,4,4,0,0,edgeCount
709,93,103,graphml/Oteglobe.graphml,2,1,clustered,0.6;-0.3,2,2,2,0,0,2,0,2,2,0,0,edgeCount
708,93,103,graphml/Oteglobe.graphml,2,1,clustered,0.6;-0.3,4,4,4,0,0,4,0,4,4,0,0,edgeCount
707,93,103,graphml/Oteglobe.graphml,2,1,clustered,0.6;-0.3,10,10,10,0,4,-1,-11,-1,-1,-11,4,edgeCount
705,93,103,graphml/Oteglobe.graphml,1,0,clustered,0.6;-0.3,5,5,5,0,2,-1,-6,5,5,0,2,edgeCount
703,93,103,graphml/Oteglobe.graphml,2,1,clustered,0.6;-0.3,8,8,8,0,2,8,0,8,8,0,2,edgeCount
702,93,103,graphml/Oteglobe.graphml,1,0,clustered,0.6;-0.3,8,8,8,0,2,8,0,8,8,0,2,edgeCount
701,93,103,graphml/Oteglobe.graphml,2,1,clustered,0.6;-0.3,-1,-1,20,-21,2,-1,-21,-1,-1,-21,2,edgeCount
700,93,103,graphml/Oteglobe.graphml,2,1,clustered,0.6;-0.3,20,56,14,6,0,20,6,20,20,6,0,edgeCount
698,93,103,graphml/Oteglobe.graphml,1,0,clustered,0.6;-0.3,4,34,4,0,2,4,0,4,34,0,2,edgeCount
697,93,103,graphml/Oteglobe.graphml,1,0,clustered,0.6;-0.3,8,8,8,0,0,8,0,8,8,0,0,edgeCount
696,93,103,graphml/Oteglobe.graphml,1,0,clustered,0.6;-0.3,6,6,6,0,0,6,0,6,6,0,0,edgeCount
694,93,103,graphml/Oteglobe.graphml,2,1,clustered,0.6;-0.3,6,6,6,0,0,6,0,6,6,0,0,edgeCount
693,93,103,graphml/Oteglobe.graphml,1,0,clustered,0.6;-0.3,8,8,8,0,2,8,0,8,8,0,2,edgeCount
692,93,103,graphml/Oteglobe.graphml,1,0,clustered,0.6;-0.3,8,8,8,0,0,8,0,8,8,0,0,edgeCount
687,93,103,graphml/Oteglobe.graphml,1,0,clustered,0.6;-0.3,8,8,8,0,0,8,0,8,8,0,0,edgeCount
686,93,103,graphml/Oteglobe.graphml,1,0,clustered,0.6;-0.3,32,16,14,18,4,-1,-15,32,16,18,4,edgeCount
685,93,103,graphml/Oteglobe.graphml,2,1,clustered,0.6;-0.3,7,7,7,0,2,7,0,7,7,0,2,edgeCount
683,93,103,graphml/Oteglobe.graphml,1,0,clustered,0.6;-0.3,4,4,4,0,2,4,0,4,4,0,2,edgeCount
682,93,103,graphml/Oteglobe.graphml,2,1,clustered,0.6;-0.3,4,4,4,0,0,4,0,4,4,0,0,edgeCount
681,93,103,graphml/Oteglobe.graphml,1,0,clustered,0.6;-0.3,4,4,4,0,0,4,0,4,4,0,0,edgeCount
680,93,103,graphml/Oteglobe.graphml,1,0,clustered,0.6;-0.3,-1,-1,11,-12,0,-1,-12,-1,-1,-12,0,edgeCount
679,93,103,graphml/Oteglobe.graphml,1,0,clustered,0.6;-0.3,5,5,5,0,2,5,0,5,5,0,2,edgeCount
677,93,103,graphml/Oteglobe.graphml,1,0,clustered,0.6;-0.3,12,18,12,0,2,12,0,12,18,0,2,edgeCount
675,93,103,graphml/Oteglobe.graphml,2,1,clustered,0.6;-0.3,9,9,9,0,0,9,0,9,9,0,0,edgeCount
674,93,103,graphml/Oteglobe.graphml,1,0,clustered,0.6;-0.3,27,11,11,16,4,11,0,27,11,16,4,edgeCount
673,93,103,graphml/Oteglobe.graphml,2,1,clustered,0.6;-0.3,34,35,12,22,2,34,22,34,35,22,2,edgeCount
672,93,103,graphml/Oteglobe.graphml,1,0,clustered,0.6;-0.3,-1,-1,4,-5,0,-1,-5,-1,-1,-5,0,edgeCount
669,93,103,graphml/Oteglobe.graphml,2,1,clustered,0.6;-0.3,9,9,9,0,0,9,0,9,9,0,0,edgeCount
668,93,103,graphml/Oteglobe.graphml,2,1,clustered,0.6;-0.3,26,62,11,15,0,26,15,26,26,15,0,edgeCount
667,93,103,graphml/Oteglobe.graphml,2,1,clustered,0.6;-0.3,4,4,4,0,0,4,0,4,4,0,0,edgeCount
666,93,103,graphml/Oteglobe.graphml,1,0,clustered,0.6;-0.3,5,5,5,0,0,5,0,5,5,0,0,edgeCount
665,93,103,graphml/Oteglobe.graphml,1,0,clustered,0.6;-0.3,23,23,11,12,2,-1,-12,23,23,12,2,edgeCount
663,93,103,graphml/Oteglobe.graphml,1,0,clustered,0.6;-0.3,-1,-1,17,-18,2,-1,-18,-1,-1,-18,2,edgeCount
662,93,103,graphml/Oteglobe.graphml,2,1,clustered,0.6;-0.3,22,22,8,14,0,22,14,22,22,14,0,edgeCount
659,93,103,graphml/Oteglobe.graphml,1,0,clustered,0.6;-0.3,2,2,2,0,0,2,0,2,2,0,0,edgeCount
657,93,103,graphml/Oteglobe.graphml,2,1,clustered,0.6;-0.3,46,46,13,33,2,-1,-14,49,27,36,2,edgeCount
656,93,103,graphml/Oteglobe.graphml,2,1,clustered,0.6;-0.3,32,32,13,19,0,32,19,32,32,19,0,edgeCount
655,93,103,graphml/Oteglobe.graphml,2,1,clustered,0.6;-0.3,31,31,12,19,0,31,19,31,31,19,0,edgeCount
654,93,103,graphml/Oteglobe.graphml,1,0,clustered,0.6;-0.3,11,11,11,0,0,11,0,11,11,0,0,edgeCount
653,93,103,graphml/Oteglobe.graphml,2,1,clustered,0.6;-0.3,8,8,8,0,4,8,0,8,8,0,4,edgeCount
651,93,103,graphml/Oteglobe.graphml,1,0,clustered,0.6;-0.3,7,7,7,0,0,7,0,7,7,0,0,edgeCount
650,93,103,graphml/Oteglobe.graphml,2,1,clustered,0.6;-0.3,-1,-1,18,-19,0,-1,-19,-1,-1,-19,0,edgeCount
649,93,103,graphml/Oteglobe.graphml,1,0,clustered,0.6;-0.3,12,12,8,4,4,-1,-9,12,12,4,4,edgeCount
647,93,103,graphml/Oteglobe.graphml,1,0,clustered,0.6;-0.3,4,8,4,0,2,4,0,4,8,0,2,edgeCount
646,93,103,graphml/Oteglobe.graphml,1,0,clustered,0.6;-0.3,9,9,9,0,0,9,0,9,9,0,0,edgeCount
645,93,103,graphml/Oteglobe.graphml,2,1,clustered,0.6;-0.3,4,4,4,0,0,4,0,4,4,0,0,edgeCount
644,93,103,graphml/Oteglobe.graphml,2,1,clustered,0.6;-0.3,8,8,8,0,0,8,0,8,8,0,0,edgeCount
643,93,103,graphml/Oteglobe.graphml,2,1,clustered,0.6;-0.3,27,25,15,12,2,-1,-16,27,25,12,2,edgeCount
642,93,103,graphml/Oteglobe.graphml,2,1,clustered,0.6;-0.3,25,25,11,14,0,25,14,25,25,14,0,edgeCount
641,93,103,graphml/Oteglobe.graphml,2,1,clustered,0.6;-0.3,3,3,3,0,0,3,0,3,3,0,0,edgeCount
639,93,103,graphml/Oteglobe.graphml,2,1,clustered,0.6;-0.3,4,4,4,0,4,4,0,4,4,0,4,edgeCount
638,93,103,graphml/Oteglobe.graphml,1,0,clustered,0.6;-0.3,-1,-1,9,-10,0,-1,-10,-1,-1,-10,0,edgeCount
637,93,103,graphml/Oteglobe.graphml,2,1,clustered,0.6;-0.3,-1,-1,14,-15,0,-1,-15,-1,-1,-15,0,edgeCount
636,93,103,graphml/Oteglobe.graphml,1,0,clustered,0.6;-0.3,5,5,5,0,0,5,0,5,5,0,0,edgeCount
635,93,103,graphml/Oteglobe.graphml,2,1,clustered,0.6;-0.3,9,9,9,0,0,9,0,9,9,0,0,edgeCount
633,93,103,graphml/Oteglobe.graphml,1,0,clustered,0.6;-0.3,23,17,9,14,4,-1,-10,23,17,14,4,edgeCount
632,93,103,graphml/Oteglobe.graphml,2,1,clustered,0.6;-0.3,10,10,10,0,0,10,0,10,10,0,0,edgeCount
631,93,103,graphml/Oteglobe.graphml,1,0,clustered,0.6;-0.3,9,9,9,0,0,9,0,9,9,0,0,edgeCount
630,93,103,graphml/Oteglobe.graphml,1,0,clustered,0.6;-0.3,5,7,5,0,2,-1,-6,5,7,0,2,edgeCount
628,93,103,graphml/Oteglobe.graphml,2,1,clustered,0.6;-0.3,7,7,7,0,0,7,0,7,7,0,0,edgeCount
627,93,103,graphml/Oteglobe.graphml,1,0,clustered,0.6;-0.3,5,5,5,0,0,5,0,5,5,0,0,edgeCount
626,93,103,graphml/Oteglobe.graphml,2,1,clustered,0.6;-0.3,7,7,7,0,0,7,0,7,7,0,0,edgeCount
625,93,103,graphml/Oteglobe.graphml,1,0,clustered,0.6;-0.3,9,9,9,0,2,9,0,9,9,0,2,edgeCount
622,93,103,graphml/Oteglobe.graphml,2,1,clustered,0.6;-0.3,7,7,3,4,0,7,4,7,7,4,0,edgeCount
621,93,103,graphml/Oteglobe.graphml,1,0,clustered,0.6;-0.3,9,9,9,0,0,9,0,9,9,0,0,edgeCount
618,93,103,graphml/Oteglobe.graphml,2,1,clustered,0.6;-0.3,-1,-1,13,-14,0,-1,-14,-1,-1,-14,0,edgeCount
616,93,103,graphml/Oteglobe.graphml,2,1,clustered,0.6;-0.3,5,4,4,1,2,5,1,4,4,0,2,edgeCount
615,93,103,graphml/Oteglobe.graphml,2,1,clustered,0.6;-0.3,18,18,12,6,0,18,6,18,18,6,0,edgeCount
614,93,103,graphml/Oteglobe.graphml,1,0,clustered,0.6;-0.3,9,9,9,0,0,9,0,9,9,0,0,edgeCount
613,93,103,graphml/Oteglobe.graphml,1,0,clustered,0.6;-0.3,6,6,6,0,2,6,0,6,6,0,2,edgeCount
611,93,103,graphml/Oteglobe.graphml,1,0,clustered,0.6;-0.3,9,9,9,0,4,-1,-10,9,9,0,4,edgeCount
608,93,103,graphml/Oteglobe.graphml,1,0,clustered,0.6;-0.3,25,19,19,6,4,-1,-20,25,19,6,4,edgeCount
607,93,103,graphml/Oteglobe.graphml,1,0,clustered,0.6;-0.3,-1,-1,17,-18,2,-1,-18,-1,-1,-18,2,edgeCount
605,93,103,graphml/Oteglobe.graphml,1,0,clustered,0.6;-0.3,5,5,5,0,0,5,0,5,5,0,0,edgeCount
604,93,103,graphml/Oteglobe.graphml,1,0,clustered,0.6;-0.3,-1,-1,7,-8,0,-1,-8,-1,-1,-8,0,edgeCount
602,93,103,graphml/Oteglobe.graphml,1,0,clustered,0.6;-0.3,4,4,4,0,0,4,0,4,4,0,0,edgeCount
601,93,103,graphml/Oteglobe.graphml,2,1,clustered,0.6;-0.3,21,29,11,10,2,21,10,21,21,10,2,edgeCount
600,93,103,graphml/Oteglobe.graphml,1,0,clustered,0.6;-0.3,10,10,10,0,0,10,0,10,10,0,0,edgeCount
598,93,103,graphml/Oteglobe.graphml,2,1,clustered,0.6;-0.3,30,30,12,18,4,30,18,12,14,0,4,edgeCount
597,93,103,graphml/Oteglobe.graphml,1,0,clustered,0.6;-0.3,4,4,4,0,2,4,0,4,4,0,2,edgeCount
596,93,103,graphml/Oteglobe.graphml,2,1,clustered,0.6;-0.3,31,19,13,18,0,-1,-14,-1,-1,-14,0,edgeCount
595,93,103,graphml/Oteglobe.graphml,1,0,clustered,0.6;-0.3,7,7,7,0,0,7,0,7,7,0,0,edgeCount
594,93,103,graphml/Oteglobe.graphml,2,1,clustered,0.6;-0.3,-1,-1,14,-15,0,-1,-15,-1,-1,-15,0,edgeCount
593,93,103,graphml/Oteglobe.graphml,2,1,clustered,0.6;-0.3,30,50,7,23,0,30,23,30,30,23,0,edgeCount
592,93,103,graphml/Oteglobe.graphml,1,0,clustered,0.6;-0.3,10,10,10,0,0,10,0,10,10,0,0,edgeCount
591,93,103,graphml/Oteglobe.graphml,2,1,clustered,0.6;-0.3,8,8,8,0,0,8,0,8,8,0,0,edgeCount
590,93,103,graphml/Oteglobe.graphml,2,1,clustered,0.6;-0.3,7,7,7,0,0,7,0,7,7,0,0,edgeCount
589,93,103,graphml/Oteglobe.graphml,1,0,clustered,0.6;-0.3,-1,-1,15,-16,2,-1,-16,-1,-1,-16,2,edgeCount
588,93,103,graphml/Oteglobe.graphml,2,1,clustered,0.6;-0.3,-1,-1,18,-19,0,-1,-19,-1,-1,-19,0,edgeCount
587,93,103,graphml/Oteglobe.graphml,1,0,clustered,0.6;-0.3,12,30,12,0,4,-1,-13,12,30,0,4,edgeCount
586,93,103,graphml/Oteglobe.graphml,2,1,clustered,0.6;-0.3,3,3,3,0,0,3,0,3,3,0,0,edgeCount
585,93,103,graphml/Oteglobe.graphml,2,1,clustered,0.6;-0.3,-1,-1,17,-18,0,-1,-18,-1,-1,-18,0,edgeCount
583,93,103,graphml/Oteglobe.graphml,1,0,clustered,0.6;-0.3,5,5,5,0,2,5,0,5,5,0,2,edgeCount
582,93,103,graphml/Oteglobe.graphml,2,1,clustered,0.6;-0.3,34,12,12,22,0,12,0,12,12,0,0,edgeCount
581,93,103,graphml/Oteglobe.graphml,1,0,clustered,0.6;-0.3,10,10,10,0,0,10,0,10,10,0,0,edgeCount
580,93,103,graphml/Oteglobe.graphml,2,1,clustered,0.6;-0.3,7,7,7,0,0,7,0,7,7,0,0,edgeCount
579,93,103,graphml/Oteglobe.graphml,1,0,clustered,0.6;-0.3,3,3,3,0,6,3,0,3,3,0,6,edgeCount
578,93,103,graphml/Oteglobe.graphml,1,0,clustered,0.6;-0.3,5,5,5,0,2,-1,-6,5,5,0,2,edgeCount
576,93,103,graphml/Oteglobe.graphml,1,0,clustered,0.6;-0.3,-1,-1,10,-11,0,-1,-11,-1,-1,-11,0,edgeCount
575,93,103,graphml/Oteglobe.graphml,2,1,clustered,0.6;-0.3,29,29,11,18,0,29,18,29,29,18,0,edgeCount
574,93,103,graphml/Oteglobe.graphml,3,2,clustered,0.6;-0.3,27,27,11,16,0,27,16,27,27,16,0,edgeCount
573,93,103,graphml/Oteglobe.graphml,2,1,clustered,0.6;-0.3,21,21,11,10,0,21,10,21,21,10,0,edgeCount
570,93,103,graphml/Oteglobe.graphml,1,0,clustered,0.6;-0.3,-1,-1,10,-11,2,-1,-11,-1,-1,-11,2,edgeCount
569,93,103,graphml/Oteglobe.graphml,1,0,clustered,0.6;-0.3,3,3,3,0,0,3,0,3,3,0,0,edgeCount
567,93,103,graphml/Oteglobe.graphml,1,0,clustered,0.6;-0.3,24,24,12,12,2,-1,-13,24,24,12,2,edgeCount
566,93,103,graphml/Oteglobe.graphml,1,0,clustered,0.6;-0.3,8,8,8,0,0,8,0,8,8,0,0,edgeCount
564,93,103,graphml/Oteglobe.graphml,1,0,clustered,0.6;-0.3,30,30,20,10,6,-1,-21,30,30,10,6,edgeCount
562,93,103,graphml/Oteglobe.graphml,1,0,clustered,0.6;-0.3,9,9,9,0,0,9,0,9,9,0,0,edgeCount
561,93,103,graphml/Oteglobe.graphml,1,0,clustered,0.6;-0.3,10,10,10,0,0,10,0,10,10,0,0,edgeCount
560,93,103,graphml/Oteglobe.graphml,1,0,clustered,0.6;-0.3,4,4,4,0,4,-1,-5,4,4,0,4,edgeCount
559,93,103,graphml/Oteglobe.graphml,2,1,clustered,0.6;-0.3,40,40,16,24,2,-1,-17,-1,-1,-17,2,edgeCount
558,93,103,graphml/Oteglobe.graphml,1,0,clustered,0.6;-0.3,3,3,3,0,0,3,0,3,3,0,0,edgeCount
557,93,103,graphml/Oteglobe.graphml,1,0,clustered,0.6;-0.3,8,8,8,0,2,8,0,8,8,0,2,edgeCount
556,93,103,graphml/Oteglobe.graphml,1,0,clustered,0.6;-0.3,6,6,6,0,0,6,0,6,6,0,0,edgeCount
554,93,103,graphml/Oteglobe.graphml,2,1,clustered,0.6;-0.3,27,27,10,17,0,-1,-11,-1,-1,-11,0,edgeCount
553,93,103,graphml/Oteglobe.graphml,2,1,clustered,0.6;-0.3,31,27,11,20,2,-1,-12,27,27,16,2,edgeCount
552,93,103,graphml/Oteglobe.graphml,1,0,clustered,0.6;-0.3,4,4,4,0,0,4,0,4,4,0,0,edgeCount
551,93,103,graphml/Oteglobe.graphml,2,1,clustered,0.6;-0.3,8,8,6,2,2,8,2,8,8,2,2,edgeCount
550,93,103,graphml/Oteglobe.graphml,2,1,clustered,0.6;-0.3,9,9,5,4,0,9,4,9,9,4,0,edgeCount
549,93,103,graphml/Oteglobe.graphml,2,1,clustered,0.6;-0.3,23,45,9,14,0,23,14,23,23,14,0,edgeCount
548,93,103,graphml/Oteglobe.graphml,2,1,clustered,0.6;-0.3,19,19,6,13,0,19,13,19,19,13,0,edgeCount
547,93,103,graphml/Oteglobe.graphml,2,1,clustered,0.6;-0.3,4,4,4,0,2,4,0,4,4,0,2,edgeCount
546,93,103,graphml/Oteglobe.graphml,2,1,clustered,0.6;-0.3,11,11,9,2,4,11,2,11,19,2,4,edgeCount
544,93,103,graphml/Oteglobe.graphml,2,1,clustered,0.6;-0.3,-1,-1,7,-8,0,-1,-8,-1,-1,-8,0,edgeCount
543,93,103,graphml/Oteglobe.graphml,2,1,clustered,0.6;-0.3,4,4,3,1,0,4,1,4,4,1,0,edgeCount
542,93,103,graphml/Oteglobe.graphml,2,1,clustered,0.6;-0.3,28,50,12,16,0,28,16,28,28,16,0,edgeCount
541,93,103,graphml/Oteglobe.graphml,2,1,clustered,0.6;-0.3,10,10,10,0,0,10,0,10,10,0,0,edgeCount
540,93,103,graphml/Oteglobe.graphml,2,1,clustered,0.6;-0.3,35,35,12,23,2,-1,-13,35,35,23,2,edgeCount
539,93,103,graphml/Oteglobe.graphml,2,1,clustered,0.6;-0.3,12,34,12,0,2,32,20,12,34,0,2,edgeCount
538,93,103,graphml/Oteglobe.graphml,2,1,clustered,0.6;-0.3,27,27,19,8,6,-1,-20,27,27,8,6,edgeCount
535,93,103,graphml/Oteglobe.graphml,1,0,clustered,0.6;-0.3,9,35,9,0,4,9,0,9,35,0,4,edgeCount
534,93,103,graphml/Oteglobe.graphml,1,0,clustered,0.6;-0.3,7,7,7,0,0,7,0,7,7,0,0,edgeCount
533,93,103,graphml/Oteglobe.graphml,2,1,clustered,0.6;-0.3,22,26,10,12,0,22,12,22,22,12,0,edgeCount
532,93,103,graphml/Oteglobe.graphml,2,1,clustered,0.6;-0.3,6,6,6,0,2,6,0,6,6,0,2,edgeCount
531,93,103,graphml/Oteglobe.graphml,1,0,clustered,0.6;-0.3,10,14,10,0,2,10,0,10,14,0,2,edgeCount
529,93,103,graphml/Oteglobe.graphml,2,1,clustered,0.6;-0.3,6,6,6,0,0,6,0,6,6,0,0,edgeCount
527,93,103,graphml/Oteglobe.graphml,2,1,clustered,0.6;-0.3,4,4,4,0,0,20,16,4,4,0,0,edgeCount
526,93,103,graphml/Oteglobe.graphml,2,1,clustered,0.6;-0.3,9,9,5,4,0,9,4,9,9,4,0,edgeCount
525,93,103,graphml/Oteglobe.graphml,1,0,clustered,0.6;-0.3,3,3,3,0,0,3,0,3,3,0,0,edgeCount
524,93,103,graphml/Oteglobe.graphml,1,0,clustered,0.6;-0.3,9,9,9,0,0,9,0,9,9,0,0,edgeCount
523,93,103,graphml/Oteglobe.graphml,2,1,clustered,0.6;-0.3,6,6,6,0,0,6,0,6,6,0,0,edgeCount
521,93,103,graphml/Oteglobe.graphml,1,0,clustered,0.6;-0.3,12,44,6,6,8,-1,-7,12,44,6,8,edgeCount
519,93,103,graphml/Oteglobe.graphml,2,1,clustered,0.6;-0.3,8,8,8,0,2,8,0,8,8,0,2,edgeCount
518,93,103,graphml/Oteglobe.graphml,2,1,clustered,0.6;-0.3,14,14,10,4,0,-1,-11,-1,-1,-11,0,edgeCount
517,93,103,graphml/Oteglobe.graphml,1,0,clustered,0.6;-0.3,19,15,15,4,6,-1,-16,19,15,4,6,edgeCount
515,93,103,graphml/Oteglobe.graphml,2,1,clustered,0.6;-0.3,22,22,8,14,2,22,14,22,22,14,2,edgeCount
512,93,103,graphml/Oteglobe.graphml,2,1,clustered,0.6;-0.3,4,4,4,0,2,4,0,4,4,0,2,edgeCount
511,93,103,graphml/Oteglobe.graphml,1,0,clustered,0.6;-0.3,7,7,7,0,0,7,0,7,7,0,0,edgeCount
510,93,103,graphml/Oteglobe.graphml,2,1,clustered,0.6;-0.3,34,22,16,18,4,-1,-17,34,22,18,4,edgeCount
509,93,103,graphml/Oteglobe.graphml,2,1,clustered,0.6;-0.3,10,10,10,0,0,10,0,10,10,0,0,edgeCount
508,93,103,graphml/Oteglobe.graphml,1,0,clustered,0.6;-0.3,8,8,8,0,0,8,0,8,8,0,0,edgeCount
507,93,103,graphml/Oteglobe.graphml,1,0,clustered,0.6;-0.3,7,7,7,0,0,7,0,7,7,0,0,edgeCount
504,93,103,graphml/Oteglobe.graphml,2,1,clustered,0.6;-0.3,24,24,8,16,0,24,16,24,24,16,0,edgeCount
502,93,103,graphml/Oteglobe.graphml,2,1,clustered,0.6;-0.3,3,3,3,0,0,3,0,3,3,0,0,edgeCount
500,93,103,graphml/Oteglobe.graphml,2,1,clustered,0.6;-0.3,9,9,9,0,2,9,0,9,9,0,2,edgeCount
499,93,103,graphml/Oteglobe.graphml,2,1,clustered,0.6;-0.3,19,35,6,13,0,19,13,19,19,13,0,edgeCount
498,93,103,graphml/Oteglobe.graphml,1,0,clustered,0.6;-0.3,7,7,7,0,0,7,0,7,7,0,0,edgeCount
497,93,103,graphml/Oteglobe.graphml,3,2,clustered,0.6;-0.3,8,8,8,0,2,8,0,24,16,16,2,edgeCount
496,93,103,graphml/Oteglobe.graphml,1,0,clustered,0.6;-0.3,25,43,11,14,6,-1,-12,25,43,14,6,edgeCount
495,93,103,graphml/Oteglobe.graphml,1,0,clustered,0.6;-0.3,6,6,6,0,2,6,0,6,6,0,2,edgeCount
494,93,103,graphml/Oteglobe.graphml,1,0,clustered,0.6;-0.3,13,11,11,2,2,11,0,13,11,2,2,edgeCount
493,93,103,graphml/Oteglobe.graphml,1,0,clustered,0.6;-0.3,-1,-1,12,-13,0,-1,-13,-1,-1,-13,0,edgeCount
491,93,103,graphml/Oteglobe.graphml,1,0,clustered,0.6;-0.3,22,22,10,12,2,-1,-11,22,22,12,2,edgeCount
489,93,103,graphml/Oteglobe.graphml,2,1,clustered,0.6;-0.3,5,5,5,0,0,5,0,5,5,0,0,edgeCount
488,93,103,graphml/Oteglobe.graphml,2,1,clustered,0.6;-0.3,4,4,4,0,2,4,0,4,4,0,2,edgeCount
487,93,103,graphml/Oteglobe.graphml,1,0,clustered,0.6;-0.3,3,3,3,0,0,3,0,3,3,0,0,edgeCount
486,93,103,graphml/Oteglobe.graphml,1,0,clustered,0.6;-0.3,11,11,11,0,0,11,0,11,11,0,0,edgeCount
485,93,103,graphml/Oteglobe.graphml,1,0,clustered,0.6;-0.3,5,5,5,0,0,5,0,5,5,0,0,edgeCount
482,93,103,graphml/Oteglobe.graphml,2,1,clustered,0.6;-0.3,24,24,10,14,0,24,14,24,24,14,0,edgeCount
481,93,103,graphml/Oteglobe.graphml,2,1,clustered,0.6;-0.3,5,5,5,0,0,5,0,5,5,0,0,edgeCount
480,93,103,graphml/Oteglobe.graphml,1,0,clustered,0.6;-0.3,3,37,3,0,4,3,0,3,37,0,4,edgeCount
478,93,103,graphml/Oteglobe.graphml,2,1,clustered,0.6;-0.3,17,17,13,4,4,17,4,17,17,4,4,edgeCount
476,93,103,graphml/Oteglobe.graphml,2,1,clustered,0.6;-0.3,-1,-1,7,-8,0,-1,-8,-1,-1,-8,0,edgeCount
474,93,103,graphml/Oteglobe.graphml,2,1,clustered,0.6;-0.3,16,16,5,11,0,16,11,16,16,11,0,edgeCount
473,93,103,graphml/Oteglobe.graphml,1,0,clustered,0.6;-0.3,26,14,12,14,2,-1,-13,26,14,14,2,edgeCount
471,93,103,graphml/Oteglobe.graphml,1,0,clustered,0.6;-0.3,4,4,4,0,0,4,0,4,4,0,0,edgeCount
470,93,103,graphml/Oteglobe.graphml,2,1,clustered,0.6;-0.3,-1,-1,19,-20,4,-1,-20,-1,-1,-20,4,edgeCount
469,93,103,graphml/Oteglobe.graphml,2,1,clustered,0.6;-0.3,20,20,12,8,2,-1,-13,20,20,8,2,edgeCount
467,93,103,graphml/Oteglobe.graphml,1,0,clustered,0.6;-0.3,8,8,8,0,0,8,0,8,8,0,0,edgeCount
466,93,103,graphml/Oteglobe.graphml,2,1,clustered,0.6;-0.3,8,8,8,0,4,8,0,8,8,0,4,edgeCount
465,93,103,graphml/Oteglobe.graphml,1,0,clustered,0.6;-0.3,8,8,8,0,0,8,0,8,8,0,0,edgeCount
463,93,103,graphml/Oteglobe.graphml,1,0,clustered,0.6;-0.3,5,5,5,0,0,5,0,5,5,0,0,edgeCount
462,93,103,graphml/Oteglobe.graphml,2,1,clustered,0.6;-0.3,30,30,14,16,0,30,16,30,30,16,0,edgeCount
460,93,103,graphml/Oteglobe.graphml,2,1,clustered,0.6;-0.3,9,21,8,1,0,9,1,9,21,1,0,edgeCount
459,93,103,graphml/Oteglobe.graphml,1,0,clustered,0.6;-0.3,9,9,9,0,0,9,0,9,9,0,0,edgeCount
458,93,103,graphml/Oteglobe.graphml,2,1,clustered,0.6;-0.3,22,22,12,10,0,22,10,22,22,10,0,edgeCount
457,93,103,graphml/Oteglobe.graphml,2,1,clustered,0.6;-0.3,10,10,10,0,0,10,0,10,10,0,0,edgeCount
456,93,103,graphml/Oteglobe.graphml,1,0,clustered,0.6;-0.3,23,23,11,12,6,-1,-12,23,23,12,6,edgeCount
454,93,103,graphml/Oteglobe.graphml,2,1,clustered,0.6;-0.3,9,9,5,4,0,-1,-6,9,9,4,0,edgeCount
453,93,103,graphml/Oteglobe.graphml,1,0,clustered,0.6;-0.3,6,6,6,0,0,6,0,6,6,0,0,edgeCount
451,93,103,graphml/Oteglobe.graphml,1,0,clustered,0.6;-0.3,21,11,10,11,2,-1,-11,21,11,11,2,edgeCount
450,93,103,graphml/Oteglobe.graphml,2,1,clustered,0.6;-0.3,6,6,6,0,0,6,0,6,6,0,0,edgeCount
448,93,103,graphml/Oteglobe.graphml,1,0,clustered,0.6;-0.3,10,10,10,0,0,10,0,10,10,0,0,edgeCount
447,93,103,graphml/Oteglobe.graphml,2,1,clustered,0.6;-0.3,5,5,5,0,0,5,0,5,5,0,0,edgeCount
445,93,103,graphml/Oteglobe.graphml,3,2,clustered,0.6;-0.3,5,5,5,0,0,5,0,5,5,0,0,edgeCount
443,93,103,graphml/Oteglobe.graphml,2,1,clustered,0.6;-0.3,11,11,11,0,0,11,0,11,11,0,0,edgeCount
442,93,103,graphml/Oteglobe.graphml,2,1,clustered,0.6;-0.3,8,8,8,0,0,20,12,8,8,0,0,edgeCount
441,93,103,graphml/Oteglobe.graphml,2,1,clustered,0.6;-0.3,-1,-1,5,-6,0,-1,-6,-1,-1,-6,0,edgeCount
440,93,103,graphml/Oteglobe.graphml,1,0,clustered,0.6;-0.3,5,5,5,0,0,5,0,5,5,0,0,edgeCount
439,93,103,graphml/Oteglobe.graphml,2,1,clustered,0.6;-0.3,17,17,6,11,0,15,9,15,15,9,0,edgeCount
438,93,103,graphml/Oteglobe.graphml,2,1,clustered,0.6;-0.3,36,36,14,22,2,-1,-15,36,36,22,2,edgeCount
436,93,103,graphml/Oteglobe.graphml,2,1,clustered,0.6;-0.3,9,9,9,0,0,9,0,9,9,0,0,edgeCount
435,93,103,graphml/Oteglobe.graphml,2,1,clustered,0.6;-0.3,9,9,9,0,2,24,15,9,9,0,2,edgeCount
434,93,103,graphml/Oteglobe.graphml,2,1,clustered,0.6;-0.3,-1,-1,18,-19,0,-1,-19,-1,-1,-19,0,edgeCount
433,93,103,graphml/Oteglobe.graphml,1,0,clustered,0.6;-0.3,7,7,7,0,0,7,0,7,7,0,0,edgeCount
432,93,103,graphml/Oteglobe.graphml,2,1,clustered,0.6;-0.3,40,40,16,24,2,-1,-17,-1,-1,-17,2,edgeCount
430,93,103,graphml/Oteglobe.graphml,2,1,clustered,0.6;-0.3,3,3,3,0,2,-1,-4,13,3,10,2,edgeCount
429,93,103,graphml/Oteglobe.graphml,2,1,clustered,0.6;-0.3,4,3,3,1,0,4,1,4,3,1,0,edgeCount
424,93,103,graphml/Oteglobe.graphml,1,0,clustered,0.6;-0.3,7,7,7,0,0,7,0,7,7,0,0,edgeCount
421,93,103,graphml/Oteglobe.graphml,1,0,clustered,0.6;-0.3,26,12,12,14,4,-1,-13,26,12,14,4,edgeCount
420,93,103,graphml/Oteglobe.graphml,2,1,clustered,0.6;-0.3,6,6,6,0,0,6,0,6,6,0,0,edgeCount
419,93,103,graphml/Oteglobe.graphml,2,1,clustered,0.6;-0.3,27,35,13,14,2,23,10,27,27,14,2,edgeCount
418,93,103,graphml/Oteglobe.graphml,2,1,clustered,0.6;-0.3,28,28,10,18,0,28,18,28,28,18,0,edgeCount
417,93,103,graphml/Oteglobe.graphml,2,1,clustered,0.6;-0.3,21,21,6,15,0,21,15,21,21,15,0,edgeCount
415,93,103,graphml/Oteglobe.graphml,1,0,clustered,0.6;-0.3,5,5,5,0,0,5,0,5,5,0,0,edgeCount
413,93,103,graphml/Oteglobe.graphml,2,1,clustered,0.6;-0.3,5,5,5,0,0,16,11,5,5,0,0,edgeCount
411,93,103,graphml/Oteglobe.graphml,1,0,clustered,0.6;-0.3,8,8,8,0,0,8,0,8,8,0,0,edgeCount
410,93,103,graphml/Oteglobe.graphml,2,1,clustered,0.6;-0.3,9,9,9,0,0,9,0,9,9,0,0,edgeCount
409,93,103,graphml/Oteglobe.graphml,2,1,clustered,0.6;-0.3,37,37,15,22,0,-1,-16,-1,-1,-16,0,edgeCount
407,93,103,graphml/Oteglobe.graphml,2,1,clustered,0.6;-0.3,21,49,13,8,2,21,8,21,21,8,2,edgeCount
406,93,103,graphml/Oteglobe.graphml,1,0,clustered,0.6;-0.3,4,4,4,0,0,4,0,4,4,0,0,edgeCount
405,93,103,graphml/Oteglobe.graphml,2,1,clustered,0.6;-0.3,27,27,11,16,2,27,16,11,33,0,2,edgeCount
403,93,103,graphml/Oteglobe.graphml,2,1,clustered,0.6;-0.3,40,24,8,32,0,24,16,24,24,16,0,edgeCount
402,93,103,graphml/Oteglobe.graphml,1,0,clustered,0.6;-0.3,4,4,4,0,0,4,0,4,4,0,0,edgeCount
400,93,103,graphml/Oteglobe.graphml,1,0,clustered,0.6;-0.3,8,8,8,0,0,8,0,8,8,0,0,edgeCount
399,93,103,graphml/Oteglobe.graphml,2,1,clustered,0.6;-0.3,10,10,10,0,2,10,0,10,10,0,2,edgeCount
398,93,103,graphml/Oteglobe.graphml,2,1,clustered,0.6;-0.3,41,29,10,31,2,-1,-11,41,29,31,2,edgeCount
396,93,103,graphml/Oteglobe.graphml,1,0,clustered,0.6;-0.3,3,3,3,0,0,3,0,3,3,0,0,edgeCount
395,93,103,graphml/Oteglobe.graphml,2,1,clustered,0.6;-0.3,-1,-1,18,-19,0,-1,-19,-1,-1,-19,0,edgeCount
394,93,103,graphml/Oteglobe.graphml,1,0,clustered,0.6;-0.3,21,21,13,8,2,-1,-14,21,21,8,2,edgeCount
392,93,103,graphml/Oteglobe.graphml,2,1,clustered,0.6;-0.3,6,6,2,4,0,6,4,6,6,4,0,edgeCount
391,93,103,graphml/Oteglobe.graphml,1,0,clustered,0.6;-0.3,11,11,11,0,0,11,0,11,11,0,0,edgeCount
390,93,103,graphml/Oteglobe.graphml,2,1,clustered,0.6;-0.3,7,7,7,0,0,7,0,7,7,0,0,edgeCount
388,93,103,graphml/Oteglobe.graphml,1,0,clustered,0.6;-0.3,-1,-1,7,-8,0,-1,-8,-1,-1,-8,0,edgeCount
386,93,103,graphml/Oteglobe.graphml,2,1,clustered,0.6;-0.3,10,10,10,0,0,10,0,10,10,0,0,edgeCount
385,93,103,graphml/Oteglobe.graphml,2,1,clustered,0.6;-0.3,2,2,2,0,0,2,0,2,2,0,0,edgeCount
384,93,103,graphml/Oteglobe.graphml,3,2,clustered,0.6;-0.3,26,8,8,18,2,-1,-9,8,8,0,2,edgeCount
382,93,103,graphml/Oteglobe.graphml,2,1,clustered,0.6;-0.3,7,7,3,4,0,7,4,7,7,4,0,edgeCount
381,93,103,graphml/Oteglobe.graphml,1,0,clustered,0.6;-0.3,27,27,13,14,2,-1,-14,27,27,14,2,edgeCount
380,93,103,graphml/Oteglobe.graphml,2,1,clustered,0.6;-0.3,4,6,4,0,0,4,0,4,6,0,0,edgeCount
379,93,103,graphml/Oteglobe.graphml,1,0,clustered,0.6;-0.3,9,9,9,0,0,9,0,9,9,0,0,edgeCount
377,93,103,graphml/Oteglobe.graphml,1,0,clustered,0.6;-0.3,5,5,5,0,0,5,0,5,5,0,0,edgeCount
376,93,103,graphml/Oteglobe.graphml,3,2,clustered,0.6;-0.3,2,2,2,0,0,2,0,2,2,0,0,edgeCount
375,93,103,graphml/Oteglobe.graphml,1,0,clustered,0.6;-0.3,8,8,8,0,0,8,0,8,8,0,0,edgeCount
373,93,103,graphml/Oteglobe.graphml,2,1,clustered,0.6;-0.3,8,8,8,0,4,8,0,14,8,6,4,edgeCount
372,93,103,graphml/Oteglobe.graphml,1,0,clustered,0.6;-0.3,19,17,17,2,4,-1,-18,19,17,2,4,edgeCount
371,93,103,graphml/Oteglobe.graphml,1,0,clustered,0.6;-0.3,10,10,10,0,2,10,0,10,10,0,2,edgeCount
370,93,103,graphml/Oteglobe.graphml,2,1,clustered,0.6;-0.3,6,6,6,0,0,6,0,6,6,0,0,edgeCount
369,93,103,graphml/Oteglobe.graphml,1,0,clustered,0.6;-0.3,5,5,5,0,0,5,0,5,5,0,0,edgeCount
368,93,103,graphml/Oteglobe.graphml,1,0,clustered,0.6;-0.3,7,7,7,0,2,7,0,7,7,0,2,edgeCount
367,93,103,graphml/Oteglobe.graphml,1,0,clustered,0.6;-0.3,5,5,5,0,4,5,0,5,5,0,4,edgeCount
366,93,103,graphml/Oteglobe.graphml,2,1,clustered,0.6;-0.3,4,4,4,0,0,4,0,4,4,0,0,edgeCount
365,93,103,graphml/Oteglobe.graphml,1,0,clustered,0.6;-0.3,17,15,7,10,4,-1,-8,17,15,10,4,edgeCount
364,93,103,graphml/Oteglobe.graphml,1,0,clustered,0.6;-0.3,4,4,4,0,0,4,0,4,4,0,0,edgeCount
363,93,103,graphml/Oteglobe.graphml,2,1,clustered,0.6;-0.3,3,3,3,0,0,3,0,3,3,0,0,edgeCount
362,93,103,graphml/Oteglobe.graphml,1,0,clustered,0.6;-0.3,29,29,9,20,2,-1,-10,29,29,20,2,edgeCount
361,93,103,graphml/Oteglobe.graphml,2,1,clustered,0.6;-0.3,7,3,3,4,0,-1,-4,7,3,4,0,edgeCount
360,93,103,graphml/Oteglobe.graphml,3,2,clustered,0.6;-0.3,6,6,6,0,2,6,0,6,6,0,2,edgeCount
359,93,103,graphml/Oteglobe.graphml,1,0,clustered,0.6;-0.3,8,8,8,0,0,8,0,8,8,0,0,edgeCount
358,93,103,graphml/Oteglobe.graphml,2,1,clustered,0.6;-0.3,-1,-1,17,-18,2,-1,-18,-1,-1,-18,2,edgeCount
356,93,103,graphml/Oteglobe.graphml,2,1,clustered,0.6;-0.3,35,35,12,23,0,35,23,35,35,23,0,edgeCount
353,93,103,graphml/Oteglobe.graphml,1,0,clustered,0.6;-0.3,-1,-1,18,-19,2,-1,-19,-1,-1,-19,2,edgeCount
352,93,103,graphml/Oteglobe.graphml,1,0,clustered,0.6;-0.3,4,4,4,0,0,4,0,4,4,0,0,edgeCount
351,93,103,graphml/Oteglobe.graphml,2,1,clustered,0.6;-0.3,21,47,11,10,2,21,10,25,25,14,2,edgeCount
350,93,103,graphml/Oteglobe.graphml,2,1,clustered,0.6;-0.3,28,52,13,15,2,-1,-14,-1,-1,-14,2,edgeCount
349,93,103,graphml/Oteglobe.graphml,2,1,clustered,0.6;-0.3,4,4,2,2,0,4,2,4,4,2,0,edgeCount
347,93,103,graphml/Oteglobe.graphml,1,0,clustered,0.6;-0.3,15,14,14,1,4,14,0,15,14,1,4,edgeCount
346,93,103,graphml/Oteglobe.graphml,2,1,clustered,0.6;-0.3,8,8,8,0,0,8,0,8,8,0,0,edgeCount
345,93,103,graphml/Oteglobe.graphml,2,1,clustered,0.6;-0.3,21,21,19,2,4,-1,-20,21,21,2,4,edgeCount
343,93,103,graphml/Oteglobe.graphml,1,0,clustered,0.6;-0.3,11,11,11,0,2,11,0,11,11,0,2,edgeCount
342,93,103,graphml/Oteglobe.graphml,4,3,clustered,0.6;-0.3,10,4,4,6,0,4,0,4,4,0,0,edgeCount
341,93,103,graphml/Oteglobe.graphml,1,0,clustered,0.6;-0.3,9,25,9,0,2,9,0,9,25,0,2,edgeCount
340,93,103,graphml/Oteglobe.graphml,2,1,clustered,0.6;-0.3,-1,-1,13,-14,0,-1,-14,-1,-1,-14,0,edgeCount
339,93,103,graphml/Oteglobe.graphml,1,0,clustered,0.6;-0.3,-1,-1,10,-11,0,-1,-11,-1,-1,-11,0,edgeCount
338,93,103,graphml/Oteglobe.graphml,1,0,clustered,0.6;-0.3,10,10,10,0,0,10,0,10,10,0,0,edgeCount
337,93,103,graphml/Oteglobe.graphml,1,0,clustered,0.6;-0.3,11,11,11,0,0,11,0,11,11,0,0,edgeCount
336,93,103,graphml/Oteglobe.graphml,2,1,clustered,0.6;-0.3,8,8,8,0,0,8,0,8,8,0,0,edgeCount
335,93,103,graphml/Oteglobe.graphml,2,1,clustered,0.6;-0.3,30,30,10,20,0,30,20,30,30,20,0,edgeCount
334,93,103,graphml/Oteglobe.graphml,1,0,clustered,0.6;-0.3,13,13,13,0,0,13,0,13,13,0,0,edgeCount
333,93,103,graphml/Oteglobe.graphml,2,1,clustered,0.6;-0.3,22,22,12,10,0,22,10,22,22,10,0,edgeCount
331,93,103,graphml/Oteglobe.graphml,3,2,clustered,0.6;-0.3,5,5,5,0,0,5,0,5,5,0,0,edgeCount
330,93,103,graphml/Oteglobe.graphml,2,1,clustered,0.6;-0.3,9,23,9,0,0,9,0,9,23,0,0,edgeCount
328,93,103,graphml/Oteglobe.graphml,2,1,clustered,0.6;-0.3,5,5,5,0,0,5,0,5,5,0,0,edgeCount
326,93,103,graphml/Oteglobe.graphml,2,1,clustered,0.6;-0.3,5,5,5,0,4,5,0,27,5,22,4,edgeCount
325,93,103,graphml/Oteglobe.graphml,2,1,clustered,0.6;-0.3,22,48,10,12,0,22,12,22,22,12,0,edgeCount
324,93,103,graphml/Oteglobe.graphml,1,0,clustered,0.6;-0.3,9,9,9,0,4,9,0,9,9,0,4,edgeCount
323,93,103,graphml/Oteglobe.graphml,1,0,clustered,0.6;-0.3,9,9,9,0,0,9,0,9,9,0,0,edgeCount
320,93,103,graphml/Oteglobe.graphml,2,1,clustered,0.6;-0.3,9,9,9,0,0,9,0,9,9,0,0,edgeCount
318,93,103,graphml/Oteglobe.graphml,2,1,clustered,0.6;-0.3,25,25,7,18,0,25,18,25,25,18,0,edgeCount
317,93,103,graphml/Oteglobe.graphml,1,0,clustered,0.6;-0.3,6,6,6,0,2,-1,-7,6,6,0,2,edgeCount
316,93,103,graphml/Oteglobe.graphml,2,1,clustered,0.6;-0.3,4,4,3,1,0,4,1,4,4,1,0,edgeCount
315,93,103,graphml/Oteglobe.graphml,1,0,clustered,0.6;-0.3,4,4,4,0,0,4,0,4,4,0,0,edgeCount
314,93,103,graphml/Oteglobe.graphml,2,1,clustered,0.6;-0.3,35,35,15,20,0,35,20,35,35,20,0,edgeCount
313,93,103,graphml/Oteglobe.graphml,2,1,clustered,0.6;-0.3,27,27,13,14,0,27,14,27,27,14,0,edgeCount
312,93,103,graphml/Oteglobe.graphml,1,0,clustered,0.6;-0.3,-1,-1,13,-14,2,-1,-14,-1,-1,-14,2,edgeCount
310,93,103,graphml/Oteglobe.graphml,2,1,clustered,0.6;-0.3,5,5,5,0,0,5,0,5,5,0,0,edgeCount
309,93,103,graphml/Oteglobe.graphml,2,1,clustered,0.6;-0.3,7,7,5,2,0,7,2,7,7,2,0,edgeCount
307,93,103,graphml/Oteglobe.graphml,1,0,clustered,0.6;-0.3,20,22,18,2,6,-1,-19,20,22,2,6,edgeCount
306,93,103,graphml/Oteglobe.graphml,1,0,clustered,0.6;-0.3,4,4,4,0,0,4,0,4,4,0,0,edgeCount
305,93,103,graphml/Oteglobe.graphml,1,0,clustered,0.6;-0.3,9,9,9,0,0,9,0,9,9,0,0,edgeCount
304,93,103,graphml/Oteglobe.graphml,2,1,clustered,0.6;-0.3,6,6,6,0,0,6,0,6,6,0,0,edgeCount
303,93,103,graphml/Oteglobe.graphml,1,0,clustered,0.6;-0.3,9,9,9,0,0,9,0,9,9,0,0,edgeCount
302,93,103,graphml/Oteglobe.graphml,2,1,clustered,0.6;-0.3,11,11,7,4,0,11,4,11,11,4,0,edgeCount
299,93,103,graphml/Oteglobe.graphml,2,1,clustered,0.6;-0.3,16,16,6,10,2,-1,-7,16,16,10,2,edgeCount
298,93,103,graphml/Oteglobe.graphml,3,2,clustered,0.6;-0.3,15,15,11,4,2,15,4,15,15,4,2,edgeCount
296,93,103,graphml/Oteglobe.graphml,2,1,clustered,0.6;-0.3,8,8,8,0,0,8,0,8,8,0,0,edgeCount
295,93,103,graphml/Oteglobe.graphml,1,0,clustered,0.6;-0.3,12,12,12,0,0,12,0,12,12,0,0,edgeCount
294,93,103,graphml/Oteglobe.graphml,2,1,clustered,0.6;-0.3,-1,-1,7,-8,0,-1,-8,-1,-1,-8,0,edgeCount
293,93,103,graphml/Oteglobe.graphml,1,0,clustered,0.6;-0.3,10,10,10,0,0,10,0,10,10,0,0,edgeCount
290,93,103,graphml/Oteglobe.graphml,1,0,clustered,0.6;-0.3,4,4,4,0,0,4,0,4,4,0,0,edgeCount
289,93,103,graphml/Oteglobe.graphml,1,0,clustered,0.6;-0.3,10,10,10,0,0,10,0,10,10,0,0,edgeCount
288,93,103,graphml/Oteglobe.graphml,3,2,clustered,0.6;-0.3,21,21,5,16,0,21,16,21,21,16,0,edgeCount
287,93,103,graphml/Oteglobe.graphml,3,2,clustered,0.6;-0.3,28,28,18,10,2,-1,-19,28,28,10,2,edgeCount
286,93,103,graphml/Oteglobe.graphml,2,1,clustered,0.6;-0.3,4,4,4,0,2,4,0,4,4,0,2,edgeCount
285,93,103,graphml/Oteglobe.graphml,2,1,clustered,0.6;-0.3,-1,-1,8,-9,0,-1,-9,-1,-1,-9,0,edgeCount
284,93,103,graphml/Oteglobe.graphml,1,0,clustered,0.6;-0.3,10,10,10,0,0,10,0,10,10,0,0,edgeCount
283,93,103,graphml/Oteglobe.graphml,2,1,clustered,0.6;-0.3,6,17,6,0,2,16,10,16,16,10,2,edgeCount
282,93,103,graphml/Oteglobe.graphml,2,1,clustered,0.6;-0.3,18,18,12,6,0,18,6,18,18,6,0,edgeCount
280,93,103,graphml/Oteglobe.graphml,2,1,clustered,0.6;-0.3,24,24,9,15,0,24,15,24,24,15,0,edgeCount
279,93,103,graphml/Oteglobe.graphml,2,1,clustered,0.6;-0.3,20,20,7,13,0,-1,-8,-1,-1,-8,0,edgeCount
278,93,103,graphml/Oteglobe.graphml,2,1,clustered,0.6;-0.3,24,30,9,15,2,24,15,10,12,1,2,edgeCount
277,93,103,graphml/Oteglobe.graphml,3,2,clustered,0.6;-0.3,7,47,4,3,0,7,3,7,7,3,0,edgeCount
276,93,103,graphml/Oteglobe.graphml,1,0,clustered,0.6;-0.3,7,7,7,0,0,7,0,7,7,0,0,edgeCount
275,93,103,graphml/Oteglobe.graphml,2,1,clustered,0.6;-0.3,-1,-1,7,-8,6,-1,-8,-1,-1,-8,6,edgeCount
274,93,103,graphml/Oteglobe.graphml,2,1,clustered,0.6;-0.3,53,35,12,41,2,-1,-13,38,14,26,2,edgeCount
273,93,103,graphml/Oteglobe.graphml,1,0,clustered,0.6;-0.3,5,5,5,0,0,5,0,5,5,0,0,edgeCount
271,93,103,graphml/Oteglobe.graphml,2,1,clustered,0.6;-0.3,32,56,14,18,6,-1,-15,38,38,24,6,edgeCount
270,93,103,graphml/Oteglobe.graphml,2,1,clustered,0.6;-0.3,4,4,4,0,0,4,0,4,4,0,0,edgeCount
269,93,103,graphml/Oteglobe.graphml,1,0,clustered,0.6;-0.3,-1,-1,12,-13,2,-1,-13,-1,-1,-13,2,edgeCount
266,93,103,graphml/Oteglobe.graphml,2,1,clustered,0.6;-0.3,6,6,6,0,0,6,0,6,6,0,0,edgeCount
265,93,103,graphml/Oteglobe.graphml,1,0,clustered,0.6;-0.3,5,5,5,0,0,5,0,5,5,0,0,edgeCount
264,93,103,graphml/Oteglobe.graphml,1,0,clustered,0.6;-0.3,11,11,11,0,0,11,0,11,11,0,0,edgeCount
263,93,103,graphml/Oteglobe.graphml,1,0,clustered,0.6;-0.3,10,10,10,0,0,10,0,10,10,0,0,edgeCount
255,93,103,graphml/Oteglobe.graphml,2,1,clustered,0.6;-0.3,-1,-1,11,-12,0,-1,-12,-1,-1,-12,0,edgeCount
254,93,103,graphml/Oteglobe.graphml,2,1,clustered,0.6;-0.3,10,10,8,2,0,24,16,24,24,16,0,edgeCount
253,93,103,graphml/Oteglobe.graphml,2,1,clustered,0.6;-0.3,5,5,5,0,2,5,0,5,5,0,2,edgeCount
252,93,103,graphml/Oteglobe.graphml,2,1,clustered,0.6;-0.3,7,7,7,0,0,7,0,7,7,0,0,edgeCount
249,93,103,graphml/Oteglobe.graphml,2,1,clustered,0.6;-0.3,20,8,8,12,0,20,12,20,20,12,0,edgeCount
248,93,103,graphml/Oteglobe.graphml,1,0,clustered,0.6;-0.3,7,37,7,0,8,7,0,7,37,0,8,edgeCount
247,93,103,graphml/Oteglobe.graphml,1,0,clustered,0.6;-0.3,10,10,10,0,0,10,0,10,10,0,0,edgeCount
246,93,103,graphml/Oteglobe.graphml,1,0,clustered,0.6;-0.3,-1,-1,16,-17,2,-1,-17,-1,-1,-17,2,edgeCount
245,93,103,graphml/Oteglobe.graphml,1,0,clustered,0.6;-0.3,8,8,8,0,0,8,0,8,8,0,0,edgeCount
244,93,103,graphml/Oteglobe.graphml,2,1,clustered,0.6;-0.3,4,4,4,0,0,4,0,4,4,0,0,edgeCount
243,93,103,graphml/Oteglobe.graphml,2,1,clustered,0.6;-0.3,9,9,9,0,0,9,0,9,9,0,0,edgeCount
242,93,103,graphml/Oteglobe.graphml,1,0,clustered,0.6;-0.3,5,5,5,0,0,5,0,5,5,0,0,edgeCount
241,93,103,graphml/Oteglobe.graphml,1,0,clustered,0.6;-0.3,9,9,9,0,0,9,0,9,9,0,0,edgeCount
240,93,103,graphml/Oteglobe.graphml,1,0,clustered,0.6;-0.3,6,6,6,0,0,6,0,6,6,0,0,edgeCount
239,93,103,graphml/Oteglobe.graphml,1,0,clustered,0.6;-0.3,12,12,12,0,0,12,0,12,12,0,0,edgeCount
238,93,103,graphml/Oteglobe.graphml,1,0,clustered,0.6;-0.3,17,17,13,4,6,-1,-14,17,17,4,6,edgeCount
237,93,103,graphml/Oteglobe.graphml,1,0,clustered,0.6;-0.3,-1,-1,8,-9,0,-1,-9,-1,-1,-9,0,edgeCount
235,93,103,graphml/Oteglobe.graphml,1,0,clustered,0.6;-0.3,-1,-1,7,-8,2,-1,-8,-1,-1,-8,2,edgeCount
234,93,103,graphml/Oteglobe.graphml,1,0,clustered,0.6;-0.3,5,5,5,0,0,5,0,5,5,0,0,edgeCount
231,93,103,graphml/Oteglobe.graphml,2,1,clustered,0.6;-0.3,37,37,7,30,0,-1,-8,-1,-1,-8,0,edgeCount
229,93,103,graphml/Oteglobe.graphml,2,1,clustered,0.6;-0.3,22,28,10,12,0,22,12,22,22,12,0,edgeCount
228,93,103,graphml/Oteglobe.graphml,2,1,clustered,0.6;-0.3,38,38,6,32,2,-1,-7,38,38,32,2,edgeCount
227,93,103,graphml/Oteglobe.graphml,2,1,clustered,0.6;-0.3,13,13,13,0,0,13,0,13,13,0,0,edgeCount
226,93,103,graphml/Oteglobe.graphml,1,0,clustered,0.6;-0.3,5,9,5,0,2,5,0,5,9,0,2,edgeCount
225,93,103,graphml/Oteglobe.graphml,2,1,clustered,0.6;-0.3,6,6,6,0,0,6,0,6,6,0,0,edgeCount
224,93,103,graphml/Oteglobe.graphml,2,1,clustered,0.6;-0.3,31,31,13,18,2,-1,-14,31,31,18,2,edgeCount
222,93,103,graphml/Oteglobe.graphml,1,0,clustered,0.6;-0.3,16,16,16,0,6,-1,-17,16,16,0,6,edgeCount
220,93,103,graphml/Oteglobe.graphml,2,1,clustered,0.6;-0.3,34,58,13,21,2,-1,-14,34,34,21,2,edgeCount
219,93,103,graphml/Oteglobe.graphml,1,0,clustered,0.6;-0.3,10,10,10,0,0,10,0,10,10,0,0,edgeCount
217,93,103,graphml/Oteglobe.graphml,1,0,clustered,0.6;-0.3,9,9,5,4,4,-1,-6,9,9,4,4,edgeCount
215,93,103,graphml/Oteglobe.graphml,1,0,clustered,0.6;-0.3,12,12,12,0,0,12,0,12,12,0,0,edgeCount
214,93,103,graphml/Oteglobe.graphml,1,0,clustered,0.6;-0.3,3,3,3,0,0,3,0,3,3,0,0,edgeCount
213,93,103,graphml/Oteglobe.graphml,2,1,clustered,0.6;-0.3,20,24,8,12,2,20,12,20,24,12,2,edgeCount
211,93,103,graphml/Oteglobe.graphml,1,0,clustered,0.6;-0.3,8,8,8,0,0,8,0,8,8,0,0,edgeCount
209,93,103,graphml/Oteglobe.graphml,2,1,clustered,0.6;-0.3,41,15,13,28,0,41,28,41,15,28,0,edgeCount
208,93,103,graphml/Oteglobe.graphml,2,1,clustered,0.6;-0.3,-1,-1,11,-12,0,-1,-12,-1,-1,-12,0,edgeCount
206,93,103,graphml/Oteglobe.graphml,3,2,clustered,0.6;-0.3,46,46,4,42,0,46,42,46,46,42,0,edgeCount
205,93,103,graphml/Oteglobe.graphml,1,0,clustered,0.6;-0.3,8,8,8,0,0,8,0,8,8,0,0,edgeCount
204,93,103,graphml/Oteglobe.graphml,1,0,clustered,0.6;-0.3,9,9,9,0,0,9,0,9,9,0,0,edgeCount
203,93,103,graphml/Oteglobe.graphml,2,1,clustered,0.6;-0.3,32,38,10,22,0,12,2,12,12,2,0,edgeCount
202,93,103,graphml/Oteglobe.graphml,1,0,clustered,0.6;-0.3,8,26,8,0,6,8,0,8,26,0,6,edgeCount
201,93,103,graphml/Oteglobe.graphml,1,0,clustered,0.6;-0.3,21,19,6,15,2,-1,-7,21,19,15,2,edgeCount
199,93,103,graphml/Oteglobe.graphml,1,0,clustered,0.6;-0.3,17,17,17,0,6,-1,-18,17,17,0,6,edgeCount
198,93,103,graphml/Oteglobe.graphml,1,0,clustered,0.6;-0.3,12,12,12,0,0,12,0,12,12,0,0,edgeCount
197,93,103,graphml/Oteglobe.graphml,2,1,clustered,0.6;-0.3,-1,-1,11,-12,0,-1,-12,-1,-1,-12,0,edgeCount
196,93,103,graphml/Oteglobe.graphml,2,1,clustered,0.6;-0.3,-1,-1,16,-17,0,-1,-17,-1,-1,-17,0,edgeCount
195,93,103,graphml/Oteglobe.graphml,2,1,clustered,0.6;-0.3,5,5,5,0,0,5,0,5,5,0,0,edgeCount
194,93,103,graphml/Oteglobe.graphml,2,1,clustered,0.6;-0.3,7,7,7,0,0,7,0,7,7,0,0,edgeCount
193,93,103,graphml/Oteglobe.graphml,1,0,clustered,0.6;-0.3,10,10,10,0,0,10,0,10,10,0,0,edgeCount
192,93,103,graphml/Oteglobe.graphml,1,0,clustered,0.6;-0.3,13,37,13,0,2,13,0,13,37,0,2,edgeCount
191,93,103,graphml/Oteglobe.graphml,3,2,clustered,0.6;-0.3,43,9,9,34,2,-1,-10,25,9,16,2,edgeCount
189,93,103,graphml/Oteglobe.graphml,1,0,clustered,0.6;-0.3,5,27,5,0,2,5,0,5,27,0,2,edgeCount
188,93,103,graphml/Oteglobe.graphml,1,0,clustered,0.6;-0.3,6,6,6,0,0,6,0,6,6,0,0,edgeCount
187,93,103,graphml/Oteglobe.graphml,2,1,clustered,0.6;-0.3,7,7,5,2,0,7,2,7,7,2,0,edgeCount
186,93,103,graphml/Oteglobe.graphml,1,0,clustered,0.6;-0.3,-1,-1,16,-17,0,-1,-17,-1,-1,-17,0,edgeCount
185,93,103,graphml/Oteglobe.graphml,1,0,clustered,0.6;-0.3,3,3,3,0,2,3,0,3,3,0,2,edgeCount
184,93,103,graphml/Oteglobe.graphml,2,1,clustered,0.6;-0.3,22,22,12,10,0,-1,-13,-1,-1,-13,0,edgeCount
183,93,103,graphml/Oteglobe.graphml,2,1,clustered,0.6;-0.3,33,33,13,20,0,27,14,27,27,14,0,edgeCount
181,93,103,graphml/Oteglobe.graphml,2,1,clustered,0.6;-0.3,3,3,3,0,0,16,13,3,3,0,0,edgeCount
180,93,103,graphml/Oteglobe.graphml,1,0,clustered,0.6;-0.3,-1,-1,12,-13,0,-1,-13,-1,-1,-13,0,edgeCount
179,93,103,graphml/Oteglobe.graphml,1,0,clustered,0.6;-0.3,19,17,9,10,4,-1,-10,19,17,10,4,edgeCount
178,93,103,graphml/Oteglobe.graphml,2,1,clustered,0.6;-0.3,13,29,11,2,0,29,18,13,29,2,0,edgeCount
177,93,103,graphml/Oteglobe.graphml,2,1,clustered,0.6;-0.3,2,2,2,0,0,2,0,2,2,0,0,edgeCount
176,93,103,graphml/Oteglobe.graphml,2,1,clustered,0.6;-0.3,62,22,14,48,2,22,8,14,52,0,2,edgeCount
175,93,103,graphml/Oteglobe.graphml,1,0,clustered,0.6;-0.3,23,23,11,12,2,-1,-12,23,23,12,2,edgeCount
173,93,103,graphml/Oteglobe.graphml,2,1,clustered,0.6;-0.3,11,11,11,0,0,11,0,11,11,0,0,edgeCount
171,93,103,graphml/Oteglobe.graphml,2,1,clustered,0.6;-0.3,8,8,8,0,0,8,0,8,8,0,0,edgeCount
170,93,103,graphml/Oteglobe.graphml,2,1,clustered,0.6;-0.3,-1,-1,15,-16,0,-1,-16,-1,-1,-16,0,edgeCount
169,93,103,graphml/Oteglobe.graphml,2,1,clustered,0.6;-0.3,9,9,7,2,6,9,2,25,9,18,6,edgeCount
167,93,103,graphml/Oteglobe.graphml,1,0,clustered,0.6;-0.3,5,5,5,0,0,5,0,5,5,0,0,edgeCount
166,93,103,graphml/Oteglobe.graphml,1,0,clustered,0.6;-0.3,8,8,8,0,0,8,0,8,8,0,0,edgeCount
164,93,103,graphml/Oteglobe.graphml,1,0,clustered,0.6;-0.3,7,7,7,0,0,7,0,7,7,0,0,edgeCount
162,93,103,graphml/Oteglobe.graphml,2,1,clustered,0.6;-0.3,52,52,7,45,4,-1,-8,11,11,4,4,edgeCount
161,93,103,graphml/Oteglobe.graphml,2,1,clustered,0.6;-0.3,14,46,6,8,4,14,8,6,38,0,4,edgeCount
160,93,103,graphml/Oteglobe.graphml,2,1,clustered,0.6;-0.3,5,5,5,0,0,5,0,5,5,0,0,edgeCount
159,93,103,graphml/Oteglobe.graphml,1,0,clustered,0.6;-0.3,13,13,11,2,2,-1,-12,13,13,2,2,edgeCount
158,93,103,graphml/Oteglobe.graphml,1,0,clustered,0.6;-0.3,10,10,10,0,0,10,0,10,10,0,0,edgeCount
155,93,103,graphml/Oteglobe.graphml,1,0,clustered,0.6;-0.3,-1,-1,17,-18,4,-1,-18,-1,-1,-18,4,edgeCount
152,93,103,graphml/Oteglobe.graphml,1,0,clustered,0.6;-0.3,10,10,10,0,0,10,0,10,10,0,0,edgeCount
149,93,103,graphml/Oteglobe.graphml,2,1,clustered,0.6;-0.3,25,25,17,8,2,-1,-18,-1,-1,-18,2,edgeCount
148,93,103,graphml/Oteglobe.graphml,1,0,clustered,0.6;-0.3,7,7,7,0,0,7,0,7,7,0,0,edgeCount
146,93,103,graphml/Oteglobe.graphml,2,1,clustered,0.6;-0.3,7,7,7,0,0,7,0,7,7,0,0,edgeCount
145,93,103,graphml/Oteglobe.graphml,2,1,clustered,0.6;-0.3,-1,-1,15,-16,0,-1,-16,-1,-1,-16,0,edgeCount
144,93,103,graphml/Oteglobe.graphml,1,0,clustered,0.6;-0.3,9,9,9,0,0,9,0,9,9,0,0,edgeCount
143,93,103,graphml/Oteglobe.graphml,2,1,clustered,0.6;-0.3,25,52,11,14,6,25,14,31,34,20,6,edgeCount
142,93,103,graphml/Oteglobe.graphml,1,0,clustered,0.6;-0.3,7,7,7,0,0,7,0,7,7,0,0,edgeCount
140,93,103,graphml/Oteglobe.graphml,2,1,clustered,0.6;-0.3,12,12,9,3,0,12,3,12,12,3,0,edgeCount
139,93,103,graphml/Oteglobe.graphml,2,1,clustered,0.6;-0.3,11,11,8,3,2,25,17,11,11,3,2,edgeCount
138,93,103,graphml/Oteglobe.graphml,2,1,clustered,0.6;-0.3,7,7,7,0,0,7,0,7,7,0,0,edgeCount
137,93,103,graphml/Oteglobe.graphml,1,0,clustered,0.6;-0.3,8,8,8,0,0,8,0,8,8,0,0,edgeCount
135,93,103,graphml/Oteglobe.graphml,1,0,clustered,0.6;-0.3,-1,-1,18,-19,2,-1,-19,-1,-1,-19,2,edgeCount
134,93,103,graphml/Oteglobe.graphml,2,1,clustered,0.6;-0.3,26,18,5,21,0,18,13,18,18,13,0,edgeCount
133,93,103,graphml/Oteglobe.graphml,2,1,clustered,0.6;-0.3,11,11,11,0,0,11,0,11,11,0,0,edgeCount
132,93,103,graphml/Oteglobe.graphml,1,0,clustered,0.6;-0.3,11,11,11,0,0,11,0,11,11,0,0,edgeCount
131,93,103,graphml/Oteglobe.graphml,1,0,clustered,0.6;-0.3,9,9,9,0,0,9,0,9,9,0,0,edgeCount
130,93,103,graphml/Oteglobe.graphml,1,0,clustered,0.6;-0.3,25,25,17,8,2,-1,-18,25,25,8,2,edgeCount
129,93,103,graphml/Oteglobe.graphml,1,0,clustered,0.6;-0.3,9,15,9,0,2,9,0,9,15,0,2,edgeCount
128,93,103,graphml/Oteglobe.graphml,1,0,clustered,0.6;-0.3,7,7,7,0,0,7,0,7,7,0,0,edgeCount
127,93,103,graphml/Oteglobe.graphml,1,0,clustered,0.6;-0.3,27,27,11,16,6,-1,-12,27,27,16,6,edgeCount
126,93,103,graphml/Oteglobe.graphml,2,1,clustered,0.6;-0.3,22,22,16,6,0,22,6,22,22,6,0,edgeCount
124,93,103,graphml/Oteglobe.graphml,1,0,clustered,0.6;-0.3,-1,-1,6,-7,0,-1,-7,-1,-1,-7,0,edgeCount
122,93,103,graphml/Oteglobe.graphml,2,1,clustered,0.6;-0.3,-1,-1,9,-10,0,-1,-10,-1,-1,-10,0,edgeCount
121,93,103,graphml/Oteglobe.graphml,2,1,clustered,0.6;-0.3,8,8,4,4,2,8,4,10,10,6,2,edgeCount
120,93,103,graphml/Oteglobe.graphml,1,0,clustered,0.6;-0.3,8,8,8,0,0,8,0,8,8,0,0,edgeCount
119,93,103,graphml/Oteglobe.graphml,1,0,clustered,0.6;-0.3,5,5,5,0,0,5,0,5,5,0,0,edgeCount
118,93,103,graphml/Oteglobe.graphml,2,1,clustered,0.6;-0.3,-1,-1,8,-9,0,-1,-9,-1,-1,-9,0,edgeCount
117,93,103,graphml/Oteglobe.graphml,1,0,clustered,0.6;-0.3,-1,-1,13,-14,0,-1,-14,-1,-1,-14,0,edgeCount
115,93,103,graphml/Oteglobe.graphml,1,0,clustered,0.6;-0.3,-1,-1,11,-12,0,-1,-12,-1,-1,-12,0,edgeCount
113,93,103,graphml/Oteglobe.graphml,2,1,clustered,0.6;-0.3,6,6,6,0,0,6,0,6,6,0,0,edgeCount
112,93,103,graphml/Oteglobe.graphml,1,0,clustered,0.6;-0.3,13,13,13,0,0,13,0,13,13,0,0,edgeCount
110,93,103,graphml/Oteglobe.graphml,1,0,clustered,0.6;-0.3,7,7,7,0,0,7,0,7,7,0,0,edgeCount
109,93,103,graphml/Oteglobe.graphml,1,0,clustered,0.6;-0.3,9,9,9,0,0,9,0,9,9,0,0,edgeCount
107,93,103,graphml/Oteglobe.graphml,2,1,clustered,0.6;-0.3,24,24,15,9,0,24,9,24,24,9,0,edgeCount
106,93,103,graphml/Oteglobe.graphml,1,0,clustered,0.6;-0.3,8,8,8,0,0,8,0,8,8,0,0,edgeCount
104,93,103,graphml/Oteglobe.graphml,1,0,clustered,0.6;-0.3,6,6,6,0,0,6,0,6,6,0,0,edgeCount
103,93,103,graphml/Oteglobe.graphml,2,1,clustered,0.6;-0.3,6,6,6,0,2,6,0,6,6,0,2,edgeCount
102,93,103,graphml/Oteglobe.graphml,2,1,clustered,0.6;-0.3,7,7,7,0,0,7,0,7,7,0,0,edgeCount
101,93,103,graphml/Oteglobe.graphml,1,0,clustered,0.6;-0.3,12,12,12,0,0,12,0,12,12,0,0,edgeCount
100,93,103,graphml/Oteglobe.graphml,1,0,clustered,0.6;-0.3,13,13,11,2,2,-1,-12,13,13,2,2,edgeCount
99,93,103,graphml/Oteglobe.graphml,2,1,clustered,0.6;-0.3,7,7,7,0,0,7,0,7,7,0,0,edgeCount
98,93,103,graphml/Oteglobe.graphml,2,1,clustered,0.6;-0.3,5,3,3,2,0,5,2,5,5,2,0,edgeCount
97,93,103,graphml/Oteglobe.graphml,2,1,clustered,0.6;-0.3,38,64,12,26,4,-1,-13,38,38,26,4,edgeCount
96,93,103,graphml/Oteglobe.graphml,2,1,clustered,0.6;-0.3,6,6,6,0,0,29,23,6,6,0,0,edgeCount
95,93,103,graphml/Oteglobe.graphml,3,2,clustered,0.6;-0.3,9,9,7,2,0,9,2,9,9,2,0,edgeCount
92,93,103,graphml/Oteglobe.graphml,2,1,clustered,0.6;-0.3,8,32,4,4,2,4,0,4,4,0,2,edgeCount
91,93,103,graphml/Oteglobe.graphml,1,0,clustered,0.6;-0.3,22,22,12,10,2,-1,-13,22,22,10,2,edgeCount
90,93,103,graphml/Oteglobe.graphml,2,1,clustered,0.6;-0.3,-1,-1,17,-18,0,-1,-18,-1,-1,-18,0,edgeCount
89,93,103,graphml/Oteglobe.graphml,2,1,clustered,0.6;-0.3,24,24,10,14,0,24,14,24,24,14,0,edgeCount
88,93,103,graphml/Oteglobe.graphml,1,0,clustered,0.6;-0.3,7,7,7,0,0,7,0,7,7,0,0,edgeCount
87,93,103,graphml/Oteglobe.graphml,2,1,clustered,0.6;-0.3,-1,-1,14,-15,2,-1,-15,-1,-1,-15,2,edgeCount
86,93,103,graphml/Oteglobe.graphml,2,1,clustered,0.6;-0.3,28,28,11,17,0,28,17,28,28,17,0,edgeCount
84,93,103,graphml/Oteglobe.graphml,1,0,clustered,0.6;-0.3,10,10,10,0,0,10,0,10,10,0,0,edgeCount
83,93,103,graphml/Oteglobe.graphml,1,0,clustered,0.6;-0.3,11,11,11,0,0,11,0,11,11,0,0,edgeCount
82,93,103,graphml/Oteglobe.graphml,1,0,clustered,0.6;-0.3,24,14,13,11,2,-1,-14,24,14,11,2,edgeCount
81,93,103,graphml/Oteglobe.graphml,1,0,clustered,0.6;-0.3,11,11,11,0,0,11,0,11,11,0,0,edgeCount
80,93,103,graphml/Oteglobe.graphml,1,0,clustered,0.6;-0.3,8,8,8,0,0,8,0,8,8,0,0,edgeCount
79,93,103,graphml/Oteglobe.graphml,2,1,clustered,0.6;-0.3,-1,-1,18,-19,4,-1,-19,-1,-1,-19,4,edgeCount
78,93,103,graphml/Oteglobe.graphml,1,0,clustered,0.6;-0.3,11,37,11,0,2,11,0,11,37,0,2,edgeCount
77,93,103,graphml/Oteglobe.graphml,1,0,clustered,0.6;-0.3,6,6,6,0,0,6,0,6,6,0,0,edgeCount
76,93,103,graphml/Oteglobe.graphml,1,0,clustered,0.6;-0.3,3,3,3,0,0,3,0,3,3,0,0,edgeCount
75,93,103,graphml/Oteglobe.graphml,2,1,clustered,0.6;-0.3,36,28,12,24,2,-1,-13,-1,-1,-13,2,edgeCount
73,93,103,graphml/Oteglobe.graphml,2,1,clustered,0.6;-0.3,5,5,5,0,0,5,0,5,5,0,0,edgeCount
71,93,103,graphml/Oteglobe.graphml,2,1,clustered,0.6;-0.3,6,6,6,0,0,6,0,6,6,0,0,edgeCount
70,93,103,graphml/Oteglobe.graphml,2,1,clustered,0.6;-0.3,8,8,8,0,0,8,0,8,8,0,0,edgeCount
69,93,103,graphml/Oteglobe.graphml,1,0,clustered,0.6;-0.3,-1,-1,9,-10,0,-1,-10,-1,-1,-10,0,edgeCount
68,93,103,graphml/Oteglobe.graphml,1,0,clustered,0.6;-0.3,5,5,5,0,0,5,0,5,5,0,0,edgeCount
66,93,103,graphml/Oteglobe.graphml,2,1,clustered,0.6;-0.3,8,8,7,1,0,8,1,8,8,1,0,edgeCount
65,93,103,graphml/Oteglobe.graphml,2,1,clustered,0.6;-0.3,27,27,11,16,2,27,16,11,33,0,2,edgeCount
63,93,103,graphml/Oteglobe.graphml,1,0,clustered,0.6;-0.3,4,4,4,0,0,4,0,4,4,0,0,edgeCount
62,93,103,graphml/Oteglobe.graphml,1,0,clustered,0.6;-0.3,12,12,12,0,0,12,0,12,12,0,0,edgeCount
61,93,103,graphml/Oteglobe.graphml,2,1,clustered,0.6;-0.3,2,2,2,0,0,2,0,2,2,0,0,edgeCount
60,93,103,graphml/Oteglobe.graphml,2,1,clustered,0.6;-0.3,2,2,2,0,0,4,2,4,4,2,0,edgeCount
58,93,103,graphml/Oteglobe.graphml,1,0,clustered,0.6;-0.3,6,6,6,0,0,6,0,6,6,0,0,edgeCount
56,93,103,graphml/Oteglobe.graphml,2,1,clustered,0.6;-0.3,3,5,3,0,2,5,2,5,3,2,2,edgeCount
55,93,103,graphml/Oteglobe.graphml,2,1,clustered,0.6;-0.3,-1,-1,5,-6,0,-1,-6,-1,-1,-6,0,edgeCount
54,93,103,graphml/Oteglobe.graphml,2,1,clustered,0.6;-0.3,7,7,7,0,0,7,0,7,7,0,0,edgeCount
53,93,103,graphml/Oteglobe.graphml,2,1,clustered,0.6;-0.3,4,4,4,0,0,4,0,4,4,0,0,edgeCount
52,93,103,graphml/Oteglobe.graphml,1,0,clustered,0.6;-0.3,-1,-1,13,-14,2,-1,-14,-1,-1,-14,2,edgeCount
50,93,103,graphml/Oteglobe.graphml,1,0,clustered,0.6;-0.3,-1,-1,11,-12,0,-1,-12,-1,-1,-12,0,edgeCount
49,93,103,graphml/Oteglobe.graphml,1,0,clustered,0.6;-0.3,-1,-1,8,-9,2,-1,-9,-1,-1,-9,2,edgeCount
47,93,103,graphml/Oteglobe.graphml,1,0,clustered,0.6;-0.3,10,10,10,0,0,10,0,10,10,0,0,edgeCount
45,93,103,graphml/Oteglobe.graphml,1,0,clustered,0.6;-0.3,9,9,9,0,0,9,0,9,9,0,0,edgeCount
43,93,103,graphml/Oteglobe.graphml,1,0,clustered,0.6;-0.3,4,4,4,0,2,-1,-5,4,4,0,2,edgeCount
42,93,103,graphml/Oteglobe.graphml,1,0,clustered,0.6;-0.3,9,9,9,0,0,9,0,9,9,0,0,edgeCount
40,93,103,graphml/Oteglobe.graphml,1,0,clustered,0.6;-0.3,6,6,6,0,0,6,0,6,6,0,0,edgeCount
37,93,103,graphml/Oteglobe.graphml,2,1,clustered,0.6;-0.3,11,11,11,0,0,11,0,11,11,0,0,edgeCount
36,93,103,graphml/Oteglobe.graphml,1,0,clustered,0.6;-0.3,-1,-1,6,-7,2,-1,-7,-1,-1,-7,2,edgeCount
35,93,103,graphml/Oteglobe.graphml,2,1,clustered,0.6;-0.3,3,3,3,0,4,3,0,3,3,0,4,edgeCount
33,93,103,graphml/Oteglobe.graphml,1,0,clustered,0.6;-0.3,10,44,10,0,6,10,0,10,44,0,6,edgeCount
30,93,103,graphml/Oteglobe.graphml,1,0,clustered,0.6;-0.3,2,2,2,0,0,2,0,2,2,0,0,edgeCount
29,93,103,graphml/Oteglobe.graphml,1,0,clustered,0.6;-0.3,8,8,8,0,0,8,0,8,8,0,0,edgeCount
28,93,103,graphml/Oteglobe.graphml,1,0,clustered,0.6;-0.3,7,7,7,0,0,7,0,7,7,0,0,edgeCount
27,93,103,graphml/Oteglobe.graphml,1,0,clustered,0.6;-0.3,25,13,13,12,2,-1,-14,25,13,12,2,edgeCount
26,93,103,graphml/Oteglobe.graphml,2,1,clustered,0.6;-0.3,3,3,3,0,2,3,0,3,11,0,2,edgeCount
25,93,103,graphml/Oteglobe.graphml,2,1,clustered,0.6;-0.3,29,29,13,16,0,29,16,29,29,16,0,edgeCount
24,93,103,graphml/Oteglobe.graphml,2,1,clustered,0.6;-0.3,10,10,10,0,2,10,0,10,10,0,2,edgeCount
22,93,103,graphml/Oteglobe.graphml,1,0,clustered,0.6;-0.3,19,39,11,8,6,-1,-12,19,39,8,6,edgeCount
20,93,103,graphml/Oteglobe.graphml,3,2,clustered,0.6;-0.3,-1,-1,6,-7,0,-1,-7,-1,-1,-7,0,edgeCount
18,93,103,graphml/Oteglobe.graphml,2,1,clustered,0.6;-0.3,29,29,11,18,0,-1,-12,29,29,18,0,edgeCount
17,93,103,graphml/Oteglobe.graphml,2,1,clustered,0.6;-0.3,23,23,6,17,0,23,17,23,23,17,0,edgeCount
16,93,103,graphml/Oteglobe.graphml,2,1,clustered,0.6;-0.3,15,15,13,2,0,15,2,15,15,2,0,edgeCount
15,93,103,graphml/Oteglobe.graphml,1,0,clustered,0.6;-0.3,37,37,15,22,6,-1,-16,37,37,22,6,edgeCount
14,93,103,graphml/Oteglobe.graphml,1,0,clustered,0.6;-0.3,24,14,10,14,2,-1,-11,24,14,14,2,edgeCount
13,93,103,graphml/Oteglobe.graphml,1,0,clustered,0.6;-0.3,6,6,6,0,0,6,0,6,6,0,0,edgeCount
12,93,103,graphml/Oteglobe.graphml,1,0,clustered,0.6;-0.3,9,9,9,0,0,9,0,9,9,0,0,edgeCount
11,93,103,graphml/Oteglobe.graphml,1,0,clustered,0.6;-0.3,7,7,7,0,0,7,0,7,7,0,0,edgeCount
10,93,103,graphml/Oteglobe.graphml,1,0,clustered,0.6;-0.3,-1,-1,9,-10,0,-1,-10,-1,-1,-10,0,edgeCount
7,93,103,graphml/Oteglobe.graphml,2,1,clustered,0.6;-0.3,22,22,12,10,0,22,10,22,22,10,0,edgeCount
5,93,103,graphml/Oteglobe.graphml,2,1,clustered,0.6;-0.3,30,30,10,20,0,30,20,30,30,20,0,edgeCount
3,93,103,graphml/Oteglobe.graphml,2,1,clustered,0.6;-0.3,35,23,17,18,0,-1,-18,-1,-1,-18,0,edgeCount
2,93,103,graphml/Oteglobe.graphml,1,0,clustered,0.6;-0.3,11,11,11,0,0,11,0,11,11,0,0,edgeCount
1,93,103,graphml/Oteglobe.graphml,1,0,clustered,0.6;-0.3,7,7,7,0,0,7,0,7,7,0,0,edgeCount
