rep,nrNodes,nrEdges,edgeProb,nrPaths,nrFails,failureModel,failurePercent,hopsRanked,hopsUnranked,spLength,stretch_mult,nodeAdditions,hopsPath,stretch_path,hopsRankedOne,hopsUnrankedOne,stretch_one,overallNodeAdditionsOne,treeChoice
999,25,56,graphml/AttMpls.graphml,3,2,clustered,0.6;-0.3,9,7,5,4,4,-1,-6,19,5,14,2,edgeCount
998,25,56,graphml/AttMpls.graphml,4,3,clustered,0.6;-0.3,2,2,2,0,6,6,4,2,2,0,2,edgeCount
997,25,56,graphml/AttMpls.graphml,5,4,clustered,0.6;-0.3,25,20,4,21,0,28,24,28,28,24,0,edgeCount
996,25,56,graphml/AttMpls.graphml,4,3,clustered,0.6;-0.3,7,3,3,4,0,3,0,3,3,0,0,edgeCount
995,25,56,graphml/AttMpls.graphml,3,2,clustered,0.6;-0.3,9,16,4,5,14,-1,-5,12,11,8,14,edgeCount
994,25,56,graphml/AttMpls.graphml,4,3,clustered,0.6;-0.3,12,12,5,7,0,12,7,12,12,7,0,edgeCount
993,25,56,graphml/AttMpls.graphml,2,1,clustered,0.6;-0.3,6,6,3,3,20,-1,-4,7,7,4,10,edgeCount
992,25,56,graphml/AttMpls.graphml,3,2,clustered,0.6;-0.3,15,9,4,11,20,-1,-5,-1,-1,-5,12,edgeCount
991,25,56,graphml/AttMpls.graphml,2,1,clustered,0.6;-0.3,-1,-1,6,-7,10,-1,-7,-1,-1,-7,6,edgeCount
990,25,56,graphml/AttMpls.graphml,5,4,clustered,0.6;-0.3,5,7,3,2,0,5,2,3,5,0,0,edgeCount
989,25,56,graphml/AttMpls.graphml,3,2,clustered,0.6;-0.3,2,2,2,0,0,4,2,4,4,2,0,edgeCount
988,25,56,graphml/AttMpls.graphml,3,2,clustered,0.6;-0.3,-1,-1,9,-10,16,-1,-10,-1,-1,-10,8,edgeCount
987,25,56,graphml/AttMpls.graphml,2,1,clustered,0.6;-0.3,3,3,3,0,0,3,0,3,3,0,0,edgeCount
986,25,56,graphml/AttMpls.graphml,5,4,clustered,0.6;-0.3,16,33,4,12,0,26,22,26,26,22,0,edgeCount
985,25,56,graphml/AttMpls.graphml,3,2,clustered,0.6;-0.3,13,7,5,8,18,-1,-6,15,7,10,12,edgeCount
984,25,56,graphml/AttMpls.graphml,3,2,clustered,0.6;-0.3,3,3,3,0,0,3,0,3,3,0,0,edgeCount
983,25,56,graphml/AttMpls.graphml,2,1,clustered,0.6;-0.3,2,2,2,0,4,2,0,2,2,0,4,edgeCount
982,25,56,graphml/AttMpls.graphml,5,4,clustered,0.6;-0.3,25,29,4,21,0,-1,-5,19,19,15,0,edgeCount
981,25,56,graphml/AttMpls.graphml,2,1,clustered,0.6;-0.3,5,3,3,2,0,5,2,3,5,0,0,edgeCount
980,25,56,graphml/AttMpls.graphml,2,1,clustered,0.6;-0.3,6,4,4,2,0,8,4,8,8,4,0,edgeCount
979,25,56,graphml/AttMpls.graphml,2,1,clustered,0.6;-0.3,8,10,5,3,26,-1,-6,-1,-1,-6,16,edgeCount
978,25,56,graphml/AttMpls.graphml,3,2,clustered,0.6;-0.3,3,3,3,0,20,3,0,15,13,12,12,edgeCount
977,25,56,graphml/AttMpls.graphml,4,3,clustered,0.6;-0.3,4,3,2,2,0,-1,-3,4,3,2,0,edgeCount
976,25,56,graphml/AttMpls.graphml,2,1,clustered,0.6;-0.3,5,5,5,0,2,5,0,15,5,10,2,edgeCount
975,25,56,graphml/AttMpls.graphml,2,1,clustered,0.6;-0.3,6,6,3,3,0,6,3,6,6,3,0,edgeCount
974,25,56,graphml/AttMpls.graphml,2,1,clustered,0.6;-0.3,12,4,4,8,0,4,0,4,4,0,0,edgeCount
973,25,56,graphml/AttMpls.graphml,2,1,clustered,0.6;-0.3,3,11,3,0,0,7,4,7,7,4,0,edgeCount
971,25,56,graphml/AttMpls.graphml,4,3,clustered,0.6;-0.3,12,8,4,8,0,8,4,12,8,8,0,edgeCount
970,25,56,graphml/AttMpls.graphml,3,2,clustered,0.6;-0.3,3,3,3,0,0,3,0,3,3,0,0,edgeCount
969,25,56,graphml/AttMpls.graphml,5,4,clustered,0.6;-0.3,3,3,3,0,2,3,0,3,3,0,2,edgeCount
968,25,56,graphml/AttMpls.graphml,2,1,clustered,0.6;-0.3,4,10,4,0,6,4,0,4,9,0,4,edgeCount
967,25,56,graphml/AttMpls.graphml,2,1,clustered,0.6;-0.3,-1,-1,5,-6,14,-1,-6,-1,-1,-6,10,edgeCount
966,25,56,graphml/AttMpls.graphml,2,1,clustered,0.6;-0.3,11,5,4,7,2,-1,-5,10,4,6,2,edgeCount
965,25,56,graphml/AttMpls.graphml,3,2,clustered,0.6;-0.3,8,16,4,4,22,-1,-5,-1,-1,-5,14,edgeCount
964,25,56,graphml/AttMpls.graphml,9,8,clustered,0.6;-0.3,13,17,3,10,2,13,10,13,15,10,2,edgeCount
963,25,56,graphml/AttMpls.graphml,4,3,clustered,0.6;-0.3,12,10,3,9,4,10,7,14,6,11,4,edgeCount
961,25,56,graphml/AttMpls.graphml,4,3,clustered,0.6;-0.3,15,15,4,11,0,11,7,11,11,7,0,edgeCount
960,25,56,graphml/AttMpls.graphml,5,4,clustered,0.6;-0.3,7,11,3,4,2,5,2,3,5,0,2,edgeCount
959,25,56,graphml/AttMpls.graphml,2,1,clustered,0.6;-0.3,10,16,3,7,0,8,5,8,8,5,0,edgeCount
958,25,56,graphml/AttMpls.graphml,3,2,clustered,0.6;-0.3,7,9,3,4,0,8,5,7,7,4,0,edgeCount
957,25,56,graphml/AttMpls.graphml,6,5,clustered,0.6;-0.3,3,3,3,0,0,3,0,3,3,0,0,edgeCount
956,25,56,graphml/AttMpls.graphml,2,1,clustered,0.6;-0.3,21,17,5,16,4,-1,-6,15,7,10,2,edgeCount
955,25,56,graphml/AttMpls.graphml,5,4,clustered,0.6;-0.3,7,3,3,4,0,5,2,7,7,4,0,edgeCount
954,25,56,graphml/AttMpls.graphml,3,2,clustered,0.6;-0.3,4,6,3,1,0,-1,-4,-1,-1,-4,0,edgeCount
953,25,56,graphml/AttMpls.graphml,2,1,clustered,0.6;-0.3,5,5,5,0,22,-1,-6,15,15,10,14,edgeCount
952,25,56,graphml/AttMpls.graphml,3,2,clustered,0.6;-0.3,4,5,3,1,0,4,1,4,4,1,0,edgeCount
951,25,56,graphml/AttMpls.graphml,3,2,clustered,0.6;-0.3,20,20,5,15,0,16,11,16,16,11,0,edgeCount
950,25,56,graphml/AttMpls.graphml,3,2,clustered,0.6;-0.3,7,3,3,4,0,3,0,3,3,0,0,edgeCount
949,25,56,graphml/AttMpls.graphml,3,2,clustered,0.6;-0.3,5,5,3,2,2,5,2,7,5,4,2,edgeCount
948,25,56,graphml/AttMpls.graphml,3,2,clustered,0.6;-0.3,13,7,4,9,0,-1,-5,-1,-1,-5,0,edgeCount
946,25,56,graphml/AttMpls.graphml,3,2,clustered,0.6;-0.3,-1,-1,7,-8,4,-1,-8,-1,-1,-8,2,edgeCount
945,25,56,graphml/AttMpls.graphml,4,3,clustered,0.6;-0.3,27,21,5,22,0,19,14,19,13,14,0,edgeCount
944,25,56,graphml/AttMpls.graphml,4,3,clustered,0.6;-0.3,15,29,5,10,0,15,10,15,23,10,0,edgeCount
943,25,56,graphml/AttMpls.graphml,2,1,clustered,0.6;-0.3,-1,-1,5,-6,0,-1,-6,-1,-1,-6,0,edgeCount
942,25,56,graphml/AttMpls.graphml,5,4,clustered,0.6;-0.3,39,39,4,35,0,-1,-5,-1,-1,-5,0,edgeCount
941,25,56,graphml/AttMpls.graphml,3,2,clustered,0.6;-0.3,4,4,3,1,0,14,11,8,8,5,0,edgeCount
940,25,56,graphml/AttMpls.graphml,5,4,clustered,0.6;-0.3,10,4,4,6,2,21,17,21,21,17,2,edgeCount
939,25,56,graphml/AttMpls.graphml,3,2,clustered,0.6;-0.3,2,2,2,0,14,4,2,4,4,2,14,edgeCount
938,25,56,graphml/AttMpls.graphml,2,1,clustered,0.6;-0.3,6,4,4,2,0,6,2,6,6,2,0,edgeCount
937,25,56,graphml/AttMpls.graphml,2,1,clustered,0.6;-0.3,7,9,3,4,0,3,0,3,3,0,0,edgeCount
936,25,56,graphml/AttMpls.graphml,3,2,clustered,0.6;-0.3,3,4,3,0,0,-1,-4,-1,-1,-4,0,edgeCount
935,25,56,graphml/AttMpls.graphml,4,3,clustered,0.6;-0.3,14,4,4,10,0,6,2,6,12,2,0,edgeCount
934,25,56,graphml/AttMpls.graphml,2,1,clustered,0.6;-0.3,4,3,3,1,0,3,0,3,3,0,0,edgeCount
933,25,56,graphml/AttMpls.graphml,3,2,clustered,0.6;-0.3,2,2,2,0,0,2,0,6,2,4,0,edgeCount
932,25,56,graphml/AttMpls.graphml,2,1,clustered,0.6;-0.3,8,18,4,4,6,4,0,4,16,0,4,edgeCount
931,25,56,graphml/AttMpls.graphml,2,1,clustered,0.6;-0.3,3,3,3,0,0,3,0,3,3,0,0,edgeCount
929,25,56,graphml/AttMpls.graphml,3,2,clustered,0.6;-0.3,13,9,5,8,0,9,4,9,9,4,0,edgeCount
928,25,56,graphml/AttMpls.graphml,2,1,clustered,0.6;-0.3,4,6,4,0,8,4,0,5,4,1,4,edgeCount
927,25,56,graphml/AttMpls.graphml,2,1,clustered,0.6;-0.3,-1,-1,6,-7,0,-1,-7,-1,-1,-7,0,edgeCount
926,25,56,graphml/AttMpls.graphml,2,1,clustered,0.6;-0.3,-1,-1,4,-5,16,-1,-5,-1,-1,-5,16,edgeCount
924,25,56,graphml/AttMpls.graphml,5,4,clustered,0.6;-0.3,5,19,3,2,0,5,2,5,11,2,0,edgeCount
923,25,56,graphml/AttMpls.graphml,2,1,clustered,0.6;-0.3,4,7,4,0,2,4,0,4,4,0,2,edgeCount
922,25,56,graphml/AttMpls.graphml,4,3,clustered,0.6;-0.3,8,8,4,4,16,8,4,8,8,4,10,edgeCount
921,25,56,graphml/AttMpls.graphml,2,1,clustered,0.6;-0.3,3,3,3,0,0,3,0,3,3,0,0,edgeCount
920,25,56,graphml/AttMpls.graphml,3,2,clustered,0.6;-0.3,10,4,3,7,4,9,6,7,21,4,2,edgeCount
919,25,56,graphml/AttMpls.graphml,3,2,clustered,0.6;-0.3,4,4,4,0,0,19,15,18,4,14,0,edgeCount
918,25,56,graphml/AttMpls.graphml,2,1,clustered,0.6;-0.3,2,2,2,0,8,7,5,2,11,0,4,edgeCount
917,25,56,graphml/AttMpls.graphml,2,1,clustered,0.6;-0.3,8,8,3,5,0,8,5,8,8,5,0,edgeCount
916,25,56,graphml/AttMpls.graphml,2,1,clustered,0.6;-0.3,3,5,3,0,0,-1,-4,5,3,2,0,edgeCount
915,25,56,graphml/AttMpls.graphml,3,2,clustered,0.6;-0.3,-1,-1,4,-5,2,-1,-5,-1,-1,-5,2,edgeCount
914,25,56,graphml/AttMpls.graphml,5,4,clustered,0.6;-0.3,2,2,2,0,0,2,0,4,2,2,0,edgeCount
913,25,56,graphml/AttMpls.graphml,2,1,clustered,0.6;-0.3,13,13,5,8,0,11,6,11,11,6,0,edgeCount
912,25,56,graphml/AttMpls.graphml,3,2,clustered,0.6;-0.3,5,3,3,2,0,3,0,3,3,0,0,edgeCount
911,25,56,graphml/AttMpls.graphml,4,3,clustered,0.6;-0.3,17,7,4,13,0,-1,-5,-1,-1,-5,0,edgeCount
910,25,56,graphml/AttMpls.graphml,3,2,clustered,0.6;-0.3,3,3,3,0,0,-1,-4,11,3,8,0,edgeCount
909,25,56,graphml/AttMpls.graphml,7,6,clustered,0.6;-0.3,14,26,3,11,0,-1,-4,-1,-1,-4,0,edgeCount
908,25,56,graphml/AttMpls.graphml,2,1,clustered,0.6;-0.3,3,4,3,0,12,3,0,4,11,1,8,edgeCount
907,25,56,graphml/AttMpls.graphml,3,2,clustered,0.6;-0.3,4,3,3,1,12,8,5,3,3,0,4,edgeCount
906,25,56,graphml/AttMpls.graphml,2,1,clustered,0.6;-0.3,16,6,5,11,8,-1,-6,-1,-1,-6,4,edgeCount
904,25,56,graphml/AttMpls.graphml,3,2,clustered,0.6;-0.3,2,2,2,0,0,2,0,2,2,0,0,edgeCount
902,25,56,graphml/AttMpls.graphml,4,3,clustered,0.6;-0.3,15,18,5,10,0,21,16,21,21,16,0,edgeCount
901,25,56,graphml/AttMpls.graphml,4,3,clustered,0.6;-0.3,2,2,2,0,0,2,0,6,2,4,0,edgeCount
900,25,56,graphml/AttMpls.graphml,2,1,clustered,0.6;-0.3,3,7,3,0,0,3,0,3,3,0,0,edgeCount
899,25,56,graphml/AttMpls.graphml,3,2,clustered,0.6;-0.3,15,9,4,11,0,13,9,13,9,9,0,edgeCount
898,25,56,graphml/AttMpls.graphml,5,4,clustered,0.6;-0.3,2,2,2,0,0,2,0,2,2,0,0,edgeCount
897,25,56,graphml/AttMpls.graphml,2,1,clustered,0.6;-0.3,3,3,3,0,12,3,0,9,5,6,6,edgeCount
895,25,56,graphml/AttMpls.graphml,2,1,clustered,0.6;-0.3,4,16,4,0,0,10,6,10,10,6,0,edgeCount
894,25,56,graphml/AttMpls.graphml,2,1,clustered,0.6;-0.3,-1,-1,4,-5,26,-1,-5,-1,-1,-5,14,edgeCount
893,25,56,graphml/AttMpls.graphml,2,1,clustered,0.6;-0.3,4,9,3,1,4,8,5,3,3,0,2,edgeCount
892,25,56,graphml/AttMpls.graphml,3,2,clustered,0.6;-0.3,10,8,4,6,0,8,4,8,8,4,0,edgeCount
891,25,56,graphml/AttMpls.graphml,2,1,clustered,0.6;-0.3,4,4,4,0,4,8,4,4,12,0,2,edgeCount
889,25,56,graphml/AttMpls.graphml,3,2,clustered,0.6;-0.3,4,5,2,2,0,5,3,4,4,2,0,edgeCount
888,25,56,graphml/AttMpls.graphml,4,3,clustered,0.6;-0.3,11,13,3,8,4,-1,-4,15,15,12,4,edgeCount
887,25,56,graphml/AttMpls.graphml,3,2,clustered,0.6;-0.3,-1,-1,5,-6,10,-1,-6,17,7,12,6,edgeCount
886,25,56,graphml/AttMpls.graphml,3,2,clustered,0.6;-0.3,3,3,3,0,0,3,0,3,3,0,0,edgeCount
885,25,56,graphml/AttMpls.graphml,2,1,clustered,0.6;-0.3,-1,-1,5,-6,0,-1,-6,-1,-1,-6,0,edgeCount
884,25,56,graphml/AttMpls.graphml,2,1,clustered,0.6;-0.3,-1,-1,3,-4,0,-1,-4,-1,-1,-4,0,edgeCount
883,25,56,graphml/AttMpls.graphml,3,2,clustered,0.6;-0.3,8,8,4,4,0,8,4,8,8,4,0,edgeCount
882,25,56,graphml/AttMpls.graphml,3,2,clustered,0.6;-0.3,2,2,2,0,0,2,0,2,2,0,0,edgeCount
881,25,56,graphml/AttMpls.graphml,2,1,clustered,0.6;-0.3,10,6,4,6,14,-1,-5,10,10,6,10,edgeCount
880,25,56,graphml/AttMpls.graphml,3,2,clustered,0.6;-0.3,9,13,3,6,8,-1,-4,7,9,4,4,edgeCount
879,25,56,graphml/AttMpls.graphml,3,2,clustered,0.6;-0.3,19,27,4,15,6,17,13,11,19,7,4,edgeCount
877,25,56,graphml/AttMpls.graphml,4,3,clustered,0.6;-0.3,2,2,2,0,6,2,0,2,2,0,4,edgeCount
876,25,56,graphml/AttMpls.graphml,2,1,clustered,0.6;-0.3,17,9,4,13,0,-1,-5,-1,-1,-5,0,edgeCount
875,25,56,graphml/AttMpls.graphml,3,2,clustered,0.6;-0.3,7,7,3,4,22,-1,-4,7,3,4,12,edgeCount
874,25,56,graphml/AttMpls.graphml,2,1,clustered,0.6;-0.3,8,8,4,4,2,8,4,4,10,0,2,edgeCount
873,25,56,graphml/AttMpls.graphml,4,3,clustered,0.6;-0.3,3,3,3,0,0,3,0,3,3,0,0,edgeCount
871,25,56,graphml/AttMpls.graphml,2,1,clustered,0.6;-0.3,4,4,3,1,0,-1,-4,-1,-1,-4,0,edgeCount
870,25,56,graphml/AttMpls.graphml,2,1,clustered,0.6;-0.3,3,3,3,0,6,3,0,5,3,2,4,edgeCount
869,25,56,graphml/AttMpls.graphml,3,2,clustered,0.6;-0.3,8,4,4,4,0,-1,-5,8,4,4,0,edgeCount
868,25,56,graphml/AttMpls.graphml,2,1,clustered,0.6;-0.3,4,4,3,1,0,8,5,8,8,5,0,edgeCount
867,25,56,graphml/AttMpls.graphml,3,2,clustered,0.6;-0.3,3,3,2,1,0,3,1,3,3,1,0,edgeCount
866,25,56,graphml/AttMpls.graphml,5,4,clustered,0.6;-0.3,2,2,2,0,2,2,0,6,2,4,2,edgeCount
865,25,56,graphml/AttMpls.graphml,5,4,clustered,0.6;-0.3,7,5,3,4,0,12,9,11,5,8,0,edgeCount
864,25,56,graphml/AttMpls.graphml,2,1,clustered,0.6;-0.3,3,7,3,0,12,3,0,9,3,6,8,edgeCount
862,25,56,graphml/AttMpls.graphml,4,3,clustered,0.6;-0.3,3,2,2,1,6,13,11,2,2,0,2,edgeCount
861,25,56,graphml/AttMpls.graphml,4,3,clustered,0.6;-0.3,2,2,2,0,6,2,0,3,3,1,4,edgeCount
859,25,56,graphml/AttMpls.graphml,3,2,clustered,0.6;-0.3,8,8,4,4,2,8,4,14,8,10,2,edgeCount
857,25,56,graphml/AttMpls.graphml,3,2,clustered,0.6;-0.3,8,14,3,5,20,8,5,4,18,1,12,edgeCount
855,25,56,graphml/AttMpls.graphml,5,4,clustered,0.6;-0.3,3,8,3,0,0,9,6,3,3,0,0,edgeCount
853,25,56,graphml/AttMpls.graphml,4,3,clustered,0.6;-0.3,12,12,3,9,0,12,9,12,12,9,0,edgeCount
852,25,56,graphml/AttMpls.graphml,5,4,clustered,0.6;-0.3,3,7,2,1,0,11,9,3,7,1,0,edgeCount
851,25,56,graphml/AttMpls.graphml,4,3,clustered,0.6;-0.3,3,3,3,0,4,3,0,19,3,16,4,edgeCount
850,25,56,graphml/AttMpls.graphml,2,1,clustered,0.6;-0.3,-1,-1,7,-8,6,-1,-8,-1,-1,-8,4,edgeCount
849,25,56,graphml/AttMpls.graphml,2,1,clustered,0.6;-0.3,3,7,3,0,0,3,0,3,3,0,0,edgeCount
848,25,56,graphml/AttMpls.graphml,5,4,clustered,0.6;-0.3,-1,-1,7,-8,2,-1,-8,-1,-1,-8,2,edgeCount
847,25,56,graphml/AttMpls.graphml,3,2,clustered,0.6;-0.3,12,8,4,8,0,10,6,10,10,6,0,edgeCount
846,25,56,graphml/AttMpls.graphml,9,8,clustered,0.6;-0.3,6,10,2,4,0,-1,-3,10,10,8,0,edgeCount
845,25,56,graphml/AttMpls.graphml,3,2,clustered,0.6;-0.3,3,12,3,0,10,7,4,19,7,16,6,edgeCount
844,25,56,graphml/AttMpls.graphml,4,3,clustered,0.6;-0.3,2,2,2,0,0,2,0,8,2,6,0,edgeCount
841,25,56,graphml/AttMpls.graphml,2,1,clustered,0.6;-0.3,-1,-1,4,-5,12,-1,-5,-1,-1,-5,6,edgeCount
840,25,56,graphml/AttMpls.graphml,4,3,clustered,0.6;-0.3,-1,-1,3,-4,0,-1,-4,-1,-1,-4,0,edgeCount
838,25,56,graphml/AttMpls.graphml,3,2,clustered,0.6;-0.3,6,7,4,2,0,6,2,6,12,2,0,edgeCount
836,25,56,graphml/AttMpls.graphml,4,3,clustered,0.6;-0.3,-1,-1,5,-6,0,-1,-6,-1,-1,-6,0,edgeCount
835,25,56,graphml/AttMpls.graphml,2,1,clustered,0.6;-0.3,12,8,6,6,4,12,6,12,12,6,2,edgeCount
833,25,56,graphml/AttMpls.graphml,4,3,clustered,0.6;-0.3,7,7,5,2,0,-1,-6,-1,-1,-6,0,edgeCount
832,25,56,graphml/AttMpls.graphml,2,1,clustered,0.6;-0.3,12,8,4,8,0,8,4,8,8,4,0,edgeCount
831,25,56,graphml/AttMpls.graphml,2,1,clustered,0.6;-0.3,3,3,3,0,6,3,0,3,3,0,4,edgeCount
830,25,56,graphml/AttMpls.graphml,4,3,clustered,0.6;-0.3,2,2,2,0,16,2,0,9,2,7,10,edgeCount
829,25,56,graphml/AttMpls.graphml,2,1,clustered,0.6;-0.3,8,6,5,3,0,-1,-6,-1,-1,-6,0,edgeCount
828,25,56,graphml/AttMpls.graphml,3,2,clustered,0.6;-0.3,2,3,2,0,0,3,1,3,3,1,0,edgeCount
827,25,56,graphml/AttMpls.graphml,4,3,clustered,0.6;-0.3,3,5,3,0,18,7,4,19,7,16,12,edgeCount
826,25,56,graphml/AttMpls.graphml,2,1,clustered,0.6;-0.3,4,6,4,0,12,-1,-5,-1,-1,-5,8,edgeCount
825,25,56,graphml/AttMpls.graphml,5,4,clustered,0.6;-0.3,2,2,2,0,14,2,0,3,2,1,8,edgeCount
824,25,56,graphml/AttMpls.graphml,3,2,clustered,0.6;-0.3,5,5,4,1,0,9,5,9,5,5,0,edgeCount
823,25,56,graphml/AttMpls.graphml,4,3,clustered,0.6;-0.3,14,6,4,10,0,-1,-5,-1,-1,-5,0,edgeCount
822,25,56,graphml/AttMpls.graphml,4,3,clustered,0.6;-0.3,7,7,3,4,6,7,4,3,9,0,4,edgeCount
821,25,56,graphml/AttMpls.graphml,3,2,clustered,0.6;-0.3,8,4,4,4,8,-1,-5,16,4,12,4,edgeCount
819,25,56,graphml/AttMpls.graphml,3,2,clustered,0.6;-0.3,5,5,4,1,0,-1,-5,-1,-1,-5,0,edgeCount
818,25,56,graphml/AttMpls.graphml,2,1,clustered,0.6;-0.3,4,4,4,0,0,8,4,8,8,4,0,edgeCount
817,25,56,graphml/AttMpls.graphml,3,2,clustered,0.6;-0.3,11,9,5,6,10,-1,-6,-1,-1,-6,6,edgeCount
816,25,56,graphml/AttMpls.graphml,3,2,clustered,0.6;-0.3,24,32,6,18,0,-1,-7,-1,-1,-7,0,edgeCount
815,25,56,graphml/AttMpls.graphml,4,3,clustered,0.6;-0.3,2,2,2,0,6,2,0,8,8,6,2,edgeCount
814,25,56,graphml/AttMpls.graphml,2,1,clustered,0.6;-0.3,10,10,4,6,0,-1,-5,-1,-1,-5,0,edgeCount
813,25,56,graphml/AttMpls.graphml,3,2,clustered,0.6;-0.3,-1,-1,5,-6,8,-1,-6,-1,-1,-6,4,edgeCount
812,25,56,graphml/AttMpls.graphml,5,4,clustered,0.6;-0.3,3,3,2,1,4,3,1,3,3,1,2,edgeCount
810,25,56,graphml/AttMpls.graphml,2,1,clustered,0.6;-0.3,4,14,4,0,0,-1,-5,-1,-1,-5,0,edgeCount
808,25,56,graphml/AttMpls.graphml,3,2,clustered,0.6;-0.3,4,4,4,0,0,8,4,8,4,4,0,edgeCount
807,25,56,graphml/AttMpls.graphml,2,1,clustered,0.6;-0.3,7,7,4,3,0,4,0,10,10,6,0,edgeCount
806,25,56,graphml/AttMpls.graphml,2,1,clustered,0.6;-0.3,4,4,4,0,0,6,2,6,6,2,0,edgeCount
805,25,56,graphml/AttMpls.graphml,3,2,clustered,0.6;-0.3,22,30,6,16,0,-1,-7,-1,-1,-7,0,edgeCount
804,25,56,graphml/AttMpls.graphml,2,1,clustered,0.6;-0.3,6,6,4,2,12,6,2,4,10,0,6,edgeCount
803,25,56,graphml/AttMpls.graphml,3,2,clustered,0.6;-0.3,3,3,3,0,0,3,0,3,3,0,0,edgeCount
802,25,56,graphml/AttMpls.graphml,3,2,clustered,0.6;-0.3,10,8,3,7,16,-1,-4,-1,-1,-4,8,edgeCount
801,25,56,graphml/AttMpls.graphml,4,3,clustered,0.6;-0.3,32,20,4,28,14,-1,-5,-1,-1,-5,10,edgeCount
800,25,56,graphml/AttMpls.graphml,2,1,clustered,0.6;-0.3,3,3,3,0,16,3,0,3,3,0,10,edgeCount
799,25,56,graphml/AttMpls.graphml,3,2,clustered,0.6;-0.3,9,7,5,4,0,7,2,7,7,2,0,edgeCount
798,25,56,graphml/AttMpls.graphml,3,2,clustered,0.6;-0.3,12,20,4,8,12,6,2,6,6,2,4,edgeCount
797,25,56,graphml/AttMpls.graphml,2,1,clustered,0.6;-0.3,4,24,4,0,12,-1,-5,-1,-1,-5,8,edgeCount
796,25,56,graphml/AttMpls.graphml,2,1,clustered,0.6;-0.3,5,23,4,1,4,-1,-5,-1,-1,-5,2,edgeCount
795,25,56,graphml/AttMpls.graphml,2,1,clustered,0.6;-0.3,5,9,3,2,0,3,0,3,5,0,0,edgeCount
794,25,56,graphml/AttMpls.graphml,4,3,clustered,0.6;-0.3,12,4,4,8,4,6,2,4,4,0,2,edgeCount
793,25,56,graphml/AttMpls.graphml,2,1,clustered,0.6;-0.3,11,9,4,7,12,8,4,4,16,0,8,edgeCount
792,25,56,graphml/AttMpls.graphml,4,3,clustered,0.6;-0.3,-1,-1,4,-5,6,-1,-5,-1,-1,-5,4,edgeCount
791,25,56,graphml/AttMpls.graphml,2,1,clustered,0.6;-0.3,11,15,5,6,10,-1,-6,14,6,9,6,edgeCount
790,25,56,graphml/AttMpls.graphml,2,1,clustered,0.6;-0.3,4,4,4,0,0,11,7,4,4,0,0,edgeCount
789,25,56,graphml/AttMpls.graphml,4,3,clustered,0.6;-0.3,10,4,4,6,0,-1,-5,-1,-1,-5,0,edgeCount
788,25,56,graphml/AttMpls.graphml,3,2,clustered,0.6;-0.3,-1,-1,4,-5,0,-1,-5,-1,-1,-5,0,edgeCount
787,25,56,graphml/AttMpls.graphml,3,2,clustered,0.6;-0.3,4,4,4,0,22,-1,-5,-1,-1,-5,12,edgeCount
786,25,56,graphml/AttMpls.graphml,2,1,clustered,0.6;-0.3,-1,-1,7,-8,8,-1,-8,-1,-1,-8,4,edgeCount
785,25,56,graphml/AttMpls.graphml,5,4,clustered,0.6;-0.3,2,2,2,0,0,2,0,2,2,0,0,edgeCount
784,25,56,graphml/AttMpls.graphml,4,3,clustered,0.6;-0.3,3,17,3,0,0,7,4,7,7,4,0,edgeCount
783,25,56,graphml/AttMpls.graphml,2,1,clustered,0.6;-0.3,6,4,3,3,0,8,5,8,8,5,0,edgeCount
782,25,56,graphml/AttMpls.graphml,5,4,clustered,0.6;-0.3,4,4,2,2,0,4,2,10,4,8,0,edgeCount
780,25,56,graphml/AttMpls.graphml,3,2,clustered,0.6;-0.3,7,7,3,4,22,-1,-4,9,3,6,12,edgeCount
779,25,56,graphml/AttMpls.graphml,2,1,clustered,0.6;-0.3,7,7,5,2,6,-1,-6,-1,-1,-6,4,edgeCount
778,25,56,graphml/AttMpls.graphml,2,1,clustered,0.6;-0.3,3,3,3,0,0,3,0,3,3,0,0,edgeCount
777,25,56,graphml/AttMpls.graphml,2,1,clustered,0.6;-0.3,4,5,3,1,8,5,2,5,4,2,4,edgeCount
776,25,56,graphml/AttMpls.graphml,4,3,clustered,0.6;-0.3,9,5,3,6,4,10,7,5,5,2,2,edgeCount
775,25,56,graphml/AttMpls.graphml,6,5,clustered,0.6;-0.3,11,3,3,8,10,-1,-4,7,3,4,6,edgeCount
774,25,56,graphml/AttMpls.graphml,5,4,clustered,0.6;-0.3,3,3,3,0,0,20,17,7,3,4,0,edgeCount
773,25,56,graphml/AttMpls.graphml,3,2,clustered,0.6;-0.3,-1,-1,4,-5,16,-1,-5,-1,-1,-5,8,edgeCount
772,25,56,graphml/AttMpls.graphml,2,1,clustered,0.6;-0.3,6,6,3,3,0,6,3,6,6,3,0,edgeCount
771,25,56,graphml/AttMpls.graphml,4,3,clustered,0.6;-0.3,-1,-1,3,-4,0,-1,-4,-1,-1,-4,0,edgeCount
770,25,56,graphml/AttMpls.graphml,5,4,clustered,0.6;-0.3,9,9,3,6,2,-1,-4,9,9,6,2,edgeCount
769,25,56,graphml/AttMpls.graphml,2,1,clustered,0.6;-0.3,10,6,5,5,0,-1,-6,-1,-1,-6,0,edgeCount
768,25,56,graphml/AttMpls.graphml,4,3,clustered,0.6;-0.3,7,9,3,4,0,-1,-4,-1,-1,-4,0,edgeCount
767,25,56,graphml/AttMpls.graphml,4,3,clustered,0.6;-0.3,6,4,4,2,0,-1,-5,-1,-1,-5,0,edgeCount
766,25,56,graphml/AttMpls.graphml,5,4,clustered,0.6;-0.3,4,4,2,2,0,4,2,3,4,1,0,edgeCount
765,25,56,graphml/AttMpls.graphml,5,4,clustered,0.6;-0.3,14,10,3,11,2,20,17,8,6,5,2,edgeCount
763,25,56,graphml/AttMpls.graphml,5,4,clustered,0.6;-0.3,3,3,3,0,2,5,2,3,5,0,2,edgeCount
762,25,56,graphml/AttMpls.graphml,4,3,clustered,0.6;-0.3,30,30,4,26,0,16,12,16,26,12,0,edgeCount
761,25,56,graphml/AttMpls.graphml,4,3,clustered,0.6;-0.3,4,4,2,2,0,4,2,4,4,2,0,edgeCount
760,25,56,graphml/AttMpls.graphml,3,2,clustered,0.6;-0.3,2,3,2,0,0,2,0,2,2,0,0,edgeCount
759,25,56,graphml/AttMpls.graphml,2,1,clustered,0.6;-0.3,4,4,4,0,26,6,2,4,6,0,16,edgeCount
758,25,56,graphml/AttMpls.graphml,7,6,clustered,0.6;-0.3,8,8,4,4,4,-1,-5,8,12,4,4,edgeCount
755,25,56,graphml/AttMpls.graphml,4,3,clustered,0.6;-0.3,7,3,3,4,0,3,0,3,3,0,0,edgeCount
754,25,56,graphml/AttMpls.graphml,3,2,clustered,0.6;-0.3,2,2,2,0,6,4,2,5,5,3,4,edgeCount
753,25,56,graphml/AttMpls.graphml,2,1,clustered,0.6;-0.3,13,13,6,7,2,-1,-7,-1,-1,-7,2,edgeCount
752,25,56,graphml/AttMpls.graphml,4,3,clustered,0.6;-0.3,25,21,5,20,0,19,14,19,15,14,0,edgeCount
751,25,56,graphml/AttMpls.graphml,4,3,clustered,0.6;-0.3,22,10,4,18,0,-1,-5,-1,-1,-5,0,edgeCount
750,25,56,graphml/AttMpls.graphml,3,2,clustered,0.6;-0.3,2,2,2,0,0,2,0,2,2,0,0,edgeCount
749,25,56,graphml/AttMpls.graphml,2,1,clustered,0.6;-0.3,-1,-1,5,-6,16,-1,-6,-1,-1,-6,10,edgeCount
748,25,56,graphml/AttMpls.graphml,2,1,clustered,0.6;-0.3,12,20,5,7,0,12,7,12,12,7,0,edgeCount
747,25,56,graphml/AttMpls.graphml,4,3,clustered,0.6;-0.3,3,3,3,0,6,13,10,3,3,0,2,edgeCount
745,25,56,graphml/AttMpls.graphml,2,1,clustered,0.6;-0.3,4,4,4,0,0,4,0,4,4,0,0,edgeCount
743,25,56,graphml/AttMpls.graphml,2,1,clustered,0.6;-0.3,8,18,5,3,0,12,7,12,12,7,0,edgeCount
742,25,56,graphml/AttMpls.graphml,5,4,clustered,0.6;-0.3,5,5,3,2,0,5,2,5,5,2,0,edgeCount
741,25,56,graphml/AttMpls.graphml,3,2,clustered,0.6;-0.3,5,6,5,0,0,6,1,6,6,1,0,edgeCount
739,25,56,graphml/AttMpls.graphml,4,3,clustered,0.6;-0.3,13,13,4,9,16,13,9,13,13,9,10,edgeCount
738,25,56,graphml/AttMpls.graphml,3,2,clustered,0.6;-0.3,3,5,3,0,0,3,0,3,5,0,0,edgeCount
737,25,56,graphml/AttMpls.graphml,4,3,clustered,0.6;-0.3,10,8,3,7,16,-1,-4,10,4,7,10,edgeCount
736,25,56,graphml/AttMpls.graphml,2,1,clustered,0.6;-0.3,4,6,4,0,0,10,6,10,10,6,0,edgeCount
735,25,56,graphml/AttMpls.graphml,3,2,clustered,0.6;-0.3,23,17,5,18,0,-1,-6,-1,-1,-6,0,edgeCount
734,25,56,graphml/AttMpls.graphml,2,1,clustered,0.6;-0.3,3,3,3,0,12,3,0,9,3,6,6,edgeCount
733,25,56,graphml/AttMpls.graphml,3,2,clustered,0.6;-0.3,5,6,3,2,0,3,0,3,3,0,0,edgeCount
732,25,56,graphml/AttMpls.graphml,3,2,clustered,0.6;-0.3,5,6,3,2,0,5,2,5,4,2,0,edgeCount
731,25,56,graphml/AttMpls.graphml,3,2,clustered,0.6;-0.3,12,6,5,7,0,-1,-6,-1,-1,-6,0,edgeCount
730,25,56,graphml/AttMpls.graphml,2,1,clustered,0.6;-0.3,5,11,3,2,0,5,2,3,5,0,0,edgeCount
729,25,56,graphml/AttMpls.graphml,3,2,clustered,0.6;-0.3,11,9,3,8,0,9,6,9,9,6,0,edgeCount
728,25,56,graphml/AttMpls.graphml,4,3,clustered,0.6;-0.3,5,9,3,2,0,7,4,9,9,6,0,edgeCount
727,25,56,graphml/AttMpls.graphml,4,3,clustered,0.6;-0.3,5,3,3,2,0,-1,-4,5,3,2,0,edgeCount
726,25,56,graphml/AttMpls.graphml,2,1,clustered,0.6;-0.3,2,2,2,0,2,2,0,6,6,4,2,edgeCount
724,25,56,graphml/AttMpls.graphml,3,2,clustered,0.6;-0.3,23,13,5,18,8,-1,-6,-1,-1,-6,4,edgeCount
723,25,56,graphml/AttMpls.graphml,3,2,clustered,0.6;-0.3,3,3,3,0,20,3,0,15,8,12,12,edgeCount
722,25,56,graphml/AttMpls.graphml,9,8,clustered,0.6;-0.3,6,2,2,4,2,2,0,6,2,4,2,edgeCount
721,25,56,graphml/AttMpls.graphml,2,1,clustered,0.6;-0.3,16,22,4,12,6,-1,-5,-1,-1,-5,4,edgeCount
720,25,56,graphml/AttMpls.graphml,2,1,clustered,0.6;-0.3,4,4,4,0,0,4,0,4,4,0,0,edgeCount
719,25,56,graphml/AttMpls.graphml,2,1,clustered,0.6;-0.3,6,4,3,3,0,8,5,8,8,5,0,edgeCount
718,25,56,graphml/AttMpls.graphml,3,2,clustered,0.6;-0.3,2,6,2,0,0,-1,-3,4,4,2,0,edgeCount
717,25,56,graphml/AttMpls.graphml,5,4,clustered,0.6;-0.3,18,10,3,15,0,-1,-4,-1,-1,-4,0,edgeCount
716,25,56,graphml/AttMpls.graphml,4,3,clustered,0.6;-0.3,15,9,4,11,4,-1,-5,-1,-1,-5,2,edgeCount
715,25,56,graphml/AttMpls.graphml,2,1,clustered,0.6;-0.3,7,5,3,4,0,5,2,3,5,0,0,edgeCount
714,25,56,graphml/AttMpls.graphml,4,3,clustered,0.6;-0.3,6,2,2,4,0,2,0,9,2,7,0,edgeCount
713,25,56,graphml/AttMpls.graphml,2,1,clustered,0.6;-0.3,4,16,3,1,2,8,5,8,14,5,2,edgeCount
712,25,56,graphml/AttMpls.graphml,3,2,clustered,0.6;-0.3,9,7,5,4,0,-1,-6,-1,-1,-6,0,edgeCount
711,25,56,graphml/AttMpls.graphml,2,1,clustered,0.6;-0.3,10,8,6,4,0,-1,-7,-1,-1,-7,0,edgeCount
710,25,56,graphml/AttMpls.graphml,2,1,clustered,0.6;-0.3,2,2,2,0,12,2,0,2,2,0,6,edgeCount
708,25,56,graphml/AttMpls.graphml,2,1,clustered,0.6;-0.3,-1,-1,4,-5,12,-1,-5,-1,-1,-5,6,edgeCount
707,25,56,graphml/AttMpls.graphml,3,2,clustered,0.6;-0.3,3,3,3,0,0,3,0,3,3,0,0,edgeCount
705,25,56,graphml/AttMpls.graphml,3,2,clustered,0.6;-0.3,9,11,3,6,10,-1,-4,11,3,8,6,edgeCount
704,25,56,graphml/AttMpls.graphml,3,2,clustered,0.6;-0.3,12,8,3,9,0,-1,-4,12,8,9,0,edgeCount
703,25,56,graphml/AttMpls.graphml,4,3,clustered,0.6;-0.3,12,14,3,9,0,10,7,10,10,7,0,edgeCount
702,25,56,graphml/AttMpls.graphml,3,2,clustered,0.6;-0.3,3,3,3,0,0,4,1,4,3,1,0,edgeCount
700,25,56,graphml/AttMpls.graphml,3,2,clustered,0.6;-0.3,5,6,3,2,0,3,0,3,3,0,0,edgeCount
699,25,56,graphml/AttMpls.graphml,3,2,clustered,0.6;-0.3,4,4,3,1,2,13,10,9,13,6,2,edgeCount
698,25,56,graphml/AttMpls.graphml,3,2,clustered,0.6;-0.3,2,2,2,0,0,2,0,2,2,0,0,edgeCount
697,25,56,graphml/AttMpls.graphml,3,2,clustered,0.6;-0.3,4,4,2,2,0,6,4,6,6,4,0,edgeCount
696,25,56,graphml/AttMpls.graphml,3,2,clustered,0.6;-0.3,-1,-1,6,-7,4,-1,-7,20,6,14,4,edgeCount
695,25,56,graphml/AttMpls.graphml,2,1,clustered,0.6;-0.3,7,7,5,2,22,-1,-6,7,13,2,14,edgeCount
694,25,56,graphml/AttMpls.graphml,2,1,clustered,0.6;-0.3,-1,-1,5,-6,12,-1,-6,-1,-1,-6,6,edgeCount
693,25,56,graphml/AttMpls.graphml,3,2,clustered,0.6;-0.3,2,4,2,0,0,2,0,2,2,0,0,edgeCount
692,25,56,graphml/AttMpls.graphml,2,1,clustered,0.6;-0.3,13,5,5,8,0,-1,-6,-1,-1,-6,0,edgeCount
691,25,56,graphml/AttMpls.graphml,3,2,clustered,0.6;-0.3,3,7,3,0,0,7,4,7,7,4,0,edgeCount
690,25,56,graphml/AttMpls.graphml,3,2,clustered,0.6;-0.3,3,3,3,0,0,3,0,3,3,0,0,edgeCount
689,25,56,graphml/AttMpls.graphml,2,1,clustered,0.6;-0.3,-1,-1,4,-5,0,-1,-5,-1,-1,-5,0,edgeCount
688,25,56,graphml/AttMpls.graphml,5,4,clustered,0.6;-0.3,-1,-1,5,-6,2,-1,-6,-1,-1,-6,2,edgeCount
687,25,56,graphml/AttMpls.graphml,3,2,clustered,0.6;-0.3,21,23,5,16,4,-1,-6,23,9,18,2,edgeCount
686,25,56,graphml/AttMpls.graphml,3,2,clustered,0.6;-0.3,4,8,2,2,10,2,0,6,4,4,6,edgeCount
685,25,56,graphml/AttMpls.graphml,3,2,clustered,0.6;-0.3,7,9,3,4,0,10,7,9,9,6,0,edgeCount
684,25,56,graphml/AttMpls.graphml,2,1,clustered,0.6;-0.3,22,22,5,17,22,-1,-6,19,9,14,14,edgeCount
683,25,56,graphml/AttMpls.graphml,2,1,clustered,0.6;-0.3,-1,-1,6,-7,2,-1,-7,15,7,9,2,edgeCount
682,25,56,graphml/AttMpls.graphml,2,1,clustered,0.6;-0.3,-1,-1,7,-8,8,-1,-8,-1,-1,-8,4,edgeCount
681,25,56,graphml/AttMpls.graphml,4,3,clustered,0.6;-0.3,7,9,3,4,4,7,4,10,9,7,2,edgeCount
680,25,56,graphml/AttMpls.graphml,2,1,clustered,0.6;-0.3,25,17,6,19,0,-1,-7,-1,-1,-7,0,edgeCount
679,25,56,graphml/AttMpls.graphml,2,1,clustered,0.6;-0.3,2,3,2,0,0,2,0,6,2,4,0,edgeCount
678,25,56,graphml/AttMpls.graphml,5,4,clustered,0.6;-0.3,6,6,3,3,0,8,5,10,6,7,0,edgeCount
677,25,56,graphml/AttMpls.graphml,4,3,clustered,0.6;-0.3,6,11,4,2,18,12,8,12,12,8,12,edgeCount
676,25,56,graphml/AttMpls.graphml,2,1,clustered,0.6;-0.3,6,6,4,2,8,-1,-5,10,6,6,4,edgeCount
675,25,56,graphml/AttMpls.graphml,3,2,clustered,0.6;-0.3,4,6,2,2,8,2,0,2,2,0,4,edgeCount
674,25,56,graphml/AttMpls.graphml,3,2,clustered,0.6;-0.3,27,26,4,23,24,-1,-5,14,5,10,12,edgeCount
673,25,56,graphml/AttMpls.graphml,2,1,clustered,0.6;-0.3,9,5,4,5,12,-1,-5,-1,-1,-5,8,edgeCount
672,25,56,graphml/AttMpls.graphml,4,3,clustered,0.6;-0.3,2,2,2,0,6,2,0,3,3,1,4,edgeCount
671,25,56,graphml/AttMpls.graphml,3,2,clustered,0.6;-0.3,7,21,3,4,6,15,12,17,9,14,4,edgeCount
670,25,56,graphml/AttMpls.graphml,3,2,clustered,0.6;-0.3,4,4,4,0,4,-1,-5,4,4,0,2,edgeCount
669,25,56,graphml/AttMpls.graphml,5,4,clustered,0.6;-0.3,19,21,4,15,10,-1,-5,-1,-1,-5,8,edgeCount
668,25,56,graphml/AttMpls.graphml,3,2,clustered,0.6;-0.3,16,12,5,11,0,9,4,9,9,4,0,edgeCount
667,25,56,graphml/AttMpls.graphml,2,1,clustered,0.6;-0.3,-1,-1,4,-5,12,-1,-5,-1,-1,-5,6,edgeCount
666,25,56,graphml/AttMpls.graphml,4,3,clustered,0.6;-0.3,7,3,3,4,6,-1,-4,3,3,0,2,edgeCount
665,25,56,graphml/AttMpls.graphml,4,3,clustered,0.6;-0.3,5,5,3,2,0,5,2,3,5,0,0,edgeCount
664,25,56,graphml/AttMpls.graphml,4,3,clustered,0.6;-0.3,2,2,2,0,0,2,0,2,2,0,0,edgeCount
662,25,56,graphml/AttMpls.graphml,2,1,clustered,0.6;-0.3,2,2,2,0,4,2,0,2,2,0,4,edgeCount
661,25,56,graphml/AttMpls.graphml,4,3,clustered,0.6;-0.3,5,5,3,2,6,-1,-4,5,5,2,4,edgeCount
659,25,56,graphml/AttMpls.graphml,3,2,clustered,0.6;-0.3,-1,-1,6,-7,0,-1,-7,-1,-1,-7,0,edgeCount
657,25,56,graphml/AttMpls.graphml,2,1,clustered,0.6;-0.3,3,3,3,0,6,3,0,3,3,0,6,edgeCount
656,25,56,graphml/AttMpls.graphml,3,2,clustered,0.6;-0.3,11,27,4,7,0,17,13,11,11,7,0,edgeCount
655,25,56,graphml/AttMpls.graphml,3,2,clustered,0.6;-0.3,2,2,2,0,0,2,0,2,2,0,0,edgeCount
654,25,56,graphml/AttMpls.graphml,5,4,clustered,0.6;-0.3,3,7,3,0,0,9,6,3,3,0,0,edgeCount
653,25,56,graphml/AttMpls.graphml,4,3,clustered,0.6;-0.3,3,9,3,0,0,5,2,5,5,2,0,edgeCount
652,25,56,graphml/AttMpls.graphml,4,3,clustered,0.6;-0.3,6,6,3,3,18,6,3,6,6,3,10,edgeCount
650,25,56,graphml/AttMpls.graphml,2,1,clustered,0.6;-0.3,-1,-1,5,-6,6,-1,-6,-1,-1,-6,4,edgeCount
649,25,56,graphml/AttMpls.graphml,2,1,clustered,0.6;-0.3,3,3,3,0,0,3,0,3,3,0,0,edgeCount
648,25,56,graphml/AttMpls.graphml,4,3,clustered,0.6;-0.3,9,5,3,6,0,5,2,3,5,0,0,edgeCount
647,25,56,graphml/AttMpls.graphml,2,1,clustered,0.6;-0.3,14,4,4,10,12,4,0,4,4,0,8,edgeCount
646,25,56,graphml/AttMpls.graphml,3,2,clustered,0.6;-0.3,4,14,4,0,20,-1,-5,10,10,6,12,edgeCount
644,25,56,graphml/AttMpls.graphml,4,3,clustered,0.6;-0.3,15,7,4,11,4,-1,-5,-1,-1,-5,4,edgeCount
643,25,56,graphml/AttMpls.graphml,2,1,clustered,0.6;-0.3,4,8,4,0,0,8,4,8,8,4,0,edgeCount
642,25,56,graphml/AttMpls.graphml,4,3,clustered,0.6;-0.3,6,8,4,2,0,-1,-5,-1,-1,-5,0,edgeCount
641,25,56,graphml/AttMpls.graphml,4,3,clustered,0.6;-0.3,25,27,5,20,4,-1,-6,-1,-1,-6,4,edgeCount
640,25,56,graphml/AttMpls.graphml,4,3,clustered,0.6;-0.3,3,3,3,0,0,3,0,3,3,0,0,edgeCount
639,25,56,graphml/AttMpls.graphml,4,3,clustered,0.6;-0.3,16,16,4,12,0,6,2,6,16,2,0,edgeCount
638,25,56,graphml/AttMpls.graphml,2,1,clustered,0.6;-0.3,10,6,5,5,0,11,6,11,11,6,0,edgeCount
637,25,56,graphml/AttMpls.graphml,3,2,clustered,0.6;-0.3,3,7,3,0,0,7,4,7,7,4,0,edgeCount
636,25,56,graphml/AttMpls.graphml,4,3,clustered,0.6;-0.3,-1,-1,5,-6,2,-1,-6,-1,-1,-6,2,edgeCount
635,25,56,graphml/AttMpls.graphml,2,1,clustered,0.6;-0.3,12,23,3,9,26,8,5,4,14,1,14,edgeCount
634,25,56,graphml/AttMpls.graphml,4,3,clustered,0.6;-0.3,2,2,2,0,0,2,0,7,2,5,0,edgeCount
633,25,56,graphml/AttMpls.graphml,2,1,clustered,0.6;-0.3,4,16,4,0,4,4,0,4,4,0,2,edgeCount
632,25,56,graphml/AttMpls.graphml,3,2,clustered,0.6;-0.3,2,3,2,0,8,3,1,3,2,1,4,edgeCount
631,25,56,graphml/AttMpls.graphml,3,2,clustered,0.6;-0.3,2,2,2,0,4,2,0,5,5,3,2,edgeCount
630,25,56,graphml/AttMpls.graphml,5,4,clustered,0.6;-0.3,34,28,4,30,0,18,14,18,18,14,0,edgeCount
629,25,56,graphml/AttMpls.graphml,3,2,clustered,0.6;-0.3,5,7,3,2,0,5,2,5,5,2,0,edgeCount
628,25,56,graphml/AttMpls.graphml,3,2,clustered,0.6;-0.3,8,4,4,4,16,10,6,6,5,2,8,edgeCount
626,25,56,graphml/AttMpls.graphml,4,3,clustered,0.6;-0.3,6,2,2,4,0,2,0,8,2,6,0,edgeCount
625,25,56,graphml/AttMpls.graphml,2,1,clustered,0.6;-0.3,-1,-1,4,-5,0,-1,-5,-1,-1,-5,0,edgeCount
624,25,56,graphml/AttMpls.graphml,4,3,clustered,0.6;-0.3,10,4,3,7,0,5,2,9,9,6,0,edgeCount
623,25,56,graphml/AttMpls.graphml,4,3,clustered,0.6;-0.3,-1,-1,7,-8,0,-1,-8,-1,-1,-8,0,edgeCount
622,25,56,graphml/AttMpls.graphml,5,4,clustered,0.6;-0.3,3,3,3,0,2,3,0,3,3,0,2,edgeCount
620,25,56,graphml/AttMpls.graphml,2,1,clustered,0.6;-0.3,12,12,6,6,2,12,6,6,6,0,2,edgeCount
619,25,56,graphml/AttMpls.graphml,3,2,clustered,0.6;-0.3,-1,-1,4,-5,16,-1,-5,-1,-1,-5,8,edgeCount
618,25,56,graphml/AttMpls.graphml,4,3,clustered,0.6;-0.3,19,33,5,14,0,19,14,19,27,14,0,edgeCount
617,25,56,graphml/AttMpls.graphml,5,4,clustered,0.6;-0.3,9,15,3,6,2,9,6,3,9,0,2,edgeCount
616,25,56,graphml/AttMpls.graphml,2,1,clustered,0.6;-0.3,3,3,3,0,0,3,0,3,3,0,0,edgeCount
615,25,56,graphml/AttMpls.graphml,4,3,clustered,0.6;-0.3,11,5,3,8,16,-1,-4,-1,-1,-4,12,edgeCount
614,25,56,graphml/AttMpls.graphml,4,3,clustered,0.6;-0.3,5,3,3,2,16,-1,-4,-1,-1,-4,12,edgeCount
612,25,56,graphml/AttMpls.graphml,3,2,clustered,0.6;-0.3,26,18,5,21,0,18,13,18,18,13,0,edgeCount
611,25,56,graphml/AttMpls.graphml,3,2,clustered,0.6;-0.3,7,7,4,3,8,-1,-5,-1,-1,-5,4,edgeCount
610,25,56,graphml/AttMpls.graphml,3,2,clustered,0.6;-0.3,3,13,3,0,0,-1,-4,-1,-1,-4,0,edgeCount
609,25,56,graphml/AttMpls.graphml,2,1,clustered,0.6;-0.3,7,7,5,2,4,-1,-6,15,7,10,2,edgeCount
607,25,56,graphml/AttMpls.graphml,3,2,clustered,0.6;-0.3,16,8,4,12,0,8,4,8,8,4,0,edgeCount
605,25,56,graphml/AttMpls.graphml,3,2,clustered,0.6;-0.3,-1,-1,4,-5,2,-1,-5,-1,-1,-5,2,edgeCount
604,25,56,graphml/AttMpls.graphml,2,1,clustered,0.6;-0.3,-1,-1,6,-7,18,-1,-7,-1,-1,-7,10,edgeCount
603,25,56,graphml/AttMpls.graphml,3,2,clustered,0.6;-0.3,3,3,3,0,0,3,0,3,3,0,0,edgeCount
602,25,56,graphml/AttMpls.graphml,4,3,clustered,0.6;-0.3,-1,-1,3,-4,0,-1,-4,-1,-1,-4,0,edgeCount
601,25,56,graphml/AttMpls.graphml,2,1,clustered,0.6;-0.3,4,4,4,0,18,4,0,4,4,0,10,edgeCount
600,25,56,graphml/AttMpls.graphml,4,3,clustered,0.6;-0.3,3,3,3,0,0,3,0,3,3,0,0,edgeCount
598,25,56,graphml/AttMpls.graphml,5,4,clustered,0.6;-0.3,-1,-1,4,-5,8,-1,-5,-1,-1,-5,4,edgeCount
597,25,56,graphml/AttMpls.graphml,5,4,clustered,0.6;-0.3,-1,-1,4,-5,0,-1,-5,-1,-1,-5,0,edgeCount
596,25,56,graphml/AttMpls.graphml,2,1,clustered,0.6;-0.3,16,16,6,10,14,-1,-7,12,8,6,14,edgeCount
595,25,56,graphml/AttMpls.graphml,3,2,clustered,0.6;-0.3,4,7,2,2,18,-1,-3,6,8,4,12,edgeCount
593,25,56,graphml/AttMpls.graphml,2,1,clustered,0.6;-0.3,3,7,3,0,12,3,0,7,8,4,8,edgeCount
592,25,56,graphml/AttMpls.graphml,3,2,clustered,0.6;-0.3,14,13,3,11,8,12,9,8,4,5,4,edgeCount
591,25,56,graphml/AttMpls.graphml,2,1,clustered,0.6;-0.3,13,5,5,8,26,-1,-6,9,5,4,16,edgeCount
590,25,56,graphml/AttMpls.graphml,4,3,clustered,0.6;-0.3,5,7,3,2,0,9,6,7,9,4,0,edgeCount
589,25,56,graphml/AttMpls.graphml,2,1,clustered,0.6;-0.3,7,6,6,1,4,-1,-7,12,8,6,2,edgeCount
588,25,56,graphml/AttMpls.graphml,3,2,clustered,0.6;-0.3,3,3,3,0,0,3,0,3,3,0,0,edgeCount
587,25,56,graphml/AttMpls.graphml,4,3,clustered,0.6;-0.3,4,2,2,2,0,2,0,6,2,4,0,edgeCount
586,25,56,graphml/AttMpls.graphml,2,1,clustered,0.6;-0.3,4,4,3,1,12,-1,-4,7,7,4,6,edgeCount
585,25,56,graphml/AttMpls.graphml,4,3,clustered,0.6;-0.3,8,8,4,4,0,8,4,8,8,4,0,edgeCount
584,25,56,graphml/AttMpls.graphml,3,2,clustered,0.6;-0.3,3,3,3,0,4,3,0,3,3,0,2,edgeCount
583,25,56,graphml/AttMpls.graphml,3,2,clustered,0.6;-0.3,18,18,4,14,8,-1,-5,-1,-1,-5,4,edgeCount
582,25,56,graphml/AttMpls.graphml,2,1,clustered,0.6;-0.3,3,3,3,0,0,3,0,3,3,0,0,edgeCount
581,25,56,graphml/AttMpls.graphml,3,2,clustered,0.6;-0.3,2,2,2,0,0,2,0,6,2,4,0,edgeCount
580,25,56,graphml/AttMpls.graphml,4,3,clustered,0.6;-0.3,5,5,3,2,6,-1,-4,-1,-1,-4,2,edgeCount
579,25,56,graphml/AttMpls.graphml,4,3,clustered,0.6;-0.3,3,11,3,0,0,3,0,3,5,0,0,edgeCount
578,25,56,graphml/AttMpls.graphml,6,5,clustered,0.6;-0.3,24,24,3,21,10,14,11,16,24,13,6,edgeCount
577,25,56,graphml/AttMpls.graphml,4,3,clustered,0.6;-0.3,6,6,3,3,2,11,8,21,11,18,2,edgeCount
576,25,56,graphml/AttMpls.graphml,3,2,clustered,0.6;-0.3,6,7,3,3,0,6,3,6,5,3,0,edgeCount
575,25,56,graphml/AttMpls.graphml,3,2,clustered,0.6;-0.3,19,13,6,13,0,-1,-7,-1,-1,-7,0,edgeCount
574,25,56,graphml/AttMpls.graphml,3,2,clustered,0.6;-0.3,25,39,6,19,2,-1,-7,17,17,11,2,edgeCount
573,25,56,graphml/AttMpls.graphml,3,2,clustered,0.6;-0.3,3,3,3,0,0,3,0,3,3,0,0,edgeCount
572,25,56,graphml/AttMpls.graphml,2,1,clustered,0.6;-0.3,4,6,3,1,4,8,5,3,3,0,2,edgeCount
571,25,56,graphml/AttMpls.graphml,4,3,clustered,0.6;-0.3,10,10,4,6,0,10,6,10,10,6,0,edgeCount
570,25,56,graphml/AttMpls.graphml,4,3,clustered,0.6;-0.3,5,7,3,2,16,-1,-4,-1,-1,-4,10,edgeCount
568,25,56,graphml/AttMpls.graphml,2,1,clustered,0.6;-0.3,2,8,2,0,0,2,0,2,2,0,0,edgeCount
567,25,56,graphml/AttMpls.graphml,3,2,clustered,0.6;-0.3,4,8,3,1,10,3,0,3,3,0,6,edgeCount
566,25,56,graphml/AttMpls.graphml,4,3,clustered,0.6;-0.3,13,11,4,9,0,-1,-5,-1,-1,-5,0,edgeCount
565,25,56,graphml/AttMpls.graphml,2,1,clustered,0.6;-0.3,4,16,4,0,0,-1,-5,8,4,4,0,edgeCount
563,25,56,graphml/AttMpls.graphml,3,2,clustered,0.6;-0.3,6,14,3,3,6,12,9,16,4,13,4,edgeCount
562,25,56,graphml/AttMpls.graphml,2,1,clustered,0.6;-0.3,-1,-1,5,-6,0,-1,-6,-1,-1,-6,0,edgeCount
561,25,56,graphml/AttMpls.graphml,6,5,clustered,0.6;-0.3,13,3,3,10,10,8,5,4,3,1,6,edgeCount
560,25,56,graphml/AttMpls.graphml,2,1,clustered,0.6;-0.3,6,4,3,3,0,8,5,8,8,5,0,edgeCount
559,25,56,graphml/AttMpls.graphml,6,5,clustered,0.6;-0.3,3,7,2,1,0,3,1,3,3,1,0,edgeCount
558,25,56,graphml/AttMpls.graphml,3,2,clustered,0.6;-0.3,-1,-1,4,-5,20,-1,-5,-1,-1,-5,12,edgeCount
557,25,56,graphml/AttMpls.graphml,2,1,clustered,0.6;-0.3,4,9,3,1,0,3,0,3,3,0,0,edgeCount
556,25,56,graphml/AttMpls.graphml,5,4,clustered,0.6;-0.3,2,16,2,0,8,2,0,10,6,8,4,edgeCount
554,25,56,graphml/AttMpls.graphml,3,2,clustered,0.6;-0.3,10,14,4,6,0,6,2,6,10,2,0,edgeCount
553,25,56,graphml/AttMpls.graphml,2,1,clustered,0.6;-0.3,-1,-1,6,-7,6,-1,-7,12,8,6,4,edgeCount
552,25,56,graphml/AttMpls.graphml,5,4,clustered,0.6;-0.3,-1,-1,5,-6,0,-1,-6,-1,-1,-6,0,edgeCount
551,25,56,graphml/AttMpls.graphml,4,3,clustered,0.6;-0.3,4,7,2,2,0,2,0,4,2,2,0,edgeCount
550,25,56,graphml/AttMpls.graphml,3,2,clustered,0.6;-0.3,8,6,4,4,0,-1,-5,-1,-1,-5,0,edgeCount
549,25,56,graphml/AttMpls.graphml,4,3,clustered,0.6;-0.3,10,4,4,6,2,10,6,10,10,6,2,edgeCount
547,25,56,graphml/AttMpls.graphml,4,3,clustered,0.6;-0.3,4,18,4,0,0,-1,-5,-1,-1,-5,0,edgeCount
546,25,56,graphml/AttMpls.graphml,3,2,clustered,0.6;-0.3,9,13,4,5,0,9,5,9,9,5,0,edgeCount
544,25,56,graphml/AttMpls.graphml,3,2,clustered,0.6;-0.3,2,2,2,0,14,2,0,2,2,0,14,edgeCount
543,25,56,graphml/AttMpls.graphml,3,2,clustered,0.6;-0.3,19,11,5,14,4,11,6,5,15,0,2,edgeCount
542,25,56,graphml/AttMpls.graphml,2,1,clustered,0.6;-0.3,-1,-1,4,-5,4,-1,-5,-1,-1,-5,4,edgeCount
540,25,56,graphml/AttMpls.graphml,3,2,clustered,0.6;-0.3,4,4,4,0,0,4,0,4,4,0,0,edgeCount
539,25,56,graphml/AttMpls.graphml,2,1,clustered,0.6;-0.3,-1,-1,4,-5,2,-1,-5,-1,-1,-5,2,edgeCount
538,25,56,graphml/AttMpls.graphml,3,2,clustered,0.6;-0.3,3,3,3,0,0,6,3,6,3,3,0,edgeCount
537,25,56,graphml/AttMpls.graphml,3,2,clustered,0.6;-0.3,3,3,3,0,0,3,0,3,3,0,0,edgeCount
536,25,56,graphml/AttMpls.graphml,3,2,clustered,0.6;-0.3,8,9,4,4,0,8,4,8,10,4,0,edgeCount
535,25,56,graphml/AttMpls.graphml,4,3,clustered,0.6;-0.3,5,5,3,2,6,5,2,3,7,0,4,edgeCount
534,25,56,graphml/AttMpls.graphml,3,2,clustered,0.6;-0.3,32,14,4,28,20,-1,-5,16,4,12,12,edgeCount
533,25,56,graphml/AttMpls.graphml,4,3,clustered,0.6;-0.3,13,3,3,10,0,-1,-4,7,3,4,0,edgeCount
532,25,56,graphml/AttMpls.graphml,2,1,clustered,0.6;-0.3,4,3,3,1,0,3,0,3,3,0,0,edgeCount
531,25,56,graphml/AttMpls.graphml,2,1,clustered,0.6;-0.3,5,5,5,0,4,5,0,5,5,0,2,edgeCount
530,25,56,graphml/AttMpls.graphml,4,3,clustered,0.6;-0.3,6,6,3,3,2,6,3,6,6,3,2,edgeCount
529,25,56,graphml/AttMpls.graphml,3,2,clustered,0.6;-0.3,13,9,5,8,0,-1,-6,15,15,10,0,edgeCount
528,25,56,graphml/AttMpls.graphml,2,1,clustered,0.6;-0.3,4,4,4,0,0,11,7,4,4,0,0,edgeCount
527,25,56,graphml/AttMpls.graphml,4,3,clustered,0.6;-0.3,4,4,2,2,0,-1,-3,4,4,2,0,edgeCount
526,25,56,graphml/AttMpls.graphml,3,2,clustered,0.6;-0.3,3,3,3,0,0,4,1,4,3,1,0,edgeCount
525,25,56,graphml/AttMpls.graphml,3,2,clustered,0.6;-0.3,3,9,3,0,0,-1,-4,-1,-1,-4,0,edgeCount
524,25,56,graphml/AttMpls.graphml,3,2,clustered,0.6;-0.3,5,4,4,1,2,21,17,5,4,1,2,edgeCount
523,25,56,graphml/AttMpls.graphml,6,5,clustered,0.6;-0.3,9,13,3,6,0,11,8,11,13,8,0,edgeCount
522,25,56,graphml/AttMpls.graphml,3,2,clustered,0.6;-0.3,4,4,4,0,0,4,0,4,4,0,0,edgeCount
521,25,56,graphml/AttMpls.graphml,2,1,clustered,0.6;-0.3,3,3,3,0,2,3,0,3,3,0,2,edgeCount
520,25,56,graphml/AttMpls.graphml,5,4,clustered,0.6;-0.3,7,7,3,4,0,7,4,7,7,4,0,edgeCount
519,25,56,graphml/AttMpls.graphml,4,3,clustered,0.6;-0.3,5,3,3,2,18,3,0,3,3,0,12,edgeCount
518,25,56,graphml/AttMpls.graphml,2,1,clustered,0.6;-0.3,4,5,4,0,8,8,4,4,6,0,4,edgeCount
517,25,56,graphml/AttMpls.graphml,2,1,clustered,0.6;-0.3,9,5,5,4,0,-1,-6,-1,-1,-6,0,edgeCount
516,25,56,graphml/AttMpls.graphml,3,2,clustered,0.6;-0.3,-1,-1,4,-5,4,-1,-5,-1,-1,-5,2,edgeCount
515,25,56,graphml/AttMpls.graphml,3,2,clustered,0.6;-0.3,2,2,2,0,0,2,0,2,2,0,0,edgeCount
513,25,56,graphml/AttMpls.graphml,2,1,clustered,0.6;-0.3,2,4,2,0,0,2,0,2,2,0,0,edgeCount
512,25,56,graphml/AttMpls.graphml,3,2,clustered,0.6;-0.3,3,3,3,0,4,4,1,4,3,1,2,edgeCount
511,25,56,graphml/AttMpls.graphml,3,2,clustered,0.6;-0.3,7,3,3,4,12,3,0,3,3,0,8,edgeCount
510,25,56,graphml/AttMpls.graphml,2,1,clustered,0.6;-0.3,6,8,4,2,0,6,2,6,6,2,0,edgeCount
509,25,56,graphml/AttMpls.graphml,3,2,clustered,0.6;-0.3,4,4,4,0,0,4,0,4,4,0,0,edgeCount
508,25,56,graphml/AttMpls.graphml,4,3,clustered,0.6;-0.3,-1,-1,4,-5,0,-1,-5,-1,-1,-5,0,edgeCount
507,25,56,graphml/AttMpls.graphml,3,2,clustered,0.6;-0.3,6,6,4,2,8,-1,-5,-1,-1,-5,4,edgeCount
506,25,56,graphml/AttMpls.graphml,5,4,clustered,0.6;-0.3,3,3,2,1,4,3,1,3,3,1,2,edgeCount
505,25,56,graphml/AttMpls.graphml,2,1,clustered,0.6;-0.3,2,2,2,0,16,2,0,4,2,2,16,edgeCount
504,25,56,graphml/AttMpls.graphml,5,4,clustered,0.6;-0.3,11,9,3,8,0,3,0,11,11,8,0,edgeCount
503,25,56,graphml/AttMpls.graphml,2,1,clustered,0.6;-0.3,8,6,5,3,0,9,4,9,9,4,0,edgeCount
502,25,56,graphml/AttMpls.graphml,2,1,clustered,0.6;-0.3,3,11,3,0,0,3,0,3,3,0,0,edgeCount
501,25,56,graphml/AttMpls.graphml,4,3,clustered,0.6;-0.3,-1,-1,6,-7,0,-1,-7,-1,-1,-7,0,edgeCount
500,25,56,graphml/AttMpls.graphml,2,1,clustered,0.6;-0.3,4,4,3,1,0,6,3,6,6,3,0,edgeCount
499,25,56,graphml/AttMpls.graphml,4,3,clustered,0.6;-0.3,2,2,2,0,0,2,0,2,2,0,0,edgeCount
498,25,56,graphml/AttMpls.graphml,3,2,clustered,0.6;-0.3,3,7,3,0,0,3,0,3,3,0,0,edgeCount
497,25,56,graphml/AttMpls.graphml,4,3,clustered,0.6;-0.3,2,2,2,0,0,2,0,2,2,0,0,edgeCount
496,25,56,graphml/AttMpls.graphml,3,2,clustered,0.6;-0.3,11,9,4,7,0,-1,-5,-1,-1,-5,0,edgeCount
495,25,56,graphml/AttMpls.graphml,3,2,clustered,0.6;-0.3,3,3,3,0,2,3,0,3,3,0,2,edgeCount
493,25,56,graphml/AttMpls.graphml,3,2,clustered,0.6;-0.3,13,9,3,10,0,3,0,3,3,0,0,edgeCount
491,25,56,graphml/AttMpls.graphml,2,1,clustered,0.6;-0.3,17,27,5,12,0,11,6,11,11,6,0,edgeCount
490,25,56,graphml/AttMpls.graphml,3,2,clustered,0.6;-0.3,5,3,3,2,0,3,0,3,3,0,0,edgeCount
489,25,56,graphml/AttMpls.graphml,4,3,clustered,0.6;-0.3,8,18,4,4,0,16,12,8,12,4,0,edgeCount
488,25,56,graphml/AttMpls.graphml,4,3,clustered,0.6;-0.3,3,7,3,0,4,3,0,3,3,0,4,edgeCount
487,25,56,graphml/AttMpls.graphml,3,2,clustered,0.6;-0.3,-1,-1,7,-8,8,-1,-8,-1,-1,-8,4,edgeCount
486,25,56,graphml/AttMpls.graphml,2,1,clustered,0.6;-0.3,8,10,4,4,2,4,0,8,8,4,2,edgeCount
485,25,56,graphml/AttMpls.graphml,2,1,clustered,0.6;-0.3,7,7,5,2,0,5,0,5,5,0,0,edgeCount
483,25,56,graphml/AttMpls.graphml,3,2,clustered,0.6;-0.3,13,12,4,9,6,17,13,5,5,1,4,edgeCount
482,25,56,graphml/AttMpls.graphml,5,4,clustered,0.6;-0.3,3,3,3,0,0,5,2,3,5,0,0,edgeCount
481,25,56,graphml/AttMpls.graphml,2,1,clustered,0.6;-0.3,-1,-1,5,-6,2,-1,-6,-1,-1,-6,2,edgeCount
480,25,56,graphml/AttMpls.graphml,3,2,clustered,0.6;-0.3,6,10,3,3,0,10,7,10,10,7,0,edgeCount
479,25,56,graphml/AttMpls.graphml,5,4,clustered,0.6;-0.3,12,26,3,9,8,19,16,16,26,13,4,edgeCount
478,25,56,graphml/AttMpls.graphml,3,2,clustered,0.6;-0.3,2,2,2,0,4,2,0,2,6,0,2,edgeCount
477,25,56,graphml/AttMpls.graphml,5,4,clustered,0.6;-0.3,2,2,2,0,0,2,0,2,2,0,0,edgeCount
476,25,56,graphml/AttMpls.graphml,2,1,clustered,0.6;-0.3,4,4,4,0,0,4,0,4,4,0,0,edgeCount
475,25,56,graphml/AttMpls.graphml,3,2,clustered,0.6;-0.3,3,3,3,0,0,3,0,3,3,0,0,edgeCount
474,25,56,graphml/AttMpls.graphml,3,2,clustered,0.6;-0.3,3,3,3,0,2,3,0,3,3,0,2,edgeCount
472,25,56,graphml/AttMpls.graphml,3,2,clustered,0.6;-0.3,-1,-1,5,-6,8,-1,-6,-1,-1,-6,4,edgeCount
471,25,56,graphml/AttMpls.graphml,5,4,clustered,0.6;-0.3,3,8,2,1,2,3,1,3,5,1,2,edgeCount
469,25,56,graphml/AttMpls.graphml,4,3,clustered,0.6;-0.3,3,3,3,0,0,3,0,3,3,0,0,edgeCount
468,25,56,graphml/AttMpls.graphml,4,3,clustered,0.6;-0.3,4,4,2,2,6,2,0,2,2,0,4,edgeCount
467,25,56,graphml/AttMpls.graphml,3,2,clustered,0.6;-0.3,3,3,3,0,0,-1,-4,7,3,4,0,edgeCount
466,25,56,graphml/AttMpls.graphml,2,1,clustered,0.6;-0.3,3,3,3,0,8,5,2,3,3,0,4,edgeCount
465,25,56,graphml/AttMpls.graphml,3,2,clustered,0.6;-0.3,7,7,3,4,4,7,4,11,5,8,2,edgeCount
464,25,56,graphml/AttMpls.graphml,3,2,clustered,0.6;-0.3,7,5,3,4,8,5,2,9,17,6,6,edgeCount
463,25,56,graphml/AttMpls.graphml,3,2,clustered,0.6;-0.3,15,15,4,11,0,15,11,15,15,11,0,edgeCount
462,25,56,graphml/AttMpls.graphml,3,2,clustered,0.6;-0.3,4,4,3,1,0,12,9,6,6,3,0,edgeCount
460,25,56,graphml/AttMpls.graphml,4,3,clustered,0.6;-0.3,5,8,3,2,0,7,4,9,11,6,0,edgeCount
459,25,56,graphml/AttMpls.graphml,3,2,clustered,0.6;-0.3,-1,-1,5,-6,0,-1,-6,-1,-1,-6,0,edgeCount
457,25,56,graphml/AttMpls.graphml,3,2,clustered,0.6;-0.3,2,2,2,0,0,2,0,2,2,0,0,edgeCount
456,25,56,graphml/AttMpls.graphml,4,3,clustered,0.6;-0.3,7,8,3,4,0,7,4,11,11,8,0,edgeCount
455,25,56,graphml/AttMpls.graphml,4,3,clustered,0.6;-0.3,9,3,3,6,0,-1,-4,9,3,6,0,edgeCount
454,25,56,graphml/AttMpls.graphml,5,4,clustered,0.6;-0.3,8,12,3,5,16,8,5,8,12,5,10,edgeCount
453,25,56,graphml/AttMpls.graphml,5,4,clustered,0.6;-0.3,3,13,3,0,2,7,4,7,7,4,2,edgeCount
452,25,56,graphml/AttMpls.graphml,2,1,clustered,0.6;-0.3,12,18,6,6,2,12,6,6,18,0,2,edgeCount
451,25,56,graphml/AttMpls.graphml,2,1,clustered,0.6;-0.3,3,19,3,0,14,7,4,7,3,4,14,edgeCount
450,25,56,graphml/AttMpls.graphml,3,2,clustered,0.6;-0.3,19,9,5,14,12,-1,-6,13,7,8,4,edgeCount
449,25,56,graphml/AttMpls.graphml,2,1,clustered,0.6;-0.3,8,6,4,4,8,-1,-5,12,6,8,4,edgeCount
448,25,56,graphml/AttMpls.graphml,2,1,clustered,0.6;-0.3,16,16,5,11,6,-1,-6,-1,-1,-6,4,edgeCount
447,25,56,graphml/AttMpls.graphml,4,3,clustered,0.6;-0.3,16,8,4,12,0,16,12,16,8,12,0,edgeCount
445,25,56,graphml/AttMpls.graphml,3,2,clustered,0.6;-0.3,8,8,4,4,0,-1,-5,8,8,4,0,edgeCount
444,25,56,graphml/AttMpls.graphml,3,2,clustered,0.6;-0.3,4,4,4,0,0,17,13,16,4,12,0,edgeCount
443,25,56,graphml/AttMpls.graphml,2,1,clustered,0.6;-0.3,3,3,3,0,0,3,0,3,3,0,0,edgeCount
442,25,56,graphml/AttMpls.graphml,4,3,clustered,0.6;-0.3,14,14,4,10,0,10,6,10,14,6,0,edgeCount
440,25,56,graphml/AttMpls.graphml,3,2,clustered,0.6;-0.3,11,7,3,8,0,5,2,3,5,0,0,edgeCount
439,25,56,graphml/AttMpls.graphml,4,3,clustered,0.6;-0.3,3,5,3,0,4,3,0,15,5,12,2,edgeCount
438,25,56,graphml/AttMpls.graphml,3,2,clustered,0.6;-0.3,3,3,3,0,0,3,0,3,3,0,0,edgeCount
436,25,56,graphml/AttMpls.graphml,2,1,clustered,0.6;-0.3,3,9,3,0,12,3,0,3,3,0,8,edgeCount
435,25,56,graphml/AttMpls.graphml,2,1,clustered,0.6;-0.3,8,6,4,4,6,-1,-5,-1,-1,-5,6,edgeCount
434,25,56,graphml/AttMpls.graphml,5,4,clustered,0.6;-0.3,6,10,4,2,2,-1,-5,-1,-1,-5,2,edgeCount
433,25,56,graphml/AttMpls.graphml,4,3,clustered,0.6;-0.3,7,5,3,4,0,5,2,5,5,2,0,edgeCount
430,25,56,graphml/AttMpls.graphml,2,1,clustered,0.6;-0.3,3,3,3,0,12,3,0,10,3,7,6,edgeCount
428,25,56,graphml/AttMpls.graphml,2,1,clustered,0.6;-0.3,3,3,3,0,20,3,0,3,3,0,10,edgeCount
427,25,56,graphml/AttMpls.graphml,2,1,clustered,0.6;-0.3,-1,-1,6,-7,12,-1,-7,-1,-1,-7,8,edgeCount
426,25,56,graphml/AttMpls.graphml,2,1,clustered,0.6;-0.3,-1,-1,4,-5,0,-1,-5,-1,-1,-5,0,edgeCount
425,25,56,graphml/AttMpls.graphml,4,3,clustered,0.6;-0.3,6,3,3,3,0,12,9,5,3,2,0,edgeCount
424,25,56,graphml/AttMpls.graphml,3,2,clustered,0.6;-0.3,8,4,3,5,0,4,1,4,4,1,0,edgeCount
423,25,56,graphml/AttMpls.graphml,2,1,clustered,0.6;-0.3,8,9,5,3,0,12,7,12,12,7,0,edgeCount
422,25,56,graphml/AttMpls.graphml,3,2,clustered,0.6;-0.3,3,12,3,0,14,7,4,7,3,4,8,edgeCount
421,25,56,graphml/AttMpls.graphml,4,3,clustered,0.6;-0.3,2,3,2,0,4,3,1,3,2,1,2,edgeCount
420,25,56,graphml/AttMpls.graphml,2,1,clustered,0.6;-0.3,17,5,5,12,8,-1,-6,5,5,0,6,edgeCount
419,25,56,graphml/AttMpls.graphml,3,2,clustered,0.6;-0.3,2,2,2,0,0,2,0,2,2,0,0,edgeCount
418,25,56,graphml/AttMpls.graphml,4,3,clustered,0.6;-0.3,2,2,2,0,0,2,0,2,2,0,0,edgeCount
417,25,56,graphml/AttMpls.graphml,7,6,clustered,0.6;-0.3,2,2,2,0,0,2,0,2,2,0,0,edgeCount
416,25,56,graphml/AttMpls.graphml,3,2,clustered,0.6;-0.3,3,3,2,1,0,3,1,3,3,1,0,edgeCount
415,25,56,graphml/AttMpls.graphml,3,2,clustered,0.6;-0.3,13,7,4,9,8,-1,-5,-1,-1,-5,4,edgeCount
414,25,56,graphml/AttMpls.graphml,2,1,clustered,0.6;-0.3,12,8,4,8,0,8,4,8,8,4,0,edgeCount
413,25,56,graphml/AttMpls.graphml,3,2,clustered,0.6;-0.3,9,9,4,5,4,-1,-5,-1,-1,-5,2,edgeCount
412,25,56,graphml/AttMpls.graphml,2,1,clustered,0.6;-0.3,10,6,5,5,0,11,6,11,11,6,0,edgeCount
