rep,nrNodes,nrEdges,edgeProb,nrPaths,nrFails,failureModel,failurePercent,hopsRanked,hopsUnranked,spLength,stretch_mult,nodeAdditions,hopsPath,stretch_path,hopsRankedOne,hopsUnrankedOne,stretch_one,overallNodeAdditionsOne,treeChoice
1000,93,103,graphml/Oteglobe.graphml,1,,clustered,0.6;-0.3,-1,-1,-1,0,0,-1,0,-1,-1,0,0,edgeCount
999,93,103,graphml/Oteglobe.graphml,1,,clustered,0.6;-0.3,7,37,7,0,4,7,0,7,37,0,4,edgeCount
998,93,103,graphml/Oteglobe.graphml,1,,clustered,0.6;-0.3,6,28,6,0,2,6,0,6,28,0,2,edgeCount
997,93,103,graphml/Oteglobe.graphml,2,,clustered,0.6;-0.3,-1,-1,16,-17,0,-1,-17,-1,-1,-17,0,edgeCount
996,93,103,graphml/Oteglobe.graphml,2,,clustered,0.6;-0.3,17,17,16,1,0,17,1,17,17,1,0,edgeCount
995,93,103,graphml/Oteglobe.graphml,1,,clustered,0.6;-0.3,-1,-1,-1,0,0,-1,0,-1,-1,0,0,edgeCount
994,93,103,graphml/Oteglobe.graphml,1,,clustered,0.6;-0.3,4,4,4,0,0,4,0,4,4,0,0,edgeCount
993,93,103,graphml/Oteglobe.graphml,2,,clustered,0.6;-0.3,6,6,6,0,0,6,0,6,6,0,0,edgeCount
992,93,103,graphml/Oteglobe.graphml,1,,clustered,0.6;-0.3,-1,-1,13,-14,2,-1,-14,-1,-1,-14,2,edgeCount
991,93,103,graphml/Oteglobe.graphml,1,,clustered,0.6;-0.3,7,7,7,0,0,7,0,7,7,0,0,edgeCount
990,93,103,graphml/Oteglobe.graphml,1,,clustered,0.6;-0.3,5,5,5,0,0,5,0,5,5,0,0,edgeCount
989,93,103,graphml/Oteglobe.graphml,1,,clustered,0.6;-0.3,20,20,10,10,2,-1,-11,20,20,10,2,edgeCount
988,93,103,graphml/Oteglobe.graphml,2,,clustered,0.6;-0.3,-1,-1,-1,0,0,-1,0,-1,-1,0,0,edgeCount
987,93,103,graphml/Oteglobe.graphml,2,,clustered,0.6;-0.3,2,2,2,0,2,2,0,2,2,0,2,edgeCount
986,93,103,graphml/Oteglobe.graphml,1,,clustered,0.6;-0.3,5,5,5,0,2,5,0,5,5,0,2,edgeCount
985,93,103,graphml/Oteglobe.graphml,1,,clustered,0.6;-0.3,-1,-1,-1,0,0,-1,0,-1,-1,0,0,edgeCount
984,93,103,graphml/Oteglobe.graphml,1,,clustered,0.6;-0.3,-1,-1,5,-6,4,-1,-6,-1,-1,-6,4,edgeCount
983,93,103,graphml/Oteglobe.graphml,1,,clustered,0.6;-0.3,-1,-1,16,-17,0,-1,-17,-1,-1,-17,0,edgeCount
982,93,103,graphml/Oteglobe.graphml,1,,clustered,0.6;-0.3,-1,-1,-1,0,2,-1,0,-1,-1,0,2,edgeCount
981,93,103,graphml/Oteglobe.graphml,1,,clustered,0.6;-0.3,-1,-1,-1,0,0,-1,0,-1,-1,0,0,edgeCount
980,93,103,graphml/Oteglobe.graphml,1,,clustered,0.6;-0.3,17,25,17,0,4,-1,-18,17,25,0,4,edgeCount
979,93,103,graphml/Oteglobe.graphml,2,,clustered,0.6;-0.3,-1,-1,12,-13,0,-1,-13,-1,-1,-13,0,edgeCount
978,93,103,graphml/Oteglobe.graphml,1,,clustered,0.6;-0.3,8,8,8,0,0,8,0,8,8,0,0,edgeCount
977,93,103,graphml/Oteglobe.graphml,1,,clustered,0.6;-0.3,19,17,17,2,2,-1,-18,19,17,2,2,edgeCount
976,93,103,graphml/Oteglobe.graphml,2,,clustered,0.6;-0.3,-1,-1,14,-15,0,-1,-15,-1,-1,-15,0,edgeCount
975,93,103,graphml/Oteglobe.graphml,2,,clustered,0.6;-0.3,17,17,11,6,0,17,6,17,17,6,0,edgeCount
974,93,103,graphml/Oteglobe.graphml,2,,clustered,0.6;-0.3,2,6,2,0,0,6,4,6,6,4,0,edgeCount
973,93,103,graphml/Oteglobe.graphml,3,,clustered,0.6;-0.3,50,50,7,43,0,-1,-8,50,50,43,0,edgeCount
972,93,103,graphml/Oteglobe.graphml,1,,clustered,0.6;-0.3,5,5,5,0,0,5,0,5,5,0,0,edgeCount
971,93,103,graphml/Oteglobe.graphml,2,,clustered,0.6;-0.3,20,20,5,15,2,20,15,20,20,15,2,edgeCount
970,93,103,graphml/Oteglobe.graphml,3,,clustered,0.6;-0.3,44,44,11,33,2,-1,-12,44,44,33,2,edgeCount
969,93,103,graphml/Oteglobe.graphml,1,,clustered,0.6;-0.3,8,8,8,0,0,8,0,8,8,0,0,edgeCount
968,93,103,graphml/Oteglobe.graphml,1,,clustered,0.6;-0.3,25,17,11,14,2,-1,-12,25,17,14,2,edgeCount
967,93,103,graphml/Oteglobe.graphml,1,,clustered,0.6;-0.3,-1,-1,-1,0,2,-1,0,-1,-1,0,2,edgeCount
966,93,103,graphml/Oteglobe.graphml,2,,clustered,0.6;-0.3,23,23,7,16,0,23,16,23,23,16,0,edgeCount
965,93,103,graphml/Oteglobe.graphml,1,,clustered,0.6;-0.3,7,7,7,0,0,7,0,7,7,0,0,edgeCount
964,93,103,graphml/Oteglobe.graphml,1,,clustered,0.6;-0.3,10,36,10,0,2,10,0,10,36,0,2,edgeCount
963,93,103,graphml/Oteglobe.graphml,1,,clustered,0.6;-0.3,9,9,9,0,2,-1,-10,9,9,0,2,edgeCount
962,93,103,graphml/Oteglobe.graphml,2,,clustered,0.6;-0.3,9,3,3,6,0,3,0,3,3,0,0,edgeCount
961,93,103,graphml/Oteglobe.graphml,2,,clustered,0.6;-0.3,6,6,6,0,0,6,0,6,6,0,0,edgeCount
960,93,103,graphml/Oteglobe.graphml,2,,clustered,0.6;-0.3,3,3,3,0,0,3,0,3,3,0,0,edgeCount
959,93,103,graphml/Oteglobe.graphml,1,,clustered,0.6;-0.3,7,7,7,0,0,7,0,7,7,0,0,edgeCount
958,93,103,graphml/Oteglobe.graphml,2,,clustered,0.6;-0.3,11,23,11,0,0,27,16,27,27,16,0,edgeCount
957,93,103,graphml/Oteglobe.graphml,1,,clustered,0.6;-0.3,12,22,12,0,8,12,0,12,22,0,8,edgeCount
956,93,103,graphml/Oteglobe.graphml,2,,clustered,0.6;-0.3,2,2,2,0,0,-1,-3,2,2,0,0,edgeCount
955,93,103,graphml/Oteglobe.graphml,2,,clustered,0.6;-0.3,10,10,10,0,0,10,0,10,10,0,0,edgeCount
954,93,103,graphml/Oteglobe.graphml,2,,clustered,0.6;-0.3,5,5,5,0,0,5,0,5,5,0,0,edgeCount
953,93,103,graphml/Oteglobe.graphml,2,,clustered,0.6;-0.3,30,8,8,22,0,8,0,8,8,0,0,edgeCount
952,93,103,graphml/Oteglobe.graphml,1,,clustered,0.6;-0.3,9,9,9,0,0,9,0,9,9,0,0,edgeCount
951,93,103,graphml/Oteglobe.graphml,2,,clustered,0.6;-0.3,51,23,12,39,2,-1,-13,34,22,22,2,edgeCount
950,93,103,graphml/Oteglobe.graphml,2,,clustered,0.6;-0.3,24,24,10,14,2,20,10,24,24,14,2,edgeCount
949,93,103,graphml/Oteglobe.graphml,1,,clustered,0.6;-0.3,-1,-1,-1,0,2,-1,0,-1,-1,0,2,edgeCount
948,93,103,graphml/Oteglobe.graphml,1,,clustered,0.6;-0.3,6,6,6,0,0,6,0,6,6,0,0,edgeCount
947,93,103,graphml/Oteglobe.graphml,1,,clustered,0.6;-0.3,-1,-1,-1,0,0,-1,0,-1,-1,0,0,edgeCount
946,93,103,graphml/Oteglobe.graphml,2,,clustered,0.6;-0.3,23,7,7,16,0,7,0,7,7,0,0,edgeCount
945,93,103,graphml/Oteglobe.graphml,1,,clustered,0.6;-0.3,5,5,5,0,0,5,0,5,5,0,0,edgeCount
944,93,103,graphml/Oteglobe.graphml,1,,clustered,0.6;-0.3,5,5,5,0,0,5,0,5,5,0,0,edgeCount
943,93,103,graphml/Oteglobe.graphml,2,,clustered,0.6;-0.3,10,10,10,0,0,10,0,10,10,0,0,edgeCount
942,93,103,graphml/Oteglobe.graphml,2,,clustered,0.6;-0.3,32,32,11,21,0,32,21,32,32,21,0,edgeCount
941,93,103,graphml/Oteglobe.graphml,2,,clustered,0.6;-0.3,12,66,10,2,0,22,12,22,22,12,0,edgeCount
940,93,103,graphml/Oteglobe.graphml,1,,clustered,0.6;-0.3,-1,-1,-1,0,0,-1,0,-1,-1,0,0,edgeCount
939,93,103,graphml/Oteglobe.graphml,1,,clustered,0.6;-0.3,-1,-1,-1,0,0,-1,0,-1,-1,0,0,edgeCount
938,93,103,graphml/Oteglobe.graphml,1,,clustered,0.6;-0.3,-1,-1,-1,0,0,-1,0,-1,-1,0,0,edgeCount
937,93,103,graphml/Oteglobe.graphml,1,,clustered,0.6;-0.3,3,3,3,0,0,3,0,3,3,0,0,edgeCount
936,93,103,graphml/Oteglobe.graphml,1,,clustered,0.6;-0.3,5,27,5,0,2,5,0,5,27,0,2,edgeCount
935,93,103,graphml/Oteglobe.graphml,2,,clustered,0.6;-0.3,6,6,6,0,0,6,0,6,6,0,0,edgeCount
934,93,103,graphml/Oteglobe.graphml,1,,clustered,0.6;-0.3,-1,-1,-1,0,2,-1,0,-1,-1,0,2,edgeCount
933,93,103,graphml/Oteglobe.graphml,1,,clustered,0.6;-0.3,9,9,9,0,0,9,0,9,9,0,0,edgeCount
932,93,103,graphml/Oteglobe.graphml,2,,clustered,0.6;-0.3,8,8,8,0,0,8,0,8,8,0,0,edgeCount
931,93,103,graphml/Oteglobe.graphml,1,,clustered,0.6;-0.3,6,6,6,0,0,6,0,6,6,0,0,edgeCount
930,93,103,graphml/Oteglobe.graphml,2,,clustered,0.6;-0.3,7,7,7,0,0,7,0,7,7,0,0,edgeCount
929,93,103,graphml/Oteglobe.graphml,2,,clustered,0.6;-0.3,2,2,2,0,0,2,0,2,2,0,0,edgeCount
928,93,103,graphml/Oteglobe.graphml,1,,clustered,0.6;-0.3,-1,-1,-1,0,2,-1,0,-1,-1,0,2,edgeCount
927,93,103,graphml/Oteglobe.graphml,2,,clustered,0.6;-0.3,-1,-1,-1,0,4,-1,0,-1,-1,0,4,edgeCount
926,93,103,graphml/Oteglobe.graphml,1,,clustered,0.6;-0.3,8,8,8,0,0,8,0,8,8,0,0,edgeCount
925,93,103,graphml/Oteglobe.graphml,1,,clustered,0.6;-0.3,4,4,4,0,2,4,0,4,4,0,2,edgeCount
924,93,103,graphml/Oteglobe.graphml,1,,clustered,0.6;-0.3,-1,-1,-1,0,0,-1,0,-1,-1,0,0,edgeCount
923,93,103,graphml/Oteglobe.graphml,1,,clustered,0.6;-0.3,5,5,5,0,0,5,0,5,5,0,0,edgeCount
922,93,103,graphml/Oteglobe.graphml,2,,clustered,0.6;-0.3,-1,-1,-1,0,0,-1,0,-1,-1,0,0,edgeCount
921,93,103,graphml/Oteglobe.graphml,1,,clustered,0.6;-0.3,10,10,10,0,0,10,0,10,10,0,0,edgeCount
920,93,103,graphml/Oteglobe.graphml,1,,clustered,0.6;-0.3,-1,-1,-1,0,2,-1,0,-1,-1,0,2,edgeCount
919,93,103,graphml/Oteglobe.graphml,1,,clustered,0.6;-0.3,9,9,9,0,2,9,0,9,9,0,2,edgeCount
918,93,103,graphml/Oteglobe.graphml,1,,clustered,0.6;-0.3,-1,-1,-1,0,2,-1,0,-1,-1,0,2,edgeCount
917,93,103,graphml/Oteglobe.graphml,1,,clustered,0.6;-0.3,7,7,7,0,0,7,0,7,7,0,0,edgeCount
916,93,103,graphml/Oteglobe.graphml,2,,clustered,0.6;-0.3,11,11,9,2,0,11,2,11,11,2,0,edgeCount
915,93,103,graphml/Oteglobe.graphml,2,,clustered,0.6;-0.3,-1,-1,-1,0,0,-1,0,-1,-1,0,0,edgeCount
914,93,103,graphml/Oteglobe.graphml,1,,clustered,0.6;-0.3,7,7,7,0,0,7,0,7,7,0,0,edgeCount
913,93,103,graphml/Oteglobe.graphml,2,,clustered,0.6;-0.3,24,24,12,12,2,24,12,24,24,12,2,edgeCount
912,93,103,graphml/Oteglobe.graphml,2,,clustered,0.6;-0.3,15,57,12,3,0,31,19,31,31,19,0,edgeCount
911,93,103,graphml/Oteglobe.graphml,2,,clustered,0.6;-0.3,28,18,17,11,4,-1,-18,28,24,11,4,edgeCount
910,93,103,graphml/Oteglobe.graphml,1,,clustered,0.6;-0.3,6,6,6,0,0,6,0,6,6,0,0,edgeCount
909,93,103,graphml/Oteglobe.graphml,1,,clustered,0.6;-0.3,11,37,11,0,4,-1,-12,11,37,0,4,edgeCount
908,93,103,graphml/Oteglobe.graphml,1,,clustered,0.6;-0.3,-1,-1,-1,0,6,-1,0,-1,-1,0,6,edgeCount
907,93,103,graphml/Oteglobe.graphml,1,,clustered,0.6;-0.3,3,3,3,0,2,3,0,3,3,0,2,edgeCount
906,93,103,graphml/Oteglobe.graphml,1,,clustered,0.6;-0.3,6,32,6,0,4,6,0,6,32,0,4,edgeCount
905,93,103,graphml/Oteglobe.graphml,2,,clustered,0.6;-0.3,26,24,6,20,2,6,0,6,6,0,2,edgeCount
904,93,103,graphml/Oteglobe.graphml,2,,clustered,0.6;-0.3,-1,-1,16,-17,0,-1,-17,-1,-1,-17,0,edgeCount
903,93,103,graphml/Oteglobe.graphml,2,,clustered,0.6;-0.3,52,28,8,44,0,-1,-9,-1,-1,-9,0,edgeCount
902,93,103,graphml/Oteglobe.graphml,1,,clustered,0.6;-0.3,21,21,13,8,2,-1,-14,21,21,8,2,edgeCount
901,93,103,graphml/Oteglobe.graphml,2,,clustered,0.6;-0.3,-1,-1,-1,0,0,-1,0,-1,-1,0,0,edgeCount
900,93,103,graphml/Oteglobe.graphml,2,,clustered,0.6;-0.3,55,17,17,38,0,-1,-18,-1,-1,-18,0,edgeCount
899,93,103,graphml/Oteglobe.graphml,2,,clustered,0.6;-0.3,28,6,6,22,0,6,0,6,6,0,0,edgeCount
898,93,103,graphml/Oteglobe.graphml,2,,clustered,0.6;-0.3,29,3,3,26,4,3,0,3,3,0,4,edgeCount
897,93,103,graphml/Oteglobe.graphml,2,,clustered,0.6;-0.3,-1,-1,11,-12,2,-1,-12,-1,-1,-12,2,edgeCount
896,93,103,graphml/Oteglobe.graphml,3,,clustered,0.6;-0.3,7,7,5,2,0,7,2,7,7,2,0,edgeCount
895,93,103,graphml/Oteglobe.graphml,1,,clustered,0.6;-0.3,12,12,12,0,2,-1,-13,12,12,0,2,edgeCount
894,93,103,graphml/Oteglobe.graphml,1,,clustered,0.6;-0.3,-1,-1,-1,0,0,-1,0,-1,-1,0,0,edgeCount
893,93,103,graphml/Oteglobe.graphml,2,,clustered,0.6;-0.3,-1,-1,-1,0,0,-1,0,-1,-1,0,0,edgeCount
892,93,103,graphml/Oteglobe.graphml,2,,clustered,0.6;-0.3,32,32,12,20,2,30,18,32,32,20,2,edgeCount
891,93,103,graphml/Oteglobe.graphml,2,,clustered,0.6;-0.3,4,4,4,0,4,4,0,4,4,0,4,edgeCount
890,93,103,graphml/Oteglobe.graphml,2,,clustered,0.6;-0.3,7,7,5,2,0,7,2,7,7,2,0,edgeCount
889,93,103,graphml/Oteglobe.graphml,2,,clustered,0.6;-0.3,8,19,8,0,0,12,4,12,12,4,0,edgeCount
888,93,103,graphml/Oteglobe.graphml,1,,clustered,0.6;-0.3,8,6,6,2,2,-1,-7,8,6,2,2,edgeCount
887,93,103,graphml/Oteglobe.graphml,2,,clustered,0.6;-0.3,6,2,2,4,0,2,0,6,2,4,0,edgeCount
886,93,103,graphml/Oteglobe.graphml,2,,clustered,0.6;-0.3,10,10,10,0,0,10,0,10,10,0,0,edgeCount
885,93,103,graphml/Oteglobe.graphml,2,,clustered,0.6;-0.3,37,37,17,20,0,37,20,37,37,20,0,edgeCount
884,93,103,graphml/Oteglobe.graphml,2,,clustered,0.6;-0.3,-1,-1,-1,0,0,-1,0,-1,-1,0,0,edgeCount
883,93,103,graphml/Oteglobe.graphml,1,,clustered,0.6;-0.3,8,8,8,0,0,8,0,8,8,0,0,edgeCount
882,93,103,graphml/Oteglobe.graphml,1,,clustered,0.6;-0.3,33,33,15,18,2,-1,-16,33,33,18,2,edgeCount
881,93,103,graphml/Oteglobe.graphml,2,,clustered,0.6;-0.3,-1,-1,-1,0,0,-1,0,-1,-1,0,0,edgeCount
880,93,103,graphml/Oteglobe.graphml,1,,clustered,0.6;-0.3,-1,-1,-1,0,0,-1,0,-1,-1,0,0,edgeCount
879,93,103,graphml/Oteglobe.graphml,1,,clustered,0.6;-0.3,5,5,5,0,0,5,0,5,5,0,0,edgeCount
878,93,103,graphml/Oteglobe.graphml,2,,clustered,0.6;-0.3,8,8,8,0,0,8,0,8,8,0,0,edgeCount
877,93,103,graphml/Oteglobe.graphml,2,,clustered,0.6;-0.3,17,17,4,13,0,17,13,17,17,13,0,edgeCount
876,93,103,graphml/Oteglobe.graphml,1,,clustered,0.6;-0.3,9,29,9,0,2,9,0,9,29,0,2,edgeCount
875,93,103,graphml/Oteglobe.graphml,1,,clustered,0.6;-0.3,8,8,8,0,0,8,0,8,8,0,0,edgeCount
874,93,103,graphml/Oteglobe.graphml,2,,clustered,0.6;-0.3,13,13,11,2,0,13,2,13,13,2,0,edgeCount
873,93,103,graphml/Oteglobe.graphml,2,,clustered,0.6;-0.3,-1,-1,-1,0,0,-1,0,-1,-1,0,0,edgeCount
872,93,103,graphml/Oteglobe.graphml,1,,clustered,0.6;-0.3,-1,-1,-1,0,2,-1,0,-1,-1,0,2,edgeCount
871,93,103,graphml/Oteglobe.graphml,2,,clustered,0.6;-0.3,10,10,8,2,0,10,2,10,10,2,0,edgeCount
870,93,103,graphml/Oteglobe.graphml,1,,clustered,0.6;-0.3,-1,-1,-1,0,0,-1,0,-1,-1,0,0,edgeCount
869,93,103,graphml/Oteglobe.graphml,1,,clustered,0.6;-0.3,8,8,8,0,2,8,0,8,8,0,2,edgeCount
868,93,103,graphml/Oteglobe.graphml,2,,clustered,0.6;-0.3,23,23,15,8,0,23,8,23,23,8,0,edgeCount
867,93,103,graphml/Oteglobe.graphml,1,,clustered,0.6;-0.3,-1,-1,10,-11,0,-1,-11,-1,-1,-11,0,edgeCount
866,93,103,graphml/Oteglobe.graphml,1,,clustered,0.6;-0.3,2,2,2,0,0,2,0,2,2,0,0,edgeCount
865,93,103,graphml/Oteglobe.graphml,1,,clustered,0.6;-0.3,8,8,8,0,0,8,0,8,8,0,0,edgeCount
864,93,103,graphml/Oteglobe.graphml,1,,clustered,0.6;-0.3,12,12,12,0,2,-1,-13,12,12,0,2,edgeCount
863,93,103,graphml/Oteglobe.graphml,2,,clustered,0.6;-0.3,8,8,8,0,0,8,0,8,8,0,0,edgeCount
862,93,103,graphml/Oteglobe.graphml,2,,clustered,0.6;-0.3,29,37,8,21,2,-1,-9,9,9,1,2,edgeCount
861,93,103,graphml/Oteglobe.graphml,2,,clustered,0.6;-0.3,24,10,8,16,0,24,16,24,10,16,0,edgeCount
860,93,103,graphml/Oteglobe.graphml,1,,clustered,0.6;-0.3,-1,-1,-1,0,2,-1,0,-1,-1,0,2,edgeCount
859,93,103,graphml/Oteglobe.graphml,2,,clustered,0.6;-0.3,9,9,4,5,0,9,5,9,9,5,0,edgeCount
858,93,103,graphml/Oteglobe.graphml,2,,clustered,0.6;-0.3,27,27,9,18,0,27,18,27,27,18,0,edgeCount
857,93,103,graphml/Oteglobe.graphml,1,,clustered,0.6;-0.3,10,10,10,0,0,10,0,10,10,0,0,edgeCount
856,93,103,graphml/Oteglobe.graphml,1,,clustered,0.6;-0.3,3,3,3,0,0,3,0,3,3,0,0,edgeCount
855,93,103,graphml/Oteglobe.graphml,2,,clustered,0.6;-0.3,-1,-1,8,-9,0,-1,-9,-1,-1,-9,0,edgeCount
854,93,103,graphml/Oteglobe.graphml,2,,clustered,0.6;-0.3,4,4,4,0,2,4,0,4,4,0,2,edgeCount
853,93,103,graphml/Oteglobe.graphml,1,,clustered,0.6;-0.3,8,8,8,0,2,8,0,8,8,0,2,edgeCount
852,93,103,graphml/Oteglobe.graphml,2,,clustered,0.6;-0.3,12,32,12,0,0,32,20,32,32,20,0,edgeCount
851,93,103,graphml/Oteglobe.graphml,2,,clustered,0.6;-0.3,-1,-1,-1,0,0,-1,0,-1,-1,0,0,edgeCount
850,93,103,graphml/Oteglobe.graphml,1,,clustered,0.6;-0.3,9,9,9,0,0,9,0,9,9,0,0,edgeCount
849,93,103,graphml/Oteglobe.graphml,1,,clustered,0.6;-0.3,3,3,3,0,0,3,0,3,3,0,0,edgeCount
848,93,103,graphml/Oteglobe.graphml,2,,clustered,0.6;-0.3,-1,-1,-1,0,2,-1,0,-1,-1,0,2,edgeCount
847,93,103,graphml/Oteglobe.graphml,3,,clustered,0.6;-0.3,48,48,14,34,0,48,34,48,48,34,0,edgeCount
846,93,103,graphml/Oteglobe.graphml,2,,clustered,0.6;-0.3,30,4,4,26,0,4,0,4,4,0,0,edgeCount
845,93,103,graphml/Oteglobe.graphml,1,,clustered,0.6;-0.3,-1,-1,-1,0,0,-1,0,-1,-1,0,0,edgeCount
844,93,103,graphml/Oteglobe.graphml,1,,clustered,0.6;-0.3,-1,-1,-1,0,0,-1,0,-1,-1,0,0,edgeCount
843,93,103,graphml/Oteglobe.graphml,1,,clustered,0.6;-0.3,-1,-1,12,-13,0,-1,-13,-1,-1,-13,0,edgeCount
842,93,103,graphml/Oteglobe.graphml,1,,clustered,0.6;-0.3,6,6,6,0,0,6,0,6,6,0,0,edgeCount
841,93,103,graphml/Oteglobe.graphml,1,,clustered,0.6;-0.3,7,7,7,0,0,7,0,7,7,0,0,edgeCount
840,93,103,graphml/Oteglobe.graphml,2,,clustered,0.6;-0.3,46,20,9,37,0,-1,-10,-1,-1,-10,0,edgeCount
839,93,103,graphml/Oteglobe.graphml,2,,clustered,0.6;-0.3,-1,-1,-1,0,0,-1,0,-1,-1,0,0,edgeCount
838,93,103,graphml/Oteglobe.graphml,1,,clustered,0.6;-0.3,8,8,8,0,0,8,0,8,8,0,0,edgeCount
837,93,103,graphml/Oteglobe.graphml,1,,clustered,0.6;-0.3,-1,-1,6,-7,2,-1,-7,-1,-1,-7,2,edgeCount
836,93,103,graphml/Oteglobe.graphml,2,,clustered,0.6;-0.3,7,7,6,1,2,7,1,7,7,1,2,edgeCount
835,93,103,graphml/Oteglobe.graphml,2,,clustered,0.6;-0.3,12,70,10,2,2,22,12,22,22,12,2,edgeCount
834,93,103,graphml/Oteglobe.graphml,1,,clustered,0.6;-0.3,-1,-1,-1,0,0,-1,0,-1,-1,0,0,edgeCount
833,93,103,graphml/Oteglobe.graphml,2,,clustered,0.6;-0.3,-1,-1,-1,0,0,-1,0,-1,-1,0,0,edgeCount
832,93,103,graphml/Oteglobe.graphml,1,,clustered,0.6;-0.3,5,5,5,0,0,5,0,5,5,0,0,edgeCount
831,93,103,graphml/Oteglobe.graphml,2,,clustered,0.6;-0.3,29,7,7,22,4,7,0,11,7,4,4,edgeCount
830,93,103,graphml/Oteglobe.graphml,1,,clustered,0.6;-0.3,10,10,10,0,0,10,0,10,10,0,0,edgeCount
829,93,103,graphml/Oteglobe.graphml,2,,clustered,0.6;-0.3,9,9,9,0,0,9,0,9,9,0,0,edgeCount
828,93,103,graphml/Oteglobe.graphml,2,,clustered,0.6;-0.3,10,10,10,0,0,10,0,10,10,0,0,edgeCount
827,93,103,graphml/Oteglobe.graphml,1,,clustered,0.6;-0.3,4,4,4,0,2,4,0,4,4,0,2,edgeCount
826,93,103,graphml/Oteglobe.graphml,2,,clustered,0.6;-0.3,44,30,9,35,0,-1,-10,-1,-1,-10,0,edgeCount
825,93,103,graphml/Oteglobe.graphml,2,,clustered,0.6;-0.3,-1,-1,-1,0,0,-1,0,-1,-1,0,0,edgeCount
824,93,103,graphml/Oteglobe.graphml,1,,clustered,0.6;-0.3,4,4,4,0,0,4,0,4,4,0,0,edgeCount
823,93,103,graphml/Oteglobe.graphml,1,,clustered,0.6;-0.3,6,6,6,0,0,6,0,6,6,0,0,edgeCount
822,93,103,graphml/Oteglobe.graphml,1,,clustered,0.6;-0.3,-1,-1,-1,0,4,-1,0,-1,-1,0,4,edgeCount
821,93,103,graphml/Oteglobe.graphml,2,,clustered,0.6;-0.3,3,3,3,0,0,3,0,3,3,0,0,edgeCount
820,93,103,graphml/Oteglobe.graphml,1,,clustered,0.6;-0.3,-1,-1,-1,0,0,-1,0,-1,-1,0,0,edgeCount
819,93,103,graphml/Oteglobe.graphml,1,,clustered,0.6;-0.3,8,8,8,0,0,8,0,8,8,0,0,edgeCount
818,93,103,graphml/Oteglobe.graphml,2,,clustered,0.6;-0.3,5,5,5,0,0,5,0,5,5,0,0,edgeCount
817,93,103,graphml/Oteglobe.graphml,2,,clustered,0.6;-0.3,28,32,8,20,0,10,2,10,10,2,0,edgeCount
816,93,103,graphml/Oteglobe.graphml,2,,clustered,0.6;-0.3,-1,-1,-1,0,0,-1,0,-1,-1,0,0,edgeCount
815,93,103,graphml/Oteglobe.graphml,1,,clustered,0.6;-0.3,37,23,21,16,6,-1,-22,37,23,16,6,edgeCount
814,93,103,graphml/Oteglobe.graphml,2,,clustered,0.6;-0.3,-1,-1,-1,0,2,-1,0,-1,-1,0,2,edgeCount
813,93,103,graphml/Oteglobe.graphml,2,,clustered,0.6;-0.3,21,21,13,8,2,21,8,21,21,8,2,edgeCount
812,93,103,graphml/Oteglobe.graphml,2,,clustered,0.6;-0.3,-1,-1,-1,0,0,-1,0,-1,-1,0,0,edgeCount
811,93,103,graphml/Oteglobe.graphml,2,,clustered,0.6;-0.3,-1,-1,-1,0,0,-1,0,-1,-1,0,0,edgeCount
810,93,103,graphml/Oteglobe.graphml,1,,clustered,0.6;-0.3,37,35,15,22,8,-1,-16,37,35,22,8,edgeCount
809,93,103,graphml/Oteglobe.graphml,1,,clustered,0.6;-0.3,-1,-1,9,-10,2,-1,-10,-1,-1,-10,2,edgeCount
808,93,103,graphml/Oteglobe.graphml,2,,clustered,0.6;-0.3,10,10,10,0,0,10,0,10,10,0,0,edgeCount
807,93,103,graphml/Oteglobe.graphml,2,,clustered,0.6;-0.3,11,51,11,0,0,29,18,29,29,18,0,edgeCount
806,93,103,graphml/Oteglobe.graphml,1,,clustered,0.6;-0.3,-1,-1,-1,0,0,-1,0,-1,-1,0,0,edgeCount
805,93,103,graphml/Oteglobe.graphml,2,,clustered,0.6;-0.3,11,11,7,4,2,-1,-8,11,11,4,2,edgeCount
804,93,103,graphml/Oteglobe.graphml,2,,clustered,0.6;-0.3,27,27,13,14,0,27,14,27,27,14,0,edgeCount
803,93,103,graphml/Oteglobe.graphml,2,,clustered,0.6;-0.3,18,10,9,9,2,-1,-10,-1,-1,-10,2,edgeCount
802,93,103,graphml/Oteglobe.graphml,2,,clustered,0.6;-0.3,-1,-1,-1,0,0,-1,0,-1,-1,0,0,edgeCount
801,93,103,graphml/Oteglobe.graphml,2,,clustered,0.6;-0.3,7,7,7,0,0,7,0,7,7,0,0,edgeCount
800,93,103,graphml/Oteglobe.graphml,1,,clustered,0.6;-0.3,9,9,9,0,0,9,0,9,9,0,0,edgeCount
799,93,103,graphml/Oteglobe.graphml,2,,clustered,0.6;-0.3,14,14,8,6,0,14,6,14,14,6,0,edgeCount
798,93,103,graphml/Oteglobe.graphml,2,,clustered,0.6;-0.3,-1,-1,-1,0,0,-1,0,-1,-1,0,0,edgeCount
797,93,103,graphml/Oteglobe.graphml,1,,clustered,0.6;-0.3,4,4,4,0,0,4,0,4,4,0,0,edgeCount
796,93,103,graphml/Oteglobe.graphml,3,,clustered,0.6;-0.3,23,67,14,9,4,33,19,33,41,19,4,edgeCount
795,93,103,graphml/Oteglobe.graphml,1,,clustered,0.6;-0.3,8,8,8,0,4,8,0,8,8,0,4,edgeCount
794,93,103,graphml/Oteglobe.graphml,2,,clustered,0.6;-0.3,-1,-1,-1,0,0,-1,0,-1,-1,0,0,edgeCount
793,93,103,graphml/Oteglobe.graphml,1,,clustered,0.6;-0.3,-1,-1,-1,0,2,-1,0,-1,-1,0,2,edgeCount
792,93,103,graphml/Oteglobe.graphml,2,,clustered,0.6;-0.3,41,41,10,31,0,13,3,13,13,3,0,edgeCount
791,93,103,graphml/Oteglobe.graphml,1,,clustered,0.6;-0.3,25,13,13,12,2,-1,-14,25,13,12,2,edgeCount
790,93,103,graphml/Oteglobe.graphml,2,,clustered,0.6;-0.3,12,35,11,1,0,32,21,32,32,21,0,edgeCount
789,93,103,graphml/Oteglobe.graphml,1,,clustered,0.6;-0.3,-1,-1,-1,0,0,-1,0,-1,-1,0,0,edgeCount
788,93,103,graphml/Oteglobe.graphml,2,,clustered,0.6;-0.3,9,35,3,6,4,3,0,9,35,6,4,edgeCount
787,93,103,graphml/Oteglobe.graphml,2,,clustered,0.6;-0.3,8,8,8,0,4,-1,-9,42,42,34,4,edgeCount
786,93,103,graphml/Oteglobe.graphml,1,,clustered,0.6;-0.3,-1,-1,4,-5,0,-1,-5,-1,-1,-5,0,edgeCount
785,93,103,graphml/Oteglobe.graphml,2,,clustered,0.6;-0.3,11,49,11,0,2,27,16,29,29,18,2,edgeCount
784,93,103,graphml/Oteglobe.graphml,1,,clustered,0.6;-0.3,7,7,7,0,0,7,0,7,7,0,0,edgeCount
783,93,103,graphml/Oteglobe.graphml,2,,clustered,0.6;-0.3,-1,-1,-1,0,0,-1,0,-1,-1,0,0,edgeCount
782,93,103,graphml/Oteglobe.graphml,2,,clustered,0.6;-0.3,5,5,5,0,0,7,2,5,5,0,0,edgeCount
781,93,103,graphml/Oteglobe.graphml,2,,clustered,0.6;-0.3,33,43,11,22,4,11,0,11,11,0,4,edgeCount
780,93,103,graphml/Oteglobe.graphml,1,,clustered,0.6;-0.3,7,7,7,0,2,-1,-8,7,7,0,2,edgeCount
779,93,103,graphml/Oteglobe.graphml,2,,clustered,0.6;-0.3,7,7,7,0,0,7,0,7,7,0,0,edgeCount
778,93,103,graphml/Oteglobe.graphml,1,,clustered,0.6;-0.3,5,5,5,0,0,5,0,5,5,0,0,edgeCount
777,93,103,graphml/Oteglobe.graphml,2,,clustered,0.6;-0.3,34,20,15,19,4,-1,-16,31,25,16,4,edgeCount
776,93,103,graphml/Oteglobe.graphml,2,,clustered,0.6;-0.3,13,26,12,1,0,25,13,25,25,13,0,edgeCount
775,93,103,graphml/Oteglobe.graphml,2,,clustered,0.6;-0.3,8,8,8,0,0,8,0,8,8,0,0,edgeCount
774,93,103,graphml/Oteglobe.graphml,1,,clustered,0.6;-0.3,5,27,5,0,2,5,0,5,27,0,2,edgeCount
773,93,103,graphml/Oteglobe.graphml,2,,clustered,0.6;-0.3,-1,-1,-1,0,0,-1,0,-1,-1,0,0,edgeCount
772,93,103,graphml/Oteglobe.graphml,2,,clustered,0.6;-0.3,18,18,8,10,0,18,10,18,18,10,0,edgeCount
771,93,103,graphml/Oteglobe.graphml,1,,clustered,0.6;-0.3,-1,-1,15,-16,0,-1,-16,-1,-1,-16,0,edgeCount
770,93,103,graphml/Oteglobe.graphml,1,,clustered,0.6;-0.3,4,4,4,0,0,4,0,4,4,0,0,edgeCount
769,93,103,graphml/Oteglobe.graphml,2,,clustered,0.6;-0.3,-1,-1,14,-15,0,-1,-15,-1,-1,-15,0,edgeCount
768,93,103,graphml/Oteglobe.graphml,1,,clustered,0.6;-0.3,5,29,5,0,2,5,0,5,29,0,2,edgeCount
767,93,103,graphml/Oteglobe.graphml,1,,clustered,0.6;-0.3,-1,-1,-1,0,2,-1,0,-1,-1,0,2,edgeCount
766,93,103,graphml/Oteglobe.graphml,2,,clustered,0.6;-0.3,30,42,8,22,0,8,0,8,8,0,0,edgeCount
765,93,103,graphml/Oteglobe.graphml,1,,clustered,0.6;-0.3,33,19,11,22,4,-1,-12,33,19,22,4,edgeCount
764,93,103,graphml/Oteglobe.graphml,2,,clustered,0.6;-0.3,32,32,10,22,0,32,22,32,32,22,0,edgeCount
763,93,103,graphml/Oteglobe.graphml,2,,clustered,0.6;-0.3,20,20,6,14,0,20,14,20,20,14,0,edgeCount
762,93,103,graphml/Oteglobe.graphml,1,,clustered,0.6;-0.3,-1,-1,-1,0,0,-1,0,-1,-1,0,0,edgeCount
761,93,103,graphml/Oteglobe.graphml,1,,clustered,0.6;-0.3,7,7,7,0,0,7,0,7,7,0,0,edgeCount
760,93,103,graphml/Oteglobe.graphml,1,,clustered,0.6;-0.3,34,34,16,18,2,-1,-17,34,34,18,2,edgeCount
759,93,103,graphml/Oteglobe.graphml,1,,clustered,0.6;-0.3,-1,-1,-1,0,2,-1,0,-1,-1,0,2,edgeCount
758,93,103,graphml/Oteglobe.graphml,2,,clustered,0.6;-0.3,-1,-1,-1,0,0,-1,0,-1,-1,0,0,edgeCount
757,93,103,graphml/Oteglobe.graphml,2,,clustered,0.6;-0.3,6,6,3,3,0,6,3,6,6,3,0,edgeCount
756,93,103,graphml/Oteglobe.graphml,2,,clustered,0.6;-0.3,10,10,10,0,0,10,0,10,10,0,0,edgeCount
755,93,103,graphml/Oteglobe.graphml,2,,clustered,0.6;-0.3,-1,-1,-1,0,0,-1,0,-1,-1,0,0,edgeCount
754,93,103,graphml/Oteglobe.graphml,1,,clustered,0.6;-0.3,6,6,6,0,2,6,0,6,6,0,2,edgeCount
753,93,103,graphml/Oteglobe.graphml,1,,clustered,0.6;-0.3,8,8,8,0,0,8,0,8,8,0,0,edgeCount
752,93,103,graphml/Oteglobe.graphml,2,,clustered,0.6;-0.3,60,32,11,49,2,-1,-12,37,33,26,2,edgeCount
751,93,103,graphml/Oteglobe.graphml,3,,clustered,0.6;-0.3,23,23,8,15,0,23,15,23,23,15,0,edgeCount
750,93,103,graphml/Oteglobe.graphml,1,,clustered,0.6;-0.3,7,7,7,0,0,7,0,7,7,0,0,edgeCount
749,93,103,graphml/Oteglobe.graphml,2,,clustered,0.6;-0.3,8,8,8,0,0,8,0,8,8,0,0,edgeCount
748,93,103,graphml/Oteglobe.graphml,1,,clustered,0.6;-0.3,-1,-1,-1,0,2,-1,0,-1,-1,0,2,edgeCount
747,93,103,graphml/Oteglobe.graphml,2,,clustered,0.6;-0.3,15,15,4,11,0,15,11,15,15,11,0,edgeCount
746,93,103,graphml/Oteglobe.graphml,2,,clustered,0.6;-0.3,9,9,9,0,0,9,0,9,9,0,0,edgeCount
745,93,103,graphml/Oteglobe.graphml,2,,clustered,0.6;-0.3,35,35,9,26,2,-1,-10,35,25,26,2,edgeCount
744,93,103,graphml/Oteglobe.graphml,2,,clustered,0.6;-0.3,-1,-1,-1,0,0,-1,0,-1,-1,0,0,edgeCount
743,93,103,graphml/Oteglobe.graphml,2,,clustered,0.6;-0.3,7,7,7,0,0,7,0,7,7,0,0,edgeCount
742,93,103,graphml/Oteglobe.graphml,2,,clustered,0.6;-0.3,26,26,7,19,0,26,19,26,26,19,0,edgeCount
741,93,103,graphml/Oteglobe.graphml,1,,clustered,0.6;-0.3,6,6,6,0,0,6,0,6,6,0,0,edgeCount
740,93,103,graphml/Oteglobe.graphml,2,,clustered,0.6;-0.3,24,24,6,18,0,24,18,24,24,18,0,edgeCount
739,93,103,graphml/Oteglobe.graphml,2,,clustered,0.6;-0.3,-1,-1,7,-8,0,-1,-8,-1,-1,-8,0,edgeCount
738,93,103,graphml/Oteglobe.graphml,2,,clustered,0.6;-0.3,30,18,18,12,4,-1,-19,30,18,12,4,edgeCount
737,93,103,graphml/Oteglobe.graphml,1,,clustered,0.6;-0.3,27,27,11,16,2,-1,-12,27,27,16,2,edgeCount
736,93,103,graphml/Oteglobe.graphml,1,,clustered,0.6;-0.3,12,18,12,0,2,12,0,12,18,0,2,edgeCount
735,93,103,graphml/Oteglobe.graphml,2,,clustered,0.6;-0.3,-1,-1,-1,0,0,-1,0,-1,-1,0,0,edgeCount
734,93,103,graphml/Oteglobe.graphml,3,,clustered,0.6;-0.3,27,40,7,20,0,26,19,26,26,19,0,edgeCount
733,93,103,graphml/Oteglobe.graphml,2,,clustered,0.6;-0.3,8,8,4,4,2,19,15,19,19,15,2,edgeCount
732,93,103,graphml/Oteglobe.graphml,3,,clustered,0.6;-0.3,9,21,9,0,2,21,12,9,21,0,2,edgeCount
731,93,103,graphml/Oteglobe.graphml,1,,clustered,0.6;-0.3,5,5,5,0,2,-1,-6,5,5,0,2,edgeCount
730,93,103,graphml/Oteglobe.graphml,3,,clustered,0.6;-0.3,-1,-1,-1,0,0,-1,0,-1,-1,0,0,edgeCount
729,93,103,graphml/Oteglobe.graphml,1,,clustered,0.6;-0.3,9,9,9,0,2,9,0,9,9,0,2,edgeCount
728,93,103,graphml/Oteglobe.graphml,1,,clustered,0.6;-0.3,7,7,7,0,4,7,0,7,7,0,4,edgeCount
727,93,103,graphml/Oteglobe.graphml,2,,clustered,0.6;-0.3,11,11,11,0,2,-1,-12,11,11,0,2,edgeCount
726,93,103,graphml/Oteglobe.graphml,2,,clustered,0.6;-0.3,-1,-1,-1,0,0,-1,0,-1,-1,0,0,edgeCount
725,93,103,graphml/Oteglobe.graphml,2,,clustered,0.6;-0.3,-1,-1,-1,0,0,-1,0,-1,-1,0,0,edgeCount
724,93,103,graphml/Oteglobe.graphml,2,,clustered,0.6;-0.3,12,33,11,1,0,30,19,30,30,19,0,edgeCount
723,93,103,graphml/Oteglobe.graphml,1,,clustered,0.6;-0.3,4,4,4,0,0,4,0,4,4,0,0,edgeCount
722,93,103,graphml/Oteglobe.graphml,2,,clustered,0.6;-0.3,-1,-1,-1,0,0,-1,0,-1,-1,0,0,edgeCount
721,93,103,graphml/Oteglobe.graphml,2,,clustered,0.6;-0.3,2,2,2,0,0,13,11,2,2,0,0,edgeCount
720,93,103,graphml/Oteglobe.graphml,1,,clustered,0.6;-0.3,5,5,5,0,0,5,0,5,5,0,0,edgeCount
719,93,103,graphml/Oteglobe.graphml,2,,clustered,0.6;-0.3,24,14,14,10,2,-1,-15,24,14,10,2,edgeCount
718,93,103,graphml/Oteglobe.graphml,1,,clustered,0.6;-0.3,9,9,9,0,0,9,0,9,9,0,0,edgeCount
717,93,103,graphml/Oteglobe.graphml,1,,clustered,0.6;-0.3,-1,-1,-1,0,2,-1,0,-1,-1,0,2,edgeCount
716,93,103,graphml/Oteglobe.graphml,2,,clustered,0.6;-0.3,7,7,7,0,0,7,0,7,7,0,0,edgeCount
715,93,103,graphml/Oteglobe.graphml,2,,clustered,0.6;-0.3,6,6,6,0,0,6,0,6,6,0,0,edgeCount
714,93,103,graphml/Oteglobe.graphml,1,,clustered,0.6;-0.3,5,5,5,0,0,5,0,5,5,0,0,edgeCount
713,93,103,graphml/Oteglobe.graphml,2,,clustered,0.6;-0.3,-1,-1,-1,0,0,-1,0,-1,-1,0,0,edgeCount
712,93,103,graphml/Oteglobe.graphml,2,,clustered,0.6;-0.3,-1,-1,11,-12,2,-1,-12,-1,-1,-12,2,edgeCount
711,93,103,graphml/Oteglobe.graphml,2,,clustered,0.6;-0.3,36,12,12,24,2,12,0,36,12,24,2,edgeCount
710,93,103,graphml/Oteglobe.graphml,1,,clustered,0.6;-0.3,9,9,9,0,0,9,0,9,9,0,0,edgeCount
709,93,103,graphml/Oteglobe.graphml,1,,clustered,0.6;-0.3,9,29,9,0,2,9,0,9,29,0,2,edgeCount
708,93,103,graphml/Oteglobe.graphml,2,,clustered,0.6;-0.3,-1,-1,-1,0,0,-1,0,-1,-1,0,0,edgeCount
707,93,103,graphml/Oteglobe.graphml,2,,clustered,0.6;-0.3,7,7,7,0,0,7,0,7,7,0,0,edgeCount
706,93,103,graphml/Oteglobe.graphml,2,,clustered,0.6;-0.3,8,8,7,1,0,8,1,8,8,1,0,edgeCount
705,93,103,graphml/Oteglobe.graphml,1,,clustered,0.6;-0.3,3,3,3,0,2,3,0,3,3,0,2,edgeCount
704,93,103,graphml/Oteglobe.graphml,1,,clustered,0.6;-0.3,-1,-1,-1,0,0,-1,0,-1,-1,0,0,edgeCount
703,93,103,graphml/Oteglobe.graphml,3,,clustered,0.6;-0.3,55,55,15,40,0,55,40,55,55,40,0,edgeCount
702,93,103,graphml/Oteglobe.graphml,2,,clustered,0.6;-0.3,9,9,7,2,0,-1,-8,9,9,2,0,edgeCount
701,93,103,graphml/Oteglobe.graphml,1,,clustered,0.6;-0.3,8,32,8,0,2,8,0,8,32,0,2,edgeCount
700,93,103,graphml/Oteglobe.graphml,2,,clustered,0.6;-0.3,-1,-1,-1,0,0,-1,0,-1,-1,0,0,edgeCount
699,93,103,graphml/Oteglobe.graphml,2,,clustered,0.6;-0.3,28,42,4,24,0,4,0,4,4,0,0,edgeCount
698,93,103,graphml/Oteglobe.graphml,1,,clustered,0.6;-0.3,11,11,11,0,0,11,0,11,11,0,0,edgeCount
697,93,103,graphml/Oteglobe.graphml,1,,clustered,0.6;-0.3,-1,-1,-1,0,0,-1,0,-1,-1,0,0,edgeCount
696,93,103,graphml/Oteglobe.graphml,2,,clustered,0.6;-0.3,10,10,10,0,0,10,0,10,10,0,0,edgeCount
695,93,103,graphml/Oteglobe.graphml,1,,clustered,0.6;-0.3,-1,-1,-1,0,2,-1,0,-1,-1,0,2,edgeCount
694,93,103,graphml/Oteglobe.graphml,1,,clustered,0.6;-0.3,8,8,8,0,0,8,0,8,8,0,0,edgeCount
693,93,103,graphml/Oteglobe.graphml,1,,clustered,0.6;-0.3,8,8,8,0,0,8,0,8,8,0,0,edgeCount
692,93,103,graphml/Oteglobe.graphml,1,,clustered,0.6;-0.3,6,6,6,0,0,6,0,6,6,0,0,edgeCount
691,93,103,graphml/Oteglobe.graphml,2,,clustered,0.6;-0.3,-1,-1,-1,0,0,-1,0,-1,-1,0,0,edgeCount
690,93,103,graphml/Oteglobe.graphml,1,,clustered,0.6;-0.3,11,11,11,0,0,11,0,11,11,0,0,edgeCount
689,93,103,graphml/Oteglobe.graphml,2,,clustered,0.6;-0.3,6,6,6,0,0,6,0,6,6,0,0,edgeCount
688,93,103,graphml/Oteglobe.graphml,3,,clustered,0.6;-0.3,24,24,15,9,2,24,9,24,24,9,2,edgeCount
687,93,103,graphml/Oteglobe.graphml,1,,clustered,0.6;-0.3,27,19,9,18,4,-1,-10,27,19,18,4,edgeCount
686,93,103,graphml/Oteglobe.graphml,1,,clustered,0.6;-0.3,7,7,7,0,0,7,0,7,7,0,0,edgeCount
685,93,103,graphml/Oteglobe.graphml,2,,clustered,0.6;-0.3,6,6,6,0,0,-1,-7,6,6,0,0,edgeCount
684,93,103,graphml/Oteglobe.graphml,1,,clustered,0.6;-0.3,12,34,12,0,2,12,0,12,34,0,2,edgeCount
683,93,103,graphml/Oteglobe.graphml,3,,clustered,0.6;-0.3,23,23,9,14,0,43,34,23,23,14,0,edgeCount
682,93,103,graphml/Oteglobe.graphml,2,,clustered,0.6;-0.3,12,62,12,0,2,22,10,22,22,10,2,edgeCount
681,93,103,graphml/Oteglobe.graphml,2,,clustered,0.6;-0.3,3,3,3,0,0,3,0,3,3,0,0,edgeCount
680,93,103,graphml/Oteglobe.graphml,2,,clustered,0.6;-0.3,20,20,14,6,0,20,6,20,20,6,0,edgeCount
679,93,103,graphml/Oteglobe.graphml,2,,clustered,0.6;-0.3,-1,-1,8,-9,0,-1,-9,-1,-1,-9,0,edgeCount
678,93,103,graphml/Oteglobe.graphml,2,,clustered,0.6;-0.3,8,8,7,1,0,8,1,8,8,1,0,edgeCount
677,93,103,graphml/Oteglobe.graphml,2,,clustered,0.6;-0.3,-1,-1,-1,0,0,-1,0,-1,-1,0,0,edgeCount
676,93,103,graphml/Oteglobe.graphml,1,,clustered,0.6;-0.3,4,4,4,0,0,4,0,4,4,0,0,edgeCount
675,93,103,graphml/Oteglobe.graphml,2,,clustered,0.6;-0.3,47,43,11,36,4,-1,-12,45,41,34,4,edgeCount
674,93,103,graphml/Oteglobe.graphml,3,,clustered,0.6;-0.3,12,12,6,6,0,12,6,12,12,6,0,edgeCount
673,93,103,graphml/Oteglobe.graphml,2,,clustered,0.6;-0.3,8,8,6,2,0,8,2,8,8,2,0,edgeCount
672,93,103,graphml/Oteglobe.graphml,2,,clustered,0.6;-0.3,-1,-1,-1,0,0,-1,0,-1,-1,0,0,edgeCount
671,93,103,graphml/Oteglobe.graphml,2,,clustered,0.6;-0.3,4,4,4,0,0,4,0,4,4,0,0,edgeCount
670,93,103,graphml/Oteglobe.graphml,2,,clustered,0.6;-0.3,9,9,9,0,0,9,0,9,9,0,0,edgeCount
669,93,103,graphml/Oteglobe.graphml,2,,clustered,0.6;-0.3,23,23,9,14,0,23,14,23,23,14,0,edgeCount
668,93,103,graphml/Oteglobe.graphml,2,,clustered,0.6;-0.3,13,13,11,2,0,13,2,13,13,2,0,edgeCount
667,93,103,graphml/Oteglobe.graphml,1,,clustered,0.6;-0.3,8,34,8,0,4,8,0,8,34,0,4,edgeCount
666,93,103,graphml/Oteglobe.graphml,1,,clustered,0.6;-0.3,6,6,6,0,0,6,0,6,6,0,0,edgeCount
665,93,103,graphml/Oteglobe.graphml,2,,clustered,0.6;-0.3,16,16,3,13,0,16,13,16,16,13,0,edgeCount
664,93,103,graphml/Oteglobe.graphml,1,,clustered,0.6;-0.3,7,7,7,0,0,7,0,7,7,0,0,edgeCount
663,93,103,graphml/Oteglobe.graphml,3,,clustered,0.6;-0.3,42,18,8,34,2,18,10,18,18,10,2,edgeCount
662,93,103,graphml/Oteglobe.graphml,1,,clustered,0.6;-0.3,10,10,10,0,0,10,0,10,10,0,0,edgeCount
661,93,103,graphml/Oteglobe.graphml,2,,clustered,0.6;-0.3,11,51,11,0,4,27,16,27,45,16,4,edgeCount
660,93,103,graphml/Oteglobe.graphml,1,,clustered,0.6;-0.3,-1,-1,5,-6,2,-1,-6,-1,-1,-6,2,edgeCount
659,93,103,graphml/Oteglobe.graphml,2,,clustered,0.6;-0.3,27,9,9,18,4,9,0,9,9,0,4,edgeCount
658,93,103,graphml/Oteglobe.graphml,2,,clustered,0.6;-0.3,-1,-1,-1,0,0,-1,0,-1,-1,0,0,edgeCount
657,93,103,graphml/Oteglobe.graphml,2,,clustered,0.6;-0.3,10,10,8,2,0,-1,-9,10,10,2,0,edgeCount
656,93,103,graphml/Oteglobe.graphml,1,,clustered,0.6;-0.3,14,14,14,0,0,14,0,14,14,0,0,edgeCount
655,93,103,graphml/Oteglobe.graphml,1,,clustered,0.6;-0.3,7,7,7,0,0,7,0,7,7,0,0,edgeCount
654,93,103,graphml/Oteglobe.graphml,1,,clustered,0.6;-0.3,2,2,2,0,0,2,0,2,2,0,0,edgeCount
653,93,103,graphml/Oteglobe.graphml,1,,clustered,0.6;-0.3,3,3,3,0,0,3,0,3,3,0,0,edgeCount
652,93,103,graphml/Oteglobe.graphml,2,,clustered,0.6;-0.3,23,23,9,14,0,9,0,23,23,14,0,edgeCount
651,93,103,graphml/Oteglobe.graphml,2,,clustered,0.6;-0.3,-1,-1,6,-7,0,-1,-7,-1,-1,-7,0,edgeCount
650,93,103,graphml/Oteglobe.graphml,2,,clustered,0.6;-0.3,24,34,4,20,2,4,0,4,4,0,2,edgeCount
649,93,103,graphml/Oteglobe.graphml,2,,clustered,0.6;-0.3,26,26,10,16,0,-1,-11,-1,-1,-11,0,edgeCount
648,93,103,graphml/Oteglobe.graphml,2,,clustered,0.6;-0.3,37,35,10,27,0,11,1,11,11,1,0,edgeCount
647,93,103,graphml/Oteglobe.graphml,2,,clustered,0.6;-0.3,-1,-1,-1,0,0,-1,0,-1,-1,0,0,edgeCount
646,93,103,graphml/Oteglobe.graphml,2,,clustered,0.6;-0.3,-1,-1,-1,0,0,-1,0,-1,-1,0,0,edgeCount
645,93,103,graphml/Oteglobe.graphml,2,,clustered,0.6;-0.3,7,7,6,1,0,33,27,7,7,1,0,edgeCount
644,93,103,graphml/Oteglobe.graphml,1,,clustered,0.6;-0.3,5,5,5,0,0,5,0,5,5,0,0,edgeCount
643,93,103,graphml/Oteglobe.graphml,2,,clustered,0.6;-0.3,-1,-1,15,-16,0,-1,-16,-1,-1,-16,0,edgeCount
642,93,103,graphml/Oteglobe.graphml,2,,clustered,0.6;-0.3,-1,-1,8,-9,0,-1,-9,-1,-1,-9,0,edgeCount
641,93,103,graphml/Oteglobe.graphml,2,,clustered,0.6;-0.3,-1,-1,-1,0,2,-1,0,-1,-1,0,2,edgeCount
640,93,103,graphml/Oteglobe.graphml,1,,clustered,0.6;-0.3,-1,-1,-1,0,2,-1,0,-1,-1,0,2,edgeCount
639,93,103,graphml/Oteglobe.graphml,1,,clustered,0.6;-0.3,-1,-1,-1,0,0,-1,0,-1,-1,0,0,edgeCount
638,93,103,graphml/Oteglobe.graphml,1,,clustered,0.6;-0.3,-1,-1,-1,0,2,-1,0,-1,-1,0,2,edgeCount
637,93,103,graphml/Oteglobe.graphml,2,,clustered,0.6;-0.3,12,28,10,2,0,26,16,26,26,16,0,edgeCount
636,93,103,graphml/Oteglobe.graphml,1,,clustered,0.6;-0.3,5,5,5,0,0,5,0,5,5,0,0,edgeCount
635,93,103,graphml/Oteglobe.graphml,2,,clustered,0.6;-0.3,-1,-1,-1,0,0,-1,0,-1,-1,0,0,edgeCount
634,93,103,graphml/Oteglobe.graphml,1,,clustered,0.6;-0.3,-1,-1,-1,0,2,-1,0,-1,-1,0,2,edgeCount
633,93,103,graphml/Oteglobe.graphml,1,,clustered,0.6;-0.3,8,8,8,0,0,8,0,8,8,0,0,edgeCount
632,93,103,graphml/Oteglobe.graphml,1,,clustered,0.6;-0.3,38,18,18,20,8,-1,-19,38,18,20,8,edgeCount
631,93,103,graphml/Oteglobe.graphml,2,,clustered,0.6;-0.3,-1,-1,16,-17,0,-1,-17,-1,-1,-17,0,edgeCount
630,93,103,graphml/Oteglobe.graphml,1,,clustered,0.6;-0.3,7,7,7,0,0,7,0,7,7,0,0,edgeCount
629,93,103,graphml/Oteglobe.graphml,2,,clustered,0.6;-0.3,2,2,2,0,0,2,0,2,2,0,0,edgeCount
628,93,103,graphml/Oteglobe.graphml,2,,clustered,0.6;-0.3,-1,-1,16,-17,4,-1,-17,-1,-1,-17,4,edgeCount
627,93,103,graphml/Oteglobe.graphml,1,,clustered,0.6;-0.3,3,3,3,0,2,3,0,3,3,0,2,edgeCount
626,93,103,graphml/Oteglobe.graphml,1,,clustered,0.6;-0.3,5,5,5,0,0,5,0,5,5,0,0,edgeCount
625,93,103,graphml/Oteglobe.graphml,1,,clustered,0.6;-0.3,-1,-1,-1,0,0,-1,0,-1,-1,0,0,edgeCount
624,93,103,graphml/Oteglobe.graphml,2,,clustered,0.6;-0.3,3,3,3,0,2,3,0,3,3,0,2,edgeCount
623,93,103,graphml/Oteglobe.graphml,1,,clustered,0.6;-0.3,6,40,6,0,6,-1,-7,6,40,0,6,edgeCount
622,93,103,graphml/Oteglobe.graphml,2,,clustered,0.6;-0.3,27,27,11,16,0,27,16,27,27,16,0,edgeCount
621,93,103,graphml/Oteglobe.graphml,1,,clustered,0.6;-0.3,9,9,9,0,0,9,0,9,9,0,0,edgeCount
620,93,103,graphml/Oteglobe.graphml,1,,clustered,0.6;-0.3,-1,-1,-1,0,0,-1,0,-1,-1,0,0,edgeCount
619,93,103,graphml/Oteglobe.graphml,2,,clustered,0.6;-0.3,10,10,10,0,0,10,0,10,10,0,0,edgeCount
618,93,103,graphml/Oteglobe.graphml,2,,clustered,0.6;-0.3,8,8,8,0,0,8,0,8,8,0,0,edgeCount
617,93,103,graphml/Oteglobe.graphml,2,,clustered,0.6;-0.3,27,27,13,14,0,27,14,27,27,14,0,edgeCount
616,93,103,graphml/Oteglobe.graphml,1,,clustered,0.6;-0.3,6,6,6,0,0,6,0,6,6,0,0,edgeCount
615,93,103,graphml/Oteglobe.graphml,2,,clustered,0.6;-0.3,36,34,10,26,2,10,0,10,10,0,2,edgeCount
614,93,103,graphml/Oteglobe.graphml,1,,clustered,0.6;-0.3,-1,-1,-1,0,0,-1,0,-1,-1,0,0,edgeCount
613,93,103,graphml/Oteglobe.graphml,2,,clustered,0.6;-0.3,9,18,6,3,0,19,13,19,19,13,0,edgeCount
612,93,103,graphml/Oteglobe.graphml,2,,clustered,0.6;-0.3,-1,-1,-1,0,0,-1,0,-1,-1,0,0,edgeCount
611,93,103,graphml/Oteglobe.graphml,2,,clustered,0.6;-0.3,45,17,13,32,2,-1,-14,30,30,17,2,edgeCount
610,93,103,graphml/Oteglobe.graphml,2,,clustered,0.6;-0.3,19,19,6,13,4,-1,-7,-1,-1,-7,4,edgeCount
609,93,103,graphml/Oteglobe.graphml,2,,clustered,0.6;-0.3,5,4,4,1,0,5,1,5,4,1,0,edgeCount
608,93,103,graphml/Oteglobe.graphml,2,,clustered,0.6;-0.3,-1,-1,-1,0,0,-1,0,-1,-1,0,0,edgeCount
607,93,103,graphml/Oteglobe.graphml,1,,clustered,0.6;-0.3,12,12,12,0,0,12,0,12,12,0,0,edgeCount
606,93,103,graphml/Oteglobe.graphml,1,,clustered,0.6;-0.3,4,4,4,0,0,4,0,4,4,0,0,edgeCount
605,93,103,graphml/Oteglobe.graphml,2,,clustered,0.6;-0.3,-1,-1,7,-8,2,-1,-8,-1,-1,-8,2,edgeCount
604,93,103,graphml/Oteglobe.graphml,2,,clustered,0.6;-0.3,5,5,5,0,0,5,0,5,5,0,0,edgeCount
603,93,103,graphml/Oteglobe.graphml,1,,clustered,0.6;-0.3,-1,-1,-1,0,6,-1,0,-1,-1,0,6,edgeCount
602,93,103,graphml/Oteglobe.graphml,2,,clustered,0.6;-0.3,15,15,15,0,2,-1,-16,15,15,0,2,edgeCount
601,93,103,graphml/Oteglobe.graphml,1,,clustered,0.6;-0.3,-1,-1,-1,0,4,-1,0,-1,-1,0,4,edgeCount
600,93,103,graphml/Oteglobe.graphml,2,,clustered,0.6;-0.3,3,3,3,0,2,3,0,3,3,0,2,edgeCount
599,93,103,graphml/Oteglobe.graphml,1,,clustered,0.6;-0.3,-1,-1,-1,0,2,-1,0,-1,-1,0,2,edgeCount
598,93,103,graphml/Oteglobe.graphml,2,,clustered,0.6;-0.3,24,8,8,16,2,8,0,8,8,0,2,edgeCount
597,93,103,graphml/Oteglobe.graphml,2,,clustered,0.6;-0.3,23,31,9,14,2,9,0,9,23,0,2,edgeCount
596,93,103,graphml/Oteglobe.graphml,1,,clustered,0.6;-0.3,-1,-1,11,-12,0,-1,-12,-1,-1,-12,0,edgeCount
595,93,103,graphml/Oteglobe.graphml,2,,clustered,0.6;-0.3,10,14,10,0,0,28,18,28,28,18,0,edgeCount
594,93,103,graphml/Oteglobe.graphml,1,,clustered,0.6;-0.3,8,8,8,0,0,8,0,8,8,0,0,edgeCount
593,93,103,graphml/Oteglobe.graphml,2,,clustered,0.6;-0.3,14,14,14,0,0,14,0,14,14,0,0,edgeCount
592,93,103,graphml/Oteglobe.graphml,1,,clustered,0.6;-0.3,7,7,7,0,0,7,0,7,7,0,0,edgeCount
591,93,103,graphml/Oteglobe.graphml,2,,clustered,0.6;-0.3,5,5,5,0,0,5,0,5,5,0,0,edgeCount
590,93,103,graphml/Oteglobe.graphml,1,,clustered,0.6;-0.3,-1,-1,-1,0,0,-1,0,-1,-1,0,0,edgeCount
589,93,103,graphml/Oteglobe.graphml,1,,clustered,0.6;-0.3,4,4,4,0,0,4,0,4,4,0,0,edgeCount
588,93,103,graphml/Oteglobe.graphml,1,,clustered,0.6;-0.3,7,7,7,0,0,7,0,7,7,0,0,edgeCount
587,93,103,graphml/Oteglobe.graphml,2,,clustered,0.6;-0.3,11,32,11,0,0,29,18,29,29,18,0,edgeCount
586,93,103,graphml/Oteglobe.graphml,1,,clustered,0.6;-0.3,-1,-1,21,-22,0,-1,-22,-1,-1,-22,0,edgeCount
585,93,103,graphml/Oteglobe.graphml,2,,clustered,0.6;-0.3,-1,-1,-1,0,2,-1,0,-1,-1,0,2,edgeCount
584,93,103,graphml/Oteglobe.graphml,2,,clustered,0.6;-0.3,21,21,14,7,0,21,7,21,21,7,0,edgeCount
583,93,103,graphml/Oteglobe.graphml,1,,clustered,0.6;-0.3,-1,-1,17,-18,0,-1,-18,-1,-1,-18,0,edgeCount
582,93,103,graphml/Oteglobe.graphml,3,,clustered,0.6;-0.3,10,10,6,4,0,6,0,6,6,0,0,edgeCount
581,93,103,graphml/Oteglobe.graphml,2,,clustered,0.6;-0.3,-1,-1,-1,0,0,-1,0,-1,-1,0,0,edgeCount
580,93,103,graphml/Oteglobe.graphml,1,,clustered,0.6;-0.3,4,4,4,0,2,4,0,4,4,0,2,edgeCount
579,93,103,graphml/Oteglobe.graphml,1,,clustered,0.6;-0.3,-1,-1,-1,0,0,-1,0,-1,-1,0,0,edgeCount
578,93,103,graphml/Oteglobe.graphml,2,,clustered,0.6;-0.3,-1,-1,-1,0,2,-1,0,-1,-1,0,2,edgeCount
577,93,103,graphml/Oteglobe.graphml,2,,clustered,0.6;-0.3,7,7,7,0,0,7,0,7,7,0,0,edgeCount
576,93,103,graphml/Oteglobe.graphml,2,,clustered,0.6;-0.3,-1,-1,16,-17,2,-1,-17,-1,-1,-17,2,edgeCount
575,93,103,graphml/Oteglobe.graphml,2,,clustered,0.6;-0.3,36,14,12,24,2,-1,-13,36,14,24,2,edgeCount
574,93,103,graphml/Oteglobe.graphml,2,,clustered,0.6;-0.3,7,7,6,1,0,7,1,7,7,1,0,edgeCount
573,93,103,graphml/Oteglobe.graphml,2,,clustered,0.6;-0.3,-1,-1,10,-11,2,-1,-11,-1,-1,-11,2,edgeCount
572,93,103,graphml/Oteglobe.graphml,1,,clustered,0.6;-0.3,-1,-1,-1,0,0,-1,0,-1,-1,0,0,edgeCount
571,93,103,graphml/Oteglobe.graphml,3,,clustered,0.6;-0.3,22,22,9,13,0,22,13,22,22,13,0,edgeCount
570,93,103,graphml/Oteglobe.graphml,2,,clustered,0.6;-0.3,-1,-1,-1,0,0,-1,0,-1,-1,0,0,edgeCount
569,93,103,graphml/Oteglobe.graphml,1,,clustered,0.6;-0.3,-1,-1,7,-8,2,-1,-8,-1,-1,-8,2,edgeCount
568,93,103,graphml/Oteglobe.graphml,1,,clustered,0.6;-0.3,6,8,6,0,2,-1,-7,6,8,0,2,edgeCount
567,93,103,graphml/Oteglobe.graphml,1,,clustered,0.6;-0.3,7,7,7,0,0,7,0,7,7,0,0,edgeCount
566,93,103,graphml/Oteglobe.graphml,1,,clustered,0.6;-0.3,-1,-1,15,-16,8,-1,-16,-1,-1,-16,8,edgeCount
565,93,103,graphml/Oteglobe.graphml,1,,clustered,0.6;-0.3,14,14,14,0,4,14,0,14,14,0,4,edgeCount
564,93,103,graphml/Oteglobe.graphml,1,,clustered,0.6;-0.3,10,10,10,0,2,-1,-11,10,10,0,2,edgeCount
563,93,103,graphml/Oteglobe.graphml,1,,clustered,0.6;-0.3,8,8,8,0,0,8,0,8,8,0,0,edgeCount
562,93,103,graphml/Oteglobe.graphml,3,,clustered,0.6;-0.3,57,57,10,47,0,57,47,57,57,47,0,edgeCount
561,93,103,graphml/Oteglobe.graphml,2,,clustered,0.6;-0.3,-1,-1,-1,0,0,-1,0,-1,-1,0,0,edgeCount
560,93,103,graphml/Oteglobe.graphml,1,,clustered,0.6;-0.3,-1,-1,-1,0,0,-1,0,-1,-1,0,0,edgeCount
559,93,103,graphml/Oteglobe.graphml,1,,clustered,0.6;-0.3,4,4,4,0,0,4,0,4,4,0,0,edgeCount
558,93,103,graphml/Oteglobe.graphml,1,,clustered,0.6;-0.3,-1,-1,-1,0,0,-1,0,-1,-1,0,0,edgeCount
557,93,103,graphml/Oteglobe.graphml,3,,clustered,0.6;-0.3,-1,-1,-1,0,0,-1,0,-1,-1,0,0,edgeCount
556,93,103,graphml/Oteglobe.graphml,2,,clustered,0.6;-0.3,16,16,12,4,0,16,4,16,16,4,0,edgeCount
555,93,103,graphml/Oteglobe.graphml,1,,clustered,0.6;-0.3,8,8,8,0,0,8,0,8,8,0,0,edgeCount
554,93,103,graphml/Oteglobe.graphml,1,,clustered,0.6;-0.3,-1,-1,8,-9,0,-1,-9,-1,-1,-9,0,edgeCount
553,93,103,graphml/Oteglobe.graphml,2,,clustered,0.6;-0.3,32,32,16,16,0,32,16,32,32,16,0,edgeCount
552,93,103,graphml/Oteglobe.graphml,2,,clustered,0.6;-0.3,-1,-1,-1,0,0,-1,0,-1,-1,0,0,edgeCount
551,93,103,graphml/Oteglobe.graphml,1,,clustered,0.6;-0.3,-1,-1,-1,0,2,-1,0,-1,-1,0,2,edgeCount
550,93,103,graphml/Oteglobe.graphml,2,,clustered,0.6;-0.3,8,15,7,1,0,16,9,16,16,9,0,edgeCount
549,93,103,graphml/Oteglobe.graphml,2,,clustered,0.6;-0.3,-1,-1,7,-8,2,-1,-8,-1,-1,-8,2,edgeCount
548,93,103,graphml/Oteglobe.graphml,1,,clustered,0.6;-0.3,-1,-1,12,-13,0,-1,-13,-1,-1,-13,0,edgeCount
547,93,103,graphml/Oteglobe.graphml,2,,clustered,0.6;-0.3,45,17,13,32,4,-1,-14,-1,-1,-14,4,edgeCount
546,93,103,graphml/Oteglobe.graphml,1,,clustered,0.6;-0.3,7,7,7,0,2,7,0,7,7,0,2,edgeCount
545,93,103,graphml/Oteglobe.graphml,2,,clustered,0.6;-0.3,2,2,2,0,2,2,0,2,2,0,2,edgeCount
544,93,103,graphml/Oteglobe.graphml,2,,clustered,0.6;-0.3,11,67,9,2,0,23,14,23,23,14,0,edgeCount
543,93,103,graphml/Oteglobe.graphml,2,,clustered,0.6;-0.3,-1,-1,-1,0,2,-1,0,-1,-1,0,2,edgeCount
542,93,103,graphml/Oteglobe.graphml,2,,clustered,0.6;-0.3,8,8,8,0,0,8,0,8,8,0,0,edgeCount
541,93,103,graphml/Oteglobe.graphml,2,,clustered,0.6;-0.3,51,17,12,39,2,-1,-13,45,29,33,2,edgeCount
540,93,103,graphml/Oteglobe.graphml,3,,clustered,0.6;-0.3,6,6,6,0,2,6,0,6,6,0,2,edgeCount
539,93,103,graphml/Oteglobe.graphml,1,,clustered,0.6;-0.3,11,11,11,0,0,11,0,11,11,0,0,edgeCount
538,93,103,graphml/Oteglobe.graphml,1,,clustered,0.6;-0.3,-1,-1,12,-13,2,-1,-13,-1,-1,-13,2,edgeCount
537,93,103,graphml/Oteglobe.graphml,2,,clustered,0.6;-0.3,8,8,8,0,0,8,0,8,8,0,0,edgeCount
536,93,103,graphml/Oteglobe.graphml,1,,clustered,0.6;-0.3,8,8,8,0,0,8,0,8,8,0,0,edgeCount
535,93,103,graphml/Oteglobe.graphml,2,,clustered,0.6;-0.3,16,16,10,6,0,28,18,28,28,18,0,edgeCount
534,93,103,graphml/Oteglobe.graphml,2,,clustered,0.6;-0.3,12,11,8,4,2,28,20,28,28,20,2,edgeCount
533,93,103,graphml/Oteglobe.graphml,1,,clustered,0.6;-0.3,-1,-1,-1,0,0,-1,0,-1,-1,0,0,edgeCount
532,93,103,graphml/Oteglobe.graphml,2,,clustered,0.6;-0.3,-1,-1,-1,0,2,-1,0,-1,-1,0,2,edgeCount
531,93,103,graphml/Oteglobe.graphml,2,,clustered,0.6;-0.3,30,34,8,22,0,8,0,8,8,0,0,edgeCount
530,93,103,graphml/Oteglobe.graphml,2,,clustered,0.6;-0.3,-1,-1,-1,0,2,-1,0,-1,-1,0,2,edgeCount
529,93,103,graphml/Oteglobe.graphml,1,,clustered,0.6;-0.3,4,4,4,0,0,4,0,4,4,0,0,edgeCount
528,93,103,graphml/Oteglobe.graphml,1,,clustered,0.6;-0.3,5,5,5,0,0,5,0,5,5,0,0,edgeCount
527,93,103,graphml/Oteglobe.graphml,2,,clustered,0.6;-0.3,-1,-1,-1,0,0,-1,0,-1,-1,0,0,edgeCount
526,93,103,graphml/Oteglobe.graphml,2,,clustered,0.6;-0.3,30,20,13,17,2,-1,-14,27,19,14,2,edgeCount
525,93,103,graphml/Oteglobe.graphml,1,,clustered,0.6;-0.3,5,5,5,0,2,5,0,5,5,0,2,edgeCount
524,93,103,graphml/Oteglobe.graphml,2,,clustered,0.6;-0.3,25,25,11,14,0,25,14,25,25,14,0,edgeCount
523,93,103,graphml/Oteglobe.graphml,1,,clustered,0.6;-0.3,5,5,5,0,0,5,0,5,5,0,0,edgeCount
522,93,103,graphml/Oteglobe.graphml,1,,clustered,0.6;-0.3,9,9,9,0,0,9,0,9,9,0,0,edgeCount
521,93,103,graphml/Oteglobe.graphml,2,,clustered,0.6;-0.3,22,14,8,14,0,8,0,8,8,0,0,edgeCount
520,93,103,graphml/Oteglobe.graphml,2,,clustered,0.6;-0.3,-1,-1,-1,0,0,-1,0,-1,-1,0,0,edgeCount
519,93,103,graphml/Oteglobe.graphml,3,,clustered,0.6;-0.3,14,14,6,8,0,14,8,14,14,8,0,edgeCount
518,93,103,graphml/Oteglobe.graphml,2,,clustered,0.6;-0.3,-1,-1,8,-9,2,-1,-9,-1,-1,-9,2,edgeCount
517,93,103,graphml/Oteglobe.graphml,1,,clustered,0.6;-0.3,12,12,12,0,0,12,0,12,12,0,0,edgeCount
516,93,103,graphml/Oteglobe.graphml,2,,clustered,0.6;-0.3,3,3,3,0,0,3,0,3,3,0,0,edgeCount
515,93,103,graphml/Oteglobe.graphml,2,,clustered,0.6;-0.3,15,44,9,6,4,10,1,10,10,1,4,edgeCount
514,93,103,graphml/Oteglobe.graphml,4,,clustered,0.6;-0.3,-1,-1,17,-18,2,-1,-18,-1,-1,-18,2,edgeCount
513,93,103,graphml/Oteglobe.graphml,1,,clustered,0.6;-0.3,-1,-1,-1,0,0,-1,0,-1,-1,0,0,edgeCount
512,93,103,graphml/Oteglobe.graphml,1,,clustered,0.6;-0.3,10,10,10,0,0,10,0,10,10,0,0,edgeCount
511,93,103,graphml/Oteglobe.graphml,3,,clustered,0.6;-0.3,9,47,9,0,2,23,14,23,23,14,2,edgeCount
510,93,103,graphml/Oteglobe.graphml,2,,clustered,0.6;-0.3,10,10,10,0,2,10,0,10,10,0,2,edgeCount
509,93,103,graphml/Oteglobe.graphml,2,,clustered,0.6;-0.3,-1,-1,-1,0,0,-1,0,-1,-1,0,0,edgeCount
508,93,103,graphml/Oteglobe.graphml,2,,clustered,0.6;-0.3,2,2,2,0,0,2,0,2,2,0,0,edgeCount
507,93,103,graphml/Oteglobe.graphml,2,,clustered,0.6;-0.3,24,24,10,14,0,24,14,24,24,14,0,edgeCount
506,93,103,graphml/Oteglobe.graphml,1,,clustered,0.6;-0.3,4,4,4,0,4,4,0,4,4,0,4,edgeCount
505,93,103,graphml/Oteglobe.graphml,1,,clustered,0.6;-0.3,-1,-1,-1,0,4,-1,0,-1,-1,0,4,edgeCount
504,93,103,graphml/Oteglobe.graphml,2,,clustered,0.6;-0.3,9,9,9,0,0,9,0,9,9,0,0,edgeCount
503,93,103,graphml/Oteglobe.graphml,2,,clustered,0.6;-0.3,15,55,5,10,2,5,0,5,5,0,2,edgeCount
502,93,103,graphml/Oteglobe.graphml,1,,clustered,0.6;-0.3,10,10,10,0,2,10,0,10,10,0,2,edgeCount
501,93,103,graphml/Oteglobe.graphml,2,,clustered,0.6;-0.3,26,26,8,18,0,26,18,26,26,18,0,edgeCount
500,93,103,graphml/Oteglobe.graphml,1,,clustered,0.6;-0.3,8,8,8,0,0,8,0,8,8,0,0,edgeCount
499,93,103,graphml/Oteglobe.graphml,1,,clustered,0.6;-0.3,12,12,12,0,0,12,0,12,12,0,0,edgeCount
498,93,103,graphml/Oteglobe.graphml,1,,clustered,0.6;-0.3,28,28,10,18,2,-1,-11,28,28,18,2,edgeCount
497,93,103,graphml/Oteglobe.graphml,1,,clustered,0.6;-0.3,-1,-1,-1,0,4,-1,0,-1,-1,0,4,edgeCount
496,93,103,graphml/Oteglobe.graphml,2,,clustered,0.6;-0.3,26,26,12,14,0,26,14,26,26,14,0,edgeCount
495,93,103,graphml/Oteglobe.graphml,3,,clustered,0.6;-0.3,47,47,9,38,0,47,38,47,47,38,0,edgeCount
494,93,103,graphml/Oteglobe.graphml,2,,clustered,0.6;-0.3,20,20,12,8,0,20,8,20,20,8,0,edgeCount
493,93,103,graphml/Oteglobe.graphml,1,,clustered,0.6;-0.3,-1,-1,6,-7,0,-1,-7,-1,-1,-7,0,edgeCount
492,93,103,graphml/Oteglobe.graphml,2,,clustered,0.6;-0.3,6,6,6,0,0,6,0,6,6,0,0,edgeCount
491,93,103,graphml/Oteglobe.graphml,2,,clustered,0.6;-0.3,-1,-1,18,-19,0,-1,-19,-1,-1,-19,0,edgeCount
490,93,103,graphml/Oteglobe.graphml,1,,clustered,0.6;-0.3,25,25,11,14,2,-1,-12,25,25,14,2,edgeCount
489,93,103,graphml/Oteglobe.graphml,1,,clustered,0.6;-0.3,25,25,12,13,2,-1,-13,25,25,13,2,edgeCount
488,93,103,graphml/Oteglobe.graphml,1,,clustered,0.6;-0.3,10,10,10,0,0,10,0,10,10,0,0,edgeCount
487,93,103,graphml/Oteglobe.graphml,2,,clustered,0.6;-0.3,-1,-1,-1,0,0,-1,0,-1,-1,0,0,edgeCount
486,93,103,graphml/Oteglobe.graphml,1,,clustered,0.6;-0.3,4,4,4,0,0,4,0,4,4,0,0,edgeCount
485,93,103,graphml/Oteglobe.graphml,1,,clustered,0.6;-0.3,4,4,4,0,0,4,0,4,4,0,0,edgeCount
484,93,103,graphml/Oteglobe.graphml,2,,clustered,0.6;-0.3,5,5,5,0,0,5,0,5,5,0,0,edgeCount
483,93,103,graphml/Oteglobe.graphml,2,,clustered,0.6;-0.3,33,43,7,26,0,7,0,7,7,0,0,edgeCount
482,93,103,graphml/Oteglobe.graphml,2,,clustered,0.6;-0.3,12,26,12,0,0,22,10,22,22,10,0,edgeCount
481,93,103,graphml/Oteglobe.graphml,1,,clustered,0.6;-0.3,-1,-1,-1,0,0,-1,0,-1,-1,0,0,edgeCount
480,93,103,graphml/Oteglobe.graphml,2,,clustered,0.6;-0.3,15,24,15,0,0,33,18,33,33,18,0,edgeCount
479,93,103,graphml/Oteglobe.graphml,2,,clustered,0.6;-0.3,-1,-1,-1,0,0,-1,0,-1,-1,0,0,edgeCount
478,93,103,graphml/Oteglobe.graphml,1,,clustered,0.6;-0.3,7,7,7,0,0,7,0,7,7,0,0,edgeCount
477,93,103,graphml/Oteglobe.graphml,2,,clustered,0.6;-0.3,13,29,10,3,2,23,13,23,25,13,2,edgeCount
476,93,103,graphml/Oteglobe.graphml,2,,clustered,0.6;-0.3,-1,-1,-1,0,0,-1,0,-1,-1,0,0,edgeCount
475,93,103,graphml/Oteglobe.graphml,3,,clustered,0.6;-0.3,6,6,6,0,0,16,10,16,16,10,0,edgeCount
474,93,103,graphml/Oteglobe.graphml,2,,clustered,0.6;-0.3,-1,-1,-1,0,0,-1,0,-1,-1,0,0,edgeCount
473,93,103,graphml/Oteglobe.graphml,1,,clustered,0.6;-0.3,5,5,5,0,0,5,0,5,5,0,0,edgeCount
472,93,103,graphml/Oteglobe.graphml,1,,clustered,0.6;-0.3,7,7,7,0,0,7,0,7,7,0,0,edgeCount
471,93,103,graphml/Oteglobe.graphml,1,,clustered,0.6;-0.3,-1,-1,-1,0,2,-1,0,-1,-1,0,2,edgeCount
470,93,103,graphml/Oteglobe.graphml,1,,clustered,0.6;-0.3,3,3,3,0,0,3,0,3,3,0,0,edgeCount
469,93,103,graphml/Oteglobe.graphml,1,,clustered,0.6;-0.3,-1,-1,-1,0,2,-1,0,-1,-1,0,2,edgeCount
468,93,103,graphml/Oteglobe.graphml,2,,clustered,0.6;-0.3,-1,-1,-1,0,0,-1,0,-1,-1,0,0,edgeCount
467,93,103,graphml/Oteglobe.graphml,1,,clustered,0.6;-0.3,2,2,2,0,0,2,0,2,2,0,0,edgeCount
466,93,103,graphml/Oteglobe.graphml,1,,clustered,0.6;-0.3,9,9,9,0,0,9,0,9,9,0,0,edgeCount
465,93,103,graphml/Oteglobe.graphml,2,,clustered,0.6;-0.3,-1,-1,-1,0,2,-1,0,-1,-1,0,2,edgeCount
464,93,103,graphml/Oteglobe.graphml,1,,clustered,0.6;-0.3,6,6,6,0,2,-1,-7,6,6,0,2,edgeCount
463,93,103,graphml/Oteglobe.graphml,2,,clustered,0.6;-0.3,6,6,6,0,0,6,0,6,6,0,0,edgeCount
462,93,103,graphml/Oteglobe.graphml,1,,clustered,0.6;-0.3,3,3,3,0,0,3,0,3,3,0,0,edgeCount
461,93,103,graphml/Oteglobe.graphml,2,,clustered,0.6;-0.3,34,12,12,22,2,12,0,34,12,22,2,edgeCount
460,93,103,graphml/Oteglobe.graphml,1,,clustered,0.6;-0.3,10,10,8,2,2,-1,-9,10,10,2,2,edgeCount
459,93,103,graphml/Oteglobe.graphml,1,,clustered,0.6;-0.3,-1,-1,-1,0,2,-1,0,-1,-1,0,2,edgeCount
458,93,103,graphml/Oteglobe.graphml,1,,clustered,0.6;-0.3,10,10,10,0,0,10,0,10,10,0,0,edgeCount
457,93,103,graphml/Oteglobe.graphml,1,,clustered,0.6;-0.3,26,12,12,14,4,-1,-13,26,12,14,4,edgeCount
456,93,103,graphml/Oteglobe.graphml,1,,clustered,0.6;-0.3,-1,-1,-1,0,0,-1,0,-1,-1,0,0,edgeCount
455,93,103,graphml/Oteglobe.graphml,1,,clustered,0.6;-0.3,27,15,15,12,2,-1,-16,27,15,12,2,edgeCount
454,93,103,graphml/Oteglobe.graphml,2,,clustered,0.6;-0.3,8,8,5,3,2,8,3,8,8,3,2,edgeCount
453,93,103,graphml/Oteglobe.graphml,1,,clustered,0.6;-0.3,8,8,8,0,0,8,0,8,8,0,0,edgeCount
452,93,103,graphml/Oteglobe.graphml,2,,clustered,0.6;-0.3,-1,-1,-1,0,0,-1,0,-1,-1,0,0,edgeCount
451,93,103,graphml/Oteglobe.graphml,1,,clustered,0.6;-0.3,10,10,10,0,0,10,0,10,10,0,0,edgeCount
450,93,103,graphml/Oteglobe.graphml,1,,clustered,0.6;-0.3,10,10,10,0,0,10,0,10,10,0,0,edgeCount
449,93,103,graphml/Oteglobe.graphml,1,,clustered,0.6;-0.3,-1,-1,-1,0,0,-1,0,-1,-1,0,0,edgeCount
448,93,103,graphml/Oteglobe.graphml,2,,clustered,0.6;-0.3,-1,-1,-1,0,0,-1,0,-1,-1,0,0,edgeCount
447,93,103,graphml/Oteglobe.graphml,1,,clustered,0.6;-0.3,13,13,13,0,0,13,0,13,13,0,0,edgeCount
446,93,103,graphml/Oteglobe.graphml,2,,clustered,0.6;-0.3,6,36,4,2,2,6,2,6,6,2,2,edgeCount
445,93,103,graphml/Oteglobe.graphml,2,,clustered,0.6;-0.3,30,30,10,20,0,30,20,30,30,20,0,edgeCount
444,93,103,graphml/Oteglobe.graphml,2,,clustered,0.6;-0.3,11,11,3,8,0,11,8,11,11,8,0,edgeCount
443,93,103,graphml/Oteglobe.graphml,2,,clustered,0.6;-0.3,-1,-1,-1,0,0,-1,0,-1,-1,0,0,edgeCount
442,93,103,graphml/Oteglobe.graphml,1,,clustered,0.6;-0.3,10,40,10,0,2,10,0,10,40,0,2,edgeCount
441,93,103,graphml/Oteglobe.graphml,1,,clustered,0.6;-0.3,5,5,5,0,0,5,0,5,5,0,0,edgeCount
440,93,103,graphml/Oteglobe.graphml,2,,clustered,0.6;-0.3,11,29,9,2,0,27,18,27,27,18,0,edgeCount
439,93,103,graphml/Oteglobe.graphml,2,,clustered,0.6;-0.3,4,4,4,0,0,4,0,4,4,0,0,edgeCount
438,93,103,graphml/Oteglobe.graphml,1,,clustered,0.6;-0.3,-1,-1,-1,0,4,-1,0,-1,-1,0,4,edgeCount
437,93,103,graphml/Oteglobe.graphml,1,,clustered,0.6;-0.3,4,4,4,0,2,4,0,4,4,0,2,edgeCount
436,93,103,graphml/Oteglobe.graphml,1,,clustered,0.6;-0.3,3,3,3,0,2,3,0,3,3,0,2,edgeCount
435,93,103,graphml/Oteglobe.graphml,2,,clustered,0.6;-0.3,25,25,11,14,0,25,14,25,25,14,0,edgeCount
434,93,103,graphml/Oteglobe.graphml,1,,clustered,0.6;-0.3,5,7,5,0,2,5,0,5,7,0,2,edgeCount
433,93,103,graphml/Oteglobe.graphml,1,,clustered,0.6;-0.3,10,10,10,0,0,10,0,10,10,0,0,edgeCount
432,93,103,graphml/Oteglobe.graphml,2,,clustered,0.6;-0.3,-1,-1,-1,0,0,-1,0,-1,-1,0,0,edgeCount
431,93,103,graphml/Oteglobe.graphml,1,,clustered,0.6;-0.3,-1,-1,12,-13,2,-1,-13,-1,-1,-13,2,edgeCount
430,93,103,graphml/Oteglobe.graphml,1,,clustered,0.6;-0.3,-1,-1,-1,0,0,-1,0,-1,-1,0,0,edgeCount
429,93,103,graphml/Oteglobe.graphml,1,,clustered,0.6;-0.3,4,4,4,0,0,4,0,4,4,0,0,edgeCount
428,93,103,graphml/Oteglobe.graphml,3,,clustered,0.6;-0.3,19,19,8,11,2,19,11,19,19,11,2,edgeCount
427,93,103,graphml/Oteglobe.graphml,2,,clustered,0.6;-0.3,8,8,8,0,0,8,0,8,8,0,0,edgeCount
426,93,103,graphml/Oteglobe.graphml,1,,clustered,0.6;-0.3,5,5,5,0,0,5,0,5,5,0,0,edgeCount
425,93,103,graphml/Oteglobe.graphml,2,,clustered,0.6;-0.3,6,6,6,0,0,6,0,6,6,0,0,edgeCount
424,93,103,graphml/Oteglobe.graphml,1,,clustered,0.6;-0.3,10,10,10,0,0,10,0,10,10,0,0,edgeCount
423,93,103,graphml/Oteglobe.graphml,2,,clustered,0.6;-0.3,6,6,6,0,0,7,1,7,6,1,0,edgeCount
422,93,103,graphml/Oteglobe.graphml,2,,clustered,0.6;-0.3,-1,-1,17,-18,0,-1,-18,-1,-1,-18,0,edgeCount
421,93,103,graphml/Oteglobe.graphml,2,,clustered,0.6;-0.3,18,18,8,10,0,18,10,18,18,10,0,edgeCount
420,93,103,graphml/Oteglobe.graphml,2,,clustered,0.6;-0.3,9,9,9,0,0,9,0,9,9,0,0,edgeCount
419,93,103,graphml/Oteglobe.graphml,1,,clustered,0.6;-0.3,14,14,14,0,0,14,0,14,14,0,0,edgeCount
418,93,103,graphml/Oteglobe.graphml,1,,clustered,0.6;-0.3,6,36,6,0,2,6,0,6,36,0,2,edgeCount
417,93,103,graphml/Oteglobe.graphml,1,,clustered,0.6;-0.3,-1,-1,-1,0,0,-1,0,-1,-1,0,0,edgeCount
416,93,103,graphml/Oteglobe.graphml,2,,clustered,0.6;-0.3,-1,-1,-1,0,0,-1,0,-1,-1,0,0,edgeCount
415,93,103,graphml/Oteglobe.graphml,2,,clustered,0.6;-0.3,-1,-1,-1,0,0,-1,0,-1,-1,0,0,edgeCount
414,93,103,graphml/Oteglobe.graphml,1,,clustered,0.6;-0.3,5,5,5,0,0,5,0,5,5,0,0,edgeCount
413,93,103,graphml/Oteglobe.graphml,1,,clustered,0.6;-0.3,5,7,5,0,4,5,0,5,7,0,4,edgeCount
412,93,103,graphml/Oteglobe.graphml,2,,clustered,0.6;-0.3,3,3,3,0,0,3,0,3,3,0,0,edgeCount
411,93,103,graphml/Oteglobe.graphml,1,,clustered,0.6;-0.3,3,3,3,0,0,3,0,3,3,0,0,edgeCount
410,93,103,graphml/Oteglobe.graphml,2,,clustered,0.6;-0.3,22,8,8,14,2,8,0,22,8,14,2,edgeCount
409,93,103,graphml/Oteglobe.graphml,2,,clustered,0.6;-0.3,18,18,14,4,0,18,4,18,18,4,0,edgeCount
408,93,103,graphml/Oteglobe.graphml,1,,clustered,0.6;-0.3,9,9,9,0,0,9,0,9,9,0,0,edgeCount
407,93,103,graphml/Oteglobe.graphml,2,,clustered,0.6;-0.3,2,2,2,0,0,2,0,2,2,0,0,edgeCount
406,93,103,graphml/Oteglobe.graphml,1,,clustered,0.6;-0.3,5,5,5,0,2,5,0,5,5,0,2,edgeCount
405,93,103,graphml/Oteglobe.graphml,1,,clustered,0.6;-0.3,7,7,7,0,0,7,0,7,7,0,0,edgeCount
404,93,103,graphml/Oteglobe.graphml,1,,clustered,0.6;-0.3,-1,-1,-1,0,2,-1,0,-1,-1,0,2,edgeCount
403,93,103,graphml/Oteglobe.graphml,1,,clustered,0.6;-0.3,2,2,2,0,4,2,0,2,2,0,4,edgeCount
402,93,103,graphml/Oteglobe.graphml,3,,clustered,0.6;-0.3,3,3,3,0,0,3,0,3,3,0,0,edgeCount
401,93,103,graphml/Oteglobe.graphml,1,,clustered,0.6;-0.3,21,19,7,14,2,-1,-8,21,19,14,2,edgeCount
400,93,103,graphml/Oteglobe.graphml,1,,clustered,0.6;-0.3,8,8,8,0,0,8,0,8,8,0,0,edgeCount
399,93,103,graphml/Oteglobe.graphml,1,,clustered,0.6;-0.3,4,4,4,0,0,4,0,4,4,0,0,edgeCount
398,93,103,graphml/Oteglobe.graphml,2,,clustered,0.6;-0.3,-1,-1,-1,0,0,-1,0,-1,-1,0,0,edgeCount
397,93,103,graphml/Oteglobe.graphml,2,,clustered,0.6;-0.3,13,13,9,4,0,-1,-10,13,13,4,0,edgeCount
396,93,103,graphml/Oteglobe.graphml,2,,clustered,0.6;-0.3,7,11,7,0,0,11,4,11,11,4,0,edgeCount
395,93,103,graphml/Oteglobe.graphml,1,,clustered,0.6;-0.3,5,5,5,0,0,5,0,5,5,0,0,edgeCount
394,93,103,graphml/Oteglobe.graphml,2,,clustered,0.6;-0.3,-1,-1,-1,0,0,-1,0,-1,-1,0,0,edgeCount
393,93,103,graphml/Oteglobe.graphml,1,,clustered,0.6;-0.3,-1,-1,-1,0,0,-1,0,-1,-1,0,0,edgeCount
392,93,103,graphml/Oteglobe.graphml,1,,clustered,0.6;-0.3,10,10,10,0,0,10,0,10,10,0,0,edgeCount
391,93,103,graphml/Oteglobe.graphml,2,,clustered,0.6;-0.3,-1,-1,-1,0,0,-1,0,-1,-1,0,0,edgeCount
390,93,103,graphml/Oteglobe.graphml,2,,clustered,0.6;-0.3,14,14,12,2,4,14,2,14,14,2,4,edgeCount
389,93,103,graphml/Oteglobe.graphml,1,,clustered,0.6;-0.3,-1,-1,-1,0,0,-1,0,-1,-1,0,0,edgeCount
388,93,103,graphml/Oteglobe.graphml,2,,clustered,0.6;-0.3,-1,-1,-1,0,0,-1,0,-1,-1,0,0,edgeCount
387,93,103,graphml/Oteglobe.graphml,2,,clustered,0.6;-0.3,45,27,9,36,2,-1,-10,37,37,28,2,edgeCount
386,93,103,graphml/Oteglobe.graphml,2,,clustered,0.6;-0.3,-1,-1,-1,0,0,-1,0,-1,-1,0,0,edgeCount
385,93,103,graphml/Oteglobe.graphml,2,,clustered,0.6;-0.3,-1,-1,-1,0,0,-1,0,-1,-1,0,0,edgeCount
384,93,103,graphml/Oteglobe.graphml,2,,clustered,0.6;-0.3,-1,-1,-1,0,0,-1,0,-1,-1,0,0,edgeCount
383,93,103,graphml/Oteglobe.graphml,1,,clustered,0.6;-0.3,9,33,9,0,2,9,0,9,33,0,2,edgeCount
382,93,103,graphml/Oteglobe.graphml,1,,clustered,0.6;-0.3,8,8,8,0,2,8,0,8,8,0,2,edgeCount
381,93,103,graphml/Oteglobe.graphml,1,,clustered,0.6;-0.3,7,7,7,0,0,7,0,7,7,0,0,edgeCount
380,93,103,graphml/Oteglobe.graphml,1,,clustered,0.6;-0.3,9,9,9,0,2,9,0,9,9,0,2,edgeCount
379,93,103,graphml/Oteglobe.graphml,2,,clustered,0.6;-0.3,-1,-1,-1,0,0,-1,0,-1,-1,0,0,edgeCount
378,93,103,graphml/Oteglobe.graphml,2,,clustered,0.6;-0.3,20,20,8,12,0,8,0,20,20,12,0,edgeCount
377,93,103,graphml/Oteglobe.graphml,2,,clustered,0.6;-0.3,20,20,4,16,0,18,14,18,18,14,0,edgeCount
376,93,103,graphml/Oteglobe.graphml,2,,clustered,0.6;-0.3,61,23,17,44,4,-1,-18,41,39,24,4,edgeCount
375,93,103,graphml/Oteglobe.graphml,1,,clustered,0.6;-0.3,-1,-1,-1,0,2,-1,0,-1,-1,0,2,edgeCount
374,93,103,graphml/Oteglobe.graphml,2,,clustered,0.6;-0.3,5,5,5,0,0,5,0,5,5,0,0,edgeCount
373,93,103,graphml/Oteglobe.graphml,2,,clustered,0.6;-0.3,8,8,6,2,0,-1,-7,-1,-1,-7,0,edgeCount
372,93,103,graphml/Oteglobe.graphml,2,,clustered,0.6;-0.3,6,6,6,0,0,6,0,6,6,0,0,edgeCount
371,93,103,graphml/Oteglobe.graphml,2,,clustered,0.6;-0.3,6,6,6,0,0,6,0,6,6,0,0,edgeCount
370,93,103,graphml/Oteglobe.graphml,1,,clustered,0.6;-0.3,2,2,2,0,2,2,0,2,2,0,2,edgeCount
369,93,103,graphml/Oteglobe.graphml,2,,clustered,0.6;-0.3,-1,-1,-1,0,2,-1,0,-1,-1,0,2,edgeCount
368,93,103,graphml/Oteglobe.graphml,1,,clustered,0.6;-0.3,4,4,4,0,0,4,0,4,4,0,0,edgeCount
367,93,103,graphml/Oteglobe.graphml,2,,clustered,0.6;-0.3,12,68,12,0,0,22,10,22,22,10,0,edgeCount
366,93,103,graphml/Oteglobe.graphml,2,,clustered,0.6;-0.3,5,5,5,0,0,5,0,5,5,0,0,edgeCount
365,93,103,graphml/Oteglobe.graphml,2,,clustered,0.6;-0.3,-1,-1,-1,0,0,-1,0,-1,-1,0,0,edgeCount
364,93,103,graphml/Oteglobe.graphml,1,,clustered,0.6;-0.3,9,9,9,0,0,9,0,9,9,0,0,edgeCount
363,93,103,graphml/Oteglobe.graphml,1,,clustered,0.6;-0.3,5,5,5,0,0,5,0,5,5,0,0,edgeCount
362,93,103,graphml/Oteglobe.graphml,1,,clustered,0.6;-0.3,-1,-1,-1,0,0,-1,0,-1,-1,0,0,edgeCount
361,93,103,graphml/Oteglobe.graphml,1,,clustered,0.6;-0.3,-1,-1,-1,0,0,-1,0,-1,-1,0,0,edgeCount
360,93,103,graphml/Oteglobe.graphml,1,,clustered,0.6;-0.3,-1,-1,-1,0,0,-1,0,-1,-1,0,0,edgeCount
359,93,103,graphml/Oteglobe.graphml,2,,clustered,0.6;-0.3,11,11,10,1,0,11,1,11,11,1,0,edgeCount
358,93,103,graphml/Oteglobe.graphml,1,,clustered,0.6;-0.3,-1,-1,4,-5,0,-1,-5,-1,-1,-5,0,edgeCount
357,93,103,graphml/Oteglobe.graphml,1,,clustered,0.6;-0.3,-1,-1,-1,0,0,-1,0,-1,-1,0,0,edgeCount
356,93,103,graphml/Oteglobe.graphml,2,,clustered,0.6;-0.3,-1,-1,-1,0,2,-1,0,-1,-1,0,2,edgeCount
355,93,103,graphml/Oteglobe.graphml,2,,clustered,0.6;-0.3,-1,-1,-1,0,4,-1,0,-1,-1,0,4,edgeCount
354,93,103,graphml/Oteglobe.graphml,1,,clustered,0.6;-0.3,7,5,5,2,2,5,0,7,5,2,2,edgeCount
353,93,103,graphml/Oteglobe.graphml,2,,clustered,0.6;-0.3,31,31,15,16,0,31,16,31,31,16,0,edgeCount
352,93,103,graphml/Oteglobe.graphml,1,,clustered,0.6;-0.3,-1,-1,-1,0,0,-1,0,-1,-1,0,0,edgeCount
351,93,103,graphml/Oteglobe.graphml,2,,clustered,0.6;-0.3,-1,-1,5,-6,0,-1,-6,-1,-1,-6,0,edgeCount
350,93,103,graphml/Oteglobe.graphml,2,,clustered,0.6;-0.3,22,22,10,12,0,22,12,22,22,12,0,edgeCount
349,93,103,graphml/Oteglobe.graphml,3,,clustered,0.6;-0.3,-1,-1,-1,0,0,-1,0,-1,-1,0,0,edgeCount
348,93,103,graphml/Oteglobe.graphml,1,,clustered,0.6;-0.3,7,7,7,0,0,7,0,7,7,0,0,edgeCount
347,93,103,graphml/Oteglobe.graphml,1,,clustered,0.6;-0.3,6,6,6,0,0,6,0,6,6,0,0,edgeCount
346,93,103,graphml/Oteglobe.graphml,1,,clustered,0.6;-0.3,3,3,3,0,0,3,0,3,3,0,0,edgeCount
345,93,103,graphml/Oteglobe.graphml,1,,clustered,0.6;-0.3,-1,-1,-1,0,0,-1,0,-1,-1,0,0,edgeCount
344,93,103,graphml/Oteglobe.graphml,3,,clustered,0.6;-0.3,33,33,9,24,0,33,24,33,33,24,0,edgeCount
343,93,103,graphml/Oteglobe.graphml,1,,clustered,0.6;-0.3,6,34,6,0,4,6,0,6,34,0,4,edgeCount
342,93,103,graphml/Oteglobe.graphml,1,,clustered,0.6;-0.3,4,12,4,0,2,4,0,4,12,0,2,edgeCount
341,93,103,graphml/Oteglobe.graphml,2,,clustered,0.6;-0.3,3,3,3,0,0,3,0,3,3,0,0,edgeCount
340,93,103,graphml/Oteglobe.graphml,1,,clustered,0.6;-0.3,-1,-1,-1,0,0,-1,0,-1,-1,0,0,edgeCount
339,93,103,graphml/Oteglobe.graphml,2,,clustered,0.6;-0.3,-1,-1,-1,0,4,-1,0,-1,-1,0,4,edgeCount
338,93,103,graphml/Oteglobe.graphml,2,,clustered,0.6;-0.3,8,8,8,0,0,8,0,8,8,0,0,edgeCount
337,93,103,graphml/Oteglobe.graphml,2,,clustered,0.6;-0.3,3,7,3,0,2,7,4,7,3,4,2,edgeCount
336,93,103,graphml/Oteglobe.graphml,1,,clustered,0.6;-0.3,-1,-1,-1,0,8,-1,0,-1,-1,0,8,edgeCount
335,93,103,graphml/Oteglobe.graphml,1,,clustered,0.6;-0.3,-1,-1,-1,0,2,-1,0,-1,-1,0,2,edgeCount
334,93,103,graphml/Oteglobe.graphml,2,,clustered,0.6;-0.3,3,3,3,0,0,3,0,3,3,0,0,edgeCount
333,93,103,graphml/Oteglobe.graphml,1,,clustered,0.6;-0.3,8,8,8,0,0,8,0,8,8,0,0,edgeCount
332,93,103,graphml/Oteglobe.graphml,1,,clustered,0.6;-0.3,5,37,5,0,2,5,0,5,37,0,2,edgeCount
331,93,103,graphml/Oteglobe.graphml,1,,clustered,0.6;-0.3,6,38,6,0,2,6,0,6,38,0,2,edgeCount
330,93,103,graphml/Oteglobe.graphml,1,,clustered,0.6;-0.3,-1,-1,7,-8,0,-1,-8,-1,-1,-8,0,edgeCount
329,93,103,graphml/Oteglobe.graphml,2,,clustered,0.6;-0.3,-1,-1,-1,0,0,-1,0,-1,-1,0,0,edgeCount
328,93,103,graphml/Oteglobe.graphml,2,,clustered,0.6;-0.3,7,9,7,0,2,7,0,7,9,0,2,edgeCount
327,93,103,graphml/Oteglobe.graphml,3,,clustered,0.6;-0.3,-1,-1,-1,0,4,-1,0,-1,-1,0,4,edgeCount
326,93,103,graphml/Oteglobe.graphml,2,,clustered,0.6;-0.3,13,20,9,4,0,25,16,25,25,16,0,edgeCount
325,93,103,graphml/Oteglobe.graphml,1,,clustered,0.6;-0.3,9,9,9,0,0,9,0,9,9,0,0,edgeCount
324,93,103,graphml/Oteglobe.graphml,2,,clustered,0.6;-0.3,3,3,3,0,2,3,0,3,3,0,2,edgeCount
323,93,103,graphml/Oteglobe.graphml,1,,clustered,0.6;-0.3,8,8,8,0,0,8,0,8,8,0,0,edgeCount
322,93,103,graphml/Oteglobe.graphml,1,,clustered,0.6;-0.3,5,5,5,0,2,5,0,5,5,0,2,edgeCount
321,93,103,graphml/Oteglobe.graphml,2,,clustered,0.6;-0.3,11,31,10,1,2,27,17,11,31,1,2,edgeCount
320,93,103,graphml/Oteglobe.graphml,2,,clustered,0.6;-0.3,6,6,6,0,0,6,0,6,6,0,0,edgeCount
319,93,103,graphml/Oteglobe.graphml,1,,clustered,0.6;-0.3,4,4,4,0,0,4,0,4,4,0,0,edgeCount
318,93,103,graphml/Oteglobe.graphml,2,,clustered,0.6;-0.3,6,6,5,1,4,8,3,8,30,3,4,edgeCount
317,93,103,graphml/Oteglobe.graphml,1,,clustered,0.6;-0.3,-1,-1,-1,0,4,-1,0,-1,-1,0,4,edgeCount
316,93,103,graphml/Oteglobe.graphml,1,,clustered,0.6;-0.3,2,2,2,0,6,2,0,2,2,0,6,edgeCount
315,93,103,graphml/Oteglobe.graphml,1,,clustered,0.6;-0.3,14,14,14,0,0,14,0,14,14,0,0,edgeCount
314,93,103,graphml/Oteglobe.graphml,1,,clustered,0.6;-0.3,-1,-1,5,-6,0,-1,-6,-1,-1,-6,0,edgeCount
313,93,103,graphml/Oteglobe.graphml,2,,clustered,0.6;-0.3,27,55,7,20,0,7,0,7,7,0,0,edgeCount
312,93,103,graphml/Oteglobe.graphml,2,,clustered,0.6;-0.3,15,33,4,11,0,5,1,5,5,1,0,edgeCount
311,93,103,graphml/Oteglobe.graphml,1,,clustered,0.6;-0.3,5,5,5,0,0,5,0,5,5,0,0,edgeCount
310,93,103,graphml/Oteglobe.graphml,1,,clustered,0.6;-0.3,-1,-1,-1,0,2,-1,0,-1,-1,0,2,edgeCount
309,93,103,graphml/Oteglobe.graphml,1,,clustered,0.6;-0.3,-1,-1,-1,0,2,-1,0,-1,-1,0,2,edgeCount
308,93,103,graphml/Oteglobe.graphml,1,,clustered,0.6;-0.3,-1,-1,-1,0,2,-1,0,-1,-1,0,2,edgeCount
307,93,103,graphml/Oteglobe.graphml,1,,clustered,0.6;-0.3,10,10,10,0,0,10,0,10,10,0,0,edgeCount
306,93,103,graphml/Oteglobe.graphml,1,,clustered,0.6;-0.3,10,10,10,0,2,10,0,10,10,0,2,edgeCount
305,93,103,graphml/Oteglobe.graphml,1,,clustered,0.6;-0.3,7,7,7,0,2,7,0,7,7,0,2,edgeCount
304,93,103,graphml/Oteglobe.graphml,2,,clustered,0.6;-0.3,-1,-1,-1,0,0,-1,0,-1,-1,0,0,edgeCount
303,93,103,graphml/Oteglobe.graphml,2,,clustered,0.6;-0.3,9,43,9,0,0,23,14,23,23,14,0,edgeCount
302,93,103,graphml/Oteglobe.graphml,1,,clustered,0.6;-0.3,10,10,10,0,0,10,0,10,10,0,0,edgeCount
301,93,103,graphml/Oteglobe.graphml,1,,clustered,0.6;-0.3,-1,-1,-1,0,4,-1,0,-1,-1,0,4,edgeCount
300,93,103,graphml/Oteglobe.graphml,2,,clustered,0.6;-0.3,-1,-1,-1,0,0,-1,0,-1,-1,0,0,edgeCount
299,93,103,graphml/Oteglobe.graphml,1,,clustered,0.6;-0.3,-1,-1,5,-6,0,-1,-6,-1,-1,-6,0,edgeCount
298,93,103,graphml/Oteglobe.graphml,1,,clustered,0.6;-0.3,-1,-1,-1,0,2,-1,0,-1,-1,0,2,edgeCount
297,93,103,graphml/Oteglobe.graphml,3,,clustered,0.6;-0.3,7,23,7,0,0,13,6,13,13,6,0,edgeCount
296,93,103,graphml/Oteglobe.graphml,1,,clustered,0.6;-0.3,7,11,7,0,4,7,0,7,11,0,4,edgeCount
295,93,103,graphml/Oteglobe.graphml,2,,clustered,0.6;-0.3,4,4,4,0,0,4,0,4,4,0,0,edgeCount
294,93,103,graphml/Oteglobe.graphml,2,,clustered,0.6;-0.3,-1,-1,-1,0,0,-1,0,-1,-1,0,0,edgeCount
293,93,103,graphml/Oteglobe.graphml,1,,clustered,0.6;-0.3,29,29,15,14,2,-1,-16,29,29,14,2,edgeCount
292,93,103,graphml/Oteglobe.graphml,1,,clustered,0.6;-0.3,-1,-1,-1,0,2,-1,0,-1,-1,0,2,edgeCount
291,93,103,graphml/Oteglobe.graphml,1,,clustered,0.6;-0.3,-1,-1,-1,0,0,-1,0,-1,-1,0,0,edgeCount
290,93,103,graphml/Oteglobe.graphml,2,,clustered,0.6;-0.3,22,22,8,14,0,22,14,22,22,14,0,edgeCount
289,93,103,graphml/Oteglobe.graphml,1,,clustered,0.6;-0.3,30,14,14,16,2,-1,-15,30,14,16,2,edgeCount
288,93,103,graphml/Oteglobe.graphml,2,,clustered,0.6;-0.3,-1,-1,-1,0,0,-1,0,-1,-1,0,0,edgeCount
287,93,103,graphml/Oteglobe.graphml,1,,clustered,0.6;-0.3,37,37,15,22,8,-1,-16,37,37,22,8,edgeCount
286,93,103,graphml/Oteglobe.graphml,1,,clustered,0.6;-0.3,9,9,9,0,0,9,0,9,9,0,0,edgeCount
285,93,103,graphml/Oteglobe.graphml,1,,clustered,0.6;-0.3,3,3,3,0,0,3,0,3,3,0,0,edgeCount
284,93,103,graphml/Oteglobe.graphml,1,,clustered,0.6;-0.3,19,19,15,4,4,-1,-16,19,19,4,4,edgeCount
283,93,103,graphml/Oteglobe.graphml,1,,clustered,0.6;-0.3,11,11,11,0,0,11,0,11,11,0,0,edgeCount
282,93,103,graphml/Oteglobe.graphml,1,,clustered,0.6;-0.3,8,8,8,0,0,8,0,8,8,0,0,edgeCount
281,93,103,graphml/Oteglobe.graphml,2,,clustered,0.6;-0.3,-1,-1,-1,0,0,-1,0,-1,-1,0,0,edgeCount
280,93,103,graphml/Oteglobe.graphml,1,,clustered,0.6;-0.3,8,8,8,0,0,8,0,8,8,0,0,edgeCount
279,93,103,graphml/Oteglobe.graphml,2,,clustered,0.6;-0.3,2,2,2,0,2,2,0,2,2,0,2,edgeCount
278,93,103,graphml/Oteglobe.graphml,1,,clustered,0.6;-0.3,2,2,2,0,2,2,0,2,2,0,2,edgeCount
277,93,103,graphml/Oteglobe.graphml,1,,clustered,0.6;-0.3,6,6,6,0,0,6,0,6,6,0,0,edgeCount
276,93,103,graphml/Oteglobe.graphml,2,,clustered,0.6;-0.3,-1,-1,-1,0,0,-1,0,-1,-1,0,0,edgeCount
275,93,103,graphml/Oteglobe.graphml,2,,clustered,0.6;-0.3,8,34,6,2,2,8,2,8,34,2,2,edgeCount
274,93,103,graphml/Oteglobe.graphml,1,,clustered,0.6;-0.3,5,5,5,0,0,5,0,5,5,0,0,edgeCount
273,93,103,graphml/Oteglobe.graphml,2,,clustered,0.6;-0.3,13,13,13,0,0,13,0,13,13,0,0,edgeCount
272,93,103,graphml/Oteglobe.graphml,1,,clustered,0.6;-0.3,11,11,11,0,0,11,0,11,11,0,0,edgeCount
271,93,103,graphml/Oteglobe.graphml,2,,clustered,0.6;-0.3,14,40,11,3,2,38,27,14,40,3,2,edgeCount
270,93,103,graphml/Oteglobe.graphml,1,,clustered,0.6;-0.3,5,5,5,0,0,5,0,5,5,0,0,edgeCount
269,93,103,graphml/Oteglobe.graphml,2,,clustered,0.6;-0.3,-1,-1,-1,0,0,-1,0,-1,-1,0,0,edgeCount
268,93,103,graphml/Oteglobe.graphml,2,,clustered,0.6;-0.3,-1,-1,12,-13,0,-1,-13,-1,-1,-13,0,edgeCount
267,93,103,graphml/Oteglobe.graphml,1,,clustered,0.6;-0.3,7,43,7,0,2,7,0,7,43,0,2,edgeCount
266,93,103,graphml/Oteglobe.graphml,1,,clustered,0.6;-0.3,9,29,9,0,2,9,0,9,29,0,2,edgeCount
265,93,103,graphml/Oteglobe.graphml,2,,clustered,0.6;-0.3,11,13,11,0,0,29,18,29,29,18,0,edgeCount
264,93,103,graphml/Oteglobe.graphml,2,,clustered,0.6;-0.3,-1,-1,-1,0,2,-1,0,-1,-1,0,2,edgeCount
263,93,103,graphml/Oteglobe.graphml,2,,clustered,0.6;-0.3,-1,-1,-1,0,2,-1,0,-1,-1,0,2,edgeCount
262,93,103,graphml/Oteglobe.graphml,1,,clustered,0.6;-0.3,4,4,4,0,0,4,0,4,4,0,0,edgeCount
261,93,103,graphml/Oteglobe.graphml,2,,clustered,0.6;-0.3,-1,-1,-1,0,0,-1,0,-1,-1,0,0,edgeCount
260,93,103,graphml/Oteglobe.graphml,2,,clustered,0.6;-0.3,-1,-1,-1,0,0,-1,0,-1,-1,0,0,edgeCount
259,93,103,graphml/Oteglobe.graphml,2,,clustered,0.6;-0.3,16,16,14,2,0,16,2,16,16,2,0,edgeCount
258,93,103,graphml/Oteglobe.graphml,1,,clustered,0.6;-0.3,8,8,8,0,0,8,0,8,8,0,0,edgeCount
257,93,103,graphml/Oteglobe.graphml,2,,clustered,0.6;-0.3,-1,-1,-1,0,0,-1,0,-1,-1,0,0,edgeCount
256,93,103,graphml/Oteglobe.graphml,2,,clustered,0.6;-0.3,-1,-1,-1,0,0,-1,0,-1,-1,0,0,edgeCount
255,93,103,graphml/Oteglobe.graphml,2,,clustered,0.6;-0.3,-1,-1,18,-19,0,-1,-19,-1,-1,-19,0,edgeCount
254,93,103,graphml/Oteglobe.graphml,1,,clustered,0.6;-0.3,9,9,9,0,0,9,0,9,9,0,0,edgeCount
253,93,103,graphml/Oteglobe.graphml,1,,clustered,0.6;-0.3,7,7,7,0,4,7,0,7,7,0,4,edgeCount
252,93,103,graphml/Oteglobe.graphml,2,,clustered,0.6;-0.3,-1,-1,-1,0,0,-1,0,-1,-1,0,0,edgeCount
251,93,103,graphml/Oteglobe.graphml,2,,clustered,0.6;-0.3,-1,-1,-1,0,4,-1,0,-1,-1,0,4,edgeCount
250,93,103,graphml/Oteglobe.graphml,1,,clustered,0.6;-0.3,-1,-1,13,-14,0,-1,-14,-1,-1,-14,0,edgeCount
249,93,103,graphml/Oteglobe.graphml,2,,clustered,0.6;-0.3,24,24,12,12,0,22,10,22,22,10,0,edgeCount
248,93,103,graphml/Oteglobe.graphml,2,,clustered,0.6;-0.3,25,25,13,12,2,-1,-14,25,25,12,2,edgeCount
247,93,103,graphml/Oteglobe.graphml,2,,clustered,0.6;-0.3,29,29,10,19,0,29,19,29,29,19,0,edgeCount
246,93,103,graphml/Oteglobe.graphml,1,,clustered,0.6;-0.3,-1,-1,-1,0,4,-1,0,-1,-1,0,4,edgeCount
245,93,103,graphml/Oteglobe.graphml,1,,clustered,0.6;-0.3,31,17,11,20,4,-1,-12,31,17,20,4,edgeCount
244,93,103,graphml/Oteglobe.graphml,1,,clustered,0.6;-0.3,8,8,8,0,0,8,0,8,8,0,0,edgeCount
243,93,103,graphml/Oteglobe.graphml,2,,clustered,0.6;-0.3,7,7,4,3,2,7,3,7,7,3,2,edgeCount
242,93,103,graphml/Oteglobe.graphml,1,,clustered,0.6;-0.3,-1,-1,-1,0,0,-1,0,-1,-1,0,0,edgeCount
241,93,103,graphml/Oteglobe.graphml,3,,clustered,0.6;-0.3,9,9,9,0,0,9,0,9,9,0,0,edgeCount
240,93,103,graphml/Oteglobe.graphml,1,,clustered,0.6;-0.3,10,10,8,2,2,-1,-9,10,10,2,2,edgeCount
239,93,103,graphml/Oteglobe.graphml,1,,clustered,0.6;-0.3,-1,-1,-1,0,2,-1,0,-1,-1,0,2,edgeCount
238,93,103,graphml/Oteglobe.graphml,1,,clustered,0.6;-0.3,-1,-1,-1,0,2,-1,0,-1,-1,0,2,edgeCount
237,93,103,graphml/Oteglobe.graphml,1,,clustered,0.6;-0.3,7,7,7,0,0,7,0,7,7,0,0,edgeCount
236,93,103,graphml/Oteglobe.graphml,2,,clustered,0.6;-0.3,-1,-1,-1,0,2,-1,0,-1,-1,0,2,edgeCount
235,93,103,graphml/Oteglobe.graphml,1,,clustered,0.6;-0.3,4,4,4,0,0,4,0,4,4,0,0,edgeCount
234,93,103,graphml/Oteglobe.graphml,2,,clustered,0.6;-0.3,8,8,4,4,0,8,4,8,8,4,0,edgeCount
233,93,103,graphml/Oteglobe.graphml,1,,clustered,0.6;-0.3,9,9,9,0,0,9,0,9,9,0,0,edgeCount
232,93,103,graphml/Oteglobe.graphml,1,,clustered,0.6;-0.3,9,9,9,0,0,9,0,9,9,0,0,edgeCount
231,93,103,graphml/Oteglobe.graphml,1,,clustered,0.6;-0.3,-1,-1,3,-4,0,-1,-4,-1,-1,-4,0,edgeCount
230,93,103,graphml/Oteglobe.graphml,1,,clustered,0.6;-0.3,36,36,14,22,4,-1,-15,36,36,22,4,edgeCount
229,93,103,graphml/Oteglobe.graphml,1,,clustered,0.6;-0.3,5,5,5,0,0,5,0,5,5,0,0,edgeCount
228,93,103,graphml/Oteglobe.graphml,2,,clustered,0.6;-0.3,-1,-1,-1,0,0,-1,0,-1,-1,0,0,edgeCount
227,93,103,graphml/Oteglobe.graphml,1,,clustered,0.6;-0.3,6,12,6,0,4,6,0,6,12,0,4,edgeCount
226,93,103,graphml/Oteglobe.graphml,2,,clustered,0.6;-0.3,-1,-1,13,-14,0,-1,-14,-1,-1,-14,0,edgeCount
225,93,103,graphml/Oteglobe.graphml,2,,clustered,0.6;-0.3,11,11,11,0,0,11,0,11,11,0,0,edgeCount
224,93,103,graphml/Oteglobe.graphml,1,,clustered,0.6;-0.3,-1,-1,9,-10,0,-1,-10,-1,-1,-10,0,edgeCount
223,93,103,graphml/Oteglobe.graphml,1,,clustered,0.6;-0.3,25,11,11,14,2,-1,-12,25,11,14,2,edgeCount
222,93,103,graphml/Oteglobe.graphml,2,,clustered,0.6;-0.3,-1,-1,-1,0,0,-1,0,-1,-1,0,0,edgeCount
221,93,103,graphml/Oteglobe.graphml,2,,clustered,0.6;-0.3,26,26,12,14,2,26,14,26,26,14,2,edgeCount
220,93,103,graphml/Oteglobe.graphml,1,,clustered,0.6;-0.3,-1,-1,-1,0,2,-1,0,-1,-1,0,2,edgeCount
219,93,103,graphml/Oteglobe.graphml,1,,clustered,0.6;-0.3,13,9,9,4,2,-1,-10,13,9,4,2,edgeCount
218,93,103,graphml/Oteglobe.graphml,2,,clustered,0.6;-0.3,12,12,10,2,2,12,2,12,12,2,2,edgeCount
217,93,103,graphml/Oteglobe.graphml,1,,clustered,0.6;-0.3,9,9,9,0,0,9,0,9,9,0,0,edgeCount
216,93,103,graphml/Oteglobe.graphml,1,,clustered,0.6;-0.3,7,41,7,0,2,7,0,7,41,0,2,edgeCount
215,93,103,graphml/Oteglobe.graphml,1,,clustered,0.6;-0.3,7,7,7,0,2,7,0,7,7,0,2,edgeCount
214,93,103,graphml/Oteglobe.graphml,2,,clustered,0.6;-0.3,14,14,5,9,0,14,9,14,14,9,0,edgeCount
213,93,103,graphml/Oteglobe.graphml,2,,clustered,0.6;-0.3,17,17,9,8,0,17,8,17,17,8,0,edgeCount
212,93,103,graphml/Oteglobe.graphml,1,,clustered,0.6;-0.3,24,24,12,12,2,-1,-13,24,24,12,2,edgeCount
211,93,103,graphml/Oteglobe.graphml,1,,clustered,0.6;-0.3,4,4,4,0,0,4,0,4,4,0,0,edgeCount
210,93,103,graphml/Oteglobe.graphml,1,,clustered,0.6;-0.3,-1,-1,-1,0,6,-1,0,-1,-1,0,6,edgeCount
209,93,103,graphml/Oteglobe.graphml,2,,clustered,0.6;-0.3,36,36,8,28,0,8,0,8,8,0,0,edgeCount
208,93,103,graphml/Oteglobe.graphml,1,,clustered,0.6;-0.3,8,8,8,0,2,8,0,8,8,0,2,edgeCount
207,93,103,graphml/Oteglobe.graphml,1,,clustered,0.6;-0.3,6,6,6,0,0,6,0,6,6,0,0,edgeCount
206,93,103,graphml/Oteglobe.graphml,2,,clustered,0.6;-0.3,-1,-1,-1,0,4,-1,0,-1,-1,0,4,edgeCount
205,93,103,graphml/Oteglobe.graphml,2,,clustered,0.6;-0.3,22,22,9,13,0,22,13,22,22,13,0,edgeCount
204,93,103,graphml/Oteglobe.graphml,2,,clustered,0.6;-0.3,3,3,3,0,0,-1,-4,3,3,0,0,edgeCount
203,93,103,graphml/Oteglobe.graphml,2,,clustered,0.6;-0.3,18,18,6,12,0,18,12,18,18,12,0,edgeCount
202,93,103,graphml/Oteglobe.graphml,1,,clustered,0.6;-0.3,9,9,9,0,0,9,0,9,9,0,0,edgeCount
201,93,103,graphml/Oteglobe.graphml,2,,clustered,0.6;-0.3,-1,-1,-1,0,0,-1,0,-1,-1,0,0,edgeCount
200,93,103,graphml/Oteglobe.graphml,1,,clustered,0.6;-0.3,9,9,9,0,0,9,0,9,9,0,0,edgeCount
199,93,103,graphml/Oteglobe.graphml,2,,clustered,0.6;-0.3,-1,-1,-1,0,0,-1,0,-1,-1,0,0,edgeCount
198,93,103,graphml/Oteglobe.graphml,2,,clustered,0.6;-0.3,4,4,4,0,0,4,0,4,4,0,0,edgeCount
197,93,103,graphml/Oteglobe.graphml,1,,clustered,0.6;-0.3,8,8,8,0,0,8,0,8,8,0,0,edgeCount
196,93,103,graphml/Oteglobe.graphml,2,,clustered,0.6;-0.3,-1,-1,-1,0,0,-1,0,-1,-1,0,0,edgeCount
195,93,103,graphml/Oteglobe.graphml,2,,clustered,0.6;-0.3,53,33,12,41,0,-1,-13,-1,-1,-13,0,edgeCount
194,93,103,graphml/Oteglobe.graphml,2,,clustered,0.6;-0.3,34,34,12,22,0,34,22,34,34,22,0,edgeCount
193,93,103,graphml/Oteglobe.graphml,2,,clustered,0.6;-0.3,-1,-1,-1,0,0,-1,0,-1,-1,0,0,edgeCount
192,93,103,graphml/Oteglobe.graphml,1,,clustered,0.6;-0.3,-1,-1,-1,0,0,-1,0,-1,-1,0,0,edgeCount
191,93,103,graphml/Oteglobe.graphml,1,,clustered,0.6;-0.3,-1,-1,-1,0,6,-1,0,-1,-1,0,6,edgeCount
190,93,103,graphml/Oteglobe.graphml,3,,clustered,0.6;-0.3,30,30,10,20,0,30,20,30,30,20,0,edgeCount
189,93,103,graphml/Oteglobe.graphml,2,,clustered,0.6;-0.3,4,4,4,0,0,4,0,4,4,0,0,edgeCount
188,93,103,graphml/Oteglobe.graphml,2,,clustered,0.6;-0.3,-1,-1,-1,0,0,-1,0,-1,-1,0,0,edgeCount
187,93,103,graphml/Oteglobe.graphml,2,,clustered,0.6;-0.3,-1,-1,-1,0,0,-1,0,-1,-1,0,0,edgeCount
186,93,103,graphml/Oteglobe.graphml,1,,clustered,0.6;-0.3,18,18,10,8,4,-1,-11,18,18,8,4,edgeCount
185,93,103,graphml/Oteglobe.graphml,2,,clustered,0.6;-0.3,31,9,9,22,2,9,0,9,9,0,2,edgeCount
184,93,103,graphml/Oteglobe.graphml,1,,clustered,0.6;-0.3,11,31,11,0,2,11,0,11,31,0,2,edgeCount
183,93,103,graphml/Oteglobe.graphml,1,,clustered,0.6;-0.3,-1,-1,-1,0,0,-1,0,-1,-1,0,0,edgeCount
182,93,103,graphml/Oteglobe.graphml,1,,clustered,0.6;-0.3,5,5,5,0,0,5,0,5,5,0,0,edgeCount
181,93,103,graphml/Oteglobe.graphml,1,,clustered,0.6;-0.3,-1,-1,-1,0,2,-1,0,-1,-1,0,2,edgeCount
180,93,103,graphml/Oteglobe.graphml,2,,clustered,0.6;-0.3,-1,-1,-1,0,2,-1,0,-1,-1,0,2,edgeCount
179,93,103,graphml/Oteglobe.graphml,2,,clustered,0.6;-0.3,-1,-1,-1,0,0,-1,0,-1,-1,0,0,edgeCount
178,93,103,graphml/Oteglobe.graphml,2,,clustered,0.6;-0.3,10,10,3,7,0,10,7,10,10,7,0,edgeCount
177,93,103,graphml/Oteglobe.graphml,2,,clustered,0.6;-0.3,28,54,6,22,4,6,0,6,6,0,4,edgeCount
176,93,103,graphml/Oteglobe.graphml,1,,clustered,0.6;-0.3,32,40,16,16,6,-1,-17,32,40,16,6,edgeCount
175,93,103,graphml/Oteglobe.graphml,1,,clustered,0.6;-0.3,-1,-1,-1,0,0,-1,0,-1,-1,0,0,edgeCount
174,93,103,graphml/Oteglobe.graphml,1,,clustered,0.6;-0.3,9,9,9,0,0,9,0,9,9,0,0,edgeCount
173,93,103,graphml/Oteglobe.graphml,2,,clustered,0.6;-0.3,11,11,11,0,0,11,0,11,11,0,0,edgeCount
172,93,103,graphml/Oteglobe.graphml,1,,clustered,0.6;-0.3,4,4,4,0,0,4,0,4,4,0,0,edgeCount
171,93,103,graphml/Oteglobe.graphml,1,,clustered,0.6;-0.3,8,8,8,0,0,8,0,8,8,0,0,edgeCount
170,93,103,graphml/Oteglobe.graphml,1,,clustered,0.6;-0.3,3,3,3,0,0,3,0,3,3,0,0,edgeCount
169,93,103,graphml/Oteglobe.graphml,2,,clustered,0.6;-0.3,7,7,7,0,4,7,0,7,7,0,4,edgeCount
168,93,103,graphml/Oteglobe.graphml,2,,clustered,0.6;-0.3,30,10,10,20,0,10,0,10,10,0,0,edgeCount
167,93,103,graphml/Oteglobe.graphml,2,,clustered,0.6;-0.3,11,11,11,0,0,11,0,11,11,0,0,edgeCount
166,93,103,graphml/Oteglobe.graphml,2,,clustered,0.6;-0.3,44,26,14,30,0,-1,-15,-1,-1,-15,0,edgeCount
165,93,103,graphml/Oteglobe.graphml,1,,clustered,0.6;-0.3,7,7,7,0,0,7,0,7,7,0,0,edgeCount
164,93,103,graphml/Oteglobe.graphml,1,,clustered,0.6;-0.3,11,11,11,0,0,11,0,11,11,0,0,edgeCount
163,93,103,graphml/Oteglobe.graphml,2,,clustered,0.6;-0.3,18,6,5,13,0,6,1,6,6,1,0,edgeCount
162,93,103,graphml/Oteglobe.graphml,1,,clustered,0.6;-0.3,4,4,4,0,2,4,0,4,4,0,2,edgeCount
161,93,103,graphml/Oteglobe.graphml,2,,clustered,0.6;-0.3,3,7,3,0,0,16,13,16,16,13,0,edgeCount
160,93,103,graphml/Oteglobe.graphml,1,,clustered,0.6;-0.3,-1,-1,12,-13,2,-1,-13,-1,-1,-13,2,edgeCount
159,93,103,graphml/Oteglobe.graphml,1,,clustered,0.6;-0.3,9,9,9,0,0,9,0,9,9,0,0,edgeCount
158,93,103,graphml/Oteglobe.graphml,2,,clustered,0.6;-0.3,27,7,7,20,4,7,0,7,7,0,4,edgeCount
157,93,103,graphml/Oteglobe.graphml,1,,clustered,0.6;-0.3,20,16,16,4,2,-1,-17,20,16,4,2,edgeCount
156,93,103,graphml/Oteglobe.graphml,2,,clustered,0.6;-0.3,38,38,14,24,0,38,24,38,38,24,0,edgeCount
155,93,103,graphml/Oteglobe.graphml,1,,clustered,0.6;-0.3,29,11,11,18,2,11,0,29,11,18,2,edgeCount
154,93,103,graphml/Oteglobe.graphml,2,,clustered,0.6;-0.3,-1,-1,-1,0,2,-1,0,-1,-1,0,2,edgeCount
153,93,103,graphml/Oteglobe.graphml,2,,clustered,0.6;-0.3,-1,-1,-1,0,0,-1,0,-1,-1,0,0,edgeCount
152,93,103,graphml/Oteglobe.graphml,2,,clustered,0.6;-0.3,-1,-1,-1,0,2,-1,0,-1,-1,0,2,edgeCount
151,93,103,graphml/Oteglobe.graphml,3,,clustered,0.6;-0.3,20,20,13,7,0,20,7,20,20,7,0,edgeCount
150,93,103,graphml/Oteglobe.graphml,2,,clustered,0.6;-0.3,10,10,10,0,0,10,0,10,10,0,0,edgeCount
149,93,103,graphml/Oteglobe.graphml,2,,clustered,0.6;-0.3,-1,-1,-1,0,0,-1,0,-1,-1,0,0,edgeCount
148,93,103,graphml/Oteglobe.graphml,1,,clustered,0.6;-0.3,-1,-1,-1,0,2,-1,0,-1,-1,0,2,edgeCount
147,93,103,graphml/Oteglobe.graphml,4,,clustered,0.6;-0.3,59,59,17,42,0,59,42,59,59,42,0,edgeCount
146,93,103,graphml/Oteglobe.graphml,2,,clustered,0.6;-0.3,26,26,12,14,2,26,14,26,26,14,2,edgeCount
145,93,103,graphml/Oteglobe.graphml,2,,clustered,0.6;-0.3,31,31,14,17,0,31,17,31,31,17,0,edgeCount
144,93,103,graphml/Oteglobe.graphml,1,,clustered,0.6;-0.3,20,14,14,6,2,-1,-15,20,14,6,2,edgeCount
143,93,103,graphml/Oteglobe.graphml,1,,clustered,0.6;-0.3,4,4,4,0,0,4,0,4,4,0,0,edgeCount
142,93,103,graphml/Oteglobe.graphml,2,,clustered,0.6;-0.3,33,33,12,21,0,33,21,33,33,21,0,edgeCount
141,93,103,graphml/Oteglobe.graphml,2,,clustered,0.6;-0.3,32,32,12,20,0,32,20,32,32,20,0,edgeCount
140,93,103,graphml/Oteglobe.graphml,1,,clustered,0.6;-0.3,8,10,8,0,2,-1,-9,8,10,0,2,edgeCount
139,93,103,graphml/Oteglobe.graphml,2,,clustered,0.6;-0.3,-1,-1,-1,0,0,-1,0,-1,-1,0,0,edgeCount
138,93,103,graphml/Oteglobe.graphml,1,,clustered,0.6;-0.3,-1,-1,12,-13,2,-1,-13,-1,-1,-13,2,edgeCount
137,93,103,graphml/Oteglobe.graphml,1,,clustered,0.6;-0.3,-1,-1,-1,0,2,-1,0,-1,-1,0,2,edgeCount
136,93,103,graphml/Oteglobe.graphml,1,,clustered,0.6;-0.3,11,11,11,0,0,11,0,11,11,0,0,edgeCount
135,93,103,graphml/Oteglobe.graphml,1,,clustered,0.6;-0.3,14,14,12,2,4,-1,-13,14,14,2,4,edgeCount
134,93,103,graphml/Oteglobe.graphml,1,,clustered,0.6;-0.3,34,14,14,20,6,-1,-15,34,14,20,6,edgeCount
133,93,103,graphml/Oteglobe.graphml,2,,clustered,0.6;-0.3,26,26,10,16,0,26,16,26,26,16,0,edgeCount
132,93,103,graphml/Oteglobe.graphml,1,,clustered,0.6;-0.3,10,10,10,0,6,10,0,10,10,0,6,edgeCount
131,93,103,graphml/Oteglobe.graphml,1,,clustered,0.6;-0.3,8,8,8,0,0,8,0,8,8,0,0,edgeCount
130,93,103,graphml/Oteglobe.graphml,2,,clustered,0.6;-0.3,6,6,6,0,0,23,17,6,6,0,0,edgeCount
129,93,103,graphml/Oteglobe.graphml,1,,clustered,0.6;-0.3,9,9,9,0,0,9,0,9,9,0,0,edgeCount
128,93,103,graphml/Oteglobe.graphml,2,,clustered,0.6;-0.3,16,6,6,10,0,-1,-7,16,6,10,0,edgeCount
127,93,103,graphml/Oteglobe.graphml,1,,clustered,0.6;-0.3,4,4,4,0,0,4,0,4,4,0,0,edgeCount
126,93,103,graphml/Oteglobe.graphml,2,,clustered,0.6;-0.3,-1,-1,-1,0,0,-1,0,-1,-1,0,0,edgeCount
125,93,103,graphml/Oteglobe.graphml,1,,clustered,0.6;-0.3,9,9,9,0,0,9,0,9,9,0,0,edgeCount
124,93,103,graphml/Oteglobe.graphml,2,,clustered,0.6;-0.3,50,50,14,36,0,-1,-15,-1,-1,-15,0,edgeCount
123,93,103,graphml/Oteglobe.graphml,2,,clustered,0.6;-0.3,-1,-1,-1,0,0,-1,0,-1,-1,0,0,edgeCount
122,93,103,graphml/Oteglobe.graphml,2,,clustered,0.6;-0.3,36,10,8,28,0,10,2,10,10,2,0,edgeCount
121,93,103,graphml/Oteglobe.graphml,3,,clustered,0.6;-0.3,11,11,11,0,0,11,0,11,11,0,0,edgeCount
120,93,103,graphml/Oteglobe.graphml,2,,clustered,0.6;-0.3,9,9,7,2,0,9,2,9,9,2,0,edgeCount
119,93,103,graphml/Oteglobe.graphml,2,,clustered,0.6;-0.3,26,26,12,14,2,26,14,26,26,14,2,edgeCount
118,93,103,graphml/Oteglobe.graphml,1,,clustered,0.6;-0.3,7,7,7,0,0,7,0,7,7,0,0,edgeCount
117,93,103,graphml/Oteglobe.graphml,2,,clustered,0.6;-0.3,61,17,13,48,6,-1,-14,17,47,4,6,edgeCount
116,93,103,graphml/Oteglobe.graphml,1,,clustered,0.6;-0.3,12,12,12,0,0,12,0,12,12,0,0,edgeCount
115,93,103,graphml/Oteglobe.graphml,2,,clustered,0.6;-0.3,14,8,8,6,0,14,6,14,8,6,0,edgeCount
114,93,103,graphml/Oteglobe.graphml,1,,clustered,0.6;-0.3,-1,-1,10,-11,2,-1,-11,-1,-1,-11,2,edgeCount
113,93,103,graphml/Oteglobe.graphml,1,,clustered,0.6;-0.3,-1,-1,-1,0,0,-1,0,-1,-1,0,0,edgeCount
112,93,103,graphml/Oteglobe.graphml,2,,clustered,0.6;-0.3,4,4,4,0,0,4,0,4,4,0,0,edgeCount
111,93,103,graphml/Oteglobe.graphml,3,,clustered,0.6;-0.3,-1,-1,-1,0,2,-1,0,-1,-1,0,2,edgeCount
110,93,103,graphml/Oteglobe.graphml,1,,clustered,0.6;-0.3,4,4,4,0,2,-1,-5,4,4,0,2,edgeCount
109,93,103,graphml/Oteglobe.graphml,2,,clustered,0.6;-0.3,-1,-1,-1,0,0,-1,0,-1,-1,0,0,edgeCount
108,93,103,graphml/Oteglobe.graphml,1,,clustered,0.6;-0.3,12,12,12,0,0,12,0,12,12,0,0,edgeCount
107,93,103,graphml/Oteglobe.graphml,1,,clustered,0.6;-0.3,9,9,9,0,0,9,0,9,9,0,0,edgeCount
106,93,103,graphml/Oteglobe.graphml,2,,clustered,0.6;-0.3,23,9,9,14,2,-1,-10,23,9,14,2,edgeCount
105,93,103,graphml/Oteglobe.graphml,2,,clustered,0.6;-0.3,-1,-1,-1,0,0,-1,0,-1,-1,0,0,edgeCount
104,93,103,graphml/Oteglobe.graphml,2,,clustered,0.6;-0.3,9,9,9,0,0,9,0,9,9,0,0,edgeCount
103,93,103,graphml/Oteglobe.graphml,1,,clustered,0.6;-0.3,-1,-1,-1,0,0,-1,0,-1,-1,0,0,edgeCount
102,93,103,graphml/Oteglobe.graphml,1,,clustered,0.6;-0.3,-1,-1,16,-17,2,-1,-17,-1,-1,-17,2,edgeCount
101,93,103,graphml/Oteglobe.graphml,2,,clustered,0.6;-0.3,-1,-1,-1,0,0,-1,0,-1,-1,0,0,edgeCount
100,93,103,graphml/Oteglobe.graphml,2,,clustered,0.6;-0.3,34,12,12,22,6,12,0,12,12,0,6,edgeCount
99,93,103,graphml/Oteglobe.graphml,1,,clustered,0.6;-0.3,-1,-1,11,-12,0,-1,-12,-1,-1,-12,0,edgeCount
98,93,103,graphml/Oteglobe.graphml,2,,clustered,0.6;-0.3,-1,-1,-1,0,0,-1,0,-1,-1,0,0,edgeCount
97,93,103,graphml/Oteglobe.graphml,1,,clustered,0.6;-0.3,-1,-1,-1,0,2,-1,0,-1,-1,0,2,edgeCount
96,93,103,graphml/Oteglobe.graphml,1,,clustered,0.6;-0.3,2,2,2,0,0,2,0,2,2,0,0,edgeCount
95,93,103,graphml/Oteglobe.graphml,2,,clustered,0.6;-0.3,12,12,10,2,0,12,2,12,12,2,0,edgeCount
94,93,103,graphml/Oteglobe.graphml,2,,clustered,0.6;-0.3,-1,-1,-1,0,0,-1,0,-1,-1,0,0,edgeCount
93,93,103,graphml/Oteglobe.graphml,1,,clustered,0.6;-0.3,-1,-1,-1,0,2,-1,0,-1,-1,0,2,edgeCount
92,93,103,graphml/Oteglobe.graphml,1,,clustered,0.6;-0.3,-1,-1,-1,0,2,-1,0,-1,-1,0,2,edgeCount
91,93,103,graphml/Oteglobe.graphml,2,,clustered,0.6;-0.3,-1,-1,-1,0,0,-1,0,-1,-1,0,0,edgeCount
90,93,103,graphml/Oteglobe.graphml,1,,clustered,0.6;-0.3,6,6,6,0,0,6,0,6,6,0,0,edgeCount
89,93,103,graphml/Oteglobe.graphml,2,,clustered,0.6;-0.3,-1,-1,-1,0,0,-1,0,-1,-1,0,0,edgeCount
88,93,103,graphml/Oteglobe.graphml,1,,clustered,0.6;-0.3,23,13,9,14,2,-1,-10,23,13,14,2,edgeCount
87,93,103,graphml/Oteglobe.graphml,2,,clustered,0.6;-0.3,12,6,6,6,2,6,0,6,6,0,2,edgeCount
86,93,103,graphml/Oteglobe.graphml,2,,clustered,0.6;-0.3,11,53,11,0,0,27,16,27,27,16,0,edgeCount
85,93,103,graphml/Oteglobe.graphml,2,,clustered,0.6;-0.3,10,10,10,0,0,10,0,10,10,0,0,edgeCount
84,93,103,graphml/Oteglobe.graphml,1,,clustered,0.6;-0.3,4,4,4,0,0,4,0,4,4,0,0,edgeCount
83,93,103,graphml/Oteglobe.graphml,2,,clustered,0.6;-0.3,-1,-1,-1,0,0,-1,0,-1,-1,0,0,edgeCount
82,93,103,graphml/Oteglobe.graphml,1,,clustered,0.6;-0.3,-1,-1,-1,0,2,-1,0,-1,-1,0,2,edgeCount
81,93,103,graphml/Oteglobe.graphml,1,,clustered,0.6;-0.3,8,8,8,0,0,8,0,8,8,0,0,edgeCount
80,93,103,graphml/Oteglobe.graphml,1,,clustered,0.6;-0.3,5,5,5,0,0,5,0,5,5,0,0,edgeCount
79,93,103,graphml/Oteglobe.graphml,2,,clustered,0.6;-0.3,30,10,10,20,0,10,0,10,10,0,0,edgeCount
78,93,103,graphml/Oteglobe.graphml,1,,clustered,0.6;-0.3,9,9,9,0,2,9,0,9,9,0,2,edgeCount
77,93,103,graphml/Oteglobe.graphml,2,,clustered,0.6;-0.3,9,19,8,1,2,9,1,9,9,1,2,edgeCount
76,93,103,graphml/Oteglobe.graphml,2,,clustered,0.6;-0.3,7,7,7,0,0,7,0,7,7,0,0,edgeCount
75,93,103,graphml/Oteglobe.graphml,1,,clustered,0.6;-0.3,8,8,8,0,0,8,0,8,8,0,0,edgeCount
74,93,103,graphml/Oteglobe.graphml,2,,clustered,0.6;-0.3,51,21,15,36,4,-1,-16,47,41,32,4,edgeCount
73,93,103,graphml/Oteglobe.graphml,1,,clustered,0.6;-0.3,2,2,2,0,0,2,0,2,2,0,0,edgeCount
72,93,103,graphml/Oteglobe.graphml,3,,clustered,0.6;-0.3,29,85,13,16,4,49,36,49,59,36,4,edgeCount
71,93,103,graphml/Oteglobe.graphml,2,,clustered,0.6;-0.3,-1,-1,18,-19,2,-1,-19,-1,-1,-19,2,edgeCount
70,93,103,graphml/Oteglobe.graphml,1,,clustered,0.6;-0.3,-1,-1,-1,0,4,-1,0,-1,-1,0,4,edgeCount
69,93,103,graphml/Oteglobe.graphml,2,,clustered,0.6;-0.3,40,24,12,28,0,-1,-13,-1,-1,-13,0,edgeCount
68,93,103,graphml/Oteglobe.graphml,1,,clustered,0.6;-0.3,10,10,10,0,0,10,0,10,10,0,0,edgeCount
67,93,103,graphml/Oteglobe.graphml,1,,clustered,0.6;-0.3,5,5,5,0,0,5,0,5,5,0,0,edgeCount
66,93,103,graphml/Oteglobe.graphml,1,,clustered,0.6;-0.3,25,19,5,20,2,-1,-6,25,19,20,2,edgeCount
65,93,103,graphml/Oteglobe.graphml,2,,clustered,0.6;-0.3,-1,-1,-1,0,0,-1,0,-1,-1,0,0,edgeCount
64,93,103,graphml/Oteglobe.graphml,2,,clustered,0.6;-0.3,28,28,12,16,0,28,16,28,28,16,0,edgeCount
63,93,103,graphml/Oteglobe.graphml,2,,clustered,0.6;-0.3,32,10,10,22,4,10,0,16,10,6,4,edgeCount
62,93,103,graphml/Oteglobe.graphml,2,,clustered,0.6;-0.3,-1,-1,-1,0,0,-1,0,-1,-1,0,0,edgeCount
61,93,103,graphml/Oteglobe.graphml,3,,clustered,0.6;-0.3,70,40,16,54,4,-1,-17,52,50,36,4,edgeCount
60,93,103,graphml/Oteglobe.graphml,2,,clustered,0.6;-0.3,-1,-1,-1,0,0,-1,0,-1,-1,0,0,edgeCount
59,93,103,graphml/Oteglobe.graphml,2,,clustered,0.6;-0.3,-1,-1,-1,0,0,-1,0,-1,-1,0,0,edgeCount
58,93,103,graphml/Oteglobe.graphml,2,,clustered,0.6;-0.3,10,10,10,0,0,26,16,10,10,0,0,edgeCount
57,93,103,graphml/Oteglobe.graphml,1,,clustered,0.6;-0.3,25,25,10,15,2,-1,-11,25,25,15,2,edgeCount
56,93,103,graphml/Oteglobe.graphml,2,,clustered,0.6;-0.3,-1,-1,-1,0,0,-1,0,-1,-1,0,0,edgeCount
55,93,103,graphml/Oteglobe.graphml,2,,clustered,0.6;-0.3,20,20,8,12,0,20,12,20,20,12,0,edgeCount
54,93,103,graphml/Oteglobe.graphml,1,,clustered,0.6;-0.3,19,17,9,10,4,-1,-10,19,17,10,4,edgeCount
53,93,103,graphml/Oteglobe.graphml,1,,clustered,0.6;-0.3,3,3,3,0,0,3,0,3,3,0,0,edgeCount
52,93,103,graphml/Oteglobe.graphml,2,,clustered,0.6;-0.3,10,16,10,0,0,22,12,22,22,12,0,edgeCount
51,93,103,graphml/Oteglobe.graphml,1,,clustered,0.6;-0.3,-1,-1,-1,0,2,-1,0,-1,-1,0,2,edgeCount
50,93,103,graphml/Oteglobe.graphml,2,,clustered,0.6;-0.3,-1,-1,-1,0,0,-1,0,-1,-1,0,0,edgeCount
49,93,103,graphml/Oteglobe.graphml,3,,clustered,0.6;-0.3,3,3,3,0,4,3,0,3,3,0,4,edgeCount
48,93,103,graphml/Oteglobe.graphml,2,,clustered,0.6;-0.3,7,22,7,0,2,13,6,13,13,6,2,edgeCount
47,93,103,graphml/Oteglobe.graphml,2,,clustered,0.6;-0.3,6,6,6,0,0,6,0,6,6,0,0,edgeCount
46,93,103,graphml/Oteglobe.graphml,1,,clustered,0.6;-0.3,11,36,11,0,6,11,0,11,36,0,6,edgeCount
45,93,103,graphml/Oteglobe.graphml,2,,clustered,0.6;-0.3,-1,-1,-1,0,6,-1,0,-1,-1,0,6,edgeCount
44,93,103,graphml/Oteglobe.graphml,1,,clustered,0.6;-0.3,25,25,13,12,2,-1,-14,25,25,12,2,edgeCount
43,93,103,graphml/Oteglobe.graphml,1,,clustered,0.6;-0.3,4,4,4,0,2,4,0,4,4,0,2,edgeCount
42,93,103,graphml/Oteglobe.graphml,1,,clustered,0.6;-0.3,32,32,12,20,4,-1,-13,32,32,20,4,edgeCount
41,93,103,graphml/Oteglobe.graphml,1,,clustered,0.6;-0.3,4,4,4,0,0,4,0,4,4,0,0,edgeCount
40,93,103,graphml/Oteglobe.graphml,1,,clustered,0.6;-0.3,8,28,8,0,4,8,0,8,28,0,4,edgeCount
39,93,103,graphml/Oteglobe.graphml,1,,clustered,0.6;-0.3,7,29,7,0,4,7,0,7,29,0,4,edgeCount
38,93,103,graphml/Oteglobe.graphml,2,,clustered,0.6;-0.3,-1,-1,-1,0,0,-1,0,-1,-1,0,0,edgeCount
37,93,103,graphml/Oteglobe.graphml,2,,clustered,0.6;-0.3,8,8,8,0,0,8,0,8,8,0,0,edgeCount
36,93,103,graphml/Oteglobe.graphml,2,,clustered,0.6;-0.3,6,6,6,0,0,6,0,6,6,0,0,edgeCount
35,93,103,graphml/Oteglobe.graphml,1,,clustered,0.6;-0.3,4,4,4,0,0,4,0,4,4,0,0,edgeCount
34,93,103,graphml/Oteglobe.graphml,2,,clustered,0.6;-0.3,11,11,7,4,0,11,4,11,11,4,0,edgeCount
33,93,103,graphml/Oteglobe.graphml,1,,clustered,0.6;-0.3,-1,-1,-1,0,0,-1,0,-1,-1,0,0,edgeCount
32,93,103,graphml/Oteglobe.graphml,1,,clustered,0.6;-0.3,24,24,10,14,2,-1,-11,24,24,14,2,edgeCount
31,93,103,graphml/Oteglobe.graphml,2,,clustered,0.6;-0.3,28,34,6,22,2,6,0,6,6,0,2,edgeCount
30,93,103,graphml/Oteglobe.graphml,2,,clustered,0.6;-0.3,-1,-1,10,-11,0,-1,-11,-1,-1,-11,0,edgeCount
29,93,103,graphml/Oteglobe.graphml,2,,clustered,0.6;-0.3,11,11,11,0,2,-1,-12,11,11,0,2,edgeCount
28,93,103,graphml/Oteglobe.graphml,1,,clustered,0.6;-0.3,25,25,11,14,2,-1,-12,25,25,14,2,edgeCount
27,93,103,graphml/Oteglobe.graphml,2,,clustered,0.6;-0.3,-1,-1,-1,0,2,-1,0,-1,-1,0,2,edgeCount
26,93,103,graphml/Oteglobe.graphml,2,,clustered,0.6;-0.3,56,24,9,47,6,-1,-10,35,33,26,6,edgeCount
25,93,103,graphml/Oteglobe.graphml,2,,clustered,0.6;-0.3,-1,-1,-1,0,0,-1,0,-1,-1,0,0,edgeCount
24,93,103,graphml/Oteglobe.graphml,2,,clustered,0.6;-0.3,43,15,10,33,2,-1,-11,-1,-1,-11,2,edgeCount
23,93,103,graphml/Oteglobe.graphml,1,,clustered,0.6;-0.3,4,4,4,0,0,4,0,4,4,0,0,edgeCount
22,93,103,graphml/Oteglobe.graphml,2,,clustered,0.6;-0.3,27,9,9,18,0,9,0,9,9,0,0,edgeCount
21,93,103,graphml/Oteglobe.graphml,2,,clustered,0.6;-0.3,10,10,10,0,2,10,0,10,10,0,2,edgeCount
20,93,103,graphml/Oteglobe.graphml,3,,clustered,0.6;-0.3,-1,-1,-1,0,4,-1,0,-1,-1,0,4,edgeCount
19,93,103,graphml/Oteglobe.graphml,2,,clustered,0.6;-0.3,-1,-1,-1,0,0,-1,0,-1,-1,0,0,edgeCount
18,93,103,graphml/Oteglobe.graphml,1,,clustered,0.6;-0.3,9,9,9,0,0,9,0,9,9,0,0,edgeCount
17,93,103,graphml/Oteglobe.graphml,2,,clustered,0.6;-0.3,-1,-1,12,-13,2,-1,-13,-1,-1,-13,2,edgeCount
16,93,103,graphml/Oteglobe.graphml,2,,clustered,0.6;-0.3,53,17,15,38,2,-1,-16,42,30,27,2,edgeCount
15,93,103,graphml/Oteglobe.graphml,2,,clustered,0.6;-0.3,17,17,7,10,0,17,10,17,17,10,0,edgeCount
14,93,103,graphml/Oteglobe.graphml,1,,clustered,0.6;-0.3,5,5,5,0,0,5,0,5,5,0,0,edgeCount
13,93,103,graphml/Oteglobe.graphml,1,,clustered,0.6;-0.3,-1,-1,-1,0,0,-1,0,-1,-1,0,0,edgeCount
12,93,103,graphml/Oteglobe.graphml,1,,clustered,0.6;-0.3,10,10,10,0,0,10,0,10,10,0,0,edgeCount
11,93,103,graphml/Oteglobe.graphml,2,,clustered,0.6;-0.3,-1,-1,-1,0,2,-1,0,-1,-1,0,2,edgeCount
10,93,103,graphml/Oteglobe.graphml,2,,clustered,0.6;-0.3,7,3,3,4,0,3,0,3,3,0,0,edgeCount
9,93,103,graphml/Oteglobe.graphml,4,,clustered,0.6;-0.3,25,25,9,16,0,45,36,25,25,16,0,edgeCount
8,93,103,graphml/Oteglobe.graphml,1,,clustered,0.6;-0.3,3,17,3,0,4,3,0,3,17,0,4,edgeCount
7,93,103,graphml/Oteglobe.graphml,1,,clustered,0.6;-0.3,9,9,9,0,0,9,0,9,9,0,0,edgeCount
6,93,103,graphml/Oteglobe.graphml,1,,clustered,0.6;-0.3,12,10,10,2,2,10,0,12,10,2,2,edgeCount
5,93,103,graphml/Oteglobe.graphml,2,,clustered,0.6;-0.3,34,34,10,24,0,30,20,30,30,20,0,edgeCount
4,93,103,graphml/Oteglobe.graphml,1,,clustered,0.6;-0.3,8,8,8,0,0,8,0,8,8,0,0,edgeCount
3,93,103,graphml/Oteglobe.graphml,2,,clustered,0.6;-0.3,9,9,3,6,0,9,6,9,9,6,0,edgeCount
2,93,103,graphml/Oteglobe.graphml,2,,clustered,0.6;-0.3,24,24,10,14,0,24,14,24,24,14,0,edgeCount
1,93,103,graphml/Oteglobe.graphml,2,,clustered,0.6;-0.3,6,2,2,4,0,2,0,6,2,4,0,edgeCount
