rep,nrNodes,nrEdges,edgeProb,nrPaths,nrFails,failureModel,failurePercent,hopsRanked,hopsUnranked,spLength,stretch_mult,nodeAdditions,hopsPath,stretch_path,hopsRankedOne,hopsUnrankedOne,stretch_one,overallNodeAdditionsOne,treeChoice
1000,100,100,0.02,1,,clustered,0.5;-0.3,9,9,9,0,0,9,0,9,9,0,0,edgeCount
999,100,97,0.02,2,,clustered,0.5;-0.3,10,10,10,0,0,10,0,10,10,0,0,edgeCount
998,100,90,0.02,1,,clustered,0.5;-0.3,7,7,7,0,0,7,0,7,7,0,0,edgeCount
997,100,88,0.02,1,,clustered,0.5;-0.3,9,9,9,0,0,9,0,9,9,0,0,edgeCount
996,100,104,0.02,2,,clustered,0.5;-0.3,9,8,7,2,0,11,4,11,11,4,0,edgeCount
995,100,97,0.02,1,,clustered,0.5;-0.3,-1,-1,-1,0,2,-1,0,-1,-1,0,2,edgeCount
994,100,108,0.02,1,,clustered,0.5;-0.3,5,5,5,0,4,5,0,5,5,0,4,edgeCount
993,100,113,0.02,2,,clustered,0.5;-0.3,11,11,5,6,0,11,6,11,11,6,0,edgeCount
992,100,100,0.02,1,,clustered,0.5;-0.3,13,13,9,4,2,-1,-10,13,13,4,2,edgeCount
991,100,111,0.02,2,,clustered,0.5;-0.3,18,6,6,12,4,-1,-7,19,11,13,4,edgeCount
990,100,94,0.02,1,,clustered,0.5;-0.3,-1,-1,7,-8,0,-1,-8,-1,-1,-8,0,edgeCount
989,100,86,0.02,1,,clustered,0.5;-0.3,7,23,7,0,2,7,0,7,23,0,2,edgeCount
988,100,101,0.02,1,,clustered,0.5;-0.3,7,7,7,0,0,7,0,7,7,0,0,edgeCount
987,100,97,0.02,2,,clustered,0.5;-0.3,21,31,9,12,4,-1,-10,21,31,12,4,edgeCount
986,100,98,0.02,1,,clustered,0.5;-0.3,-1,-1,-1,0,0,-1,0,-1,-1,0,0,edgeCount
985,100,98,0.02,3,,clustered,0.5;-0.3,30,6,6,24,0,6,0,6,6,0,0,edgeCount
984,100,94,0.02,1,,clustered,0.5;-0.3,-1,-1,-1,0,2,-1,0,-1,-1,0,2,edgeCount
983,100,80,0.02,1,,clustered,0.5;-0.3,-1,-1,-1,0,0,-1,0,-1,-1,0,0,edgeCount
982,100,98,0.02,3,,clustered,0.5;-0.3,7,39,6,1,0,15,9,15,15,9,0,edgeCount
981,100,107,0.02,2,,clustered,0.5;-0.3,5,4,4,1,0,4,0,4,4,0,0,edgeCount
980,100,116,0.02,2,,clustered,0.5;-0.3,15,35,5,10,4,5,0,5,5,0,4,edgeCount
979,100,95,0.02,3,,clustered,0.5;-0.3,16,18,6,10,0,24,18,24,24,18,0,edgeCount
978,100,93,0.02,2,,clustered,0.5;-0.3,3,3,3,0,0,3,0,3,3,0,0,edgeCount
977,100,92,0.02,1,,clustered,0.5;-0.3,5,5,5,0,0,5,0,5,5,0,0,edgeCount
976,100,120,0.02,1,,clustered,0.5;-0.3,15,15,7,8,2,-1,-8,15,15,8,2,edgeCount
975,100,104,0.02,1,,clustered,0.5;-0.3,5,5,5,0,0,5,0,5,5,0,0,edgeCount
974,100,107,0.02,1,,clustered,0.5;-0.3,5,5,5,0,0,5,0,5,5,0,0,edgeCount
973,100,94,0.02,1,,clustered,0.5;-0.3,-1,-1,-1,0,0,-1,0,-1,-1,0,0,edgeCount
972,100,111,0.02,1,,clustered,0.5;-0.3,8,9,6,2,8,-1,-7,8,9,2,8,edgeCount
971,100,91,0.02,1,,clustered,0.5;-0.3,-1,-1,10,-11,0,-1,-11,-1,-1,-11,0,edgeCount
970,100,95,0.02,1,,clustered,0.5;-0.3,9,25,9,0,4,-1,-10,9,25,0,4,edgeCount
969,100,91,0.02,2,,clustered,0.5;-0.3,-1,-1,-1,0,2,-1,0,-1,-1,0,2,edgeCount
968,100,97,0.02,2,,clustered,0.5;-0.3,3,3,3,0,0,3,0,3,3,0,0,edgeCount
967,100,101,0.02,1,,clustered,0.5;-0.3,11,9,7,4,2,-1,-8,11,9,4,2,edgeCount
966,100,102,0.02,1,,clustered,0.5;-0.3,6,6,6,0,0,6,0,6,6,0,0,edgeCount
965,100,91,0.02,2,,clustered,0.5;-0.3,-1,-1,-1,0,0,-1,0,-1,-1,0,0,edgeCount
964,100,101,0.02,1,,clustered,0.5;-0.3,-1,-1,6,-7,0,-1,-7,-1,-1,-7,0,edgeCount
963,100,113,0.02,2,,clustered,0.5;-0.3,11,13,3,8,2,3,0,3,3,0,2,edgeCount
962,100,97,0.02,2,,clustered,0.5;-0.3,6,6,6,0,0,6,0,6,6,0,0,edgeCount
961,100,104,0.02,2,,clustered,0.5;-0.3,25,7,7,18,0,7,0,7,7,0,0,edgeCount
960,100,85,0.02,2,,clustered,0.5;-0.3,4,5,4,0,0,10,6,10,10,6,0,edgeCount
959,100,101,0.02,1,,clustered,0.5;-0.3,-1,-1,-1,0,0,-1,0,-1,-1,0,0,edgeCount
958,100,99,0.02,1,,clustered,0.5;-0.3,-1,-1,-1,0,0,-1,0,-1,-1,0,0,edgeCount
957,100,99,0.02,1,,clustered,0.5;-0.3,17,29,9,8,10,-1,-10,17,29,8,10,edgeCount
956,100,90,0.02,1,,clustered,0.5;-0.3,9,9,9,0,2,9,0,9,9,0,2,edgeCount
955,100,90,0.02,2,,clustered,0.5;-0.3,34,12,6,28,4,-1,-7,31,19,25,4,edgeCount
954,100,101,0.02,2,,clustered,0.5;-0.3,-1,-1,-1,0,0,-1,0,-1,-1,0,0,edgeCount
953,100,108,0.02,1,,clustered,0.5;-0.3,8,8,8,0,0,8,0,8,8,0,0,edgeCount
952,100,97,0.02,1,,clustered,0.5;-0.3,4,4,4,0,0,4,0,4,4,0,0,edgeCount
951,100,102,0.02,1,,clustered,0.5;-0.3,20,12,12,8,4,-1,-13,20,12,8,4,edgeCount
950,100,113,0.02,2,,clustered,0.5;-0.3,29,11,11,18,0,29,18,29,11,18,0,edgeCount
949,100,94,0.02,1,,clustered,0.5;-0.3,6,16,6,0,2,6,0,6,16,0,2,edgeCount
948,100,107,0.02,1,,clustered,0.5;-0.3,-1,-1,-1,0,0,-1,0,-1,-1,0,0,edgeCount
947,100,114,0.02,1,,clustered,0.5;-0.3,5,5,5,0,2,5,0,5,5,0,2,edgeCount
946,100,97,0.02,1,,clustered,0.5;-0.3,9,9,9,0,4,9,0,9,9,0,4,edgeCount
945,100,107,0.02,2,,clustered,0.5;-0.3,9,9,9,0,0,23,14,9,9,0,0,edgeCount
944,100,92,0.02,1,,clustered,0.5;-0.3,20,20,8,12,2,8,0,20,20,12,2,edgeCount
943,100,104,0.02,2,,clustered,0.5;-0.3,-1,-1,-1,0,0,-1,0,-1,-1,0,0,edgeCount
942,100,98,0.02,1,,clustered,0.5;-0.3,8,8,8,0,0,8,0,8,8,0,0,edgeCount
941,100,85,0.02,1,,clustered,0.5;-0.3,7,7,7,0,2,-1,-8,7,7,0,2,edgeCount
940,100,96,0.02,3,,clustered,0.5;-0.3,3,3,3,0,0,7,4,3,3,0,0,edgeCount
939,100,103,0.02,1,,clustered,0.5;-0.3,9,9,9,0,0,9,0,9,9,0,0,edgeCount
938,100,77,0.02,1,,clustered,0.5;-0.3,8,8,8,0,0,8,0,8,8,0,0,edgeCount
937,100,101,0.02,1,,clustered,0.5;-0.3,-1,-1,-1,0,0,-1,0,-1,-1,0,0,edgeCount
936,100,115,0.02,1,,clustered,0.5;-0.3,6,6,6,0,0,6,0,6,6,0,0,edgeCount
935,100,81,0.02,1,,clustered,0.5;-0.3,-1,-1,-1,0,0,-1,0,-1,-1,0,0,edgeCount
934,100,111,0.02,1,,clustered,0.5;-0.3,17,11,11,6,2,-1,-12,17,11,6,2,edgeCount
933,100,92,0.02,1,,clustered,0.5;-0.3,-1,-1,-1,0,0,-1,0,-1,-1,0,0,edgeCount
932,100,103,0.02,1,,clustered,0.5;-0.3,-1,-1,-1,0,2,-1,0,-1,-1,0,2,edgeCount
931,100,84,0.02,1,,clustered,0.5;-0.3,4,4,4,0,0,4,0,4,4,0,0,edgeCount
930,100,96,0.02,1,,clustered,0.5;-0.3,10,10,10,0,0,10,0,10,10,0,0,edgeCount
929,100,92,0.02,1,,clustered,0.5;-0.3,9,9,9,0,0,9,0,9,9,0,0,edgeCount
928,100,95,0.02,1,,clustered,0.5;-0.3,-1,-1,-1,0,0,-1,0,-1,-1,0,0,edgeCount
927,100,100,0.02,1,,clustered,0.5;-0.3,6,6,6,0,0,6,0,6,6,0,0,edgeCount
926,100,104,0.02,2,,clustered,0.5;-0.3,16,2,2,14,4,2,0,2,2,0,4,edgeCount
925,100,93,0.02,1,,clustered,0.5;-0.3,-1,-1,-1,0,0,-1,0,-1,-1,0,0,edgeCount
924,100,115,0.02,2,,clustered,0.5;-0.3,20,8,8,12,10,-1,-9,35,19,27,8,edgeCount
923,100,106,0.02,1,,clustered,0.5;-0.3,8,8,4,4,6,-1,-5,8,8,4,6,edgeCount
922,100,99,0.02,1,,clustered,0.5;-0.3,-1,-1,-1,0,0,-1,0,-1,-1,0,0,edgeCount
921,100,108,0.02,1,,clustered,0.5;-0.3,7,7,7,0,0,7,0,7,7,0,0,edgeCount
920,100,110,0.02,2,,clustered,0.5;-0.3,6,6,4,2,0,6,2,6,6,2,0,edgeCount
919,100,106,0.02,2,,clustered,0.5;-0.3,-1,-1,-1,0,0,-1,0,-1,-1,0,0,edgeCount
918,100,103,0.02,1,,clustered,0.5;-0.3,5,5,5,0,2,5,0,5,5,0,2,edgeCount
917,100,107,0.02,1,,clustered,0.5;-0.3,8,8,8,0,0,8,0,8,8,0,0,edgeCount
916,100,105,0.02,2,,clustered,0.5;-0.3,15,3,3,12,0,3,0,3,3,0,0,edgeCount
915,100,114,0.02,1,,clustered,0.5;-0.3,5,5,5,0,0,5,0,5,5,0,0,edgeCount
914,100,110,0.02,3,,clustered,0.5;-0.3,7,30,4,3,4,21,17,11,35,7,4,edgeCount
913,100,109,0.02,1,,clustered,0.5;-0.3,8,8,8,0,0,8,0,8,8,0,0,edgeCount
912,100,99,0.02,1,,clustered,0.5;-0.3,6,6,6,0,0,6,0,6,6,0,0,edgeCount
911,100,96,0.02,2,,clustered,0.5;-0.3,9,17,7,2,4,17,10,17,22,10,4,edgeCount
910,100,108,0.02,2,,clustered,0.5;-0.3,5,17,5,0,2,7,2,7,7,2,2,edgeCount
909,100,106,0.02,1,,clustered,0.5;-0.3,5,5,5,0,0,5,0,5,5,0,0,edgeCount
908,100,105,0.02,1,,clustered,0.5;-0.3,7,7,7,0,0,7,0,7,7,0,0,edgeCount
907,100,98,0.02,1,,clustered,0.5;-0.3,6,6,6,0,0,6,0,6,6,0,0,edgeCount
906,100,91,0.02,2,,clustered,0.5;-0.3,6,10,6,0,0,12,6,12,12,6,0,edgeCount
905,100,102,0.02,3,,clustered,0.5;-0.3,7,6,6,1,2,13,7,13,13,7,2,edgeCount
904,100,111,0.02,2,,clustered,0.5;-0.3,18,6,6,12,0,6,0,6,6,0,0,edgeCount
903,100,91,0.02,2,,clustered,0.5;-0.3,-1,-1,-1,0,0,-1,0,-1,-1,0,0,edgeCount
902,100,107,0.02,2,,clustered,0.5;-0.3,18,16,4,14,0,4,0,4,4,0,0,edgeCount
901,100,112,0.02,2,,clustered,0.5;-0.3,24,8,8,16,2,-1,-9,40,26,32,2,edgeCount
900,100,99,0.02,2,,clustered,0.5;-0.3,23,13,7,16,2,-1,-8,22,22,15,2,edgeCount
899,100,119,0.02,2,,clustered,0.5;-0.3,3,3,3,0,0,3,0,3,3,0,0,edgeCount
898,100,102,0.02,1,,clustered,0.5;-0.3,6,6,6,0,0,6,0,6,6,0,0,edgeCount
897,100,105,0.02,1,,clustered,0.5;-0.3,-1,-1,-1,0,0,-1,0,-1,-1,0,0,edgeCount
896,100,110,0.02,1,,clustered,0.5;-0.3,-1,-1,-1,0,0,-1,0,-1,-1,0,0,edgeCount
895,100,124,0.02,2,,clustered,0.5;-0.3,18,8,6,12,2,6,0,6,6,0,2,edgeCount
894,100,110,0.02,1,,clustered,0.5;-0.3,7,7,7,0,0,7,0,7,7,0,0,edgeCount
893,100,100,0.02,1,,clustered,0.5;-0.3,-1,-1,-1,0,0,-1,0,-1,-1,0,0,edgeCount
892,100,85,0.02,1,,clustered,0.5;-0.3,12,12,12,0,2,-1,-13,12,12,0,2,edgeCount
891,100,108,0.02,1,,clustered,0.5;-0.3,5,5,5,0,0,5,0,5,5,0,0,edgeCount
890,100,92,0.02,1,,clustered,0.5;-0.3,10,10,10,0,0,10,0,10,10,0,0,edgeCount
889,100,100,0.02,1,,clustered,0.5;-0.3,4,4,4,0,0,4,0,4,4,0,0,edgeCount
888,100,104,0.02,1,,clustered,0.5;-0.3,2,2,2,0,2,2,0,2,2,0,2,edgeCount
887,100,96,0.02,2,,clustered,0.5;-0.3,3,7,3,0,4,7,4,7,3,4,4,edgeCount
886,100,111,0.02,3,,clustered,0.5;-0.3,15,5,4,11,0,17,13,17,17,13,0,edgeCount
885,100,97,0.02,2,,clustered,0.5;-0.3,-1,-1,6,-7,0,-1,-7,-1,-1,-7,0,edgeCount
884,100,80,0.02,1,,clustered,0.5;-0.3,5,5,5,0,0,5,0,5,5,0,0,edgeCount
883,100,103,0.02,2,,clustered,0.5;-0.3,8,8,6,2,0,8,2,8,8,2,0,edgeCount
882,100,104,0.02,1,,clustered,0.5;-0.3,17,9,9,8,4,-1,-10,17,9,8,4,edgeCount
881,100,103,0.02,1,,clustered,0.5;-0.3,-1,-1,-1,0,0,-1,0,-1,-1,0,0,edgeCount
880,100,103,0.02,1,,clustered,0.5;-0.3,7,7,7,0,0,7,0,7,7,0,0,edgeCount
879,100,116,0.02,1,,clustered,0.5;-0.3,3,3,3,0,0,3,0,3,3,0,0,edgeCount
878,100,104,0.02,1,,clustered,0.5;-0.3,12,14,12,0,8,-1,-13,12,14,0,8,edgeCount
877,100,97,0.02,1,,clustered,0.5;-0.3,-1,-1,-1,0,0,-1,0,-1,-1,0,0,edgeCount
876,100,96,0.02,1,,clustered,0.5;-0.3,-1,-1,12,-13,8,-1,-13,-1,-1,-13,8,edgeCount
875,100,97,0.02,2,,clustered,0.5;-0.3,11,7,7,4,0,15,8,15,15,8,0,edgeCount
874,100,107,0.02,2,,clustered,0.5;-0.3,11,11,5,6,0,11,6,11,11,6,0,edgeCount
873,100,107,0.02,1,,clustered,0.5;-0.3,-1,-1,-1,0,0,-1,0,-1,-1,0,0,edgeCount
872,100,122,0.02,1,,clustered,0.5;-0.3,22,22,8,14,4,-1,-9,22,22,14,4,edgeCount
871,100,85,0.02,2,,clustered,0.5;-0.3,6,6,6,0,0,6,0,6,6,0,0,edgeCount
870,100,88,0.02,1,,clustered,0.5;-0.3,7,7,7,0,0,7,0,7,7,0,0,edgeCount
869,100,106,0.02,1,,clustered,0.5;-0.3,7,7,7,0,0,7,0,7,7,0,0,edgeCount
868,100,94,0.02,1,,clustered,0.5;-0.3,3,3,3,0,0,3,0,3,3,0,0,edgeCount
867,100,112,0.02,1,,clustered,0.5;-0.3,-1,-1,-1,0,0,-1,0,-1,-1,0,0,edgeCount
866,100,91,0.02,1,,clustered,0.5;-0.3,6,6,6,0,0,6,0,6,6,0,0,edgeCount
865,100,114,0.02,2,,clustered,0.5;-0.3,31,11,7,24,2,-1,-8,27,27,20,2,edgeCount
864,100,111,0.02,1,,clustered,0.5;-0.3,-1,-1,-1,0,2,-1,0,-1,-1,0,2,edgeCount
863,100,95,0.02,1,,clustered,0.5;-0.3,-1,-1,6,-7,0,-1,-7,-1,-1,-7,0,edgeCount
862,100,113,0.02,1,,clustered,0.5;-0.3,6,6,6,0,0,6,0,6,6,0,0,edgeCount
861,100,112,0.02,1,,clustered,0.5;-0.3,-1,-1,-1,0,0,-1,0,-1,-1,0,0,edgeCount
860,100,111,0.02,1,,clustered,0.5;-0.3,5,5,5,0,0,5,0,5,5,0,0,edgeCount
859,100,97,0.02,2,,clustered,0.5;-0.3,2,2,2,0,0,2,0,2,2,0,0,edgeCount
858,100,115,0.02,1,,clustered,0.5;-0.3,-1,-1,-1,0,0,-1,0,-1,-1,0,0,edgeCount
857,100,104,0.02,1,,clustered,0.5;-0.3,-1,-1,-1,0,2,-1,0,-1,-1,0,2,edgeCount
856,100,102,0.02,1,,clustered,0.5;-0.3,7,7,7,0,0,7,0,7,7,0,0,edgeCount
855,100,93,0.02,1,,clustered,0.5;-0.3,7,7,7,0,0,7,0,7,7,0,0,edgeCount
854,100,99,0.02,2,,clustered,0.5;-0.3,11,3,3,8,2,3,0,3,3,0,2,edgeCount
853,100,96,0.02,1,,clustered,0.5;-0.3,8,8,8,0,0,8,0,8,8,0,0,edgeCount
852,100,102,0.02,1,,clustered,0.5;-0.3,7,7,7,0,0,7,0,7,7,0,0,edgeCount
851,100,117,0.02,2,,clustered,0.5;-0.3,6,22,6,0,2,12,6,12,12,6,2,edgeCount
850,100,101,0.02,2,,clustered,0.5;-0.3,7,7,5,2,0,7,2,7,7,2,0,edgeCount
849,100,112,0.02,2,,clustered,0.5;-0.3,-1,-1,-1,0,0,-1,0,-1,-1,0,0,edgeCount
848,100,110,0.02,2,,clustered,0.5;-0.3,-1,-1,-1,0,0,-1,0,-1,-1,0,0,edgeCount
847,100,88,0.02,1,,clustered,0.5;-0.3,-1,-1,-1,0,0,-1,0,-1,-1,0,0,edgeCount
846,100,107,0.02,3,,clustered,0.5;-0.3,29,29,9,20,0,29,20,29,29,20,0,edgeCount
845,100,94,0.02,1,,clustered,0.5;-0.3,7,7,7,0,0,7,0,7,7,0,0,edgeCount
844,100,86,0.02,1,,clustered,0.5;-0.3,9,9,9,0,0,9,0,9,9,0,0,edgeCount
843,100,85,0.02,1,,clustered,0.5;-0.3,-1,-1,15,-16,2,-1,-16,-1,-1,-16,2,edgeCount
842,100,98,0.02,1,,clustered,0.5;-0.3,13,11,11,2,4,-1,-12,13,11,2,4,edgeCount
841,100,101,0.02,3,,clustered,0.5;-0.3,6,34,6,0,0,14,8,14,14,8,0,edgeCount
840,100,108,0.02,1,,clustered,0.5;-0.3,-1,-1,-1,0,0,-1,0,-1,-1,0,0,edgeCount
839,100,97,0.02,2,,clustered,0.5;-0.3,6,6,6,0,0,6,0,6,6,0,0,edgeCount
838,100,98,0.02,1,,clustered,0.5;-0.3,8,8,8,0,2,8,0,8,8,0,2,edgeCount
837,100,92,0.02,1,,clustered,0.5;-0.3,10,10,8,2,4,-1,-9,10,10,2,4,edgeCount
836,100,103,0.02,1,,clustered,0.5;-0.3,5,5,5,0,2,5,0,5,5,0,2,edgeCount
835,100,92,0.02,1,,clustered,0.5;-0.3,7,7,7,0,0,7,0,7,7,0,0,edgeCount
834,100,92,0.02,2,,clustered,0.5;-0.3,10,22,8,2,0,14,6,14,14,6,0,edgeCount
833,100,92,0.02,1,,clustered,0.5;-0.3,-1,-1,-1,0,2,-1,0,-1,-1,0,2,edgeCount
832,100,114,0.02,1,,clustered,0.5;-0.3,6,6,6,0,2,6,0,6,6,0,2,edgeCount
831,100,98,0.02,1,,clustered,0.5;-0.3,6,6,6,0,0,6,0,6,6,0,0,edgeCount
830,100,120,0.02,2,,clustered,0.5;-0.3,10,7,4,6,2,4,0,4,11,0,2,edgeCount
829,100,109,0.02,1,,clustered,0.5;-0.3,-1,-1,-1,0,0,-1,0,-1,-1,0,0,edgeCount
828,100,104,0.02,1,,clustered,0.5;-0.3,-1,-1,-1,0,0,-1,0,-1,-1,0,0,edgeCount
827,100,114,0.02,2,,clustered,0.5;-0.3,5,5,5,0,0,5,0,5,5,0,0,edgeCount
826,100,93,0.02,1,,clustered,0.5;-0.3,11,11,11,0,0,11,0,11,11,0,0,edgeCount
825,100,106,0.02,2,,clustered,0.5;-0.3,-1,-1,-1,0,0,-1,0,-1,-1,0,0,edgeCount
824,100,107,0.02,1,,clustered,0.5;-0.3,10,8,8,2,2,-1,-9,10,8,2,2,edgeCount
823,100,92,0.02,2,,clustered,0.5;-0.3,12,12,6,6,0,12,6,12,12,6,0,edgeCount
822,100,93,0.02,1,,clustered,0.5;-0.3,5,5,5,0,0,5,0,5,5,0,0,edgeCount
821,100,104,0.02,1,,clustered,0.5;-0.3,8,8,8,0,0,8,0,8,8,0,0,edgeCount
820,100,101,0.02,1,,clustered,0.5;-0.3,8,8,8,0,0,8,0,8,8,0,0,edgeCount
819,100,91,0.02,2,,clustered,0.5;-0.3,17,21,5,12,4,-1,-6,-1,-1,-6,4,edgeCount
818,100,104,0.02,1,,clustered,0.5;-0.3,-1,-1,-1,0,0,-1,0,-1,-1,0,0,edgeCount
817,100,96,0.02,1,,clustered,0.5;-0.3,-1,-1,-1,0,2,-1,0,-1,-1,0,2,edgeCount
816,100,95,0.02,1,,clustered,0.5;-0.3,-1,-1,-1,0,0,-1,0,-1,-1,0,0,edgeCount
815,100,104,0.02,1,,clustered,0.5;-0.3,-1,-1,-1,0,0,-1,0,-1,-1,0,0,edgeCount
814,100,102,0.02,2,,clustered,0.5;-0.3,16,16,6,10,0,16,10,16,16,10,0,edgeCount
813,100,85,0.02,1,,clustered,0.5;-0.3,-1,-1,-1,0,0,-1,0,-1,-1,0,0,edgeCount
812,100,99,0.02,1,,clustered,0.5;-0.3,9,9,9,0,0,9,0,9,9,0,0,edgeCount
811,100,109,0.02,2,,clustered,0.5;-0.3,16,16,6,10,2,6,0,6,24,0,2,edgeCount
810,100,92,0.02,2,,clustered,0.5;-0.3,20,20,6,14,0,14,8,14,14,8,0,edgeCount
809,100,102,0.02,1,,clustered,0.5;-0.3,9,9,9,0,0,9,0,9,9,0,0,edgeCount
808,100,106,0.02,2,,clustered,0.5;-0.3,7,11,7,0,2,11,4,11,11,4,2,edgeCount
807,100,125,0.02,1,,clustered,0.5;-0.3,8,8,8,0,8,8,0,8,8,0,8,edgeCount
806,100,93,0.02,1,,clustered,0.5;-0.3,-1,-1,-1,0,0,-1,0,-1,-1,0,0,edgeCount
805,100,90,0.02,1,,clustered,0.5;-0.3,-1,-1,9,-10,0,-1,-10,-1,-1,-10,0,edgeCount
804,100,94,0.02,2,,clustered,0.5;-0.3,13,13,5,8,0,13,8,13,13,8,0,edgeCount
803,100,89,0.02,2,,clustered,0.5;-0.3,7,7,7,0,2,7,0,7,7,0,2,edgeCount
802,100,98,0.02,2,,clustered,0.5;-0.3,8,8,8,0,2,8,0,8,22,0,2,edgeCount
801,100,105,0.02,2,,clustered,0.5;-0.3,4,4,3,1,0,4,1,4,4,1,0,edgeCount
800,100,112,0.02,2,,clustered,0.5;-0.3,-1,-1,10,-11,0,-1,-11,-1,-1,-11,0,edgeCount
799,100,102,0.02,1,,clustered,0.5;-0.3,7,7,7,0,0,7,0,7,7,0,0,edgeCount
798,100,93,0.02,1,,clustered,0.5;-0.3,6,6,6,0,0,6,0,6,6,0,0,edgeCount
797,100,107,0.02,1,,clustered,0.5;-0.3,9,9,9,0,0,9,0,9,9,0,0,edgeCount
796,100,94,0.02,2,,clustered,0.5;-0.3,8,5,5,3,4,14,9,14,36,9,4,edgeCount
795,100,104,0.02,1,,clustered,0.5;-0.3,2,2,2,0,4,2,0,2,2,0,4,edgeCount
794,100,121,0.02,3,,clustered,0.5;-0.3,12,19,6,6,0,20,14,20,20,14,0,edgeCount
793,100,93,0.02,1,,clustered,0.5;-0.3,-1,-1,-1,0,0,-1,0,-1,-1,0,0,edgeCount
792,100,90,0.02,1,,clustered,0.5;-0.3,20,20,8,12,8,-1,-9,20,20,12,8,edgeCount
791,100,107,0.02,1,,clustered,0.5;-0.3,6,26,6,0,4,6,0,6,26,0,4,edgeCount
790,100,91,0.02,1,,clustered,0.5;-0.3,6,6,6,0,2,6,0,6,6,0,2,edgeCount
789,100,104,0.02,1,,clustered,0.5;-0.3,16,16,8,8,2,-1,-9,16,16,8,2,edgeCount
788,100,106,0.02,1,,clustered,0.5;-0.3,19,19,8,11,2,-1,-9,19,19,11,2,edgeCount
787,100,99,0.02,1,,clustered,0.5;-0.3,-1,-1,-1,0,0,-1,0,-1,-1,0,0,edgeCount
786,100,108,0.02,1,,clustered,0.5;-0.3,6,6,6,0,0,6,0,6,6,0,0,edgeCount
785,100,109,0.02,3,,clustered,0.5;-0.3,15,17,3,12,2,3,0,3,3,0,2,edgeCount
784,100,119,0.02,2,,clustered,0.5;-0.3,24,10,8,16,0,-1,-9,-1,-1,-9,0,edgeCount
783,100,92,0.02,1,,clustered,0.5;-0.3,2,2,2,0,0,2,0,2,2,0,0,edgeCount
782,100,110,0.02,1,,clustered,0.5;-0.3,5,5,5,0,0,5,0,5,5,0,0,edgeCount
781,100,96,0.02,1,,clustered,0.5;-0.3,7,7,7,0,0,7,0,7,7,0,0,edgeCount
780,100,113,0.02,1,,clustered,0.5;-0.3,6,6,6,0,0,6,0,6,6,0,0,edgeCount
779,100,92,0.02,2,,clustered,0.5;-0.3,-1,-1,6,-7,0,-1,-7,-1,-1,-7,0,edgeCount
778,100,99,0.02,2,,clustered,0.5;-0.3,17,17,7,10,0,17,10,17,17,10,0,edgeCount
777,100,121,0.02,2,,clustered,0.5;-0.3,13,24,9,4,0,29,20,29,29,20,0,edgeCount
776,100,106,0.02,2,,clustered,0.5;-0.3,4,4,4,0,0,4,0,4,4,0,0,edgeCount
775,100,112,0.02,1,,clustered,0.5;-0.3,-1,-1,10,-11,4,-1,-11,-1,-1,-11,4,edgeCount
774,100,102,0.02,2,,clustered,0.5;-0.3,9,11,9,0,0,19,10,19,19,10,0,edgeCount
773,100,111,0.02,2,,clustered,0.5;-0.3,6,6,6,0,0,6,0,6,6,0,0,edgeCount
772,100,106,0.02,2,,clustered,0.5;-0.3,8,12,8,0,0,14,6,14,14,6,0,edgeCount
771,100,98,0.02,1,,clustered,0.5;-0.3,7,7,7,0,0,7,0,7,7,0,0,edgeCount
770,100,111,0.02,1,,clustered,0.5;-0.3,7,7,7,0,0,7,0,7,7,0,0,edgeCount
769,100,99,0.02,1,,clustered,0.5;-0.3,-1,-1,-1,0,0,-1,0,-1,-1,0,0,edgeCount
768,100,105,0.02,3,,clustered,0.5;-0.3,8,44,8,0,2,22,14,22,22,14,2,edgeCount
767,100,118,0.02,1,,clustered,0.5;-0.3,-1,-1,-1,0,4,-1,0,-1,-1,0,4,edgeCount
766,100,80,0.02,2,,clustered,0.5;-0.3,-1,-1,-1,0,0,-1,0,-1,-1,0,0,edgeCount
765,100,103,0.02,2,,clustered,0.5;-0.3,-1,-1,-1,0,2,-1,0,-1,-1,0,2,edgeCount
764,100,107,0.02,1,,clustered,0.5;-0.3,14,14,6,8,2,-1,-7,14,14,8,2,edgeCount
763,100,90,0.02,1,,clustered,0.5;-0.3,-1,-1,20,-21,8,-1,-21,-1,-1,-21,8,edgeCount
762,100,91,0.02,1,,clustered,0.5;-0.3,6,6,6,0,0,6,0,6,6,0,0,edgeCount
761,100,116,0.02,2,,clustered,0.5;-0.3,-1,-1,7,-8,0,-1,-8,-1,-1,-8,0,edgeCount
760,100,91,0.02,1,,clustered,0.5;-0.3,10,10,10,0,0,10,0,10,10,0,0,edgeCount
759,100,98,0.02,1,,clustered,0.5;-0.3,5,5,5,0,0,5,0,5,5,0,0,edgeCount
758,100,94,0.02,2,,clustered,0.5;-0.3,7,9,6,1,2,6,0,6,6,0,2,edgeCount
757,100,114,0.02,1,,clustered,0.5;-0.3,8,8,8,0,0,8,0,8,8,0,0,edgeCount
756,100,92,0.02,2,,clustered,0.5;-0.3,5,5,5,0,0,5,0,5,5,0,0,edgeCount
755,100,102,0.02,1,,clustered,0.5;-0.3,-1,-1,-1,0,0,-1,0,-1,-1,0,0,edgeCount
754,100,98,0.02,1,,clustered,0.5;-0.3,-1,-1,7,-8,0,-1,-8,-1,-1,-8,0,edgeCount
753,100,92,0.02,2,,clustered,0.5;-0.3,12,14,4,8,0,4,0,4,4,0,0,edgeCount
752,100,103,0.02,1,,clustered,0.5;-0.3,4,4,4,0,0,4,0,4,4,0,0,edgeCount
751,100,105,0.02,1,,clustered,0.5;-0.3,-1,-1,-1,0,0,-1,0,-1,-1,0,0,edgeCount
750,100,103,0.02,1,,clustered,0.5;-0.3,7,7,7,0,2,7,0,7,7,0,2,edgeCount
749,100,95,0.02,3,,clustered,0.5;-0.3,8,10,5,3,0,5,0,5,5,0,0,edgeCount
748,100,92,0.02,1,,clustered,0.5;-0.3,-1,-1,-1,0,2,-1,0,-1,-1,0,2,edgeCount
747,100,122,0.02,2,,clustered,0.5;-0.3,-1,-1,-1,0,0,-1,0,-1,-1,0,0,edgeCount
746,100,100,0.02,1,,clustered,0.5;-0.3,4,4,4,0,0,4,0,4,4,0,0,edgeCount
745,100,99,0.02,1,,clustered,0.5;-0.3,10,7,6,4,8,-1,-7,10,7,4,8,edgeCount
744,100,102,0.02,1,,clustered,0.5;-0.3,5,5,5,0,0,5,0,5,5,0,0,edgeCount
743,100,91,0.02,1,,clustered,0.5;-0.3,-1,-1,-1,0,0,-1,0,-1,-1,0,0,edgeCount
742,100,125,0.02,3,,clustered,0.5;-0.3,-1,-1,-1,0,0,-1,0,-1,-1,0,0,edgeCount
741,100,105,0.02,1,,clustered,0.5;-0.3,4,4,4,0,4,4,0,4,4,0,4,edgeCount
740,100,114,0.02,1,,clustered,0.5;-0.3,-1,-1,-1,0,0,-1,0,-1,-1,0,0,edgeCount
739,100,117,0.02,2,,clustered,0.5;-0.3,31,21,8,23,4,-1,-9,16,12,8,4,edgeCount
738,100,114,0.02,1,,clustered,0.5;-0.3,5,5,5,0,0,5,0,5,5,0,0,edgeCount
737,100,96,0.02,1,,clustered,0.5;-0.3,-1,-1,-1,0,2,-1,0,-1,-1,0,2,edgeCount
736,100,97,0.02,2,,clustered,0.5;-0.3,-1,-1,-1,0,0,-1,0,-1,-1,0,0,edgeCount
735,100,106,0.02,2,,clustered,0.5;-0.3,6,6,6,0,0,6,0,6,6,0,0,edgeCount
734,100,98,0.02,1,,clustered,0.5;-0.3,6,6,6,0,0,6,0,6,6,0,0,edgeCount
733,100,88,0.02,1,,clustered,0.5;-0.3,11,16,6,5,8,-1,-7,11,16,5,8,edgeCount
732,100,84,0.02,1,,clustered,0.5;-0.3,10,10,10,0,6,-1,-11,10,10,0,6,edgeCount
731,100,103,0.02,2,,clustered,0.5;-0.3,7,6,6,1,2,6,0,6,6,0,2,edgeCount
730,100,94,0.02,1,,clustered,0.5;-0.3,-1,-1,11,-12,2,-1,-12,-1,-1,-12,2,edgeCount
729,100,105,0.02,2,,clustered,0.5;-0.3,12,12,6,6,2,-1,-7,26,20,20,2,edgeCount
728,100,88,0.02,1,,clustered,0.5;-0.3,-1,-1,8,-9,2,-1,-9,-1,-1,-9,2,edgeCount
727,100,100,0.02,1,,clustered,0.5;-0.3,4,4,4,0,0,4,0,4,4,0,0,edgeCount
726,100,113,0.02,5,,clustered,0.5;-0.3,4,3,3,1,0,3,0,3,3,0,0,edgeCount
725,100,107,0.02,2,,clustered,0.5;-0.3,7,25,7,0,0,-1,-8,-1,-1,-8,0,edgeCount
724,100,105,0.02,1,,clustered,0.5;-0.3,6,6,6,0,2,-1,-7,6,6,0,2,edgeCount
723,100,92,0.02,1,,clustered,0.5;-0.3,6,6,6,0,0,6,0,6,6,0,0,edgeCount
722,100,109,0.02,1,,clustered,0.5;-0.3,4,4,4,0,0,4,0,4,4,0,0,edgeCount
721,100,104,0.02,1,,clustered,0.5;-0.3,7,7,7,0,0,7,0,7,7,0,0,edgeCount
720,100,101,0.02,1,,clustered,0.5;-0.3,8,8,8,0,0,8,0,8,8,0,0,edgeCount
719,100,89,0.02,3,,clustered,0.5;-0.3,3,3,3,0,2,3,0,3,3,0,2,edgeCount
718,100,103,0.02,1,,clustered,0.5;-0.3,7,7,7,0,0,7,0,7,7,0,0,edgeCount
717,100,107,0.02,1,,clustered,0.5;-0.3,8,8,8,0,0,8,0,8,8,0,0,edgeCount
716,100,108,0.02,1,,clustered,0.5;-0.3,5,17,5,0,2,5,0,5,17,0,2,edgeCount
715,100,106,0.02,3,,clustered,0.5;-0.3,44,44,10,34,0,30,20,30,30,20,0,edgeCount
714,100,96,0.02,1,,clustered,0.5;-0.3,8,8,8,0,0,8,0,8,8,0,0,edgeCount
713,100,99,0.02,2,,clustered,0.5;-0.3,23,15,8,15,0,-1,-9,-1,-1,-9,0,edgeCount
712,100,110,0.02,2,,clustered,0.5;-0.3,17,5,5,12,2,5,0,5,5,0,2,edgeCount
711,100,92,0.02,3,,clustered,0.5;-0.3,2,2,2,0,0,2,0,2,2,0,0,edgeCount
710,100,111,0.02,1,,clustered,0.5;-0.3,4,4,4,0,0,4,0,4,4,0,0,edgeCount
709,100,121,0.02,1,,clustered,0.5;-0.3,5,7,5,0,4,5,0,5,7,0,4,edgeCount
708,100,92,0.02,2,,clustered,0.5;-0.3,6,24,6,0,2,14,8,14,38,8,2,edgeCount
707,100,104,0.02,1,,clustered,0.5;-0.3,4,4,4,0,0,4,0,4,4,0,0,edgeCount
706,100,104,0.02,1,,clustered,0.5;-0.3,4,4,4,0,0,4,0,4,4,0,0,edgeCount
705,100,91,0.02,1,,clustered,0.5;-0.3,-1,-1,-1,0,0,-1,0,-1,-1,0,0,edgeCount
704,100,127,0.02,4,,clustered,0.5;-0.3,23,6,4,19,0,4,0,4,4,0,0,edgeCount
703,100,88,0.02,1,,clustered,0.5;-0.3,10,10,10,0,0,10,0,10,10,0,0,edgeCount
702,100,99,0.02,2,,clustered,0.5;-0.3,6,10,4,2,6,12,8,12,14,8,6,edgeCount
701,100,105,0.02,2,,clustered,0.5;-0.3,7,7,7,0,0,13,6,13,13,6,0,edgeCount
700,100,117,0.02,1,,clustered,0.5;-0.3,-1,-1,-1,0,4,-1,0,-1,-1,0,4,edgeCount
699,100,98,0.02,3,,clustered,0.5;-0.3,15,5,5,10,0,-1,-6,25,5,20,0,edgeCount
698,100,93,0.02,1,,clustered,0.5;-0.3,7,7,7,0,0,7,0,7,7,0,0,edgeCount
697,100,103,0.02,1,,clustered,0.5;-0.3,26,26,8,18,6,-1,-9,26,26,18,6,edgeCount
696,100,110,0.02,1,,clustered,0.5;-0.3,10,10,10,0,0,10,0,10,10,0,0,edgeCount
695,100,92,0.02,1,,clustered,0.5;-0.3,7,7,7,0,0,7,0,7,7,0,0,edgeCount
694,100,98,0.02,2,,clustered,0.5;-0.3,20,20,10,10,0,20,10,20,20,10,0,edgeCount
693,100,112,0.02,2,,clustered,0.5;-0.3,5,22,4,1,0,4,0,4,4,0,0,edgeCount
692,100,90,0.02,1,,clustered,0.5;-0.3,10,10,10,0,2,10,0,10,10,0,2,edgeCount
691,100,73,0.02,1,,clustered,0.5;-0.3,12,12,6,6,4,6,0,12,12,6,4,edgeCount
690,100,109,0.02,1,,clustered,0.5;-0.3,8,8,8,0,0,8,0,8,8,0,0,edgeCount
689,100,100,0.02,1,,clustered,0.5;-0.3,8,8,8,0,0,8,0,8,8,0,0,edgeCount
688,100,100,0.02,1,,clustered,0.5;-0.3,4,4,4,0,0,4,0,4,4,0,0,edgeCount
687,100,105,0.02,1,,clustered,0.5;-0.3,14,14,7,7,2,-1,-8,14,14,7,2,edgeCount
686,100,91,0.02,2,,clustered,0.5;-0.3,25,25,9,16,0,9,0,25,25,16,0,edgeCount
685,100,107,0.02,1,,clustered,0.5;-0.3,4,4,4,0,2,4,0,4,4,0,2,edgeCount
684,100,95,0.02,1,,clustered,0.5;-0.3,29,29,9,20,2,-1,-10,29,29,20,2,edgeCount
683,100,83,0.02,1,,clustered,0.5;-0.3,10,10,10,0,0,10,0,10,10,0,0,edgeCount
682,100,101,0.02,1,,clustered,0.5;-0.3,13,13,13,0,0,13,0,13,13,0,0,edgeCount
681,100,120,0.02,2,,clustered,0.5;-0.3,20,20,8,12,0,20,12,20,20,12,0,edgeCount
680,100,101,0.02,2,,clustered,0.5;-0.3,3,3,3,0,0,3,0,3,3,0,0,edgeCount
679,100,110,0.02,1,,clustered,0.5;-0.3,-1,-1,-1,0,0,-1,0,-1,-1,0,0,edgeCount
678,100,85,0.02,1,,clustered,0.5;-0.3,12,12,10,2,2,-1,-11,12,12,2,2,edgeCount
677,100,107,0.02,2,,clustered,0.5;-0.3,8,21,8,0,0,18,10,18,18,10,0,edgeCount
676,100,110,0.02,1,,clustered,0.5;-0.3,7,7,7,0,0,7,0,7,7,0,0,edgeCount
675,100,117,0.02,2,,clustered,0.5;-0.3,6,28,5,1,2,14,9,14,26,9,2,edgeCount
674,100,107,0.02,2,,clustered,0.5;-0.3,10,10,2,8,6,2,0,2,2,0,6,edgeCount
673,100,84,0.02,1,,clustered,0.5;-0.3,8,34,8,0,2,8,0,8,34,0,2,edgeCount
672,100,102,0.02,1,,clustered,0.5;-0.3,10,22,8,2,4,-1,-9,10,22,2,4,edgeCount
671,100,87,0.02,1,,clustered,0.5;-0.3,6,6,6,0,0,6,0,6,6,0,0,edgeCount
670,100,106,0.02,2,,clustered,0.5;-0.3,-1,-1,-1,0,0,-1,0,-1,-1,0,0,edgeCount
669,100,112,0.02,2,,clustered,0.5;-0.3,4,16,4,0,2,4,0,4,4,0,2,edgeCount
668,100,98,0.02,1,,clustered,0.5;-0.3,-1,-1,-1,0,0,-1,0,-1,-1,0,0,edgeCount
667,100,108,0.02,1,,clustered,0.5;-0.3,9,9,9,0,0,9,0,9,9,0,0,edgeCount
666,100,102,0.02,1,,clustered,0.5;-0.3,-1,-1,8,-9,0,-1,-9,-1,-1,-9,0,edgeCount
665,100,112,0.02,3,,clustered,0.5;-0.3,15,4,3,12,2,3,0,3,3,0,2,edgeCount
664,100,92,0.02,1,,clustered,0.5;-0.3,-1,-1,7,-8,0,-1,-8,-1,-1,-8,0,edgeCount
663,100,103,0.02,3,,clustered,0.5;-0.3,6,6,6,0,0,22,16,22,22,16,0,edgeCount
662,100,117,0.02,1,,clustered,0.5;-0.3,6,6,6,0,0,6,0,6,6,0,0,edgeCount
661,100,113,0.02,1,,clustered,0.5;-0.3,-1,-1,9,-10,2,-1,-10,-1,-1,-10,2,edgeCount
660,100,96,0.02,2,,clustered,0.5;-0.3,8,6,6,2,2,16,10,16,16,10,2,edgeCount
659,100,91,0.02,1,,clustered,0.5;-0.3,4,4,4,0,0,4,0,4,4,0,0,edgeCount
658,100,89,0.02,1,,clustered,0.5;-0.3,6,6,6,0,0,6,0,6,6,0,0,edgeCount
657,100,111,0.02,4,,clustered,0.5;-0.3,7,5,4,3,0,5,1,5,5,1,0,edgeCount
656,100,95,0.02,1,,clustered,0.5;-0.3,14,18,12,2,4,-1,-13,14,18,2,4,edgeCount
655,100,106,0.02,1,,clustered,0.5;-0.3,7,19,7,0,2,7,0,7,19,0,2,edgeCount
654,100,91,0.02,1,,clustered,0.5;-0.3,-1,-1,-1,0,0,-1,0,-1,-1,0,0,edgeCount
653,100,98,0.02,1,,clustered,0.5;-0.3,4,8,4,0,4,4,0,4,8,0,4,edgeCount
652,100,103,0.02,1,,clustered,0.5;-0.3,6,6,6,0,0,6,0,6,6,0,0,edgeCount
651,100,116,0.02,2,,clustered,0.5;-0.3,14,4,4,10,2,4,0,4,4,0,2,edgeCount
650,100,96,0.02,1,,clustered,0.5;-0.3,6,15,6,0,4,6,0,6,15,0,4,edgeCount
649,100,101,0.02,1,,clustered,0.5;-0.3,11,11,11,0,0,11,0,11,11,0,0,edgeCount
648,100,90,0.02,1,,clustered,0.5;-0.3,4,4,4,0,0,4,0,4,4,0,0,edgeCount
647,100,100,0.02,1,,clustered,0.5;-0.3,-1,-1,-1,0,6,-1,0,-1,-1,0,6,edgeCount
646,100,111,0.02,2,,clustered,0.5;-0.3,7,4,4,3,0,4,0,4,4,0,0,edgeCount
645,100,102,0.02,1,,clustered,0.5;-0.3,7,25,7,0,2,7,0,7,25,0,2,edgeCount
644,100,106,0.02,1,,clustered,0.5;-0.3,2,2,2,0,0,2,0,2,2,0,0,edgeCount
643,100,99,0.02,1,,clustered,0.5;-0.3,6,20,6,0,2,6,0,6,20,0,2,edgeCount
642,100,109,0.02,1,,clustered,0.5;-0.3,4,4,4,0,0,4,0,4,4,0,0,edgeCount
641,100,87,0.02,1,,clustered,0.5;-0.3,-1,-1,-1,0,0,-1,0,-1,-1,0,0,edgeCount
640,100,98,0.02,1,,clustered,0.5;-0.3,4,4,4,0,0,4,0,4,4,0,0,edgeCount
639,100,84,0.02,1,,clustered,0.5;-0.3,-1,-1,-1,0,0,-1,0,-1,-1,0,0,edgeCount
638,100,82,0.02,1,,clustered,0.5;-0.3,4,4,4,0,4,4,0,4,4,0,4,edgeCount
637,100,96,0.02,1,,clustered,0.5;-0.3,-1,-1,-1,0,2,-1,0,-1,-1,0,2,edgeCount
636,100,113,0.02,3,,clustered,0.5;-0.3,14,5,5,9,4,20,15,20,24,15,4,edgeCount
635,100,99,0.02,2,,clustered,0.5;-0.3,8,30,7,1,0,18,11,18,18,11,0,edgeCount
634,100,94,0.02,3,,clustered,0.5;-0.3,6,7,4,2,4,6,2,6,6,2,4,edgeCount
633,100,104,0.02,1,,clustered,0.5;-0.3,5,5,5,0,0,5,0,5,5,0,0,edgeCount
632,100,103,0.02,1,,clustered,0.5;-0.3,8,8,8,0,2,8,0,8,8,0,2,edgeCount
631,100,105,0.02,1,,clustered,0.5;-0.3,-1,-1,-1,0,0,-1,0,-1,-1,0,0,edgeCount
630,100,113,0.02,2,,clustered,0.5;-0.3,37,17,7,30,4,-1,-8,25,17,18,4,edgeCount
629,100,83,0.02,1,,clustered,0.5;-0.3,7,7,7,0,0,7,0,7,7,0,0,edgeCount
628,100,101,0.02,2,,clustered,0.5;-0.3,-1,-1,-1,0,0,-1,0,-1,-1,0,0,edgeCount
627,100,89,0.02,2,,clustered,0.5;-0.3,15,3,3,12,6,3,0,3,3,0,6,edgeCount
626,100,98,0.02,2,,clustered,0.5;-0.3,26,26,10,16,0,26,16,26,26,16,0,edgeCount
625,100,109,0.02,2,,clustered,0.5;-0.3,18,6,6,12,2,6,0,6,6,0,2,edgeCount
624,100,95,0.02,2,,clustered,0.5;-0.3,9,15,9,0,4,25,16,29,9,20,4,edgeCount
623,100,96,0.02,1,,clustered,0.5;-0.3,4,4,4,0,0,4,0,4,4,0,0,edgeCount
622,100,93,0.02,1,,clustered,0.5;-0.3,4,20,4,0,2,4,0,4,20,0,2,edgeCount
621,100,94,0.02,1,,clustered,0.5;-0.3,2,2,2,0,2,2,0,2,2,0,2,edgeCount
620,100,116,0.02,3,,clustered,0.5;-0.3,6,11,6,0,0,10,4,10,10,4,0,edgeCount
619,100,95,0.02,1,,clustered,0.5;-0.3,21,21,10,11,2,-1,-11,21,21,11,2,edgeCount
618,100,130,0.02,1,,clustered,0.5;-0.3,8,20,8,0,2,8,0,8,20,0,2,edgeCount
617,100,98,0.02,1,,clustered,0.5;-0.3,14,14,6,8,2,-1,-7,14,14,8,2,edgeCount
616,100,95,0.02,1,,clustered,0.5;-0.3,14,8,8,6,4,-1,-9,14,8,6,4,edgeCount
615,100,115,0.02,1,,clustered,0.5;-0.3,3,3,3,0,0,3,0,3,3,0,0,edgeCount
614,100,106,0.02,2,,clustered,0.5;-0.3,8,11,8,0,0,16,8,16,16,8,0,edgeCount
613,100,101,0.02,1,,clustered,0.5;-0.3,4,4,4,0,0,4,0,4,4,0,0,edgeCount
612,100,90,0.02,1,,clustered,0.5;-0.3,6,6,6,0,2,6,0,6,6,0,2,edgeCount
611,100,93,0.02,1,,clustered,0.5;-0.3,5,5,5,0,2,5,0,5,5,0,2,edgeCount
610,100,99,0.02,1,,clustered,0.5;-0.3,13,17,8,5,4,-1,-9,13,17,5,4,edgeCount
609,100,86,0.02,2,,clustered,0.5;-0.3,9,9,7,2,0,9,2,9,9,2,0,edgeCount
608,100,100,0.02,2,,clustered,0.5;-0.3,23,23,11,12,0,23,12,23,23,12,0,edgeCount
607,100,84,0.02,1,,clustered,0.5;-0.3,10,10,10,0,0,10,0,10,10,0,0,edgeCount
606,100,102,0.02,2,,clustered,0.5;-0.3,13,6,6,7,8,6,0,6,6,0,6,edgeCount
605,100,101,0.02,1,,clustered,0.5;-0.3,-1,-1,10,-11,2,-1,-11,-1,-1,-11,2,edgeCount
604,100,96,0.02,2,,clustered,0.5;-0.3,2,2,2,0,0,2,0,2,2,0,0,edgeCount
603,100,119,0.02,1,,clustered,0.5;-0.3,5,5,5,0,0,5,0,5,5,0,0,edgeCount
602,100,101,0.02,1,,clustered,0.5;-0.3,7,7,7,0,0,7,0,7,7,0,0,edgeCount
601,100,100,0.02,1,,clustered,0.5;-0.3,9,9,9,0,0,9,0,9,9,0,0,edgeCount
600,100,117,0.02,2,,clustered,0.5;-0.3,8,7,7,1,0,7,0,7,7,0,0,edgeCount
599,100,111,0.02,1,,clustered,0.5;-0.3,27,21,10,17,4,-1,-11,27,21,17,4,edgeCount
598,100,103,0.02,1,,clustered,0.5;-0.3,12,12,12,0,0,12,0,12,12,0,0,edgeCount
597,100,110,0.02,4,,clustered,0.5;-0.3,5,10,4,1,2,4,0,4,4,0,2,edgeCount
596,100,103,0.02,3,,clustered,0.5;-0.3,22,22,8,14,0,22,14,22,22,14,0,edgeCount
595,100,102,0.02,1,,clustered,0.5;-0.3,5,5,5,0,0,5,0,5,5,0,0,edgeCount
594,100,104,0.02,1,,clustered,0.5;-0.3,-1,-1,-1,0,0,-1,0,-1,-1,0,0,edgeCount
593,100,92,0.02,1,,clustered,0.5;-0.3,-1,-1,-1,0,0,-1,0,-1,-1,0,0,edgeCount
592,100,94,0.02,1,,clustered,0.5;-0.3,7,7,7,0,0,7,0,7,7,0,0,edgeCount
591,100,110,0.02,2,,clustered,0.5;-0.3,31,19,7,24,4,-1,-8,26,28,19,4,edgeCount
590,100,106,0.02,1,,clustered,0.5;-0.3,6,6,6,0,0,6,0,6,6,0,0,edgeCount
589,100,98,0.02,1,,clustered,0.5;-0.3,-1,-1,-1,0,0,-1,0,-1,-1,0,0,edgeCount
588,100,103,0.02,1,,clustered,0.5;-0.3,7,7,7,0,0,7,0,7,7,0,0,edgeCount
587,100,108,0.02,2,,clustered,0.5;-0.3,-1,-1,-1,0,0,-1,0,-1,-1,0,0,edgeCount
586,100,107,0.02,1,,clustered,0.5;-0.3,-1,-1,-1,0,2,-1,0,-1,-1,0,2,edgeCount
585,100,91,0.02,1,,clustered,0.5;-0.3,7,7,7,0,0,7,0,7,7,0,0,edgeCount
584,100,101,0.02,1,,clustered,0.5;-0.3,15,15,10,5,4,-1,-11,15,15,5,4,edgeCount
583,100,93,0.02,1,,clustered,0.5;-0.3,-1,-1,-1,0,2,-1,0,-1,-1,0,2,edgeCount
582,100,116,0.02,2,,clustered,0.5;-0.3,-1,-1,5,-6,2,-1,-6,18,10,13,2,edgeCount
581,100,109,0.02,1,,clustered,0.5;-0.3,6,6,6,0,2,6,0,6,6,0,2,edgeCount
580,100,105,0.02,2,,clustered,0.5;-0.3,5,5,5,0,0,5,0,5,5,0,0,edgeCount
579,100,99,0.02,2,,clustered,0.5;-0.3,5,9,5,0,0,13,8,13,13,8,0,edgeCount
578,100,98,0.02,1,,clustered,0.5;-0.3,9,9,9,0,0,9,0,9,9,0,0,edgeCount
577,100,95,0.02,1,,clustered,0.5;-0.3,6,6,6,0,0,6,0,6,6,0,0,edgeCount
576,100,105,0.02,1,,clustered,0.5;-0.3,4,4,4,0,4,4,0,4,4,0,4,edgeCount
575,100,97,0.02,1,,clustered,0.5;-0.3,6,6,6,0,0,6,0,6,6,0,0,edgeCount
574,100,92,0.02,1,,clustered,0.5;-0.3,4,4,4,0,4,4,0,4,4,0,4,edgeCount
573,100,100,0.02,2,,clustered,0.5;-0.3,16,16,8,8,0,16,8,16,16,8,0,edgeCount
572,100,84,0.02,1,,clustered,0.5;-0.3,6,6,6,0,6,6,0,6,6,0,6,edgeCount
571,100,101,0.02,1,,clustered,0.5;-0.3,21,21,7,14,8,-1,-8,21,21,14,8,edgeCount
570,100,81,0.02,1,,clustered,0.5;-0.3,-1,-1,-1,0,0,-1,0,-1,-1,0,0,edgeCount
569,100,95,0.02,2,,clustered,0.5;-0.3,5,10,5,0,2,13,8,13,13,8,2,edgeCount
568,100,107,0.02,1,,clustered,0.5;-0.3,-1,-1,5,-6,0,-1,-6,-1,-1,-6,0,edgeCount
567,100,100,0.02,2,,clustered,0.5;-0.3,-1,-1,12,-13,2,-1,-13,-1,-1,-13,2,edgeCount
566,100,98,0.02,2,,clustered,0.5;-0.3,11,11,5,6,0,11,6,11,11,6,0,edgeCount
565,100,104,0.02,1,,clustered,0.5;-0.3,13,13,13,0,2,13,0,13,13,0,2,edgeCount
564,100,99,0.02,2,,clustered,0.5;-0.3,6,6,6,0,0,6,0,6,6,0,0,edgeCount
563,100,95,0.02,1,,clustered,0.5;-0.3,-1,-1,4,-5,0,-1,-5,-1,-1,-5,0,edgeCount
562,100,102,0.02,1,,clustered,0.5;-0.3,8,8,8,0,0,8,0,8,8,0,0,edgeCount
561,100,87,0.02,2,,clustered,0.5;-0.3,4,4,4,0,0,4,0,4,4,0,0,edgeCount
560,100,108,0.02,1,,clustered,0.5;-0.3,-1,-1,7,-8,0,-1,-8,-1,-1,-8,0,edgeCount
559,100,126,0.02,1,,clustered,0.5;-0.3,8,8,8,0,0,8,0,8,8,0,0,edgeCount
558,100,102,0.02,1,,clustered,0.5;-0.3,8,8,8,0,2,8,0,8,8,0,2,edgeCount
557,100,95,0.02,1,,clustered,0.5;-0.3,6,6,6,0,0,6,0,6,6,0,0,edgeCount
556,100,93,0.02,2,,clustered,0.5;-0.3,4,4,2,2,4,2,0,2,2,0,4,edgeCount
555,100,112,0.02,1,,clustered,0.5;-0.3,6,6,6,0,0,6,0,6,6,0,0,edgeCount
554,100,80,0.02,1,,clustered,0.5;-0.3,3,3,3,0,2,3,0,3,3,0,2,edgeCount
553,100,109,0.02,1,,clustered,0.5;-0.3,9,9,9,0,0,9,0,9,9,0,0,edgeCount
552,100,99,0.02,3,,clustered,0.5;-0.3,6,46,6,0,0,12,6,12,12,6,0,edgeCount
551,100,96,0.02,1,,clustered,0.5;-0.3,-1,-1,-1,0,0,-1,0,-1,-1,0,0,edgeCount
550,100,92,0.02,1,,clustered,0.5;-0.3,-1,-1,-1,0,0,-1,0,-1,-1,0,0,edgeCount
549,100,103,0.02,3,,clustered,0.5;-0.3,-1,-1,-1,0,0,-1,0,-1,-1,0,0,edgeCount
548,100,93,0.02,1,,clustered,0.5;-0.3,6,6,6,0,0,6,0,6,6,0,0,edgeCount
547,100,98,0.02,2,,clustered,0.5;-0.3,7,7,7,0,2,19,12,19,7,12,2,edgeCount
546,100,101,0.02,1,,clustered,0.5;-0.3,16,16,8,8,4,-1,-9,16,16,8,4,edgeCount
545,100,110,0.02,3,,clustered,0.5;-0.3,5,5,5,0,0,10,5,10,10,5,0,edgeCount
544,100,105,0.02,1,,clustered,0.5;-0.3,7,7,7,0,0,7,0,7,7,0,0,edgeCount
543,100,91,0.02,1,,clustered,0.5;-0.3,3,3,3,0,0,3,0,3,3,0,0,edgeCount
542,100,114,0.02,2,,clustered,0.5;-0.3,14,14,8,6,0,14,6,14,14,6,0,edgeCount
541,100,104,0.02,2,,clustered,0.5;-0.3,5,5,5,0,2,5,0,5,5,0,2,edgeCount
540,100,87,0.02,1,,clustered,0.5;-0.3,11,11,11,0,0,11,0,11,11,0,0,edgeCount
539,100,98,0.02,1,,clustered,0.5;-0.3,-1,-1,-1,0,0,-1,0,-1,-1,0,0,edgeCount
538,100,98,0.02,2,,clustered,0.5;-0.3,-1,-1,10,-11,0,-1,-11,-1,-1,-11,0,edgeCount
537,100,90,0.02,1,,clustered,0.5;-0.3,6,6,6,0,0,6,0,6,6,0,0,edgeCount
536,100,108,0.02,1,,clustered,0.5;-0.3,9,9,9,0,0,9,0,9,9,0,0,edgeCount
535,100,102,0.02,1,,clustered,0.5;-0.3,20,20,9,11,2,-1,-10,20,20,11,2,edgeCount
534,100,109,0.02,2,,clustered,0.5;-0.3,16,6,4,12,2,4,0,4,4,0,2,edgeCount
533,100,91,0.02,1,,clustered,0.5;-0.3,16,16,16,0,0,16,0,16,16,0,0,edgeCount
532,100,99,0.02,2,,clustered,0.5;-0.3,39,27,9,30,2,-1,-10,29,29,20,2,edgeCount
531,100,83,0.02,1,,clustered,0.5;-0.3,2,2,2,0,0,2,0,2,2,0,0,edgeCount
530,100,105,0.02,1,,clustered,0.5;-0.3,-1,-1,-1,0,0,-1,0,-1,-1,0,0,edgeCount
529,100,87,0.02,1,,clustered,0.5;-0.3,-1,-1,-1,0,0,-1,0,-1,-1,0,0,edgeCount
528,100,112,0.02,1,,clustered,0.5;-0.3,10,12,6,4,4,-1,-7,10,12,4,4,edgeCount
527,100,102,0.02,1,,clustered,0.5;-0.3,13,13,11,2,4,-1,-12,13,13,2,4,edgeCount
526,100,95,0.02,1,,clustered,0.5;-0.3,4,4,4,0,0,4,0,4,4,0,0,edgeCount
525,100,106,0.02,2,,clustered,0.5;-0.3,-1,-1,-1,0,0,-1,0,-1,-1,0,0,edgeCount
524,100,113,0.02,1,,clustered,0.5;-0.3,8,8,8,0,0,8,0,8,8,0,0,edgeCount
523,100,108,0.02,2,,clustered,0.5;-0.3,7,7,7,0,0,15,8,15,15,8,0,edgeCount
522,100,116,0.02,2,,clustered,0.5;-0.3,13,14,3,10,8,3,0,3,3,0,8,edgeCount
521,100,100,0.02,1,,clustered,0.5;-0.3,4,7,4,0,2,4,0,4,7,0,2,edgeCount
520,100,102,0.02,1,,clustered,0.5;-0.3,-1,-1,-1,0,2,-1,0,-1,-1,0,2,edgeCount
519,100,99,0.02,2,,clustered,0.5;-0.3,11,3,3,8,2,3,0,3,3,0,2,edgeCount
518,100,106,0.02,1,,clustered,0.5;-0.3,5,5,5,0,2,5,0,5,5,0,2,edgeCount
517,100,99,0.02,1,,clustered,0.5;-0.3,6,6,6,0,2,6,0,6,6,0,2,edgeCount
516,100,84,0.02,1,,clustered,0.5;-0.3,7,7,7,0,0,7,0,7,7,0,0,edgeCount
515,100,101,0.02,2,,clustered,0.5;-0.3,6,8,6,0,6,10,4,12,12,6,6,edgeCount
514,100,99,0.02,1,,clustered,0.5;-0.3,8,8,8,0,0,8,0,8,8,0,0,edgeCount
513,100,96,0.02,1,,clustered,0.5;-0.3,3,3,3,0,0,3,0,3,3,0,0,edgeCount
512,100,94,0.02,1,,clustered,0.5;-0.3,23,13,9,14,2,-1,-10,23,13,14,2,edgeCount
511,100,106,0.02,3,,clustered,0.5;-0.3,19,3,3,16,2,3,0,3,3,0,2,edgeCount
510,100,109,0.02,2,,clustered,0.5;-0.3,7,18,5,2,0,15,10,15,15,10,0,edgeCount
509,100,94,0.02,1,,clustered,0.5;-0.3,6,6,6,0,0,6,0,6,6,0,0,edgeCount
508,100,96,0.02,2,,clustered,0.5;-0.3,19,29,5,14,0,5,0,5,5,0,0,edgeCount
507,100,99,0.02,1,,clustered,0.5;-0.3,5,5,5,0,4,5,0,5,5,0,4,edgeCount
506,100,82,0.02,1,,clustered,0.5;-0.3,9,25,9,0,2,9,0,9,25,0,2,edgeCount
505,100,95,0.02,1,,clustered,0.5;-0.3,43,23,19,24,6,-1,-20,43,23,24,6,edgeCount
504,100,107,0.02,1,,clustered,0.5;-0.3,7,7,7,0,0,7,0,7,7,0,0,edgeCount
503,100,100,0.02,2,,clustered,0.5;-0.3,9,9,5,4,0,9,4,9,9,4,0,edgeCount
502,100,97,0.02,2,,clustered,0.5;-0.3,22,22,8,14,0,22,14,22,22,14,0,edgeCount
501,100,88,0.02,1,,clustered,0.5;-0.3,8,8,8,0,0,8,0,8,8,0,0,edgeCount
500,100,100,0.02,3,,clustered,0.5;-0.3,6,15,6,0,0,14,8,14,14,8,0,edgeCount
499,100,109,0.02,1,,clustered,0.5;-0.3,-1,-1,-1,0,0,-1,0,-1,-1,0,0,edgeCount
498,100,95,0.02,1,,clustered,0.5;-0.3,-1,-1,-1,0,0,-1,0,-1,-1,0,0,edgeCount
497,100,99,0.02,2,,clustered,0.5;-0.3,17,7,7,10,2,-1,-8,15,15,8,2,edgeCount
496,100,92,0.02,1,,clustered,0.5;-0.3,-1,-1,-1,0,6,-1,0,-1,-1,0,6,edgeCount
495,100,93,0.02,1,,clustered,0.5;-0.3,-1,-1,-1,0,0,-1,0,-1,-1,0,0,edgeCount
494,100,115,0.02,2,,clustered,0.5;-0.3,14,14,5,9,0,10,5,10,10,5,0,edgeCount
493,100,90,0.02,1,,clustered,0.5;-0.3,9,9,9,0,0,9,0,9,9,0,0,edgeCount
492,100,122,0.02,1,,clustered,0.5;-0.3,4,4,4,0,0,4,0,4,4,0,0,edgeCount
491,100,84,0.02,2,,clustered,0.5;-0.3,11,15,5,6,2,11,6,11,15,6,2,edgeCount
490,100,103,0.02,1,,clustered,0.5;-0.3,-1,-1,-1,0,0,-1,0,-1,-1,0,0,edgeCount
489,100,93,0.02,1,,clustered,0.5;-0.3,-1,-1,-1,0,0,-1,0,-1,-1,0,0,edgeCount
488,100,97,0.02,2,,clustered,0.5;-0.3,-1,-1,-1,0,0,-1,0,-1,-1,0,0,edgeCount
487,100,85,0.02,1,,clustered,0.5;-0.3,6,6,6,0,0,6,0,6,6,0,0,edgeCount
486,100,105,0.02,1,,clustered,0.5;-0.3,9,9,7,2,2,-1,-8,9,9,2,2,edgeCount
485,100,99,0.02,1,,clustered,0.5;-0.3,2,2,2,0,0,2,0,2,2,0,0,edgeCount
484,100,101,0.02,1,,clustered,0.5;-0.3,7,7,7,0,0,7,0,7,7,0,0,edgeCount
483,100,95,0.02,1,,clustered,0.5;-0.3,7,7,7,0,0,7,0,7,7,0,0,edgeCount
482,100,106,0.02,2,,clustered,0.5;-0.3,19,19,5,14,0,5,0,5,5,0,0,edgeCount
481,100,81,0.02,2,,clustered,0.5;-0.3,3,3,3,0,0,3,0,3,3,0,0,edgeCount
480,100,105,0.02,2,,clustered,0.5;-0.3,2,2,2,0,2,4,2,4,4,2,2,edgeCount
479,100,88,0.02,1,,clustered,0.5;-0.3,-1,-1,-1,0,4,-1,0,-1,-1,0,4,edgeCount
478,100,102,0.02,1,,clustered,0.5;-0.3,19,19,7,12,4,-1,-8,19,19,12,4,edgeCount
477,100,93,0.02,1,,clustered,0.5;-0.3,6,6,6,0,0,6,0,6,6,0,0,edgeCount
476,100,106,0.02,1,,clustered,0.5;-0.3,-1,-1,-1,0,0,-1,0,-1,-1,0,0,edgeCount
475,100,90,0.02,1,,clustered,0.5;-0.3,13,13,13,0,0,13,0,13,13,0,0,edgeCount
474,100,91,0.02,1,,clustered,0.5;-0.3,2,2,2,0,4,2,0,2,2,0,4,edgeCount
473,100,121,0.02,1,,clustered,0.5;-0.3,8,6,6,2,6,-1,-7,8,6,2,6,edgeCount
472,100,92,0.02,1,,clustered,0.5;-0.3,7,7,7,0,0,7,0,7,7,0,0,edgeCount
471,100,94,0.02,1,,clustered,0.5;-0.3,9,9,9,0,0,9,0,9,9,0,0,edgeCount
470,100,101,0.02,1,,clustered,0.5;-0.3,4,4,4,0,0,4,0,4,4,0,0,edgeCount
469,100,119,0.02,2,,clustered,0.5;-0.3,14,4,4,10,6,4,0,4,4,0,6,edgeCount
468,100,84,0.02,1,,clustered,0.5;-0.3,3,3,3,0,0,3,0,3,3,0,0,edgeCount
467,100,95,0.02,1,,clustered,0.5;-0.3,18,9,8,10,4,-1,-9,18,9,10,4,edgeCount
466,100,96,0.02,1,,clustered,0.5;-0.3,25,15,8,17,2,-1,-9,25,15,17,2,edgeCount
465,100,100,0.02,1,,clustered,0.5;-0.3,11,11,11,0,0,11,0,11,11,0,0,edgeCount
464,100,121,0.02,2,,clustered,0.5;-0.3,3,15,3,0,8,5,2,5,11,2,8,edgeCount
463,100,111,0.02,1,,clustered,0.5;-0.3,6,6,6,0,4,-1,-7,6,6,0,4,edgeCount
462,100,97,0.02,1,,clustered,0.5;-0.3,25,25,10,15,2,-1,-11,25,25,15,2,edgeCount
461,100,110,0.02,1,,clustered,0.5;-0.3,6,6,6,0,0,6,0,6,6,0,0,edgeCount
460,100,119,0.02,2,,clustered,0.5;-0.3,9,3,3,6,0,3,0,3,3,0,0,edgeCount
459,100,108,0.02,1,,clustered,0.5;-0.3,13,7,7,6,4,-1,-8,13,7,6,4,edgeCount
458,100,105,0.02,2,,clustered,0.5;-0.3,6,8,5,1,0,12,7,12,12,7,0,edgeCount
457,100,88,0.02,1,,clustered,0.5;-0.3,7,7,7,0,2,7,0,7,7,0,2,edgeCount
456,100,107,0.02,2,,clustered,0.5;-0.3,4,10,4,0,0,4,0,4,4,0,0,edgeCount
455,100,101,0.02,1,,clustered,0.5;-0.3,-1,-1,-1,0,2,-1,0,-1,-1,0,2,edgeCount
454,100,111,0.02,2,,clustered,0.5;-0.3,6,24,5,1,0,12,7,12,12,7,0,edgeCount
453,100,101,0.02,1,,clustered,0.5;-0.3,9,25,9,0,2,9,0,9,25,0,2,edgeCount
452,100,98,0.02,2,,clustered,0.5;-0.3,29,29,11,18,0,29,18,29,29,18,0,edgeCount
451,100,98,0.02,1,,clustered,0.5;-0.3,5,5,5,0,0,5,0,5,5,0,0,edgeCount
450,100,102,0.02,2,,clustered,0.5;-0.3,-1,-1,-1,0,0,-1,0,-1,-1,0,0,edgeCount
449,100,112,0.02,1,,clustered,0.5;-0.3,6,6,6,0,0,6,0,6,6,0,0,edgeCount
448,100,88,0.02,1,,clustered,0.5;-0.3,3,3,3,0,2,3,0,3,3,0,2,edgeCount
447,100,107,0.02,1,,clustered,0.5;-0.3,16,16,6,10,2,-1,-7,16,16,10,2,edgeCount
446,100,91,0.02,2,,clustered,0.5;-0.3,19,19,10,9,0,19,9,19,19,9,0,edgeCount
445,100,97,0.02,1,,clustered,0.5;-0.3,19,19,11,8,2,-1,-12,19,19,8,2,edgeCount
444,100,108,0.02,1,,clustered,0.5;-0.3,7,7,7,0,0,7,0,7,7,0,0,edgeCount
443,100,93,0.02,1,,clustered,0.5;-0.3,2,2,2,0,4,2,0,2,2,0,4,edgeCount
442,100,90,0.02,1,,clustered,0.5;-0.3,12,12,12,0,2,12,0,12,12,0,2,edgeCount
441,100,103,0.02,1,,clustered,0.5;-0.3,-1,-1,10,-11,2,-1,-11,-1,-1,-11,2,edgeCount
440,100,89,0.02,1,,clustered,0.5;-0.3,6,12,6,0,4,6,0,6,12,0,4,edgeCount
439,100,95,0.02,1,,clustered,0.5;-0.3,-1,-1,-1,0,2,-1,0,-1,-1,0,2,edgeCount
438,100,102,0.02,1,,clustered,0.5;-0.3,6,6,6,0,0,6,0,6,6,0,0,edgeCount
437,100,110,0.02,2,,clustered,0.5;-0.3,-1,-1,6,-7,0,-1,-7,-1,-1,-7,0,edgeCount
436,100,106,0.02,3,,clustered,0.5;-0.3,40,4,4,36,2,-1,-5,4,4,0,2,edgeCount
435,100,95,0.02,1,,clustered,0.5;-0.3,5,5,5,0,0,5,0,5,5,0,0,edgeCount
434,100,118,0.02,2,,clustered,0.5;-0.3,29,11,7,22,4,-1,-8,11,11,4,4,edgeCount
433,100,112,0.02,1,,clustered,0.5;-0.3,-1,-1,-1,0,2,-1,0,-1,-1,0,2,edgeCount
432,100,104,0.02,2,,clustered,0.5;-0.3,6,6,6,0,0,6,0,6,6,0,0,edgeCount
431,100,112,0.02,1,,clustered,0.5;-0.3,6,6,6,0,0,6,0,6,6,0,0,edgeCount
430,100,94,0.02,1,,clustered,0.5;-0.3,-1,-1,-1,0,0,-1,0,-1,-1,0,0,edgeCount
429,100,121,0.02,1,,clustered,0.5;-0.3,5,21,5,0,4,-1,-6,5,21,0,4,edgeCount
428,100,98,0.02,1,,clustered,0.5;-0.3,7,7,7,0,0,7,0,7,7,0,0,edgeCount
427,100,90,0.02,1,,clustered,0.5;-0.3,11,11,11,0,0,11,0,11,11,0,0,edgeCount
426,100,104,0.02,2,,clustered,0.5;-0.3,17,9,7,10,0,-1,-8,-1,-1,-8,0,edgeCount
425,100,112,0.02,1,,clustered,0.5;-0.3,-1,-1,-1,0,2,-1,0,-1,-1,0,2,edgeCount
424,100,107,0.02,1,,clustered,0.5;-0.3,17,9,8,9,2,-1,-9,17,9,9,2,edgeCount
423,100,91,0.02,1,,clustered,0.5;-0.3,6,6,6,0,0,6,0,6,6,0,0,edgeCount
422,100,91,0.02,1,,clustered,0.5;-0.3,17,17,7,10,2,-1,-8,17,17,10,2,edgeCount
421,100,108,0.02,2,,clustered,0.5;-0.3,6,17,5,1,0,5,0,5,5,0,0,edgeCount
420,100,105,0.02,1,,clustered,0.5;-0.3,31,25,6,25,8,-1,-7,31,25,25,8,edgeCount
419,100,106,0.02,1,,clustered,0.5;-0.3,-1,-1,-1,0,8,-1,0,-1,-1,0,8,edgeCount
418,100,102,0.02,1,,clustered,0.5;-0.3,-1,-1,8,-9,2,-1,-9,-1,-1,-9,2,edgeCount
417,100,108,0.02,2,,clustered,0.5;-0.3,4,4,4,0,0,4,0,4,4,0,0,edgeCount
416,100,101,0.02,2,,clustered,0.5;-0.3,11,7,3,8,2,3,0,3,3,0,2,edgeCount
415,100,104,0.02,4,,clustered,0.5;-0.3,16,16,6,10,2,16,10,16,20,10,2,edgeCount
414,100,107,0.02,1,,clustered,0.5;-0.3,2,2,2,0,4,2,0,2,2,0,4,edgeCount
413,100,94,0.02,1,,clustered,0.5;-0.3,11,13,6,5,4,-1,-7,11,13,5,4,edgeCount
412,100,94,0.02,1,,clustered,0.5;-0.3,12,12,12,0,0,12,0,12,12,0,0,edgeCount
411,100,94,0.02,1,,clustered,0.5;-0.3,4,4,4,0,0,4,0,4,4,0,0,edgeCount
410,100,113,0.02,2,,clustered,0.5;-0.3,13,13,7,6,0,13,6,13,13,6,0,edgeCount
409,100,109,0.02,1,,clustered,0.5;-0.3,4,4,4,0,0,4,0,4,4,0,0,edgeCount
408,100,93,0.02,1,,clustered,0.5;-0.3,6,6,6,0,0,6,0,6,6,0,0,edgeCount
407,100,96,0.02,1,,clustered,0.5;-0.3,11,11,11,0,0,11,0,11,11,0,0,edgeCount
406,100,107,0.02,1,,clustered,0.5;-0.3,11,21,5,6,8,-1,-6,11,21,6,8,edgeCount
405,100,106,0.02,2,,clustered,0.5;-0.3,13,13,5,8,0,5,0,13,13,8,0,edgeCount
404,100,105,0.02,1,,clustered,0.5;-0.3,3,39,3,0,10,3,0,3,39,0,10,edgeCount
403,100,104,0.02,1,,clustered,0.5;-0.3,9,9,9,0,0,9,0,9,9,0,0,edgeCount
402,100,102,0.02,3,,clustered,0.5;-0.3,-1,-1,-1,0,0,-1,0,-1,-1,0,0,edgeCount
401,100,95,0.02,1,,clustered,0.5;-0.3,8,8,8,0,0,8,0,8,8,0,0,edgeCount
400,100,101,0.02,1,,clustered,0.5;-0.3,2,2,2,0,0,2,0,2,2,0,0,edgeCount
399,100,110,0.02,1,,clustered,0.5;-0.3,-1,-1,-1,0,0,-1,0,-1,-1,0,0,edgeCount
398,100,99,0.02,1,,clustered,0.5;-0.3,4,42,4,0,4,4,0,4,42,0,4,edgeCount
397,100,119,0.02,2,,clustered,0.5;-0.3,39,31,9,30,4,-1,-10,29,29,20,4,edgeCount
396,100,113,0.02,1,,clustered,0.5;-0.3,5,25,5,0,6,5,0,5,25,0,6,edgeCount
395,100,125,0.02,2,,clustered,0.5;-0.3,10,22,4,6,12,-1,-5,15,15,11,12,edgeCount
394,100,91,0.02,1,,clustered,0.5;-0.3,5,5,5,0,0,5,0,5,5,0,0,edgeCount
393,100,121,0.02,1,,clustered,0.5;-0.3,2,2,2,0,0,2,0,2,2,0,0,edgeCount
392,100,104,0.02,1,,clustered,0.5;-0.3,11,11,11,0,0,11,0,11,11,0,0,edgeCount
391,100,103,0.02,1,,clustered,0.5;-0.3,7,7,7,0,0,7,0,7,7,0,0,edgeCount
390,100,100,0.02,1,,clustered,0.5;-0.3,-1,-1,-1,0,0,-1,0,-1,-1,0,0,edgeCount
389,100,113,0.02,2,,clustered,0.5;-0.3,14,13,4,10,2,4,0,4,4,0,2,edgeCount
388,100,122,0.02,2,,clustered,0.5;-0.3,12,14,4,8,2,4,0,4,4,0,2,edgeCount
387,100,93,0.02,1,,clustered,0.5;-0.3,8,8,8,0,0,8,0,8,8,0,0,edgeCount
386,100,115,0.02,2,,clustered,0.5;-0.3,8,8,2,6,0,2,0,2,2,0,0,edgeCount
385,100,97,0.02,2,,clustered,0.5;-0.3,6,10,6,0,0,16,10,16,16,10,0,edgeCount
384,100,94,0.02,1,,clustered,0.5;-0.3,7,7,7,0,0,7,0,7,7,0,0,edgeCount
383,100,116,0.02,1,,clustered,0.5;-0.3,8,8,8,0,0,8,0,8,8,0,0,edgeCount
382,100,91,0.02,1,,clustered,0.5;-0.3,5,5,5,0,0,5,0,5,5,0,0,edgeCount
381,100,95,0.02,1,,clustered,0.5;-0.3,9,9,9,0,0,9,0,9,9,0,0,edgeCount
380,100,96,0.02,1,,clustered,0.5;-0.3,9,9,9,0,0,9,0,9,9,0,0,edgeCount
379,100,107,0.02,2,,clustered,0.5;-0.3,-1,-1,-1,0,0,-1,0,-1,-1,0,0,edgeCount
378,100,94,0.02,1,,clustered,0.5;-0.3,10,10,10,0,0,10,0,10,10,0,0,edgeCount
377,100,90,0.02,1,,clustered,0.5;-0.3,8,8,8,0,0,8,0,8,8,0,0,edgeCount
376,100,106,0.02,1,,clustered,0.5;-0.3,29,29,7,22,4,-1,-8,29,29,22,4,edgeCount
375,100,82,0.02,1,,clustered,0.5;-0.3,6,12,6,0,2,6,0,6,12,0,2,edgeCount
374,100,100,0.02,2,,clustered,0.5;-0.3,-1,-1,-1,0,0,-1,0,-1,-1,0,0,edgeCount
373,100,83,0.02,1,,clustered,0.5;-0.3,9,9,9,0,0,9,0,9,9,0,0,edgeCount
372,100,116,0.02,1,,clustered,0.5;-0.3,-1,-1,-1,0,4,-1,0,-1,-1,0,4,edgeCount
371,100,85,0.02,1,,clustered,0.5;-0.3,-1,-1,-1,0,2,-1,0,-1,-1,0,2,edgeCount
370,100,104,0.02,3,,clustered,0.5;-0.3,5,12,5,0,2,11,6,11,11,6,2,edgeCount
369,100,112,0.02,1,,clustered,0.5;-0.3,3,3,3,0,0,3,0,3,3,0,0,edgeCount
368,100,108,0.02,1,,clustered,0.5;-0.3,11,11,11,0,0,11,0,11,11,0,0,edgeCount
367,100,101,0.02,1,,clustered,0.5;-0.3,4,13,4,0,6,4,0,4,13,0,6,edgeCount
366,100,81,0.02,2,,clustered,0.5;-0.3,5,15,5,0,8,9,4,5,15,0,8,edgeCount
365,100,112,0.02,2,,clustered,0.5;-0.3,2,2,2,0,0,2,0,2,2,0,0,edgeCount
364,100,100,0.02,1,,clustered,0.5;-0.3,21,15,13,8,2,-1,-14,21,15,8,2,edgeCount
363,100,105,0.02,1,,clustered,0.5;-0.3,7,7,7,0,0,7,0,7,7,0,0,edgeCount
362,100,108,0.02,1,,clustered,0.5;-0.3,4,4,4,0,0,4,0,4,4,0,0,edgeCount
361,100,110,0.02,1,,clustered,0.5;-0.3,3,3,3,0,4,-1,-4,3,3,0,4,edgeCount
360,100,98,0.02,2,,clustered,0.5;-0.3,18,18,8,10,0,18,10,18,18,10,0,edgeCount
359,100,105,0.02,1,,clustered,0.5;-0.3,-1,-1,-1,0,0,-1,0,-1,-1,0,0,edgeCount
358,100,102,0.02,1,,clustered,0.5;-0.3,2,2,2,0,8,2,0,2,2,0,8,edgeCount
357,100,98,0.02,1,,clustered,0.5;-0.3,7,7,7,0,2,7,0,7,7,0,2,edgeCount
356,100,87,0.02,2,,clustered,0.5;-0.3,-1,-1,-1,0,0,-1,0,-1,-1,0,0,edgeCount
355,100,121,0.02,1,,clustered,0.5;-0.3,8,8,8,0,0,8,0,8,8,0,0,edgeCount
354,100,89,0.02,1,,clustered,0.5;-0.3,8,8,8,0,0,8,0,8,8,0,0,edgeCount
353,100,118,0.02,3,,clustered,0.5;-0.3,24,8,2,22,0,2,0,2,2,0,0,edgeCount
352,100,103,0.02,1,,clustered,0.5;-0.3,7,7,7,0,2,7,0,7,7,0,2,edgeCount
351,100,106,0.02,2,,clustered,0.5;-0.3,-1,-1,-1,0,0,-1,0,-1,-1,0,0,edgeCount
350,100,103,0.02,1,,clustered,0.5;-0.3,17,17,7,10,2,-1,-8,17,17,10,2,edgeCount
349,100,79,0.02,1,,clustered,0.5;-0.3,10,10,10,0,2,-1,-11,10,10,0,2,edgeCount
348,100,110,0.02,1,,clustered,0.5;-0.3,10,10,10,0,0,10,0,10,10,0,0,edgeCount
347,100,99,0.02,1,,clustered,0.5;-0.3,4,4,4,0,0,4,0,4,4,0,0,edgeCount
346,100,104,0.02,1,,clustered,0.5;-0.3,-1,-1,-1,0,0,-1,0,-1,-1,0,0,edgeCount
345,100,100,0.02,1,,clustered,0.5;-0.3,-1,-1,-1,0,2,-1,0,-1,-1,0,2,edgeCount
344,100,113,0.02,1,,clustered,0.5;-0.3,4,4,4,0,2,4,0,4,4,0,2,edgeCount
343,100,94,0.02,1,,clustered,0.5;-0.3,6,20,6,0,2,6,0,6,20,0,2,edgeCount
342,100,96,0.02,1,,clustered,0.5;-0.3,15,15,7,8,4,-1,-8,15,15,8,4,edgeCount
341,100,86,0.02,1,,clustered,0.5;-0.3,-1,-1,9,-10,4,-1,-10,-1,-1,-10,4,edgeCount
340,100,124,0.02,1,,clustered,0.5;-0.3,-1,-1,-1,0,0,-1,0,-1,-1,0,0,edgeCount
339,100,98,0.02,1,,clustered,0.5;-0.3,6,6,6,0,0,6,0,6,6,0,0,edgeCount
338,100,105,0.02,2,,clustered,0.5;-0.3,6,15,6,0,0,14,8,14,14,8,0,edgeCount
337,100,99,0.02,2,,clustered,0.5;-0.3,4,12,4,0,2,4,0,4,4,0,2,edgeCount
336,100,126,0.02,1,,clustered,0.5;-0.3,2,2,2,0,4,2,0,2,2,0,4,edgeCount
335,100,86,0.02,1,,clustered,0.5;-0.3,-1,-1,-1,0,0,-1,0,-1,-1,0,0,edgeCount
334,100,94,0.02,1,,clustered,0.5;-0.3,-1,-1,7,-8,0,-1,-8,-1,-1,-8,0,edgeCount
333,100,80,0.02,1,,clustered,0.5;-0.3,5,5,5,0,0,5,0,5,5,0,0,edgeCount
332,100,92,0.02,2,,clustered,0.5;-0.3,8,8,4,4,0,22,18,8,8,4,0,edgeCount
331,100,106,0.02,1,,clustered,0.5;-0.3,6,6,6,0,0,6,0,6,6,0,0,edgeCount
330,100,97,0.02,2,,clustered,0.5;-0.3,26,26,2,24,0,2,0,2,2,0,0,edgeCount
329,100,101,0.02,2,,clustered,0.5;-0.3,4,4,3,1,0,4,1,4,4,1,0,edgeCount
328,100,108,0.02,2,,clustered,0.5;-0.3,-1,-1,-1,0,0,-1,0,-1,-1,0,0,edgeCount
327,100,109,0.02,2,,clustered,0.5;-0.3,5,5,5,0,0,5,0,5,5,0,0,edgeCount
326,100,90,0.02,1,,clustered,0.5;-0.3,-1,-1,-1,0,0,-1,0,-1,-1,0,0,edgeCount
325,100,90,0.02,1,,clustered,0.5;-0.3,-1,-1,-1,0,0,-1,0,-1,-1,0,0,edgeCount
324,100,125,0.02,1,,clustered,0.5;-0.3,7,10,7,0,8,7,0,7,10,0,8,edgeCount
323,100,114,0.02,1,,clustered,0.5;-0.3,22,22,10,12,2,-1,-11,22,22,12,2,edgeCount
322,100,105,0.02,1,,clustered,0.5;-0.3,8,8,8,0,0,8,0,8,8,0,0,edgeCount
321,100,103,0.02,1,,clustered,0.5;-0.3,11,11,11,0,0,11,0,11,11,0,0,edgeCount
320,100,96,0.02,3,,clustered,0.5;-0.3,22,4,4,18,4,4,0,4,4,0,4,edgeCount
319,100,107,0.02,1,,clustered,0.5;-0.3,-1,-1,-1,0,0,-1,0,-1,-1,0,0,edgeCount
318,100,105,0.02,1,,clustered,0.5;-0.3,9,9,9,0,0,9,0,9,9,0,0,edgeCount
317,100,95,0.02,1,,clustered,0.5;-0.3,4,16,4,0,2,4,0,4,16,0,2,edgeCount
316,100,94,0.02,1,,clustered,0.5;-0.3,9,9,9,0,0,9,0,9,9,0,0,edgeCount
315,100,118,0.02,1,,clustered,0.5;-0.3,5,5,5,0,2,5,0,5,5,0,2,edgeCount
314,100,105,0.02,1,,clustered,0.5;-0.3,11,11,11,0,0,11,0,11,11,0,0,edgeCount
313,100,100,0.02,1,,clustered,0.5;-0.3,6,6,6,0,0,6,0,6,6,0,0,edgeCount
312,100,109,0.02,1,,clustered,0.5;-0.3,15,15,15,0,0,15,0,15,15,0,0,edgeCount
311,100,97,0.02,1,,clustered,0.5;-0.3,3,3,3,0,0,3,0,3,3,0,0,edgeCount
310,100,115,0.02,2,,clustered,0.5;-0.3,2,2,2,0,0,2,0,2,2,0,0,edgeCount
309,100,95,0.02,1,,clustered,0.5;-0.3,-1,-1,9,-10,4,-1,-10,-1,-1,-10,4,edgeCount
308,100,93,0.02,1,,clustered,0.5;-0.3,5,5,5,0,0,5,0,5,5,0,0,edgeCount
307,100,99,0.02,1,,clustered,0.5;-0.3,8,8,8,0,0,8,0,8,8,0,0,edgeCount
306,100,91,0.02,2,,clustered,0.5;-0.3,16,16,9,7,0,16,7,16,16,7,0,edgeCount
305,100,88,0.02,2,,clustered,0.5;-0.3,9,12,9,0,2,23,14,23,24,14,2,edgeCount
304,100,90,0.02,1,,clustered,0.5;-0.3,-1,-1,-1,0,0,-1,0,-1,-1,0,0,edgeCount
303,100,99,0.02,1,,clustered,0.5;-0.3,11,11,11,0,0,11,0,11,11,0,0,edgeCount
302,100,90,0.02,2,,clustered,0.5;-0.3,8,8,8,0,0,8,0,8,8,0,0,edgeCount
301,100,98,0.02,1,,clustered,0.5;-0.3,8,8,8,0,0,8,0,8,8,0,0,edgeCount
300,100,105,0.02,2,,clustered,0.5;-0.3,-1,-1,-1,0,0,-1,0,-1,-1,0,0,edgeCount
299,100,97,0.02,1,,clustered,0.5;-0.3,-1,-1,-1,0,0,-1,0,-1,-1,0,0,edgeCount
298,100,96,0.02,2,,clustered,0.5;-0.3,7,33,7,0,4,15,8,35,35,28,4,edgeCount
297,100,103,0.02,2,,clustered,0.5;-0.3,37,35,10,27,2,-1,-11,34,34,24,2,edgeCount
296,100,79,0.02,1,,clustered,0.5;-0.3,-1,-1,-1,0,0,-1,0,-1,-1,0,0,edgeCount
295,100,88,0.02,1,,clustered,0.5;-0.3,-1,-1,-1,0,2,-1,0,-1,-1,0,2,edgeCount
294,100,95,0.02,1,,clustered,0.5;-0.3,18,14,14,4,2,-1,-15,18,14,4,2,edgeCount
293,100,94,0.02,1,,clustered,0.5;-0.3,-1,-1,-1,0,0,-1,0,-1,-1,0,0,edgeCount
292,100,93,0.02,2,,clustered,0.5;-0.3,15,23,5,10,0,5,0,5,5,0,0,edgeCount
291,100,111,0.02,1,,clustered,0.5;-0.3,21,15,7,14,4,-1,-8,21,15,14,4,edgeCount
290,100,88,0.02,1,,clustered,0.5;-0.3,8,15,8,0,2,8,0,8,15,0,2,edgeCount
289,100,97,0.02,2,,clustered,0.5;-0.3,5,7,5,0,0,11,6,11,11,6,0,edgeCount
288,100,118,0.02,1,,clustered,0.5;-0.3,8,18,8,0,2,8,0,8,18,0,2,edgeCount
287,100,86,0.02,2,,clustered,0.5;-0.3,-1,-1,-1,0,0,-1,0,-1,-1,0,0,edgeCount
286,100,90,0.02,2,,clustered,0.5;-0.3,2,2,2,0,0,2,0,2,2,0,0,edgeCount
285,100,101,0.02,3,,clustered,0.5;-0.3,16,12,4,12,0,4,0,4,4,0,0,edgeCount
284,100,98,0.02,2,,clustered,0.5;-0.3,4,4,4,0,0,4,0,4,4,0,0,edgeCount
283,100,87,0.02,2,,clustered,0.5;-0.3,26,10,8,18,0,8,0,8,8,0,0,edgeCount
282,100,105,0.02,2,,clustered,0.5;-0.3,10,4,4,6,2,4,0,4,24,0,2,edgeCount
281,100,91,0.02,1,,clustered,0.5;-0.3,5,5,5,0,0,5,0,5,5,0,0,edgeCount
280,100,92,0.02,2,,clustered,0.5;-0.3,6,6,6,0,0,8,2,8,8,2,0,edgeCount
279,100,94,0.02,2,,clustered,0.5;-0.3,23,9,7,16,0,7,0,7,7,0,0,edgeCount
278,100,99,0.02,1,,clustered,0.5;-0.3,5,5,5,0,0,5,0,5,5,0,0,edgeCount
277,100,117,0.02,2,,clustered,0.5;-0.3,5,5,5,0,0,5,0,5,5,0,0,edgeCount
276,100,83,0.02,1,,clustered,0.5;-0.3,12,12,12,0,0,12,0,12,12,0,0,edgeCount
275,100,93,0.02,1,,clustered,0.5;-0.3,-1,-1,-1,0,0,-1,0,-1,-1,0,0,edgeCount
274,100,93,0.02,1,,clustered,0.5;-0.3,18,14,12,6,4,-1,-13,18,14,6,4,edgeCount
273,100,97,0.02,2,,clustered,0.5;-0.3,8,8,8,0,0,8,0,8,8,0,0,edgeCount
272,100,90,0.02,1,,clustered,0.5;-0.3,10,10,10,0,0,10,0,10,10,0,0,edgeCount
271,100,81,0.02,1,,clustered,0.5;-0.3,13,13,13,0,0,13,0,13,13,0,0,edgeCount
270,100,95,0.02,1,,clustered,0.5;-0.3,8,8,8,0,0,8,0,8,8,0,0,edgeCount
269,100,117,0.02,1,,clustered,0.5;-0.3,6,6,6,0,0,6,0,6,6,0,0,edgeCount
268,100,81,0.02,1,,clustered,0.5;-0.3,12,12,12,0,0,12,0,12,12,0,0,edgeCount
267,100,94,0.02,1,,clustered,0.5;-0.3,6,6,6,0,0,6,0,6,6,0,0,edgeCount
266,100,119,0.02,2,,clustered,0.5;-0.3,13,5,5,8,2,5,0,5,27,0,2,edgeCount
265,100,101,0.02,1,,clustered,0.5;-0.3,6,6,6,0,2,6,0,6,6,0,2,edgeCount
264,100,116,0.02,3,,clustered,0.5;-0.3,16,5,5,11,0,5,0,5,5,0,0,edgeCount
263,100,108,0.02,1,,clustered,0.5;-0.3,8,8,8,0,2,8,0,8,8,0,2,edgeCount
262,100,102,0.02,2,,clustered,0.5;-0.3,18,18,11,7,2,-1,-12,18,18,7,2,edgeCount
261,100,94,0.02,1,,clustered,0.5;-0.3,7,21,7,0,4,7,0,7,21,0,4,edgeCount
260,100,111,0.02,2,,clustered,0.5;-0.3,19,5,5,14,4,-1,-6,-1,-1,-6,4,edgeCount
259,100,93,0.02,1,,clustered,0.5;-0.3,2,2,2,0,0,2,0,2,2,0,0,edgeCount
258,100,71,0.02,1,,clustered,0.5;-0.3,7,7,7,0,0,7,0,7,7,0,0,edgeCount
257,100,105,0.02,2,,clustered,0.5;-0.3,-1,-1,-1,0,0,-1,0,-1,-1,0,0,edgeCount
256,100,111,0.02,1,,clustered,0.5;-0.3,6,6,6,0,0,6,0,6,6,0,0,edgeCount
255,100,95,0.02,1,,clustered,0.5;-0.3,3,3,3,0,0,3,0,3,3,0,0,edgeCount
254,100,94,0.02,1,,clustered,0.5;-0.3,3,3,3,0,0,3,0,3,3,0,0,edgeCount
253,100,92,0.02,2,,clustered,0.5;-0.3,5,5,5,0,0,5,0,5,5,0,0,edgeCount
252,100,103,0.02,1,,clustered,0.5;-0.3,5,5,5,0,0,5,0,5,5,0,0,edgeCount
251,100,105,0.02,1,,clustered,0.5;-0.3,-1,-1,8,-9,4,-1,-9,-1,-1,-9,4,edgeCount
250,100,85,0.02,1,,clustered,0.5;-0.3,7,7,7,0,0,7,0,7,7,0,0,edgeCount
249,100,115,0.02,1,,clustered,0.5;-0.3,5,12,5,0,2,5,0,5,12,0,2,edgeCount
248,100,101,0.02,1,,clustered,0.5;-0.3,9,9,9,0,0,9,0,9,9,0,0,edgeCount
247,100,100,0.02,1,,clustered,0.5;-0.3,-1,-1,-1,0,0,-1,0,-1,-1,0,0,edgeCount
246,100,93,0.02,1,,clustered,0.5;-0.3,6,6,6,0,0,6,0,6,6,0,0,edgeCount
245,100,114,0.02,2,,clustered,0.5;-0.3,17,5,5,12,0,5,0,5,5,0,0,edgeCount
244,100,110,0.02,2,,clustered,0.5;-0.3,16,16,7,9,0,16,9,16,16,9,0,edgeCount
243,100,97,0.02,2,,clustered,0.5;-0.3,5,5,5,0,0,5,0,5,5,0,0,edgeCount
242,100,84,0.02,1,,clustered,0.5;-0.3,-1,-1,-1,0,2,-1,0,-1,-1,0,2,edgeCount
241,100,95,0.02,1,,clustered,0.5;-0.3,11,11,11,0,0,11,0,11,11,0,0,edgeCount
240,100,105,0.02,2,,clustered,0.5;-0.3,21,11,5,16,4,5,0,5,5,0,4,edgeCount
239,100,113,0.02,2,,clustered,0.5;-0.3,8,13,6,2,2,14,8,14,14,8,2,edgeCount
238,100,113,0.02,2,,clustered,0.5;-0.3,16,20,4,12,0,4,0,4,4,0,0,edgeCount
237,100,119,0.02,2,,clustered,0.5;-0.3,-1,-1,-1,0,0,-1,0,-1,-1,0,0,edgeCount
236,100,112,0.02,1,,clustered,0.5;-0.3,6,6,6,0,6,6,0,6,6,0,6,edgeCount
235,100,88,0.02,1,,clustered,0.5;-0.3,6,6,6,0,2,6,0,6,6,0,2,edgeCount
234,100,92,0.02,1,,clustered,0.5;-0.3,4,4,4,0,0,4,0,4,4,0,0,edgeCount
233,100,93,0.02,1,,clustered,0.5;-0.3,10,10,10,0,0,10,0,10,10,0,0,edgeCount
232,100,98,0.02,1,,clustered,0.5;-0.3,6,6,6,0,0,6,0,6,6,0,0,edgeCount
231,100,123,0.02,3,,clustered,0.5;-0.3,6,10,6,0,0,12,6,12,12,6,0,edgeCount
230,100,115,0.02,1,,clustered,0.5;-0.3,8,8,8,0,0,8,0,8,8,0,0,edgeCount
229,100,96,0.02,1,,clustered,0.5;-0.3,-1,-1,-1,0,0,-1,0,-1,-1,0,0,edgeCount
228,100,113,0.02,1,,clustered,0.5;-0.3,7,7,7,0,0,7,0,7,7,0,0,edgeCount
227,100,92,0.02,1,,clustered,0.5;-0.3,13,13,13,0,0,13,0,13,13,0,0,edgeCount
226,100,87,0.02,1,,clustered,0.5;-0.3,12,12,12,0,0,12,0,12,12,0,0,edgeCount
225,100,82,0.02,1,,clustered,0.5;-0.3,-1,-1,-1,0,0,-1,0,-1,-1,0,0,edgeCount
224,100,105,0.02,1,,clustered,0.5;-0.3,5,5,5,0,0,5,0,5,5,0,0,edgeCount
223,100,107,0.02,1,,clustered,0.5;-0.3,4,9,4,0,4,4,0,4,9,0,4,edgeCount
222,100,100,0.02,2,,clustered,0.5;-0.3,4,4,4,0,0,4,0,4,4,0,0,edgeCount
221,100,103,0.02,1,,clustered,0.5;-0.3,-1,-1,-1,0,0,-1,0,-1,-1,0,0,edgeCount
220,100,83,0.02,1,,clustered,0.5;-0.3,6,6,6,0,0,6,0,6,6,0,0,edgeCount
219,100,95,0.02,1,,clustered,0.5;-0.3,5,5,5,0,0,5,0,5,5,0,0,edgeCount
218,100,105,0.02,1,,clustered,0.5;-0.3,4,4,4,0,0,4,0,4,4,0,0,edgeCount
217,100,98,0.02,2,,clustered,0.5;-0.3,-1,-1,-1,0,0,-1,0,-1,-1,0,0,edgeCount
216,100,99,0.02,1,,clustered,0.5;-0.3,12,10,10,2,2,-1,-11,12,10,2,2,edgeCount
215,100,93,0.02,1,,clustered,0.5;-0.3,11,11,11,0,0,11,0,11,11,0,0,edgeCount
214,100,106,0.02,1,,clustered,0.5;-0.3,5,13,5,0,2,5,0,5,13,0,2,edgeCount
213,100,108,0.02,1,,clustered,0.5;-0.3,4,4,4,0,4,4,0,4,4,0,4,edgeCount
212,100,89,0.02,2,,clustered,0.5;-0.3,8,8,8,0,0,8,0,8,8,0,0,edgeCount
211,100,88,0.02,1,,clustered,0.5;-0.3,11,11,11,0,0,11,0,11,11,0,0,edgeCount
210,100,102,0.02,1,,clustered,0.5;-0.3,5,5,5,0,0,5,0,5,5,0,0,edgeCount
209,100,119,0.02,2,,clustered,0.5;-0.3,4,12,4,0,0,4,0,4,4,0,0,edgeCount
208,100,84,0.02,2,,clustered,0.5;-0.3,8,22,7,1,0,20,13,20,20,13,0,edgeCount
207,100,88,0.02,1,,clustered,0.5;-0.3,9,9,9,0,0,9,0,9,9,0,0,edgeCount
206,100,94,0.02,1,,clustered,0.5;-0.3,21,21,9,12,4,-1,-10,21,21,12,4,edgeCount
205,100,102,0.02,1,,clustered,0.5;-0.3,9,9,9,0,0,9,0,9,9,0,0,edgeCount
204,100,105,0.02,1,,clustered,0.5;-0.3,-1,-1,-1,0,0,-1,0,-1,-1,0,0,edgeCount
203,100,92,0.02,1,,clustered,0.5;-0.3,9,17,9,0,2,9,0,9,17,0,2,edgeCount
202,100,107,0.02,1,,clustered,0.5;-0.3,-1,-1,7,-8,2,-1,-8,-1,-1,-8,2,edgeCount
201,100,94,0.02,2,,clustered,0.5;-0.3,16,4,4,12,0,4,0,4,4,0,0,edgeCount
200,100,98,0.02,2,,clustered,0.5;-0.3,-1,-1,-1,0,0,-1,0,-1,-1,0,0,edgeCount
199,100,114,0.02,3,,clustered,0.5;-0.3,4,9,4,0,0,6,2,6,6,2,0,edgeCount
198,100,117,0.02,1,,clustered,0.5;-0.3,4,4,4,0,0,4,0,4,4,0,0,edgeCount
197,100,114,0.02,1,,clustered,0.5;-0.3,-1,-1,-1,0,0,-1,0,-1,-1,0,0,edgeCount
196,100,103,0.02,1,,clustered,0.5;-0.3,8,8,8,0,0,8,0,8,8,0,0,edgeCount
195,100,89,0.02,1,,clustered,0.5;-0.3,6,6,6,0,4,6,0,6,6,0,4,edgeCount
194,100,92,0.02,2,,clustered,0.5;-0.3,22,22,2,20,4,2,0,2,2,0,4,edgeCount
193,100,111,0.02,1,,clustered,0.5;-0.3,14,8,8,6,2,-1,-9,14,8,6,2,edgeCount
192,100,109,0.02,1,,clustered,0.5;-0.3,15,15,7,8,4,-1,-8,15,15,8,4,edgeCount
191,100,105,0.02,2,,clustered,0.5;-0.3,39,19,8,31,2,-1,-9,24,24,16,2,edgeCount
190,100,99,0.02,1,,clustered,0.5;-0.3,-1,-1,5,-6,0,-1,-6,-1,-1,-6,0,edgeCount
189,100,114,0.02,1,,clustered,0.5;-0.3,-1,-1,-1,0,2,-1,0,-1,-1,0,2,edgeCount
188,100,104,0.02,1,,clustered,0.5;-0.3,-1,-1,-1,0,0,-1,0,-1,-1,0,0,edgeCount
187,100,97,0.02,3,,clustered,0.5;-0.3,5,5,5,0,0,5,0,5,5,0,0,edgeCount
186,100,93,0.02,1,,clustered,0.5;-0.3,8,8,8,0,2,8,0,8,8,0,2,edgeCount
185,100,95,0.02,1,,clustered,0.5;-0.3,4,4,4,0,0,4,0,4,4,0,0,edgeCount
184,100,110,0.02,2,,clustered,0.5;-0.3,20,20,4,16,0,4,0,4,4,0,0,edgeCount
183,100,101,0.02,1,,clustered,0.5;-0.3,-1,-1,-1,0,0,-1,0,-1,-1,0,0,edgeCount
182,100,103,0.02,2,,clustered,0.5;-0.3,28,18,8,20,4,-1,-9,22,18,14,4,edgeCount
181,100,88,0.02,1,,clustered,0.5;-0.3,9,5,5,4,4,-1,-6,9,5,4,4,edgeCount
180,100,103,0.02,1,,clustered,0.5;-0.3,-1,-1,-1,0,0,-1,0,-1,-1,0,0,edgeCount
179,100,93,0.02,2,,clustered,0.5;-0.3,8,26,5,3,4,10,5,14,14,9,4,edgeCount
178,100,112,0.02,1,,clustered,0.5;-0.3,-1,-1,-1,0,0,-1,0,-1,-1,0,0,edgeCount
177,100,94,0.02,1,,clustered,0.5;-0.3,3,3,3,0,2,3,0,3,3,0,2,edgeCount
176,100,98,0.02,1,,clustered,0.5;-0.3,10,10,10,0,0,10,0,10,10,0,0,edgeCount
175,100,96,0.02,1,,clustered,0.5;-0.3,6,11,6,0,2,6,0,6,11,0,2,edgeCount
174,100,85,0.02,1,,clustered,0.5;-0.3,6,6,6,0,0,6,0,6,6,0,0,edgeCount
173,100,97,0.02,2,,clustered,0.5;-0.3,6,6,6,0,0,16,10,6,6,0,0,edgeCount
172,100,109,0.02,1,,clustered,0.5;-0.3,-1,-1,-1,0,0,-1,0,-1,-1,0,0,edgeCount
171,100,100,0.02,1,,clustered,0.5;-0.3,4,4,4,0,0,4,0,4,4,0,0,edgeCount
170,100,106,0.02,3,,clustered,0.5;-0.3,6,28,6,0,2,10,4,22,10,16,2,edgeCount
169,100,113,0.02,2,,clustered,0.5;-0.3,7,7,7,0,0,7,0,7,7,0,0,edgeCount
168,100,86,0.02,2,,clustered,0.5;-0.3,6,6,6,0,2,8,2,8,26,2,2,edgeCount
167,100,100,0.02,1,,clustered,0.5;-0.3,8,8,8,0,0,8,0,8,8,0,0,edgeCount
166,100,123,0.02,1,,clustered,0.5;-0.3,6,6,6,0,0,6,0,6,6,0,0,edgeCount
165,100,95,0.02,1,,clustered,0.5;-0.3,11,11,11,0,0,11,0,11,11,0,0,edgeCount
164,100,91,0.02,1,,clustered,0.5;-0.3,-1,-1,-1,0,2,-1,0,-1,-1,0,2,edgeCount
163,100,111,0.02,2,,clustered,0.5;-0.3,12,12,6,6,0,10,4,10,10,4,0,edgeCount
162,100,114,0.02,1,,clustered,0.5;-0.3,6,6,6,0,0,6,0,6,6,0,0,edgeCount
161,100,96,0.02,1,,clustered,0.5;-0.3,6,6,6,0,0,6,0,6,6,0,0,edgeCount
160,100,90,0.02,1,,clustered,0.5;-0.3,8,8,8,0,0,8,0,8,8,0,0,edgeCount
159,100,92,0.02,1,,clustered,0.5;-0.3,-1,-1,-1,0,2,-1,0,-1,-1,0,2,edgeCount
158,100,112,0.02,1,,clustered,0.5;-0.3,-1,-1,-1,0,0,-1,0,-1,-1,0,0,edgeCount
157,100,95,0.02,2,,clustered,0.5;-0.3,16,16,6,10,0,16,10,16,16,10,0,edgeCount
156,100,88,0.02,1,,clustered,0.5;-0.3,2,2,2,0,0,2,0,2,2,0,0,edgeCount
155,100,108,0.02,2,,clustered,0.5;-0.3,10,16,5,5,8,5,0,5,5,0,6,edgeCount
154,100,100,0.02,1,,clustered,0.5;-0.3,6,6,6,0,0,6,0,6,6,0,0,edgeCount
153,100,97,0.02,1,,clustered,0.5;-0.3,6,6,6,0,0,6,0,6,6,0,0,edgeCount
152,100,94,0.02,3,,clustered,0.5;-0.3,20,12,2,18,0,2,0,2,2,0,0,edgeCount
151,100,112,0.02,1,,clustered,0.5;-0.3,7,7,7,0,0,7,0,7,7,0,0,edgeCount
150,100,106,0.02,1,,clustered,0.5;-0.3,7,7,7,0,0,7,0,7,7,0,0,edgeCount
149,100,102,0.02,2,,clustered,0.5;-0.3,7,12,7,0,0,11,4,11,11,4,0,edgeCount
148,100,99,0.02,1,,clustered,0.5;-0.3,6,6,6,0,0,6,0,6,6,0,0,edgeCount
147,100,99,0.02,1,,clustered,0.5;-0.3,-1,-1,-1,0,0,-1,0,-1,-1,0,0,edgeCount
146,100,99,0.02,3,,clustered,0.5;-0.3,7,7,5,2,0,7,2,7,7,2,0,edgeCount
145,100,118,0.02,2,,clustered,0.5;-0.3,9,8,7,2,0,21,14,21,21,14,0,edgeCount
144,100,118,0.02,1,,clustered,0.5;-0.3,18,18,8,10,2,-1,-9,18,18,10,2,edgeCount
143,100,107,0.02,3,,clustered,0.5;-0.3,11,11,2,9,2,2,0,2,2,0,2,edgeCount
142,100,108,0.02,3,,clustered,0.5;-0.3,22,4,4,18,0,4,0,4,4,0,0,edgeCount
141,100,108,0.02,1,,clustered,0.5;-0.3,-1,-1,6,-7,4,-1,-7,-1,-1,-7,4,edgeCount
140,100,99,0.02,2,,clustered,0.5;-0.3,4,4,4,0,0,4,0,4,4,0,0,edgeCount
139,100,93,0.02,1,,clustered,0.5;-0.3,-1,-1,-1,0,2,-1,0,-1,-1,0,2,edgeCount
138,100,83,0.02,1,,clustered,0.5;-0.3,-1,-1,-1,0,2,-1,0,-1,-1,0,2,edgeCount
137,100,96,0.02,2,,clustered,0.5;-0.3,6,6,6,0,4,6,0,6,16,0,4,edgeCount
136,100,101,0.02,1,,clustered,0.5;-0.3,22,22,8,14,2,-1,-9,22,22,14,2,edgeCount
135,100,95,0.02,2,,clustered,0.5;-0.3,5,5,5,0,0,5,0,5,5,0,0,edgeCount
134,100,115,0.02,2,,clustered,0.5;-0.3,2,2,2,0,0,2,0,2,2,0,0,edgeCount
133,100,99,0.02,3,,clustered,0.5;-0.3,2,2,2,0,0,2,0,2,2,0,0,edgeCount
132,100,99,0.02,1,,clustered,0.5;-0.3,5,9,5,0,4,5,0,5,9,0,4,edgeCount
131,100,94,0.02,1,,clustered,0.5;-0.3,6,6,6,0,0,6,0,6,6,0,0,edgeCount
130,100,86,0.02,2,,clustered,0.5;-0.3,9,9,7,2,0,9,2,9,9,2,0,edgeCount
129,100,92,0.02,1,,clustered,0.5;-0.3,10,10,6,4,2,-1,-7,10,10,4,2,edgeCount
128,100,113,0.02,2,,clustered,0.5;-0.3,6,5,5,1,0,5,0,5,5,0,0,edgeCount
127,100,97,0.02,1,,clustered,0.5;-0.3,10,10,10,0,0,10,0,10,10,0,0,edgeCount
126,100,94,0.02,2,,clustered,0.5;-0.3,19,19,7,12,2,7,0,7,37,0,2,edgeCount
125,100,77,0.02,1,,clustered,0.5;-0.3,-1,-1,-1,0,0,-1,0,-1,-1,0,0,edgeCount
124,100,87,0.02,3,,clustered,0.5;-0.3,39,11,10,29,0,-1,-11,-1,-1,-11,0,edgeCount
123,100,117,0.02,1,,clustered,0.5;-0.3,8,8,8,0,0,8,0,8,8,0,0,edgeCount
122,100,106,0.02,1,,clustered,0.5;-0.3,-1,-1,4,-5,0,-1,-5,-1,-1,-5,0,edgeCount
121,100,85,0.02,1,,clustered,0.5;-0.3,5,5,5,0,0,5,0,5,5,0,0,edgeCount
120,100,103,0.02,1,,clustered,0.5;-0.3,-1,-1,-1,0,0,-1,0,-1,-1,0,0,edgeCount
119,100,111,0.02,1,,clustered,0.5;-0.3,5,5,5,0,0,5,0,5,5,0,0,edgeCount
118,100,87,0.02,2,,clustered,0.5;-0.3,10,10,2,8,2,2,0,2,2,0,2,edgeCount
117,100,93,0.02,1,,clustered,0.5;-0.3,-1,-1,-1,0,2,-1,0,-1,-1,0,2,edgeCount
116,100,94,0.02,2,,clustered,0.5;-0.3,-1,-1,-1,0,0,-1,0,-1,-1,0,0,edgeCount
115,100,92,0.02,1,,clustered,0.5;-0.3,4,4,4,0,0,4,0,4,4,0,0,edgeCount
114,100,109,0.02,2,,clustered,0.5;-0.3,4,12,4,0,0,10,6,10,10,6,0,edgeCount
113,100,105,0.02,1,,clustered,0.5;-0.3,4,4,4,0,0,4,0,4,4,0,0,edgeCount
112,100,94,0.02,1,,clustered,0.5;-0.3,6,6,6,0,0,6,0,6,6,0,0,edgeCount
111,100,88,0.02,1,,clustered,0.5;-0.3,4,4,4,0,0,4,0,4,4,0,0,edgeCount
110,100,102,0.02,1,,clustered,0.5;-0.3,-1,-1,7,-8,2,-1,-8,-1,-1,-8,2,edgeCount
109,100,93,0.02,2,,clustered,0.5;-0.3,2,2,2,0,2,9,7,2,2,0,2,edgeCount
108,100,101,0.02,1,,clustered,0.5;-0.3,4,4,4,0,0,4,0,4,4,0,0,edgeCount
107,100,99,0.02,1,,clustered,0.5;-0.3,-1,-1,-1,0,2,-1,0,-1,-1,0,2,edgeCount
106,100,90,0.02,2,,clustered,0.5;-0.3,7,7,7,0,0,7,0,7,7,0,0,edgeCount
105,100,110,0.02,1,,clustered,0.5;-0.3,6,6,6,0,0,6,0,6,6,0,0,edgeCount
104,100,93,0.02,1,,clustered,0.5;-0.3,4,4,4,0,0,4,0,4,4,0,0,edgeCount
103,100,117,0.02,2,,clustered,0.5;-0.3,10,36,9,1,0,22,13,22,22,13,0,edgeCount
102,100,87,0.02,1,,clustered,0.5;-0.3,-1,-1,-1,0,0,-1,0,-1,-1,0,0,edgeCount
101,100,83,0.02,1,,clustered,0.5;-0.3,-1,-1,-1,0,2,-1,0,-1,-1,0,2,edgeCount
100,100,92,0.02,1,,clustered,0.5;-0.3,5,5,5,0,0,5,0,5,5,0,0,edgeCount
99,100,95,0.02,1,,clustered,0.5;-0.3,-1,-1,-1,0,0,-1,0,-1,-1,0,0,edgeCount
98,100,110,0.02,2,,clustered,0.5;-0.3,-1,-1,-1,0,0,-1,0,-1,-1,0,0,edgeCount
97,100,109,0.02,2,,clustered,0.5;-0.3,6,20,6,0,2,12,6,12,28,6,2,edgeCount
96,100,98,0.02,1,,clustered,0.5;-0.3,-1,-1,-1,0,0,-1,0,-1,-1,0,0,edgeCount
95,100,114,0.02,1,,clustered,0.5;-0.3,16,16,10,6,2,-1,-11,16,16,6,2,edgeCount
94,100,107,0.02,2,,clustered,0.5;-0.3,-1,-1,-1,0,0,-1,0,-1,-1,0,0,edgeCount
93,100,87,0.02,1,,clustered,0.5;-0.3,6,6,6,0,0,6,0,6,6,0,0,edgeCount
92,100,98,0.02,2,,clustered,0.5;-0.3,-1,-1,-1,0,0,-1,0,-1,-1,0,0,edgeCount
91,100,103,0.02,1,,clustered,0.5;-0.3,8,8,8,0,0,8,0,8,8,0,0,edgeCount
90,100,103,0.02,2,,clustered,0.5;-0.3,6,13,5,1,0,6,1,6,6,1,0,edgeCount
89,100,101,0.02,1,,clustered,0.5;-0.3,3,3,3,0,0,3,0,3,3,0,0,edgeCount
88,100,89,0.02,1,,clustered,0.5;-0.3,8,8,8,0,0,8,0,8,8,0,0,edgeCount
87,100,110,0.02,1,,clustered,0.5;-0.3,13,7,7,6,4,-1,-8,13,7,6,4,edgeCount
86,100,99,0.02,2,,clustered,0.5;-0.3,8,8,3,5,0,8,5,8,8,5,0,edgeCount
85,100,98,0.02,1,,clustered,0.5;-0.3,3,3,3,0,0,3,0,3,3,0,0,edgeCount
84,100,107,0.02,1,,clustered,0.5;-0.3,-1,-1,-1,0,0,-1,0,-1,-1,0,0,edgeCount
83,100,88,0.02,2,,clustered,0.5;-0.3,-1,-1,-1,0,2,-1,0,-1,-1,0,2,edgeCount
82,100,94,0.02,1,,clustered,0.5;-0.3,5,5,5,0,0,5,0,5,5,0,0,edgeCount
81,100,109,0.02,4,,clustered,0.5;-0.3,33,31,3,30,0,3,0,3,3,0,0,edgeCount
80,100,103,0.02,2,,clustered,0.5;-0.3,16,22,3,13,0,4,1,4,4,1,0,edgeCount
79,100,113,0.02,1,,clustered,0.5;-0.3,10,10,10,0,0,10,0,10,10,0,0,edgeCount
78,100,95,0.02,2,,clustered,0.5;-0.3,6,6,6,0,0,6,0,6,6,0,0,edgeCount
77,100,101,0.02,2,,clustered,0.5;-0.3,6,6,6,0,0,6,0,6,6,0,0,edgeCount
76,100,104,0.02,1,,clustered,0.5;-0.3,4,4,4,0,8,4,0,4,4,0,8,edgeCount
75,100,96,0.02,1,,clustered,0.5;-0.3,6,6,6,0,0,6,0,6,6,0,0,edgeCount
74,100,88,0.02,1,,clustered,0.5;-0.3,4,4,4,0,2,4,0,4,4,0,2,edgeCount
73,100,105,0.02,1,,clustered,0.5;-0.3,7,7,7,0,0,7,0,7,7,0,0,edgeCount
72,100,105,0.02,1,,clustered,0.5;-0.3,7,7,7,0,0,7,0,7,7,0,0,edgeCount
71,100,93,0.02,1,,clustered,0.5;-0.3,-1,-1,-1,0,2,-1,0,-1,-1,0,2,edgeCount
70,100,89,0.02,2,,clustered,0.5;-0.3,6,6,6,0,0,6,0,6,6,0,0,edgeCount
69,100,113,0.02,3,,clustered,0.5;-0.3,17,17,7,10,0,17,10,17,17,10,0,edgeCount
68,100,108,0.02,2,,clustered,0.5;-0.3,14,4,4,10,2,4,0,4,4,0,2,edgeCount
67,100,101,0.02,1,,clustered,0.5;-0.3,5,5,5,0,0,5,0,5,5,0,0,edgeCount
66,100,88,0.02,1,,clustered,0.5;-0.3,7,19,7,0,2,7,0,7,19,0,2,edgeCount
65,100,121,0.02,2,,clustered,0.5;-0.3,21,5,5,16,0,5,0,5,5,0,0,edgeCount
64,100,93,0.02,1,,clustered,0.5;-0.3,2,2,2,0,0,2,0,2,2,0,0,edgeCount
63,100,103,0.02,1,,clustered,0.5;-0.3,8,8,8,0,0,8,0,8,8,0,0,edgeCount
62,100,108,0.02,1,,clustered,0.5;-0.3,9,9,9,0,0,9,0,9,9,0,0,edgeCount
61,100,100,0.02,1,,clustered,0.5;-0.3,-1,-1,6,-7,0,-1,-7,-1,-1,-7,0,edgeCount
60,100,91,0.02,1,,clustered,0.5;-0.3,10,10,10,0,0,10,0,10,10,0,0,edgeCount
59,100,94,0.02,1,,clustered,0.5;-0.3,7,7,7,0,0,7,0,7,7,0,0,edgeCount
58,100,92,0.02,2,,clustered,0.5;-0.3,2,2,2,0,0,2,0,2,2,0,0,edgeCount
57,100,111,0.02,3,,clustered,0.5;-0.3,5,5,5,0,0,5,0,5,5,0,0,edgeCount
56,100,100,0.02,2,,clustered,0.5;-0.3,26,8,8,18,2,8,0,8,8,0,2,edgeCount
55,100,119,0.02,3,,clustered,0.5;-0.3,6,8,4,2,0,14,10,14,14,10,0,edgeCount
54,100,88,0.02,1,,clustered,0.5;-0.3,6,6,6,0,0,6,0,6,6,0,0,edgeCount
53,100,103,0.02,1,,clustered,0.5;-0.3,-1,-1,-1,0,0,-1,0,-1,-1,0,0,edgeCount
52,100,103,0.02,1,,clustered,0.5;-0.3,6,6,6,0,0,6,0,6,6,0,0,edgeCount
51,100,95,0.02,1,,clustered,0.5;-0.3,8,8,8,0,0,8,0,8,8,0,0,edgeCount
50,100,95,0.02,1,,clustered,0.5;-0.3,4,4,4,0,0,4,0,4,4,0,0,edgeCount
49,100,101,0.02,1,,clustered,0.5;-0.3,5,5,5,0,6,5,0,5,5,0,6,edgeCount
48,100,94,0.02,2,,clustered,0.5;-0.3,9,29,6,3,4,6,0,6,6,0,4,edgeCount
47,100,104,0.02,2,,clustered,0.5;-0.3,23,13,5,18,4,-1,-6,21,13,16,4,edgeCount
46,100,113,0.02,4,,clustered,0.5;-0.3,25,7,3,22,0,3,0,3,7,0,0,edgeCount
45,100,103,0.02,1,,clustered,0.5;-0.3,9,9,9,0,4,9,0,9,9,0,4,edgeCount
44,100,90,0.02,1,,clustered,0.5;-0.3,3,3,3,0,0,3,0,3,3,0,0,edgeCount
43,100,103,0.02,1,,clustered,0.5;-0.3,4,4,4,0,0,4,0,4,4,0,0,edgeCount
42,100,96,0.02,1,,clustered,0.5;-0.3,5,5,5,0,0,5,0,5,5,0,0,edgeCount
41,100,91,0.02,2,,clustered,0.5;-0.3,24,24,14,10,0,24,10,24,24,10,0,edgeCount
40,100,125,0.02,2,,clustered,0.5;-0.3,12,12,5,7,0,-1,-6,-1,-1,-6,0,edgeCount
39,100,107,0.02,1,,clustered,0.5;-0.3,15,15,8,7,4,-1,-9,15,15,7,4,edgeCount
38,100,112,0.02,2,,clustered,0.5;-0.3,9,35,7,2,2,15,8,15,35,8,2,edgeCount
37,100,97,0.02,3,,clustered,0.5;-0.3,13,13,5,8,0,13,8,13,13,8,0,edgeCount
36,100,123,0.02,4,,clustered,0.5;-0.3,7,39,6,1,0,17,11,17,17,11,0,edgeCount
35,100,108,0.02,2,,clustered,0.5;-0.3,13,15,3,10,0,3,0,3,3,0,0,edgeCount
34,100,98,0.02,1,,clustered,0.5;-0.3,8,8,8,0,0,8,0,8,8,0,0,edgeCount
33,100,119,0.02,2,,clustered,0.5;-0.3,5,10,5,0,2,7,2,7,7,2,2,edgeCount
32,100,114,0.02,2,,clustered,0.5;-0.3,-1,-1,-1,0,2,-1,0,-1,-1,0,2,edgeCount
31,100,119,0.02,1,,clustered,0.5;-0.3,6,6,6,0,0,6,0,6,6,0,0,edgeCount
30,100,95,0.02,1,,clustered,0.5;-0.3,21,11,8,13,2,-1,-9,21,11,13,2,edgeCount
29,100,91,0.02,2,,clustered,0.5;-0.3,21,21,7,14,0,7,0,7,7,0,0,edgeCount
28,100,92,0.02,2,,clustered,0.5;-0.3,6,6,6,0,0,6,0,6,6,0,0,edgeCount
27,100,96,0.02,1,,clustered,0.5;-0.3,8,8,8,0,2,8,0,8,8,0,2,edgeCount
26,100,106,0.02,2,,clustered,0.5;-0.3,16,6,6,10,6,-1,-7,15,13,9,6,edgeCount
25,100,99,0.02,1,,clustered,0.5;-0.3,5,5,5,0,0,5,0,5,5,0,0,edgeCount
24,100,97,0.02,2,,clustered,0.5;-0.3,-1,-1,-1,0,0,-1,0,-1,-1,0,0,edgeCount
23,100,90,0.02,1,,clustered,0.5;-0.3,5,5,5,0,0,5,0,5,5,0,0,edgeCount
22,100,88,0.02,1,,clustered,0.5;-0.3,-1,-1,-1,0,0,-1,0,-1,-1,0,0,edgeCount
21,100,93,0.02,1,,clustered,0.5;-0.3,8,8,8,0,0,8,0,8,8,0,0,edgeCount
20,100,122,0.02,3,,clustered,0.5;-0.3,13,5,5,8,0,5,0,5,5,0,0,edgeCount
19,100,95,0.02,2,,clustered,0.5;-0.3,6,24,6,0,0,16,10,16,16,10,0,edgeCount
18,100,96,0.02,3,,clustered,0.5;-0.3,7,8,6,1,0,17,11,17,17,11,0,edgeCount
17,100,99,0.02,1,,clustered,0.5;-0.3,5,5,5,0,0,5,0,5,5,0,0,edgeCount
16,100,86,0.02,2,,clustered,0.5;-0.3,-1,-1,9,-10,0,-1,-10,-1,-1,-10,0,edgeCount
15,100,98,0.02,1,,clustered,0.5;-0.3,9,9,9,0,0,9,0,9,9,0,0,edgeCount
14,100,74,0.02,1,,clustered,0.5;-0.3,13,13,7,6,2,-1,-8,13,13,6,2,edgeCount
13,100,110,0.02,1,,clustered,0.5;-0.3,5,5,5,0,0,5,0,5,5,0,0,edgeCount
12,100,106,0.02,2,,clustered,0.5;-0.3,-1,-1,-1,0,0,-1,0,-1,-1,0,0,edgeCount
11,100,104,0.02,2,,clustered,0.5;-0.3,-1,-1,-1,0,0,-1,0,-1,-1,0,0,edgeCount
10,100,96,0.02,1,,clustered,0.5;-0.3,10,10,10,0,0,10,0,10,10,0,0,edgeCount
9,100,110,0.02,1,,clustered,0.5;-0.3,6,6,6,0,0,6,0,6,6,0,0,edgeCount
8,100,110,0.02,1,,clustered,0.5;-0.3,-1,-1,-1,0,0,-1,0,-1,-1,0,0,edgeCount
7,100,94,0.02,2,,clustered,0.5;-0.3,-1,-1,-1,0,0,-1,0,-1,-1,0,0,edgeCount
6,100,91,0.02,2,,clustered,0.5;-0.3,5,13,5,0,0,11,6,11,11,6,0,edgeCount
5,100,105,0.02,1,,clustered,0.5;-0.3,10,10,10,0,0,10,0,10,10,0,0,edgeCount
4,100,119,0.02,2,,clustered,0.5;-0.3,8,34,5,3,4,10,5,10,42,5,4,edgeCount
3,100,94,0.02,2,,clustered,0.5;-0.3,18,14,4,14,0,4,0,4,4,0,0,edgeCount
2,100,92,0.02,1,,clustered,0.5;-0.3,9,9,9,0,0,9,0,9,9,0,0,edgeCount
1,100,107,0.02,1,,clustered,0.5;-0.3,-1,-1,6,-7,0,-1,-7,-1,-1,-7,0,edgeCount
