rep,nrNodes,nrEdges,edgeProb,nrPaths,nrFails,failureModel,failurePercent,hopsRanked,hopsUnranked,spLength,stretch_mult,nodeAdditions,hopsPath,stretch_path,hopsRankedOne,hopsUnrankedOne,stretch_one,overallNodeAdditionsOne,treeChoice
1000,149,193,graphml/GtsCe.graphml,2,,clustered,0.7;-0.3,-1,-1,-1,0,2,-1,0,-1,-1,0,2,edgeCount
999,149,193,graphml/GtsCe.graphml,2,,clustered,0.7;-0.3,-1,-1,-1,0,0,-1,0,-1,-1,0,0,edgeCount
998,149,193,graphml/GtsCe.graphml,1,,clustered,0.7;-0.3,-1,-1,22,-23,0,-1,-23,-1,-1,-23,0,edgeCount
997,149,193,graphml/GtsCe.graphml,2,,clustered,0.7;-0.3,-1,-1,-1,0,2,-1,0,-1,-1,0,2,edgeCount
996,149,193,graphml/GtsCe.graphml,2,,clustered,0.7;-0.3,17,17,12,5,2,17,5,17,17,5,2,edgeCount
995,149,193,graphml/GtsCe.graphml,2,,clustered,0.7;-0.3,-1,-1,-1,0,0,-1,0,-1,-1,0,0,edgeCount
994,149,193,graphml/GtsCe.graphml,2,,clustered,0.7;-0.3,15,15,3,12,4,3,0,3,3,0,4,edgeCount
993,149,193,graphml/GtsCe.graphml,2,,clustered,0.7;-0.3,-1,-1,4,-5,0,-1,-5,-1,-1,-5,0,edgeCount
992,149,193,graphml/GtsCe.graphml,2,,clustered,0.7;-0.3,-1,-1,-1,0,4,-1,0,-1,-1,0,4,edgeCount
991,149,193,graphml/GtsCe.graphml,2,,clustered,0.7;-0.3,-1,-1,-1,0,2,-1,0,-1,-1,0,2,edgeCount
990,149,193,graphml/GtsCe.graphml,2,,clustered,0.7;-0.3,-1,-1,-1,0,0,-1,0,-1,-1,0,0,edgeCount
989,149,193,graphml/GtsCe.graphml,2,,clustered,0.7;-0.3,-1,-1,-1,0,0,-1,0,-1,-1,0,0,edgeCount
988,149,193,graphml/GtsCe.graphml,1,,clustered,0.7;-0.3,-1,-1,-1,0,2,-1,0,-1,-1,0,2,edgeCount
987,149,193,graphml/GtsCe.graphml,2,,clustered,0.7;-0.3,-1,-1,-1,0,0,-1,0,-1,-1,0,0,edgeCount
986,149,193,graphml/GtsCe.graphml,2,,clustered,0.7;-0.3,-1,-1,-1,0,0,-1,0,-1,-1,0,0,edgeCount
985,149,193,graphml/GtsCe.graphml,2,,clustered,0.7;-0.3,-1,-1,16,-17,2,-1,-17,-1,-1,-17,2,edgeCount
984,149,193,graphml/GtsCe.graphml,2,,clustered,0.7;-0.3,-1,-1,6,-7,0,-1,-7,-1,-1,-7,0,edgeCount
983,149,193,graphml/GtsCe.graphml,1,,clustered,0.7;-0.3,-1,-1,-1,0,0,-1,0,-1,-1,0,0,edgeCount
982,149,193,graphml/GtsCe.graphml,2,,clustered,0.7;-0.3,-1,-1,9,-10,0,-1,-10,-1,-1,-10,0,edgeCount
981,149,193,graphml/GtsCe.graphml,2,,clustered,0.7;-0.3,-1,-1,-1,0,8,-1,0,-1,-1,0,8,edgeCount
980,149,193,graphml/GtsCe.graphml,2,,clustered,0.7;-0.3,-1,-1,-1,0,0,-1,0,-1,-1,0,0,edgeCount
979,149,193,graphml/GtsCe.graphml,2,,clustered,0.7;-0.3,-1,-1,-1,0,0,-1,0,-1,-1,0,0,edgeCount
978,149,193,graphml/GtsCe.graphml,3,,clustered,0.7;-0.3,-1,-1,-1,0,0,-1,0,-1,-1,0,0,edgeCount
977,149,193,graphml/GtsCe.graphml,2,,clustered,0.7;-0.3,-1,-1,-1,0,0,-1,0,-1,-1,0,0,edgeCount
976,149,193,graphml/GtsCe.graphml,2,,clustered,0.7;-0.3,-1,-1,5,-6,0,-1,-6,-1,-1,-6,0,edgeCount
975,149,193,graphml/GtsCe.graphml,2,,clustered,0.7;-0.3,24,24,10,14,0,-1,-11,-1,-1,-11,0,edgeCount
974,149,193,graphml/GtsCe.graphml,2,,clustered,0.7;-0.3,7,25,4,3,4,13,9,13,13,9,4,edgeCount
973,149,193,graphml/GtsCe.graphml,2,,clustered,0.7;-0.3,-1,-1,-1,0,0,-1,0,-1,-1,0,0,edgeCount
972,149,193,graphml/GtsCe.graphml,2,,clustered,0.7;-0.3,-1,-1,-1,0,8,-1,0,-1,-1,0,8,edgeCount
971,149,193,graphml/GtsCe.graphml,2,,clustered,0.7;-0.3,-1,-1,15,-16,0,-1,-16,-1,-1,-16,0,edgeCount
970,149,193,graphml/GtsCe.graphml,2,,clustered,0.7;-0.3,-1,-1,-1,0,0,-1,0,-1,-1,0,0,edgeCount
969,149,193,graphml/GtsCe.graphml,2,,clustered,0.7;-0.3,20,10,10,10,2,-1,-11,20,10,10,2,edgeCount
968,149,193,graphml/GtsCe.graphml,1,,clustered,0.7;-0.3,3,3,3,0,0,3,0,3,3,0,0,edgeCount
967,149,193,graphml/GtsCe.graphml,3,,clustered,0.7;-0.3,-1,-1,-1,0,0,-1,0,-1,-1,0,0,edgeCount
966,149,193,graphml/GtsCe.graphml,2,,clustered,0.7;-0.3,-1,-1,-1,0,4,-1,0,-1,-1,0,4,edgeCount
965,149,193,graphml/GtsCe.graphml,2,,clustered,0.7;-0.3,9,35,9,0,0,9,0,9,9,0,0,edgeCount
964,149,193,graphml/GtsCe.graphml,2,,clustered,0.7;-0.3,14,30,6,8,0,6,0,6,6,0,0,edgeCount
963,149,193,graphml/GtsCe.graphml,3,,clustered,0.7;-0.3,-1,-1,-1,0,0,-1,0,-1,-1,0,0,edgeCount
962,149,193,graphml/GtsCe.graphml,2,,clustered,0.7;-0.3,14,6,6,8,0,6,0,6,6,0,0,edgeCount
961,149,193,graphml/GtsCe.graphml,2,,clustered,0.7;-0.3,50,14,12,38,2,14,2,14,14,2,2,edgeCount
960,149,193,graphml/GtsCe.graphml,2,,clustered,0.7;-0.3,-1,-1,-1,0,2,-1,0,-1,-1,0,2,edgeCount
959,149,193,graphml/GtsCe.graphml,2,,clustered,0.7;-0.3,-1,-1,-1,0,0,-1,0,-1,-1,0,0,edgeCount
958,149,193,graphml/GtsCe.graphml,2,,clustered,0.7;-0.3,-1,-1,-1,0,0,-1,0,-1,-1,0,0,edgeCount
957,149,193,graphml/GtsCe.graphml,2,,clustered,0.7;-0.3,-1,-1,-1,0,2,-1,0,-1,-1,0,2,edgeCount
956,149,193,graphml/GtsCe.graphml,2,,clustered,0.7;-0.3,-1,-1,-1,0,0,-1,0,-1,-1,0,0,edgeCount
955,149,193,graphml/GtsCe.graphml,2,,clustered,0.7;-0.3,-1,-1,-1,0,2,-1,0,-1,-1,0,2,edgeCount
954,149,193,graphml/GtsCe.graphml,2,,clustered,0.7;-0.3,-1,-1,18,-19,0,-1,-19,-1,-1,-19,0,edgeCount
953,149,193,graphml/GtsCe.graphml,2,,clustered,0.7;-0.3,36,12,12,24,6,-1,-13,26,22,14,6,edgeCount
952,149,193,graphml/GtsCe.graphml,2,,clustered,0.7;-0.3,-1,-1,-1,0,0,-1,0,-1,-1,0,0,edgeCount
951,149,193,graphml/GtsCe.graphml,2,,clustered,0.7;-0.3,-1,-1,-1,0,0,-1,0,-1,-1,0,0,edgeCount
950,149,193,graphml/GtsCe.graphml,2,,clustered,0.7;-0.3,-1,-1,-1,0,2,-1,0,-1,-1,0,2,edgeCount
949,149,193,graphml/GtsCe.graphml,2,,clustered,0.7;-0.3,-1,-1,-1,0,2,-1,0,-1,-1,0,2,edgeCount
948,149,193,graphml/GtsCe.graphml,3,,clustered,0.7;-0.3,7,5,4,3,0,15,11,5,5,1,0,edgeCount
947,149,193,graphml/GtsCe.graphml,2,,clustered,0.7;-0.3,23,7,7,16,2,-1,-8,7,7,0,2,edgeCount
946,149,193,graphml/GtsCe.graphml,2,,clustered,0.7;-0.3,-1,-1,-1,0,6,-1,0,-1,-1,0,6,edgeCount
945,149,193,graphml/GtsCe.graphml,3,,clustered,0.7;-0.3,-1,-1,-1,0,0,-1,0,-1,-1,0,0,edgeCount
944,149,193,graphml/GtsCe.graphml,2,,clustered,0.7;-0.3,19,19,9,10,0,19,10,19,19,10,0,edgeCount
943,149,193,graphml/GtsCe.graphml,1,,clustered,0.7;-0.3,10,10,10,0,0,10,0,10,10,0,0,edgeCount
942,149,193,graphml/GtsCe.graphml,2,,clustered,0.7;-0.3,-1,-1,17,-18,0,-1,-18,-1,-1,-18,0,edgeCount
941,149,193,graphml/GtsCe.graphml,2,,clustered,0.7;-0.3,4,4,4,0,0,4,0,4,4,0,0,edgeCount
940,149,193,graphml/GtsCe.graphml,2,,clustered,0.7;-0.3,-1,-1,-1,0,2,-1,0,-1,-1,0,2,edgeCount
939,149,193,graphml/GtsCe.graphml,2,,clustered,0.7;-0.3,12,16,10,2,2,20,10,20,34,10,2,edgeCount
938,149,193,graphml/GtsCe.graphml,2,,clustered,0.7;-0.3,11,11,6,5,0,11,5,11,11,5,0,edgeCount
937,149,193,graphml/GtsCe.graphml,2,,clustered,0.7;-0.3,-1,-1,-1,0,0,-1,0,-1,-1,0,0,edgeCount
936,149,193,graphml/GtsCe.graphml,1,,clustered,0.7;-0.3,-1,-1,10,-11,0,-1,-11,-1,-1,-11,0,edgeCount
935,149,193,graphml/GtsCe.graphml,2,,clustered,0.7;-0.3,-1,-1,-1,0,6,-1,0,-1,-1,0,6,edgeCount
934,149,193,graphml/GtsCe.graphml,2,,clustered,0.7;-0.3,-1,-1,11,-12,0,-1,-12,-1,-1,-12,0,edgeCount
933,149,193,graphml/GtsCe.graphml,2,,clustered,0.7;-0.3,-1,-1,-1,0,0,-1,0,-1,-1,0,0,edgeCount
932,149,193,graphml/GtsCe.graphml,2,,clustered,0.7;-0.3,-1,-1,-1,0,0,-1,0,-1,-1,0,0,edgeCount
931,149,193,graphml/GtsCe.graphml,2,,clustered,0.7;-0.3,-1,-1,16,-17,2,-1,-17,-1,-1,-17,2,edgeCount
930,149,193,graphml/GtsCe.graphml,2,,clustered,0.7;-0.3,34,10,10,24,2,-1,-11,10,10,0,2,edgeCount
929,149,193,graphml/GtsCe.graphml,3,,clustered,0.7;-0.3,-1,-1,14,-15,0,-1,-15,-1,-1,-15,0,edgeCount
928,149,193,graphml/GtsCe.graphml,2,,clustered,0.7;-0.3,9,21,8,1,0,21,13,21,21,13,0,edgeCount
927,149,193,graphml/GtsCe.graphml,2,,clustered,0.7;-0.3,30,30,13,17,0,28,15,28,28,15,0,edgeCount
926,149,193,graphml/GtsCe.graphml,2,,clustered,0.7;-0.3,-1,-1,-1,0,0,-1,0,-1,-1,0,0,edgeCount
925,149,193,graphml/GtsCe.graphml,2,,clustered,0.7;-0.3,6,6,6,0,6,6,0,6,6,0,6,edgeCount
924,149,193,graphml/GtsCe.graphml,2,,clustered,0.7;-0.3,10,10,9,1,0,10,1,10,10,1,0,edgeCount
923,149,193,graphml/GtsCe.graphml,2,,clustered,0.7;-0.3,14,58,8,6,0,28,20,28,28,20,0,edgeCount
922,149,193,graphml/GtsCe.graphml,2,,clustered,0.7;-0.3,-1,-1,-1,0,0,-1,0,-1,-1,0,0,edgeCount
921,149,193,graphml/GtsCe.graphml,2,,clustered,0.7;-0.3,-1,-1,-1,0,0,-1,0,-1,-1,0,0,edgeCount
920,149,193,graphml/GtsCe.graphml,1,,clustered,0.7;-0.3,15,9,9,6,2,-1,-10,15,9,6,2,edgeCount
919,149,193,graphml/GtsCe.graphml,2,,clustered,0.7;-0.3,-1,-1,-1,0,0,-1,0,-1,-1,0,0,edgeCount
918,149,193,graphml/GtsCe.graphml,2,,clustered,0.7;-0.3,42,42,14,28,0,42,28,42,42,28,0,edgeCount
917,149,193,graphml/GtsCe.graphml,2,,clustered,0.7;-0.3,22,6,6,16,2,6,0,6,6,0,2,edgeCount
916,149,193,graphml/GtsCe.graphml,2,,clustered,0.7;-0.3,-1,-1,-1,0,2,-1,0,-1,-1,0,2,edgeCount
915,149,193,graphml/GtsCe.graphml,2,,clustered,0.7;-0.3,-1,-1,-1,0,2,-1,0,-1,-1,0,2,edgeCount
914,149,193,graphml/GtsCe.graphml,2,,clustered,0.7;-0.3,11,11,11,0,0,11,0,11,11,0,0,edgeCount
913,149,193,graphml/GtsCe.graphml,2,,clustered,0.7;-0.3,-1,-1,-1,0,0,-1,0,-1,-1,0,0,edgeCount
912,149,193,graphml/GtsCe.graphml,2,,clustered,0.7;-0.3,-1,-1,-1,0,0,-1,0,-1,-1,0,0,edgeCount
911,149,193,graphml/GtsCe.graphml,2,,clustered,0.7;-0.3,-1,-1,19,-20,6,-1,-20,-1,-1,-20,6,edgeCount
910,149,193,graphml/GtsCe.graphml,2,,clustered,0.7;-0.3,-1,-1,-1,0,2,-1,0,-1,-1,0,2,edgeCount
909,149,193,graphml/GtsCe.graphml,1,,clustered,0.7;-0.3,-1,-1,9,-10,0,-1,-10,-1,-1,-10,0,edgeCount
908,149,193,graphml/GtsCe.graphml,2,,clustered,0.7;-0.3,-1,-1,22,-23,4,-1,-23,-1,-1,-23,4,edgeCount
907,149,193,graphml/GtsCe.graphml,2,,clustered,0.7;-0.3,-1,-1,-1,0,0,-1,0,-1,-1,0,0,edgeCount
906,149,193,graphml/GtsCe.graphml,2,,clustered,0.7;-0.3,-1,-1,10,-11,4,-1,-11,-1,-1,-11,4,edgeCount
905,149,193,graphml/GtsCe.graphml,2,,clustered,0.7;-0.3,26,10,9,17,0,-1,-10,-1,-1,-10,0,edgeCount
904,149,193,graphml/GtsCe.graphml,2,,clustered,0.7;-0.3,5,39,5,0,0,11,6,11,11,6,0,edgeCount
903,149,193,graphml/GtsCe.graphml,3,,clustered,0.7;-0.3,29,11,7,22,0,11,4,11,11,4,0,edgeCount
902,149,193,graphml/GtsCe.graphml,3,,clustered,0.7;-0.3,-1,-1,-1,0,0,-1,0,-1,-1,0,0,edgeCount
901,149,193,graphml/GtsCe.graphml,1,,clustered,0.7;-0.3,3,3,3,0,0,3,0,3,3,0,0,edgeCount
900,149,193,graphml/GtsCe.graphml,2,,clustered,0.7;-0.3,11,11,11,0,0,11,0,11,11,0,0,edgeCount
899,149,193,graphml/GtsCe.graphml,3,,clustered,0.7;-0.3,16,70,14,2,4,44,30,16,70,2,4,edgeCount
898,149,193,graphml/GtsCe.graphml,2,,clustered,0.7;-0.3,-1,-1,-1,0,0,-1,0,-1,-1,0,0,edgeCount
897,149,193,graphml/GtsCe.graphml,2,,clustered,0.7;-0.3,64,20,18,46,0,20,2,20,20,2,0,edgeCount
896,149,193,graphml/GtsCe.graphml,2,,clustered,0.7;-0.3,-1,-1,-1,0,2,-1,0,-1,-1,0,2,edgeCount
895,149,193,graphml/GtsCe.graphml,2,,clustered,0.7;-0.3,-1,-1,-1,0,0,-1,0,-1,-1,0,0,edgeCount
894,149,193,graphml/GtsCe.graphml,2,,clustered,0.7;-0.3,-1,-1,-1,0,0,-1,0,-1,-1,0,0,edgeCount
893,149,193,graphml/GtsCe.graphml,2,,clustered,0.7;-0.3,20,26,15,5,0,46,31,46,46,31,0,edgeCount
892,149,193,graphml/GtsCe.graphml,2,,clustered,0.7;-0.3,-1,-1,-1,0,0,-1,0,-1,-1,0,0,edgeCount
891,149,193,graphml/GtsCe.graphml,2,,clustered,0.7;-0.3,-1,-1,-1,0,0,-1,0,-1,-1,0,0,edgeCount
890,149,193,graphml/GtsCe.graphml,2,,clustered,0.7;-0.3,19,19,9,10,0,19,10,19,19,10,0,edgeCount
889,149,193,graphml/GtsCe.graphml,2,,clustered,0.7;-0.3,-1,-1,-1,0,2,-1,0,-1,-1,0,2,edgeCount
888,149,193,graphml/GtsCe.graphml,2,,clustered,0.7;-0.3,-1,-1,-1,0,4,-1,0,-1,-1,0,4,edgeCount
887,149,193,graphml/GtsCe.graphml,1,,clustered,0.7;-0.3,12,12,12,0,0,12,0,12,12,0,0,edgeCount
886,149,193,graphml/GtsCe.graphml,2,,clustered,0.7;-0.3,25,25,11,14,0,25,14,25,25,14,0,edgeCount
885,149,193,graphml/GtsCe.graphml,2,,clustered,0.7;-0.3,-1,-1,-1,0,0,-1,0,-1,-1,0,0,edgeCount
884,149,193,graphml/GtsCe.graphml,2,,clustered,0.7;-0.3,7,7,7,0,0,7,0,7,7,0,0,edgeCount
883,149,193,graphml/GtsCe.graphml,2,,clustered,0.7;-0.3,55,15,10,45,2,15,5,15,15,5,2,edgeCount
882,149,193,graphml/GtsCe.graphml,2,,clustered,0.7;-0.3,-1,-1,-1,0,2,-1,0,-1,-1,0,2,edgeCount
881,149,193,graphml/GtsCe.graphml,1,,clustered,0.7;-0.3,-1,-1,-1,0,4,-1,0,-1,-1,0,4,edgeCount
880,149,193,graphml/GtsCe.graphml,2,,clustered,0.7;-0.3,-1,-1,19,-20,4,-1,-20,-1,-1,-20,4,edgeCount
879,149,193,graphml/GtsCe.graphml,2,,clustered,0.7;-0.3,-1,-1,-1,0,0,-1,0,-1,-1,0,0,edgeCount
878,149,193,graphml/GtsCe.graphml,4,,clustered,0.7;-0.3,-1,-1,-1,0,4,-1,0,-1,-1,0,4,edgeCount
877,149,193,graphml/GtsCe.graphml,2,,clustered,0.7;-0.3,-1,-1,-1,0,0,-1,0,-1,-1,0,0,edgeCount
876,149,193,graphml/GtsCe.graphml,1,,clustered,0.7;-0.3,-1,-1,-1,0,2,-1,0,-1,-1,0,2,edgeCount
875,149,193,graphml/GtsCe.graphml,2,,clustered,0.7;-0.3,7,7,6,1,0,7,1,7,7,1,0,edgeCount
874,149,193,graphml/GtsCe.graphml,2,,clustered,0.7;-0.3,-1,-1,-1,0,2,-1,0,-1,-1,0,2,edgeCount
873,149,193,graphml/GtsCe.graphml,2,,clustered,0.7;-0.3,-1,-1,-1,0,0,-1,0,-1,-1,0,0,edgeCount
872,149,193,graphml/GtsCe.graphml,2,,clustered,0.7;-0.3,-1,-1,-1,0,0,-1,0,-1,-1,0,0,edgeCount
871,149,193,graphml/GtsCe.graphml,2,,clustered,0.7;-0.3,-1,-1,-1,0,8,-1,0,-1,-1,0,8,edgeCount
870,149,193,graphml/GtsCe.graphml,2,,clustered,0.7;-0.3,-1,-1,-1,0,2,-1,0,-1,-1,0,2,edgeCount
869,149,193,graphml/GtsCe.graphml,2,,clustered,0.7;-0.3,-1,-1,-1,0,2,-1,0,-1,-1,0,2,edgeCount
868,149,193,graphml/GtsCe.graphml,3,,clustered,0.7;-0.3,-1,-1,-1,0,0,-1,0,-1,-1,0,0,edgeCount
867,149,193,graphml/GtsCe.graphml,2,,clustered,0.7;-0.3,-1,-1,24,-25,6,-1,-25,-1,-1,-25,6,edgeCount
866,149,193,graphml/GtsCe.graphml,2,,clustered,0.7;-0.3,-1,-1,-1,0,0,-1,0,-1,-1,0,0,edgeCount
865,149,193,graphml/GtsCe.graphml,2,,clustered,0.7;-0.3,38,38,14,24,0,38,24,38,38,24,0,edgeCount
864,149,193,graphml/GtsCe.graphml,1,,clustered,0.7;-0.3,26,20,15,11,2,-1,-16,26,20,11,2,edgeCount
863,149,193,graphml/GtsCe.graphml,2,,clustered,0.7;-0.3,-1,-1,-1,0,0,-1,0,-1,-1,0,0,edgeCount
862,149,193,graphml/GtsCe.graphml,2,,clustered,0.7;-0.3,49,49,17,32,0,49,32,49,49,32,0,edgeCount
861,149,193,graphml/GtsCe.graphml,2,,clustered,0.7;-0.3,-1,-1,-1,0,0,-1,0,-1,-1,0,0,edgeCount
860,149,193,graphml/GtsCe.graphml,2,,clustered,0.7;-0.3,-1,-1,-1,0,0,-1,0,-1,-1,0,0,edgeCount
859,149,193,graphml/GtsCe.graphml,2,,clustered,0.7;-0.3,13,21,13,0,0,-1,-14,-1,-1,-14,0,edgeCount
858,149,193,graphml/GtsCe.graphml,2,,clustered,0.7;-0.3,-1,-1,-1,0,0,-1,0,-1,-1,0,0,edgeCount
857,149,193,graphml/GtsCe.graphml,2,,clustered,0.7;-0.3,57,57,18,39,0,57,39,57,57,39,0,edgeCount
856,149,193,graphml/GtsCe.graphml,1,,clustered,0.7;-0.3,-1,-1,11,-12,0,-1,-12,-1,-1,-12,0,edgeCount
855,149,193,graphml/GtsCe.graphml,2,,clustered,0.7;-0.3,-1,-1,-1,0,2,-1,0,-1,-1,0,2,edgeCount
854,149,193,graphml/GtsCe.graphml,1,,clustered,0.7;-0.3,-1,-1,-1,0,0,-1,0,-1,-1,0,0,edgeCount
853,149,193,graphml/GtsCe.graphml,1,,clustered,0.7;-0.3,4,4,4,0,0,4,0,4,4,0,0,edgeCount
852,149,193,graphml/GtsCe.graphml,2,,clustered,0.7;-0.3,-1,-1,-1,0,0,-1,0,-1,-1,0,0,edgeCount
851,149,193,graphml/GtsCe.graphml,2,,clustered,0.7;-0.3,-1,-1,23,-24,0,-1,-24,-1,-1,-24,0,edgeCount
850,149,193,graphml/GtsCe.graphml,2,,clustered,0.7;-0.3,-1,-1,-1,0,2,-1,0,-1,-1,0,2,edgeCount
849,149,193,graphml/GtsCe.graphml,1,,clustered,0.7;-0.3,-1,-1,-1,0,4,-1,0,-1,-1,0,4,edgeCount
848,149,193,graphml/GtsCe.graphml,3,,clustered,0.7;-0.3,80,24,10,70,0,-1,-11,-1,-1,-11,0,edgeCount
847,149,193,graphml/GtsCe.graphml,2,,clustered,0.7;-0.3,-1,-1,-1,0,0,-1,0,-1,-1,0,0,edgeCount
846,149,193,graphml/GtsCe.graphml,2,,clustered,0.7;-0.3,70,46,16,54,6,16,0,16,16,0,6,edgeCount
845,149,193,graphml/GtsCe.graphml,2,,clustered,0.7;-0.3,34,32,10,24,2,-1,-11,24,22,14,2,edgeCount
844,149,193,graphml/GtsCe.graphml,2,,clustered,0.7;-0.3,-1,-1,-1,0,0,-1,0,-1,-1,0,0,edgeCount
843,149,193,graphml/GtsCe.graphml,2,,clustered,0.7;-0.3,55,55,19,36,0,55,36,55,55,36,0,edgeCount
842,149,193,graphml/GtsCe.graphml,2,,clustered,0.7;-0.3,-1,-1,-1,0,0,-1,0,-1,-1,0,0,edgeCount
841,149,193,graphml/GtsCe.graphml,1,,clustered,0.7;-0.3,-1,-1,-1,0,2,-1,0,-1,-1,0,2,edgeCount
840,149,193,graphml/GtsCe.graphml,2,,clustered,0.7;-0.3,42,26,12,30,0,12,0,12,12,0,0,edgeCount
839,149,193,graphml/GtsCe.graphml,2,,clustered,0.7;-0.3,6,6,4,2,0,14,10,14,14,10,0,edgeCount
838,149,193,graphml/GtsCe.graphml,2,,clustered,0.7;-0.3,-1,-1,-1,0,0,-1,0,-1,-1,0,0,edgeCount
837,149,193,graphml/GtsCe.graphml,2,,clustered,0.7;-0.3,6,6,6,0,0,6,0,6,6,0,0,edgeCount
836,149,193,graphml/GtsCe.graphml,3,,clustered,0.7;-0.3,-1,-1,-1,0,0,-1,0,-1,-1,0,0,edgeCount
835,149,193,graphml/GtsCe.graphml,3,,clustered,0.7;-0.3,-1,-1,-1,0,0,-1,0,-1,-1,0,0,edgeCount
834,149,193,graphml/GtsCe.graphml,2,,clustered,0.7;-0.3,-1,-1,-1,0,0,-1,0,-1,-1,0,0,edgeCount
833,149,193,graphml/GtsCe.graphml,1,,clustered,0.7;-0.3,-1,-1,-1,0,2,-1,0,-1,-1,0,2,edgeCount
832,149,193,graphml/GtsCe.graphml,1,,clustered,0.7;-0.3,-1,-1,-1,0,2,-1,0,-1,-1,0,2,edgeCount
831,149,193,graphml/GtsCe.graphml,2,,clustered,0.7;-0.3,-1,-1,-1,0,0,-1,0,-1,-1,0,0,edgeCount
830,149,193,graphml/GtsCe.graphml,2,,clustered,0.7;-0.3,61,61,20,41,2,61,41,61,61,41,2,edgeCount
829,149,193,graphml/GtsCe.graphml,2,,clustered,0.7;-0.3,12,12,12,0,0,12,0,12,12,0,0,edgeCount
828,149,193,graphml/GtsCe.graphml,1,,clustered,0.7;-0.3,7,7,7,0,0,7,0,7,7,0,0,edgeCount
827,149,193,graphml/GtsCe.graphml,2,,clustered,0.7;-0.3,8,8,8,0,0,8,0,8,8,0,0,edgeCount
826,149,193,graphml/GtsCe.graphml,3,,clustered,0.7;-0.3,72,28,8,64,2,8,0,8,8,0,2,edgeCount
825,149,193,graphml/GtsCe.graphml,1,,clustered,0.7;-0.3,-1,-1,-1,0,0,-1,0,-1,-1,0,0,edgeCount
824,149,193,graphml/GtsCe.graphml,1,,clustered,0.7;-0.3,27,19,7,20,6,-1,-8,27,19,20,6,edgeCount
823,149,193,graphml/GtsCe.graphml,3,,clustered,0.7;-0.3,-1,-1,-1,0,4,-1,0,-1,-1,0,2,edgeCount
822,149,193,graphml/GtsCe.graphml,2,,clustered,0.7;-0.3,-1,-1,-1,0,0,-1,0,-1,-1,0,0,edgeCount
821,149,193,graphml/GtsCe.graphml,2,,clustered,0.7;-0.3,-1,-1,-1,0,0,-1,0,-1,-1,0,0,edgeCount
820,149,193,graphml/GtsCe.graphml,1,,clustered,0.7;-0.3,21,21,21,0,0,21,0,21,21,0,0,edgeCount
819,149,193,graphml/GtsCe.graphml,2,,clustered,0.7;-0.3,-1,-1,-1,0,0,-1,0,-1,-1,0,0,edgeCount
818,149,193,graphml/GtsCe.graphml,2,,clustered,0.7;-0.3,10,10,10,0,0,10,0,10,10,0,0,edgeCount
817,149,193,graphml/GtsCe.graphml,2,,clustered,0.7;-0.3,-1,-1,-1,0,0,-1,0,-1,-1,0,0,edgeCount
816,149,193,graphml/GtsCe.graphml,2,,clustered,0.7;-0.3,-1,-1,-1,0,2,-1,0,-1,-1,0,2,edgeCount
815,149,193,graphml/GtsCe.graphml,1,,clustered,0.7;-0.3,-1,-1,-1,0,0,-1,0,-1,-1,0,0,edgeCount
814,149,193,graphml/GtsCe.graphml,2,,clustered,0.7;-0.3,46,46,12,34,0,46,34,46,46,34,0,edgeCount
813,149,193,graphml/GtsCe.graphml,2,,clustered,0.7;-0.3,-1,-1,-1,0,0,-1,0,-1,-1,0,0,edgeCount
812,149,193,graphml/GtsCe.graphml,2,,clustered,0.7;-0.3,17,17,14,3,0,17,3,17,17,3,0,edgeCount
811,149,193,graphml/GtsCe.graphml,1,,clustered,0.7;-0.3,-1,-1,12,-13,0,-1,-13,-1,-1,-13,0,edgeCount
810,149,193,graphml/GtsCe.graphml,2,,clustered,0.7;-0.3,37,33,9,28,0,13,4,13,13,4,0,edgeCount
809,149,193,graphml/GtsCe.graphml,2,,clustered,0.7;-0.3,9,9,9,0,0,9,0,9,9,0,0,edgeCount
808,149,193,graphml/GtsCe.graphml,1,,clustered,0.7;-0.3,-1,-1,13,-14,2,-1,-14,-1,-1,-14,2,edgeCount
807,149,193,graphml/GtsCe.graphml,2,,clustered,0.7;-0.3,62,62,18,44,0,62,44,62,62,44,0,edgeCount
806,149,193,graphml/GtsCe.graphml,2,,clustered,0.7;-0.3,-1,-1,-1,0,0,-1,0,-1,-1,0,0,edgeCount
805,149,193,graphml/GtsCe.graphml,2,,clustered,0.7;-0.3,43,43,16,27,0,43,27,43,43,27,0,edgeCount
804,149,193,graphml/GtsCe.graphml,2,,clustered,0.7;-0.3,-1,-1,-1,0,2,-1,0,-1,-1,0,2,edgeCount
803,149,193,graphml/GtsCe.graphml,2,,clustered,0.7;-0.3,-1,-1,-1,0,0,-1,0,-1,-1,0,0,edgeCount
802,149,193,graphml/GtsCe.graphml,2,,clustered,0.7;-0.3,-1,-1,-1,0,0,-1,0,-1,-1,0,0,edgeCount
801,149,193,graphml/GtsCe.graphml,2,,clustered,0.7;-0.3,-1,-1,-1,0,0,-1,0,-1,-1,0,0,edgeCount
800,149,193,graphml/GtsCe.graphml,2,,clustered,0.7;-0.3,-1,-1,-1,0,0,-1,0,-1,-1,0,0,edgeCount
799,149,193,graphml/GtsCe.graphml,1,,clustered,0.7;-0.3,-1,-1,10,-11,0,-1,-11,-1,-1,-11,0,edgeCount
798,149,193,graphml/GtsCe.graphml,2,,clustered,0.7;-0.3,-1,-1,-1,0,2,-1,0,-1,-1,0,2,edgeCount
797,149,193,graphml/GtsCe.graphml,2,,clustered,0.7;-0.3,-1,-1,-1,0,0,-1,0,-1,-1,0,0,edgeCount
796,149,193,graphml/GtsCe.graphml,2,,clustered,0.7;-0.3,-1,-1,-1,0,0,-1,0,-1,-1,0,0,edgeCount
795,149,193,graphml/GtsCe.graphml,2,,clustered,0.7;-0.3,46,46,15,31,0,46,31,46,46,31,0,edgeCount
794,149,193,graphml/GtsCe.graphml,2,,clustered,0.7;-0.3,-1,-1,-1,0,2,-1,0,-1,-1,0,2,edgeCount
793,149,193,graphml/GtsCe.graphml,2,,clustered,0.7;-0.3,-1,-1,-1,0,0,-1,0,-1,-1,0,0,edgeCount
792,149,193,graphml/GtsCe.graphml,1,,clustered,0.7;-0.3,-1,-1,11,-12,4,-1,-12,-1,-1,-12,4,edgeCount
791,149,193,graphml/GtsCe.graphml,2,,clustered,0.7;-0.3,-1,-1,-1,0,2,-1,0,-1,-1,0,2,edgeCount
790,149,193,graphml/GtsCe.graphml,2,,clustered,0.7;-0.3,-1,-1,-1,0,0,-1,0,-1,-1,0,0,edgeCount
789,149,193,graphml/GtsCe.graphml,2,,clustered,0.7;-0.3,34,34,13,21,0,34,21,34,34,21,0,edgeCount
788,149,193,graphml/GtsCe.graphml,2,,clustered,0.7;-0.3,-1,-1,-1,0,0,-1,0,-1,-1,0,0,edgeCount
787,149,193,graphml/GtsCe.graphml,2,,clustered,0.7;-0.3,-1,-1,-1,0,2,-1,0,-1,-1,0,2,edgeCount
786,149,193,graphml/GtsCe.graphml,1,,clustered,0.7;-0.3,3,3,3,0,0,3,0,3,3,0,0,edgeCount
785,149,193,graphml/GtsCe.graphml,1,,clustered,0.7;-0.3,15,15,15,0,0,15,0,15,15,0,0,edgeCount
784,149,193,graphml/GtsCe.graphml,2,,clustered,0.7;-0.3,-1,-1,4,-5,0,-1,-5,-1,-1,-5,0,edgeCount
783,149,193,graphml/GtsCe.graphml,2,,clustered,0.7;-0.3,11,11,11,0,0,11,0,11,11,0,0,edgeCount
782,149,193,graphml/GtsCe.graphml,3,,clustered,0.7;-0.3,-1,-1,4,-5,0,-1,-5,-1,-1,-5,0,edgeCount
781,149,193,graphml/GtsCe.graphml,2,,clustered,0.7;-0.3,-1,-1,-1,0,0,-1,0,-1,-1,0,0,edgeCount
780,149,193,graphml/GtsCe.graphml,2,,clustered,0.7;-0.3,-1,-1,-1,0,0,-1,0,-1,-1,0,0,edgeCount
779,149,193,graphml/GtsCe.graphml,2,,clustered,0.7;-0.3,-1,-1,-1,0,0,-1,0,-1,-1,0,0,edgeCount
778,149,193,graphml/GtsCe.graphml,2,,clustered,0.7;-0.3,-1,-1,-1,0,0,-1,0,-1,-1,0,0,edgeCount
777,149,193,graphml/GtsCe.graphml,2,,clustered,0.7;-0.3,16,16,16,0,0,16,0,16,16,0,0,edgeCount
776,149,193,graphml/GtsCe.graphml,2,,clustered,0.7;-0.3,-1,-1,-1,0,0,-1,0,-1,-1,0,0,edgeCount
775,149,193,graphml/GtsCe.graphml,1,,clustered,0.7;-0.3,-1,-1,12,-13,0,-1,-13,-1,-1,-13,0,edgeCount
774,149,193,graphml/GtsCe.graphml,2,,clustered,0.7;-0.3,-1,-1,-1,0,0,-1,0,-1,-1,0,0,edgeCount
773,149,193,graphml/GtsCe.graphml,2,,clustered,0.7;-0.3,10,10,10,0,0,10,0,10,10,0,0,edgeCount
772,149,193,graphml/GtsCe.graphml,2,,clustered,0.7;-0.3,15,15,13,2,0,15,2,15,15,2,0,edgeCount
771,149,193,graphml/GtsCe.graphml,2,,clustered,0.7;-0.3,12,48,12,0,0,22,10,22,22,10,0,edgeCount
770,149,193,graphml/GtsCe.graphml,1,,clustered,0.7;-0.3,-1,-1,11,-12,0,-1,-12,-1,-1,-12,0,edgeCount
769,149,193,graphml/GtsCe.graphml,2,,clustered,0.7;-0.3,-1,-1,-1,0,0,-1,0,-1,-1,0,0,edgeCount
768,149,193,graphml/GtsCe.graphml,2,,clustered,0.7;-0.3,-1,-1,-1,0,6,-1,0,-1,-1,0,6,edgeCount
767,149,193,graphml/GtsCe.graphml,2,,clustered,0.7;-0.3,8,8,8,0,0,8,0,8,8,0,0,edgeCount
766,149,193,graphml/GtsCe.graphml,2,,clustered,0.7;-0.3,13,13,7,6,0,13,6,13,13,6,0,edgeCount
765,149,193,graphml/GtsCe.graphml,2,,clustered,0.7;-0.3,-1,-1,-1,0,0,-1,0,-1,-1,0,0,edgeCount
764,149,193,graphml/GtsCe.graphml,1,,clustered,0.7;-0.3,-1,-1,13,-14,4,-1,-14,-1,-1,-14,4,edgeCount
763,149,193,graphml/GtsCe.graphml,3,,clustered,0.7;-0.3,-1,-1,11,-12,6,-1,-12,-1,-1,-12,6,edgeCount
762,149,193,graphml/GtsCe.graphml,2,,clustered,0.7;-0.3,19,19,10,9,0,19,9,19,19,9,0,edgeCount
761,149,193,graphml/GtsCe.graphml,2,,clustered,0.7;-0.3,-1,-1,-1,0,2,-1,0,-1,-1,0,2,edgeCount
760,149,193,graphml/GtsCe.graphml,2,,clustered,0.7;-0.3,-1,-1,-1,0,2,-1,0,-1,-1,0,2,edgeCount
759,149,193,graphml/GtsCe.graphml,2,,clustered,0.7;-0.3,-1,-1,-1,0,0,-1,0,-1,-1,0,0,edgeCount
758,149,193,graphml/GtsCe.graphml,2,,clustered,0.7;-0.3,-1,-1,-1,0,6,-1,0,-1,-1,0,6,edgeCount
757,149,193,graphml/GtsCe.graphml,2,,clustered,0.7;-0.3,-1,-1,-1,0,2,-1,0,-1,-1,0,2,edgeCount
756,149,193,graphml/GtsCe.graphml,2,,clustered,0.7;-0.3,-1,-1,-1,0,4,-1,0,-1,-1,0,4,edgeCount
755,149,193,graphml/GtsCe.graphml,1,,clustered,0.7;-0.3,24,24,18,6,2,-1,-19,24,24,6,2,edgeCount
754,149,193,graphml/GtsCe.graphml,1,,clustered,0.7;-0.3,14,14,14,0,0,14,0,14,14,0,0,edgeCount
753,149,193,graphml/GtsCe.graphml,2,,clustered,0.7;-0.3,-1,-1,7,-8,0,-1,-8,-1,-1,-8,0,edgeCount
752,149,193,graphml/GtsCe.graphml,2,,clustered,0.7;-0.3,20,68,15,5,0,52,37,52,52,37,0,edgeCount
751,149,193,graphml/GtsCe.graphml,2,,clustered,0.7;-0.3,-1,-1,-1,0,0,-1,0,-1,-1,0,0,edgeCount
750,149,193,graphml/GtsCe.graphml,1,,clustered,0.7;-0.3,16,60,16,0,2,16,0,16,60,0,2,edgeCount
749,149,193,graphml/GtsCe.graphml,3,,clustered,0.7;-0.3,-1,-1,-1,0,0,-1,0,-1,-1,0,0,edgeCount
748,149,193,graphml/GtsCe.graphml,2,,clustered,0.7;-0.3,11,11,9,2,0,33,24,11,11,2,0,edgeCount
747,149,193,graphml/GtsCe.graphml,2,,clustered,0.7;-0.3,-1,-1,-1,0,0,-1,0,-1,-1,0,0,edgeCount
746,149,193,graphml/GtsCe.graphml,1,,clustered,0.7;-0.3,-1,-1,-1,0,4,-1,0,-1,-1,0,4,edgeCount
745,149,193,graphml/GtsCe.graphml,2,,clustered,0.7;-0.3,67,29,18,49,2,-1,-19,67,29,49,2,edgeCount
744,149,193,graphml/GtsCe.graphml,2,,clustered,0.7;-0.3,17,17,16,1,0,17,1,17,17,1,0,edgeCount
743,149,193,graphml/GtsCe.graphml,2,,clustered,0.7;-0.3,-1,-1,-1,0,0,-1,0,-1,-1,0,0,edgeCount
742,149,193,graphml/GtsCe.graphml,2,,clustered,0.7;-0.3,3,3,3,0,0,3,0,3,3,0,0,edgeCount
741,149,193,graphml/GtsCe.graphml,2,,clustered,0.7;-0.3,9,9,5,4,0,9,4,9,9,4,0,edgeCount
740,149,193,graphml/GtsCe.graphml,2,,clustered,0.7;-0.3,-1,-1,-1,0,0,-1,0,-1,-1,0,0,edgeCount
739,149,193,graphml/GtsCe.graphml,1,,clustered,0.7;-0.3,-1,-1,-1,0,0,-1,0,-1,-1,0,0,edgeCount
738,149,193,graphml/GtsCe.graphml,1,,clustered,0.7;-0.3,-1,-1,-1,0,2,-1,0,-1,-1,0,2,edgeCount
737,149,193,graphml/GtsCe.graphml,1,,clustered,0.7;-0.3,-1,-1,-1,0,0,-1,0,-1,-1,0,0,edgeCount
736,149,193,graphml/GtsCe.graphml,2,,clustered,0.7;-0.3,-1,-1,24,-25,0,-1,-25,-1,-1,-25,0,edgeCount
735,149,193,graphml/GtsCe.graphml,1,,clustered,0.7;-0.3,6,6,6,0,0,6,0,6,6,0,0,edgeCount
734,149,193,graphml/GtsCe.graphml,2,,clustered,0.7;-0.3,63,33,12,51,0,17,5,17,17,5,0,edgeCount
733,149,193,graphml/GtsCe.graphml,1,,clustered,0.7;-0.3,-1,-1,-1,0,2,-1,0,-1,-1,0,2,edgeCount
732,149,193,graphml/GtsCe.graphml,2,,clustered,0.7;-0.3,24,24,12,12,0,24,12,24,24,12,0,edgeCount
731,149,193,graphml/GtsCe.graphml,2,,clustered,0.7;-0.3,45,45,16,29,0,45,29,45,45,29,0,edgeCount
730,149,193,graphml/GtsCe.graphml,2,,clustered,0.7;-0.3,61,61,19,42,0,61,42,61,61,42,0,edgeCount
729,149,193,graphml/GtsCe.graphml,1,,clustered,0.7;-0.3,14,14,14,0,2,14,0,14,14,0,2,edgeCount
728,149,193,graphml/GtsCe.graphml,2,,clustered,0.7;-0.3,-1,-1,-1,0,2,-1,0,-1,-1,0,2,edgeCount
727,149,193,graphml/GtsCe.graphml,2,,clustered,0.7;-0.3,-1,-1,-1,0,2,-1,0,-1,-1,0,2,edgeCount
726,149,193,graphml/GtsCe.graphml,2,,clustered,0.7;-0.3,81,19,15,66,2,-1,-16,-1,-1,-16,2,edgeCount
725,149,193,graphml/GtsCe.graphml,2,,clustered,0.7;-0.3,11,11,11,0,0,31,20,31,31,20,0,edgeCount
724,149,193,graphml/GtsCe.graphml,2,,clustered,0.7;-0.3,-1,-1,-1,0,0,-1,0,-1,-1,0,0,edgeCount
723,149,193,graphml/GtsCe.graphml,2,,clustered,0.7;-0.3,30,30,12,18,0,30,18,30,30,18,0,edgeCount
722,149,193,graphml/GtsCe.graphml,2,,clustered,0.7;-0.3,-1,-1,-1,0,0,-1,0,-1,-1,0,0,edgeCount
721,149,193,graphml/GtsCe.graphml,2,,clustered,0.7;-0.3,50,48,16,34,0,48,32,48,48,32,0,edgeCount
720,149,193,graphml/GtsCe.graphml,2,,clustered,0.7;-0.3,-1,-1,7,-8,2,-1,-8,-1,-1,-8,2,edgeCount
719,149,193,graphml/GtsCe.graphml,2,,clustered,0.7;-0.3,-1,-1,-1,0,4,-1,0,-1,-1,0,4,edgeCount
718,149,193,graphml/GtsCe.graphml,2,,clustered,0.7;-0.3,52,52,11,41,0,18,7,52,52,41,0,edgeCount
717,149,193,graphml/GtsCe.graphml,2,,clustered,0.7;-0.3,-1,-1,-1,0,0,-1,0,-1,-1,0,0,edgeCount
716,149,193,graphml/GtsCe.graphml,2,,clustered,0.7;-0.3,-1,-1,-1,0,0,-1,0,-1,-1,0,0,edgeCount
715,149,193,graphml/GtsCe.graphml,1,,clustered,0.7;-0.3,25,23,11,14,8,-1,-12,25,23,14,8,edgeCount
714,149,193,graphml/GtsCe.graphml,3,,clustered,0.7;-0.3,-1,-1,7,-8,0,-1,-8,-1,-1,-8,0,edgeCount
713,149,193,graphml/GtsCe.graphml,2,,clustered,0.7;-0.3,-1,-1,-1,0,8,-1,0,-1,-1,0,8,edgeCount
712,149,193,graphml/GtsCe.graphml,2,,clustered,0.7;-0.3,-1,-1,-1,0,0,-1,0,-1,-1,0,0,edgeCount
711,149,193,graphml/GtsCe.graphml,1,,clustered,0.7;-0.3,12,12,12,0,0,12,0,12,12,0,0,edgeCount
710,149,193,graphml/GtsCe.graphml,3,,clustered,0.7;-0.3,-1,-1,-1,0,0,-1,0,-1,-1,0,0,edgeCount
709,149,193,graphml/GtsCe.graphml,2,,clustered,0.7;-0.3,-1,-1,-1,0,2,-1,0,-1,-1,0,2,edgeCount
708,149,193,graphml/GtsCe.graphml,1,,clustered,0.7;-0.3,-1,-1,-1,0,0,-1,0,-1,-1,0,0,edgeCount
707,149,193,graphml/GtsCe.graphml,1,,clustered,0.7;-0.3,-1,-1,18,-19,0,-1,-19,-1,-1,-19,0,edgeCount
706,149,193,graphml/GtsCe.graphml,2,,clustered,0.7;-0.3,31,15,8,23,4,-1,-9,31,15,23,4,edgeCount
705,149,193,graphml/GtsCe.graphml,2,,clustered,0.7;-0.3,-1,-1,-1,0,0,-1,0,-1,-1,0,0,edgeCount
704,149,193,graphml/GtsCe.graphml,1,,clustered,0.7;-0.3,6,14,6,0,2,6,0,6,14,0,2,edgeCount
703,149,193,graphml/GtsCe.graphml,1,,clustered,0.7;-0.3,-1,-1,19,-20,10,-1,-20,-1,-1,-20,10,edgeCount
702,149,193,graphml/GtsCe.graphml,2,,clustered,0.7;-0.3,19,19,17,2,0,17,0,17,17,0,0,edgeCount
701,149,193,graphml/GtsCe.graphml,2,,clustered,0.7;-0.3,-1,-1,-1,0,0,-1,0,-1,-1,0,0,edgeCount
700,149,193,graphml/GtsCe.graphml,2,,clustered,0.7;-0.3,27,27,12,15,0,27,15,27,27,15,0,edgeCount
699,149,193,graphml/GtsCe.graphml,2,,clustered,0.7;-0.3,8,12,8,0,0,12,4,12,12,4,0,edgeCount
698,149,193,graphml/GtsCe.graphml,1,,clustered,0.7;-0.3,-1,-1,5,-6,0,-1,-6,-1,-1,-6,0,edgeCount
697,149,193,graphml/GtsCe.graphml,2,,clustered,0.7;-0.3,16,16,8,8,0,16,8,16,16,8,0,edgeCount
696,149,193,graphml/GtsCe.graphml,2,,clustered,0.7;-0.3,9,29,8,1,2,19,11,9,29,1,2,edgeCount
695,149,193,graphml/GtsCe.graphml,2,,clustered,0.7;-0.3,-1,-1,-1,0,4,-1,0,-1,-1,0,4,edgeCount
694,149,193,graphml/GtsCe.graphml,2,,clustered,0.7;-0.3,-1,-1,-1,0,0,-1,0,-1,-1,0,0,edgeCount
693,149,193,graphml/GtsCe.graphml,2,,clustered,0.7;-0.3,-1,-1,-1,0,0,-1,0,-1,-1,0,0,edgeCount
692,149,193,graphml/GtsCe.graphml,2,,clustered,0.7;-0.3,-1,-1,7,-8,4,-1,-8,-1,-1,-8,4,edgeCount
691,149,193,graphml/GtsCe.graphml,2,,clustered,0.7;-0.3,13,19,13,0,0,19,6,19,19,6,0,edgeCount
690,149,193,graphml/GtsCe.graphml,2,,clustered,0.7;-0.3,-1,-1,-1,0,0,-1,0,-1,-1,0,0,edgeCount
689,149,193,graphml/GtsCe.graphml,2,,clustered,0.7;-0.3,4,4,4,0,0,4,0,4,4,0,0,edgeCount
688,149,193,graphml/GtsCe.graphml,2,,clustered,0.7;-0.3,34,34,17,17,0,34,17,34,34,17,0,edgeCount
687,149,193,graphml/GtsCe.graphml,2,,clustered,0.7;-0.3,-1,-1,-1,0,0,-1,0,-1,-1,0,0,edgeCount
686,149,193,graphml/GtsCe.graphml,2,,clustered,0.7;-0.3,-1,-1,17,-18,2,-1,-18,-1,-1,-18,2,edgeCount
685,149,193,graphml/GtsCe.graphml,2,,clustered,0.7;-0.3,-1,-1,22,-23,6,-1,-23,-1,-1,-23,6,edgeCount
684,149,193,graphml/GtsCe.graphml,2,,clustered,0.7;-0.3,-1,-1,-1,0,6,-1,0,-1,-1,0,6,edgeCount
683,149,193,graphml/GtsCe.graphml,2,,clustered,0.7;-0.3,-1,-1,-1,0,0,-1,0,-1,-1,0,0,edgeCount
682,149,193,graphml/GtsCe.graphml,2,,clustered,0.7;-0.3,42,14,14,28,0,14,0,14,14,0,0,edgeCount
681,149,193,graphml/GtsCe.graphml,2,,clustered,0.7;-0.3,-1,-1,-1,0,0,-1,0,-1,-1,0,0,edgeCount
680,149,193,graphml/GtsCe.graphml,2,,clustered,0.7;-0.3,13,13,11,2,0,13,2,13,13,2,0,edgeCount
679,149,193,graphml/GtsCe.graphml,2,,clustered,0.7;-0.3,-1,-1,-1,0,0,-1,0,-1,-1,0,0,edgeCount
678,149,193,graphml/GtsCe.graphml,2,,clustered,0.7;-0.3,-1,-1,6,-7,0,-1,-7,-1,-1,-7,0,edgeCount
677,149,193,graphml/GtsCe.graphml,2,,clustered,0.7;-0.3,21,21,9,12,0,21,12,21,21,12,0,edgeCount
676,149,193,graphml/GtsCe.graphml,2,,clustered,0.7;-0.3,-1,-1,-1,0,0,-1,0,-1,-1,0,0,edgeCount
675,149,193,graphml/GtsCe.graphml,1,,clustered,0.7;-0.3,-1,-1,8,-9,6,-1,-9,-1,-1,-9,6,edgeCount
674,149,193,graphml/GtsCe.graphml,3,,clustered,0.7;-0.3,36,12,9,27,6,-1,-10,36,12,27,6,edgeCount
673,149,193,graphml/GtsCe.graphml,2,,clustered,0.7;-0.3,13,13,13,0,0,13,0,13,13,0,0,edgeCount
672,149,193,graphml/GtsCe.graphml,1,,clustered,0.7;-0.3,-1,-1,12,-13,0,-1,-13,-1,-1,-13,0,edgeCount
671,149,193,graphml/GtsCe.graphml,2,,clustered,0.7;-0.3,-1,-1,-1,0,2,-1,0,-1,-1,0,2,edgeCount
670,149,193,graphml/GtsCe.graphml,2,,clustered,0.7;-0.3,39,19,15,24,8,-1,-16,33,39,18,8,edgeCount
669,149,193,graphml/GtsCe.graphml,2,,clustered,0.7;-0.3,-1,-1,-1,0,0,-1,0,-1,-1,0,0,edgeCount
668,149,193,graphml/GtsCe.graphml,2,,clustered,0.7;-0.3,-1,-1,-1,0,0,-1,0,-1,-1,0,0,edgeCount
667,149,193,graphml/GtsCe.graphml,2,,clustered,0.7;-0.3,-1,-1,-1,0,0,-1,0,-1,-1,0,0,edgeCount
666,149,193,graphml/GtsCe.graphml,2,,clustered,0.7;-0.3,12,44,7,5,0,18,11,18,18,11,0,edgeCount
665,149,193,graphml/GtsCe.graphml,2,,clustered,0.7;-0.3,20,20,10,10,0,20,10,20,20,10,0,edgeCount
664,149,193,graphml/GtsCe.graphml,1,,clustered,0.7;-0.3,-1,-1,-1,0,0,-1,0,-1,-1,0,0,edgeCount
663,149,193,graphml/GtsCe.graphml,2,,clustered,0.7;-0.3,-1,-1,-1,0,0,-1,0,-1,-1,0,0,edgeCount
662,149,193,graphml/GtsCe.graphml,2,,clustered,0.7;-0.3,2,2,2,0,0,2,0,2,2,0,0,edgeCount
661,149,193,graphml/GtsCe.graphml,2,,clustered,0.7;-0.3,-1,-1,-1,0,6,-1,0,-1,-1,0,6,edgeCount
660,149,193,graphml/GtsCe.graphml,1,,clustered,0.7;-0.3,-1,-1,14,-15,0,-1,-15,-1,-1,-15,0,edgeCount
659,149,193,graphml/GtsCe.graphml,2,,clustered,0.7;-0.3,-1,-1,-1,0,2,-1,0,-1,-1,0,2,edgeCount
658,149,193,graphml/GtsCe.graphml,2,,clustered,0.7;-0.3,-1,-1,-1,0,0,-1,0,-1,-1,0,0,edgeCount
657,149,193,graphml/GtsCe.graphml,2,,clustered,0.7;-0.3,-1,-1,-1,0,0,-1,0,-1,-1,0,0,edgeCount
656,149,193,graphml/GtsCe.graphml,2,,clustered,0.7;-0.3,54,28,15,39,0,16,1,16,16,1,0,edgeCount
655,149,193,graphml/GtsCe.graphml,2,,clustered,0.7;-0.3,-1,-1,-1,0,0,-1,0,-1,-1,0,0,edgeCount
654,149,193,graphml/GtsCe.graphml,2,,clustered,0.7;-0.3,-1,-1,-1,0,0,-1,0,-1,-1,0,0,edgeCount
653,149,193,graphml/GtsCe.graphml,2,,clustered,0.7;-0.3,37,37,16,21,0,37,21,37,37,21,0,edgeCount
652,149,193,graphml/GtsCe.graphml,1,,clustered,0.7;-0.3,-1,-1,-1,0,2,-1,0,-1,-1,0,2,edgeCount
651,149,193,graphml/GtsCe.graphml,2,,clustered,0.7;-0.3,-1,-1,13,-14,4,-1,-14,-1,-1,-14,4,edgeCount
650,149,193,graphml/GtsCe.graphml,2,,clustered,0.7;-0.3,-1,-1,-1,0,0,-1,0,-1,-1,0,0,edgeCount
649,149,193,graphml/GtsCe.graphml,2,,clustered,0.7;-0.3,4,4,4,0,2,4,0,4,4,0,2,edgeCount
648,149,193,graphml/GtsCe.graphml,2,,clustered,0.7;-0.3,-1,-1,-1,0,0,-1,0,-1,-1,0,0,edgeCount
647,149,193,graphml/GtsCe.graphml,3,,clustered,0.7;-0.3,-1,-1,10,-11,0,-1,-11,-1,-1,-11,0,edgeCount
646,149,193,graphml/GtsCe.graphml,2,,clustered,0.7;-0.3,-1,-1,-1,0,0,-1,0,-1,-1,0,0,edgeCount
645,149,193,graphml/GtsCe.graphml,2,,clustered,0.7;-0.3,-1,-1,-1,0,2,-1,0,-1,-1,0,2,edgeCount
644,149,193,graphml/GtsCe.graphml,1,,clustered,0.7;-0.3,-1,-1,-1,0,0,-1,0,-1,-1,0,0,edgeCount
643,149,193,graphml/GtsCe.graphml,3,,clustered,0.7;-0.3,-1,-1,-1,0,6,-1,0,-1,-1,0,6,edgeCount
642,149,193,graphml/GtsCe.graphml,1,,clustered,0.7;-0.3,-1,-1,15,-16,2,-1,-16,-1,-1,-16,2,edgeCount
641,149,193,graphml/GtsCe.graphml,2,,clustered,0.7;-0.3,-1,-1,-1,0,0,-1,0,-1,-1,0,0,edgeCount
640,149,193,graphml/GtsCe.graphml,1,,clustered,0.7;-0.3,-1,-1,9,-10,0,-1,-10,-1,-1,-10,0,edgeCount
639,149,193,graphml/GtsCe.graphml,2,,clustered,0.7;-0.3,-1,-1,-1,0,0,-1,0,-1,-1,0,0,edgeCount
638,149,193,graphml/GtsCe.graphml,2,,clustered,0.7;-0.3,3,3,3,0,0,3,0,3,3,0,0,edgeCount
637,149,193,graphml/GtsCe.graphml,2,,clustered,0.7;-0.3,-1,-1,-1,0,0,-1,0,-1,-1,0,0,edgeCount
636,149,193,graphml/GtsCe.graphml,3,,clustered,0.7;-0.3,-1,-1,-1,0,0,-1,0,-1,-1,0,0,edgeCount
635,149,193,graphml/GtsCe.graphml,2,,clustered,0.7;-0.3,-1,-1,-1,0,0,-1,0,-1,-1,0,0,edgeCount
634,149,193,graphml/GtsCe.graphml,2,,clustered,0.7;-0.3,37,37,15,22,0,37,22,37,37,22,0,edgeCount
633,149,193,graphml/GtsCe.graphml,2,,clustered,0.7;-0.3,23,27,7,16,0,7,0,7,7,0,0,edgeCount
632,149,193,graphml/GtsCe.graphml,2,,clustered,0.7;-0.3,-1,-1,-1,0,0,-1,0,-1,-1,0,0,edgeCount
631,149,193,graphml/GtsCe.graphml,3,,clustered,0.7;-0.3,-1,-1,-1,0,0,-1,0,-1,-1,0,0,edgeCount
630,149,193,graphml/GtsCe.graphml,1,,clustered,0.7;-0.3,8,24,8,0,2,8,0,8,24,0,2,edgeCount
629,149,193,graphml/GtsCe.graphml,2,,clustered,0.7;-0.3,34,24,10,24,4,-1,-11,24,10,14,4,edgeCount
628,149,193,graphml/GtsCe.graphml,2,,clustered,0.7;-0.3,-1,-1,-1,0,0,-1,0,-1,-1,0,0,edgeCount
627,149,193,graphml/GtsCe.graphml,2,,clustered,0.7;-0.3,13,47,13,0,2,19,6,19,19,6,2,edgeCount
626,149,193,graphml/GtsCe.graphml,2,,clustered,0.7;-0.3,16,16,16,0,0,16,0,16,16,0,0,edgeCount
625,149,193,graphml/GtsCe.graphml,2,,clustered,0.7;-0.3,-1,-1,-1,0,4,-1,0,-1,-1,0,4,edgeCount
624,149,193,graphml/GtsCe.graphml,2,,clustered,0.7;-0.3,4,4,4,0,0,5,1,5,4,1,0,edgeCount
623,149,193,graphml/GtsCe.graphml,3,,clustered,0.7;-0.3,-1,-1,9,-10,2,-1,-10,-1,-1,-10,2,edgeCount
622,149,193,graphml/GtsCe.graphml,2,,clustered,0.7;-0.3,-1,-1,-1,0,0,-1,0,-1,-1,0,0,edgeCount
621,149,193,graphml/GtsCe.graphml,2,,clustered,0.7;-0.3,-1,-1,-1,0,0,-1,0,-1,-1,0,0,edgeCount
620,149,193,graphml/GtsCe.graphml,2,,clustered,0.7;-0.3,-1,-1,-1,0,0,-1,0,-1,-1,0,0,edgeCount
619,149,193,graphml/GtsCe.graphml,2,,clustered,0.7;-0.3,-1,-1,7,-8,0,-1,-8,-1,-1,-8,0,edgeCount
618,149,193,graphml/GtsCe.graphml,2,,clustered,0.7;-0.3,13,13,7,6,0,13,6,13,13,6,0,edgeCount
617,149,193,graphml/GtsCe.graphml,2,,clustered,0.7;-0.3,5,5,5,0,6,6,1,6,5,1,6,edgeCount
616,149,193,graphml/GtsCe.graphml,1,,clustered,0.7;-0.3,7,7,7,0,2,7,0,7,7,0,2,edgeCount
615,149,193,graphml/GtsCe.graphml,2,,clustered,0.7;-0.3,18,4,4,14,4,4,0,18,4,14,4,edgeCount
614,149,193,graphml/GtsCe.graphml,1,,clustered,0.7;-0.3,54,26,20,34,2,-1,-21,54,26,34,2,edgeCount
613,149,193,graphml/GtsCe.graphml,2,,clustered,0.7;-0.3,-1,-1,-1,0,2,-1,0,-1,-1,0,2,edgeCount
612,149,193,graphml/GtsCe.graphml,2,,clustered,0.7;-0.3,-1,-1,-1,0,6,-1,0,-1,-1,0,6,edgeCount
611,149,193,graphml/GtsCe.graphml,1,,clustered,0.7;-0.3,-1,-1,18,-19,0,-1,-19,-1,-1,-19,0,edgeCount
610,149,193,graphml/GtsCe.graphml,2,,clustered,0.7;-0.3,-1,-1,-1,0,0,-1,0,-1,-1,0,0,edgeCount
609,149,193,graphml/GtsCe.graphml,2,,clustered,0.7;-0.3,14,14,12,2,0,54,42,54,54,42,0,edgeCount
608,149,193,graphml/GtsCe.graphml,1,,clustered,0.7;-0.3,-1,-1,-1,0,8,-1,0,-1,-1,0,8,edgeCount
607,149,193,graphml/GtsCe.graphml,1,,clustered,0.7;-0.3,11,11,11,0,0,11,0,11,11,0,0,edgeCount
606,149,193,graphml/GtsCe.graphml,2,,clustered,0.7;-0.3,-1,-1,-1,0,0,-1,0,-1,-1,0,0,edgeCount
605,149,193,graphml/GtsCe.graphml,1,,clustered,0.7;-0.3,-1,-1,-1,0,0,-1,0,-1,-1,0,0,edgeCount
604,149,193,graphml/GtsCe.graphml,2,,clustered,0.7;-0.3,75,55,17,58,6,-1,-18,57,67,40,6,edgeCount
603,149,193,graphml/GtsCe.graphml,1,,clustered,0.7;-0.3,2,2,2,0,0,2,0,2,2,0,0,edgeCount
602,149,193,graphml/GtsCe.graphml,3,,clustered,0.7;-0.3,-1,-1,-1,0,2,-1,0,-1,-1,0,2,edgeCount
601,149,193,graphml/GtsCe.graphml,2,,clustered,0.7;-0.3,19,19,9,10,2,19,10,19,19,10,2,edgeCount
600,149,193,graphml/GtsCe.graphml,2,,clustered,0.7;-0.3,9,20,7,2,0,23,16,23,23,16,0,edgeCount
599,149,193,graphml/GtsCe.graphml,2,,clustered,0.7;-0.3,45,43,15,30,0,43,28,43,43,28,0,edgeCount
598,149,193,graphml/GtsCe.graphml,2,,clustered,0.7;-0.3,66,16,13,53,2,16,3,16,16,3,2,edgeCount
597,149,193,graphml/GtsCe.graphml,2,,clustered,0.7;-0.3,-1,-1,-1,0,0,-1,0,-1,-1,0,0,edgeCount
596,149,193,graphml/GtsCe.graphml,2,,clustered,0.7;-0.3,7,7,7,0,0,7,0,7,7,0,0,edgeCount
595,149,193,graphml/GtsCe.graphml,2,,clustered,0.7;-0.3,-1,-1,-1,0,6,-1,0,-1,-1,0,6,edgeCount
594,149,193,graphml/GtsCe.graphml,2,,clustered,0.7;-0.3,-1,-1,-1,0,0,-1,0,-1,-1,0,0,edgeCount
593,149,193,graphml/GtsCe.graphml,2,,clustered,0.7;-0.3,-1,-1,-1,0,0,-1,0,-1,-1,0,0,edgeCount
592,149,193,graphml/GtsCe.graphml,2,,clustered,0.7;-0.3,-1,-1,-1,0,0,-1,0,-1,-1,0,0,edgeCount
591,149,193,graphml/GtsCe.graphml,2,,clustered,0.7;-0.3,-1,-1,-1,0,2,-1,0,-1,-1,0,2,edgeCount
590,149,193,graphml/GtsCe.graphml,3,,clustered,0.7;-0.3,32,8,7,25,2,16,9,16,16,9,2,edgeCount
589,149,193,graphml/GtsCe.graphml,3,,clustered,0.7;-0.3,-1,-1,-1,0,0,-1,0,-1,-1,0,0,edgeCount
588,149,193,graphml/GtsCe.graphml,2,,clustered,0.7;-0.3,-1,-1,-1,0,0,-1,0,-1,-1,0,0,edgeCount
587,149,193,graphml/GtsCe.graphml,2,,clustered,0.7;-0.3,-1,-1,-1,0,0,-1,0,-1,-1,0,0,edgeCount
586,149,193,graphml/GtsCe.graphml,2,,clustered,0.7;-0.3,16,16,8,8,0,16,8,16,16,8,0,edgeCount
585,149,193,graphml/GtsCe.graphml,1,,clustered,0.7;-0.3,5,5,5,0,0,5,0,5,5,0,0,edgeCount
584,149,193,graphml/GtsCe.graphml,1,,clustered,0.7;-0.3,-1,-1,-1,0,0,-1,0,-1,-1,0,0,edgeCount
583,149,193,graphml/GtsCe.graphml,2,,clustered,0.7;-0.3,-1,-1,-1,0,2,-1,0,-1,-1,0,2,edgeCount
582,149,193,graphml/GtsCe.graphml,2,,clustered,0.7;-0.3,3,3,3,0,2,3,0,3,3,0,2,edgeCount
581,149,193,graphml/GtsCe.graphml,2,,clustered,0.7;-0.3,-1,-1,-1,0,0,-1,0,-1,-1,0,0,edgeCount
580,149,193,graphml/GtsCe.graphml,2,,clustered,0.7;-0.3,9,9,9,0,0,9,0,9,9,0,0,edgeCount
579,149,193,graphml/GtsCe.graphml,2,,clustered,0.7;-0.3,-1,-1,-1,0,0,-1,0,-1,-1,0,0,edgeCount
578,149,193,graphml/GtsCe.graphml,2,,clustered,0.7;-0.3,22,22,8,14,0,-1,-9,-1,-1,-9,0,edgeCount
577,149,193,graphml/GtsCe.graphml,2,,clustered,0.7;-0.3,28,28,13,15,0,28,15,28,28,15,0,edgeCount
576,149,193,graphml/GtsCe.graphml,2,,clustered,0.7;-0.3,-1,-1,-1,0,0,-1,0,-1,-1,0,0,edgeCount
575,149,193,graphml/GtsCe.graphml,3,,clustered,0.7;-0.3,-1,-1,-1,0,0,-1,0,-1,-1,0,0,edgeCount
574,149,193,graphml/GtsCe.graphml,2,,clustered,0.7;-0.3,-1,-1,-1,0,6,-1,0,-1,-1,0,6,edgeCount
573,149,193,graphml/GtsCe.graphml,2,,clustered,0.7;-0.3,5,5,5,0,0,5,0,5,5,0,0,edgeCount
572,149,193,graphml/GtsCe.graphml,2,,clustered,0.7;-0.3,11,49,11,0,0,25,14,25,25,14,0,edgeCount
571,149,193,graphml/GtsCe.graphml,2,,clustered,0.7;-0.3,-1,-1,-1,0,0,-1,0,-1,-1,0,0,edgeCount
570,149,193,graphml/GtsCe.graphml,2,,clustered,0.7;-0.3,-1,-1,-1,0,0,-1,0,-1,-1,0,0,edgeCount
569,149,193,graphml/GtsCe.graphml,3,,clustered,0.7;-0.3,8,8,7,1,2,8,1,8,8,1,2,edgeCount
568,149,193,graphml/GtsCe.graphml,2,,clustered,0.7;-0.3,-1,-1,10,-11,2,-1,-11,-1,-1,-11,2,edgeCount
567,149,193,graphml/GtsCe.graphml,2,,clustered,0.7;-0.3,23,21,21,2,0,-1,-22,-1,-1,-22,0,edgeCount
566,149,193,graphml/GtsCe.graphml,1,,clustered,0.7;-0.3,-1,-1,-1,0,2,-1,0,-1,-1,0,2,edgeCount
565,149,193,graphml/GtsCe.graphml,1,,clustered,0.7;-0.3,-1,-1,-1,0,2,-1,0,-1,-1,0,2,edgeCount
564,149,193,graphml/GtsCe.graphml,1,,clustered,0.7;-0.3,-1,-1,8,-9,2,-1,-9,-1,-1,-9,2,edgeCount
563,149,193,graphml/GtsCe.graphml,2,,clustered,0.7;-0.3,-1,-1,-1,0,0,-1,0,-1,-1,0,0,edgeCount
562,149,193,graphml/GtsCe.graphml,3,,clustered,0.7;-0.3,65,65,8,57,0,65,57,65,65,57,0,edgeCount
561,149,193,graphml/GtsCe.graphml,2,,clustered,0.7;-0.3,22,18,16,6,2,59,43,61,61,45,2,edgeCount
560,149,193,graphml/GtsCe.graphml,2,,clustered,0.7;-0.3,-1,-1,-1,0,0,-1,0,-1,-1,0,0,edgeCount
559,149,193,graphml/GtsCe.graphml,3,,clustered,0.7;-0.3,66,14,13,53,2,-1,-14,54,54,41,2,edgeCount
558,149,193,graphml/GtsCe.graphml,2,,clustered,0.7;-0.3,-1,-1,-1,0,0,-1,0,-1,-1,0,0,edgeCount
557,149,193,graphml/GtsCe.graphml,2,,clustered,0.7;-0.3,-1,-1,14,-15,0,-1,-15,-1,-1,-15,0,edgeCount
556,149,193,graphml/GtsCe.graphml,2,,clustered,0.7;-0.3,11,11,11,0,0,11,0,11,11,0,0,edgeCount
555,149,193,graphml/GtsCe.graphml,2,,clustered,0.7;-0.3,17,51,12,5,4,45,33,17,51,5,4,edgeCount
554,149,193,graphml/GtsCe.graphml,1,,clustered,0.7;-0.3,-1,-1,9,-10,0,-1,-10,-1,-1,-10,0,edgeCount
553,149,193,graphml/GtsCe.graphml,2,,clustered,0.7;-0.3,-1,-1,-1,0,2,-1,0,-1,-1,0,2,edgeCount
552,149,193,graphml/GtsCe.graphml,2,,clustered,0.7;-0.3,67,67,22,45,0,67,45,67,67,45,0,edgeCount
551,149,193,graphml/GtsCe.graphml,1,,clustered,0.7;-0.3,-1,-1,-1,0,0,-1,0,-1,-1,0,0,edgeCount
550,149,193,graphml/GtsCe.graphml,2,,clustered,0.7;-0.3,28,28,9,19,0,28,19,28,28,19,0,edgeCount
549,149,193,graphml/GtsCe.graphml,2,,clustered,0.7;-0.3,-1,-1,-1,0,2,-1,0,-1,-1,0,2,edgeCount
548,149,193,graphml/GtsCe.graphml,2,,clustered,0.7;-0.3,-1,-1,19,-20,0,-1,-20,-1,-1,-20,0,edgeCount
547,149,193,graphml/GtsCe.graphml,2,,clustered,0.7;-0.3,-1,-1,-1,0,0,-1,0,-1,-1,0,0,edgeCount
546,149,193,graphml/GtsCe.graphml,2,,clustered,0.7;-0.3,26,26,12,14,0,-1,-13,26,26,14,0,edgeCount
545,149,193,graphml/GtsCe.graphml,2,,clustered,0.7;-0.3,22,22,10,12,0,22,12,22,22,12,0,edgeCount
544,149,193,graphml/GtsCe.graphml,2,,clustered,0.7;-0.3,-1,-1,-1,0,2,-1,0,-1,-1,0,2,edgeCount
543,149,193,graphml/GtsCe.graphml,2,,clustered,0.7;-0.3,-1,-1,-1,0,0,-1,0,-1,-1,0,0,edgeCount
542,149,193,graphml/GtsCe.graphml,2,,clustered,0.7;-0.3,81,27,15,66,4,-1,-16,62,46,47,4,edgeCount
541,149,193,graphml/GtsCe.graphml,2,,clustered,0.7;-0.3,-1,-1,-1,0,0,-1,0,-1,-1,0,0,edgeCount
540,149,193,graphml/GtsCe.graphml,2,,clustered,0.7;-0.3,9,9,9,0,0,9,0,9,9,0,0,edgeCount
539,149,193,graphml/GtsCe.graphml,2,,clustered,0.7;-0.3,6,6,6,0,0,6,0,6,6,0,0,edgeCount
538,149,193,graphml/GtsCe.graphml,2,,clustered,0.7;-0.3,12,12,10,2,0,12,2,12,12,2,0,edgeCount
537,149,193,graphml/GtsCe.graphml,3,,clustered,0.7;-0.3,-1,-1,25,-26,6,-1,-26,-1,-1,-26,6,edgeCount
536,149,193,graphml/GtsCe.graphml,2,,clustered,0.7;-0.3,-1,-1,-1,0,0,-1,0,-1,-1,0,0,edgeCount
535,149,193,graphml/GtsCe.graphml,2,,clustered,0.7;-0.3,-1,-1,-1,0,2,-1,0,-1,-1,0,2,edgeCount
534,149,193,graphml/GtsCe.graphml,2,,clustered,0.7;-0.3,5,5,5,0,0,5,0,5,5,0,0,edgeCount
533,149,193,graphml/GtsCe.graphml,2,,clustered,0.7;-0.3,-1,-1,-1,0,2,-1,0,-1,-1,0,2,edgeCount
532,149,193,graphml/GtsCe.graphml,2,,clustered,0.7;-0.3,33,31,12,21,0,31,19,31,31,19,0,edgeCount
531,149,193,graphml/GtsCe.graphml,2,,clustered,0.7;-0.3,-1,-1,-1,0,0,-1,0,-1,-1,0,0,edgeCount
530,149,193,graphml/GtsCe.graphml,2,,clustered,0.7;-0.3,-1,-1,-1,0,0,-1,0,-1,-1,0,0,edgeCount
529,149,193,graphml/GtsCe.graphml,1,,clustered,0.7;-0.3,8,8,8,0,0,8,0,8,8,0,0,edgeCount
528,149,193,graphml/GtsCe.graphml,2,,clustered,0.7;-0.3,23,7,7,16,0,7,0,7,7,0,0,edgeCount
527,149,193,graphml/GtsCe.graphml,2,,clustered,0.7;-0.3,-1,-1,-1,0,0,-1,0,-1,-1,0,0,edgeCount
526,149,193,graphml/GtsCe.graphml,2,,clustered,0.7;-0.3,33,33,12,21,0,33,21,33,33,21,0,edgeCount
525,149,193,graphml/GtsCe.graphml,2,,clustered,0.7;-0.3,-1,-1,-1,0,2,-1,0,-1,-1,0,2,edgeCount
524,149,193,graphml/GtsCe.graphml,1,,clustered,0.7;-0.3,-1,-1,26,-27,0,-1,-27,-1,-1,-27,0,edgeCount
523,149,193,graphml/GtsCe.graphml,3,,clustered,0.7;-0.3,-1,-1,-1,0,4,-1,0,-1,-1,0,4,edgeCount
522,149,193,graphml/GtsCe.graphml,1,,clustered,0.7;-0.3,31,31,15,16,10,-1,-16,31,31,16,10,edgeCount
521,149,193,graphml/GtsCe.graphml,2,,clustered,0.7;-0.3,-1,-1,-1,0,0,-1,0,-1,-1,0,0,edgeCount
520,149,193,graphml/GtsCe.graphml,2,,clustered,0.7;-0.3,-1,-1,-1,0,2,-1,0,-1,-1,0,2,edgeCount
519,149,193,graphml/GtsCe.graphml,2,,clustered,0.7;-0.3,-1,-1,-1,0,0,-1,0,-1,-1,0,0,edgeCount
518,149,193,graphml/GtsCe.graphml,2,,clustered,0.7;-0.3,-1,-1,-1,0,2,-1,0,-1,-1,0,2,edgeCount
517,149,193,graphml/GtsCe.graphml,2,,clustered,0.7;-0.3,-1,-1,-1,0,2,-1,0,-1,-1,0,2,edgeCount
516,149,193,graphml/GtsCe.graphml,2,,clustered,0.7;-0.3,34,14,9,25,2,-1,-10,-1,-1,-10,2,edgeCount
515,149,193,graphml/GtsCe.graphml,2,,clustered,0.7;-0.3,-1,-1,-1,0,0,-1,0,-1,-1,0,0,edgeCount
514,149,193,graphml/GtsCe.graphml,3,,clustered,0.7;-0.3,17,17,17,0,0,45,28,45,17,28,0,edgeCount
513,149,193,graphml/GtsCe.graphml,1,,clustered,0.7;-0.3,-1,-1,22,-23,0,-1,-23,-1,-1,-23,0,edgeCount
512,149,193,graphml/GtsCe.graphml,2,,clustered,0.7;-0.3,10,26,6,4,2,14,8,14,14,8,2,edgeCount
511,149,193,graphml/GtsCe.graphml,2,,clustered,0.7;-0.3,-1,-1,-1,0,2,-1,0,-1,-1,0,2,edgeCount
510,149,193,graphml/GtsCe.graphml,2,,clustered,0.7;-0.3,13,13,13,0,0,13,0,13,13,0,0,edgeCount
509,149,193,graphml/GtsCe.graphml,2,,clustered,0.7;-0.3,21,27,17,4,0,53,36,53,53,36,0,edgeCount
508,149,193,graphml/GtsCe.graphml,2,,clustered,0.7;-0.3,-1,-1,14,-15,0,-1,-15,-1,-1,-15,0,edgeCount
507,149,193,graphml/GtsCe.graphml,3,,clustered,0.7;-0.3,-1,-1,-1,0,0,-1,0,-1,-1,0,0,edgeCount
506,149,193,graphml/GtsCe.graphml,2,,clustered,0.7;-0.3,-1,-1,17,-18,0,-1,-18,-1,-1,-18,0,edgeCount
505,149,193,graphml/GtsCe.graphml,2,,clustered,0.7;-0.3,-1,-1,-1,0,2,-1,0,-1,-1,0,2,edgeCount
504,149,193,graphml/GtsCe.graphml,2,,clustered,0.7;-0.3,-1,-1,-1,0,2,-1,0,-1,-1,0,2,edgeCount
503,149,193,graphml/GtsCe.graphml,2,,clustered,0.7;-0.3,29,29,11,18,0,29,18,29,29,18,0,edgeCount
502,149,193,graphml/GtsCe.graphml,2,,clustered,0.7;-0.3,-1,-1,-1,0,0,-1,0,-1,-1,0,0,edgeCount
501,149,193,graphml/GtsCe.graphml,3,,clustered,0.7;-0.3,17,17,9,8,0,17,8,17,17,8,0,edgeCount
500,149,193,graphml/GtsCe.graphml,1,,clustered,0.7;-0.3,-1,-1,-1,0,4,-1,0,-1,-1,0,4,edgeCount
499,149,193,graphml/GtsCe.graphml,2,,clustered,0.7;-0.3,-1,-1,14,-15,0,-1,-15,-1,-1,-15,0,edgeCount
498,149,193,graphml/GtsCe.graphml,2,,clustered,0.7;-0.3,-1,-1,-1,0,0,-1,0,-1,-1,0,0,edgeCount
497,149,193,graphml/GtsCe.graphml,2,,clustered,0.7;-0.3,-1,-1,-1,0,0,-1,0,-1,-1,0,0,edgeCount
496,149,193,graphml/GtsCe.graphml,2,,clustered,0.7;-0.3,-1,-1,-1,0,0,-1,0,-1,-1,0,0,edgeCount
495,149,193,graphml/GtsCe.graphml,2,,clustered,0.7;-0.3,41,17,13,28,2,-1,-14,35,25,22,2,edgeCount
494,149,193,graphml/GtsCe.graphml,2,,clustered,0.7;-0.3,-1,-1,15,-16,0,-1,-16,-1,-1,-16,0,edgeCount
493,149,193,graphml/GtsCe.graphml,1,,clustered,0.7;-0.3,6,6,6,0,0,6,0,6,6,0,0,edgeCount
492,149,193,graphml/GtsCe.graphml,2,,clustered,0.7;-0.3,52,28,15,37,2,-1,-16,-1,-1,-16,2,edgeCount
491,149,193,graphml/GtsCe.graphml,2,,clustered,0.7;-0.3,-1,-1,-1,0,0,-1,0,-1,-1,0,0,edgeCount
490,149,193,graphml/GtsCe.graphml,3,,clustered,0.7;-0.3,-1,-1,-1,0,0,-1,0,-1,-1,0,0,edgeCount
489,149,193,graphml/GtsCe.graphml,2,,clustered,0.7;-0.3,10,36,10,0,4,24,14,10,36,0,4,edgeCount
488,149,193,graphml/GtsCe.graphml,2,,clustered,0.7;-0.3,-1,-1,10,-11,0,-1,-11,-1,-1,-11,0,edgeCount
487,149,193,graphml/GtsCe.graphml,2,,clustered,0.7;-0.3,-1,-1,-1,0,0,-1,0,-1,-1,0,0,edgeCount
486,149,193,graphml/GtsCe.graphml,2,,clustered,0.7;-0.3,13,41,9,4,2,25,16,31,31,22,2,edgeCount
485,149,193,graphml/GtsCe.graphml,2,,clustered,0.7;-0.3,-1,-1,-1,0,0,-1,0,-1,-1,0,0,edgeCount
484,149,193,graphml/GtsCe.graphml,2,,clustered,0.7;-0.3,43,7,7,36,0,7,0,7,7,0,0,edgeCount
483,149,193,graphml/GtsCe.graphml,2,,clustered,0.7;-0.3,16,16,15,1,0,16,1,16,16,1,0,edgeCount
482,149,193,graphml/GtsCe.graphml,2,,clustered,0.7;-0.3,16,32,4,12,2,4,0,4,4,0,2,edgeCount
481,149,193,graphml/GtsCe.graphml,2,,clustered,0.7;-0.3,11,29,10,1,2,29,19,29,29,19,2,edgeCount
480,149,193,graphml/GtsCe.graphml,2,,clustered,0.7;-0.3,-1,-1,-1,0,2,-1,0,-1,-1,0,2,edgeCount
479,149,193,graphml/GtsCe.graphml,2,,clustered,0.7;-0.3,-1,-1,-1,0,0,-1,0,-1,-1,0,0,edgeCount
478,149,193,graphml/GtsCe.graphml,2,,clustered,0.7;-0.3,-1,-1,-1,0,0,-1,0,-1,-1,0,0,edgeCount
477,149,193,graphml/GtsCe.graphml,4,,clustered,0.7;-0.3,2,2,2,0,0,2,0,2,2,0,0,edgeCount
476,149,193,graphml/GtsCe.graphml,2,,clustered,0.7;-0.3,-1,-1,4,-5,0,-1,-5,-1,-1,-5,0,edgeCount
475,149,193,graphml/GtsCe.graphml,1,,clustered,0.7;-0.3,11,11,11,0,0,11,0,11,11,0,0,edgeCount
474,149,193,graphml/GtsCe.graphml,2,,clustered,0.7;-0.3,-1,-1,-1,0,0,-1,0,-1,-1,0,0,edgeCount
473,149,193,graphml/GtsCe.graphml,2,,clustered,0.7;-0.3,-1,-1,-1,0,2,-1,0,-1,-1,0,2,edgeCount
472,149,193,graphml/GtsCe.graphml,2,,clustered,0.7;-0.3,-1,-1,-1,0,2,-1,0,-1,-1,0,2,edgeCount
471,149,193,graphml/GtsCe.graphml,2,,clustered,0.7;-0.3,-1,-1,-1,0,0,-1,0,-1,-1,0,0,edgeCount
470,149,193,graphml/GtsCe.graphml,2,,clustered,0.7;-0.3,30,14,9,21,4,-1,-10,-1,-1,-10,4,edgeCount
469,149,193,graphml/GtsCe.graphml,2,,clustered,0.7;-0.3,6,6,6,0,0,6,0,6,6,0,0,edgeCount
468,149,193,graphml/GtsCe.graphml,2,,clustered,0.7;-0.3,-1,-1,-1,0,0,-1,0,-1,-1,0,0,edgeCount
467,149,193,graphml/GtsCe.graphml,2,,clustered,0.7;-0.3,5,5,5,0,0,16,11,5,5,0,0,edgeCount
466,149,193,graphml/GtsCe.graphml,3,,clustered,0.7;-0.3,53,53,16,37,0,53,37,53,53,37,0,edgeCount
465,149,193,graphml/GtsCe.graphml,3,,clustered,0.7;-0.3,-1,-1,-1,0,0,-1,0,-1,-1,0,0,edgeCount
464,149,193,graphml/GtsCe.graphml,1,,clustered,0.7;-0.3,7,7,7,0,0,7,0,7,7,0,0,edgeCount
463,149,193,graphml/GtsCe.graphml,2,,clustered,0.7;-0.3,-1,-1,-1,0,2,-1,0,-1,-1,0,2,edgeCount
462,149,193,graphml/GtsCe.graphml,2,,clustered,0.7;-0.3,-1,-1,20,-21,0,-1,-21,-1,-1,-21,0,edgeCount
461,149,193,graphml/GtsCe.graphml,1,,clustered,0.7;-0.3,26,14,13,13,2,-1,-14,26,14,13,2,edgeCount
460,149,193,graphml/GtsCe.graphml,2,,clustered,0.7;-0.3,-1,-1,-1,0,4,-1,0,-1,-1,0,4,edgeCount
459,149,193,graphml/GtsCe.graphml,2,,clustered,0.7;-0.3,-1,-1,15,-16,2,-1,-16,-1,-1,-16,2,edgeCount
458,149,193,graphml/GtsCe.graphml,2,,clustered,0.7;-0.3,-1,-1,-1,0,0,-1,0,-1,-1,0,0,edgeCount
457,149,193,graphml/GtsCe.graphml,2,,clustered,0.7;-0.3,-1,-1,-1,0,0,-1,0,-1,-1,0,0,edgeCount
456,149,193,graphml/GtsCe.graphml,2,,clustered,0.7;-0.3,28,28,9,19,0,28,19,28,28,19,0,edgeCount
455,149,193,graphml/GtsCe.graphml,2,,clustered,0.7;-0.3,-1,-1,-1,0,0,-1,0,-1,-1,0,0,edgeCount
454,149,193,graphml/GtsCe.graphml,2,,clustered,0.7;-0.3,60,60,18,42,0,60,42,60,60,42,0,edgeCount
453,149,193,graphml/GtsCe.graphml,2,,clustered,0.7;-0.3,4,4,4,0,0,-1,-5,-1,-1,-5,0,edgeCount
452,149,193,graphml/GtsCe.graphml,2,,clustered,0.7;-0.3,-1,-1,-1,0,0,-1,0,-1,-1,0,0,edgeCount
451,149,193,graphml/GtsCe.graphml,2,,clustered,0.7;-0.3,-1,-1,-1,0,0,-1,0,-1,-1,0,0,edgeCount
450,149,193,graphml/GtsCe.graphml,2,,clustered,0.7;-0.3,21,21,20,1,0,21,1,21,21,1,0,edgeCount
449,149,193,graphml/GtsCe.graphml,2,,clustered,0.7;-0.3,31,43,7,24,2,7,0,7,7,0,2,edgeCount
448,149,193,graphml/GtsCe.graphml,2,,clustered,0.7;-0.3,29,19,14,15,0,54,40,54,54,40,0,edgeCount
447,149,193,graphml/GtsCe.graphml,2,,clustered,0.7;-0.3,-1,-1,-1,0,0,-1,0,-1,-1,0,0,edgeCount
446,149,193,graphml/GtsCe.graphml,2,,clustered,0.7;-0.3,-1,-1,-1,0,0,-1,0,-1,-1,0,0,edgeCount
445,149,193,graphml/GtsCe.graphml,1,,clustered,0.7;-0.3,15,15,15,0,0,15,0,15,15,0,0,edgeCount
444,149,193,graphml/GtsCe.graphml,2,,clustered,0.7;-0.3,-1,-1,-1,0,0,-1,0,-1,-1,0,0,edgeCount
443,149,193,graphml/GtsCe.graphml,2,,clustered,0.7;-0.3,69,69,22,47,0,69,47,69,69,47,0,edgeCount
442,149,193,graphml/GtsCe.graphml,3,,clustered,0.7;-0.3,-1,-1,-1,0,2,-1,0,-1,-1,0,2,edgeCount
441,149,193,graphml/GtsCe.graphml,1,,clustered,0.7;-0.3,-1,-1,13,-14,0,-1,-14,-1,-1,-14,0,edgeCount
440,149,193,graphml/GtsCe.graphml,2,,clustered,0.7;-0.3,-1,-1,-1,0,2,-1,0,-1,-1,0,2,edgeCount
439,149,193,graphml/GtsCe.graphml,2,,clustered,0.7;-0.3,-1,-1,-1,0,2,-1,0,-1,-1,0,2,edgeCount
438,149,193,graphml/GtsCe.graphml,1,,clustered,0.7;-0.3,-1,-1,14,-15,2,-1,-15,-1,-1,-15,2,edgeCount
437,149,193,graphml/GtsCe.graphml,1,,clustered,0.7;-0.3,-1,-1,11,-12,0,-1,-12,-1,-1,-12,0,edgeCount
436,149,193,graphml/GtsCe.graphml,2,,clustered,0.7;-0.3,14,64,10,4,2,-1,-11,-1,-1,-11,2,edgeCount
435,149,193,graphml/GtsCe.graphml,3,,clustered,0.7;-0.3,93,21,19,74,4,-1,-20,-1,-1,-20,4,edgeCount
434,149,193,graphml/GtsCe.graphml,2,,clustered,0.7;-0.3,-1,-1,-1,0,0,-1,0,-1,-1,0,0,edgeCount
433,149,193,graphml/GtsCe.graphml,1,,clustered,0.7;-0.3,5,5,5,0,0,5,0,5,5,0,0,edgeCount
432,149,193,graphml/GtsCe.graphml,2,,clustered,0.7;-0.3,44,26,13,31,6,-1,-14,67,79,54,6,edgeCount
431,149,193,graphml/GtsCe.graphml,2,,clustered,0.7;-0.3,18,18,15,3,0,18,3,18,18,3,0,edgeCount
430,149,193,graphml/GtsCe.graphml,3,,clustered,0.7;-0.3,8,8,7,1,0,8,1,8,8,1,0,edgeCount
429,149,193,graphml/GtsCe.graphml,2,,clustered,0.7;-0.3,13,43,7,6,2,7,0,7,7,0,2,edgeCount
428,149,193,graphml/GtsCe.graphml,2,,clustered,0.7;-0.3,-1,-1,-1,0,2,-1,0,-1,-1,0,2,edgeCount
427,149,193,graphml/GtsCe.graphml,2,,clustered,0.7;-0.3,-1,-1,-1,0,0,-1,0,-1,-1,0,0,edgeCount
426,149,193,graphml/GtsCe.graphml,1,,clustered,0.7;-0.3,55,55,21,34,2,-1,-22,55,55,34,2,edgeCount
425,149,193,graphml/GtsCe.graphml,1,,clustered,0.7;-0.3,-1,-1,-1,0,6,-1,0,-1,-1,0,6,edgeCount
424,149,193,graphml/GtsCe.graphml,2,,clustered,0.7;-0.3,-1,-1,-1,0,0,-1,0,-1,-1,0,0,edgeCount
423,149,193,graphml/GtsCe.graphml,2,,clustered,0.7;-0.3,-1,-1,10,-11,0,-1,-11,-1,-1,-11,0,edgeCount
422,149,193,graphml/GtsCe.graphml,2,,clustered,0.7;-0.3,21,7,7,14,0,7,0,7,7,0,0,edgeCount
421,149,193,graphml/GtsCe.graphml,4,,clustered,0.7;-0.3,-1,-1,-1,0,2,-1,0,-1,-1,0,2,edgeCount
420,149,193,graphml/GtsCe.graphml,2,,clustered,0.7;-0.3,-1,-1,-1,0,2,-1,0,-1,-1,0,2,edgeCount
419,149,193,graphml/GtsCe.graphml,2,,clustered,0.7;-0.3,14,14,14,0,0,14,0,14,14,0,0,edgeCount
418,149,193,graphml/GtsCe.graphml,2,,clustered,0.7;-0.3,46,46,15,31,0,46,31,46,46,31,0,edgeCount
417,149,193,graphml/GtsCe.graphml,2,,clustered,0.7;-0.3,-1,-1,6,-7,0,-1,-7,-1,-1,-7,0,edgeCount
416,149,193,graphml/GtsCe.graphml,3,,clustered,0.7;-0.3,75,75,9,66,2,-1,-10,75,75,66,2,edgeCount
415,149,193,graphml/GtsCe.graphml,2,,clustered,0.7;-0.3,9,29,9,0,0,17,8,17,17,8,0,edgeCount
414,149,193,graphml/GtsCe.graphml,2,,clustered,0.7;-0.3,-1,-1,-1,0,2,-1,0,-1,-1,0,2,edgeCount
413,149,193,graphml/GtsCe.graphml,2,,clustered,0.7;-0.3,4,14,4,0,2,6,2,4,14,0,2,edgeCount
412,149,193,graphml/GtsCe.graphml,2,,clustered,0.7;-0.3,56,56,18,38,0,56,38,56,56,38,0,edgeCount
411,149,193,graphml/GtsCe.graphml,2,,clustered,0.7;-0.3,17,17,17,0,0,17,0,17,17,0,0,edgeCount
410,149,193,graphml/GtsCe.graphml,1,,clustered,0.7;-0.3,-1,-1,-1,0,2,-1,0,-1,-1,0,2,edgeCount
409,149,193,graphml/GtsCe.graphml,2,,clustered,0.7;-0.3,-1,-1,-1,0,0,-1,0,-1,-1,0,0,edgeCount
408,149,193,graphml/GtsCe.graphml,2,,clustered,0.7;-0.3,-1,-1,-1,0,0,-1,0,-1,-1,0,0,edgeCount
407,149,193,graphml/GtsCe.graphml,1,,clustered,0.7;-0.3,-1,-1,10,-11,2,-1,-11,-1,-1,-11,2,edgeCount
406,149,193,graphml/GtsCe.graphml,1,,clustered,0.7;-0.3,6,6,6,0,0,6,0,6,6,0,0,edgeCount
405,149,193,graphml/GtsCe.graphml,2,,clustered,0.7;-0.3,-1,-1,-1,0,2,-1,0,-1,-1,0,2,edgeCount
404,149,193,graphml/GtsCe.graphml,2,,clustered,0.7;-0.3,-1,-1,-1,0,0,-1,0,-1,-1,0,0,edgeCount
403,149,193,graphml/GtsCe.graphml,2,,clustered,0.7;-0.3,-1,-1,-1,0,2,-1,0,-1,-1,0,2,edgeCount
402,149,193,graphml/GtsCe.graphml,2,,clustered,0.7;-0.3,-1,-1,-1,0,0,-1,0,-1,-1,0,0,edgeCount
401,149,193,graphml/GtsCe.graphml,2,,clustered,0.7;-0.3,56,30,10,46,0,-1,-11,-1,-1,-11,0,edgeCount
400,149,193,graphml/GtsCe.graphml,1,,clustered,0.7;-0.3,-1,-1,-1,0,2,-1,0,-1,-1,0,2,edgeCount
399,149,193,graphml/GtsCe.graphml,2,,clustered,0.7;-0.3,-1,-1,-1,0,0,-1,0,-1,-1,0,0,edgeCount
398,149,193,graphml/GtsCe.graphml,2,,clustered,0.7;-0.3,-1,-1,-1,0,0,-1,0,-1,-1,0,0,edgeCount
397,149,193,graphml/GtsCe.graphml,2,,clustered,0.7;-0.3,-1,-1,-1,0,0,-1,0,-1,-1,0,0,edgeCount
396,149,193,graphml/GtsCe.graphml,2,,clustered,0.7;-0.3,3,3,3,0,0,3,0,3,3,0,0,edgeCount
395,149,193,graphml/GtsCe.graphml,2,,clustered,0.7;-0.3,39,39,11,28,0,39,28,39,39,28,0,edgeCount
394,149,193,graphml/GtsCe.graphml,1,,clustered,0.7;-0.3,-1,-1,13,-14,0,-1,-14,-1,-1,-14,0,edgeCount
393,149,193,graphml/GtsCe.graphml,2,,clustered,0.7;-0.3,-1,-1,-1,0,0,-1,0,-1,-1,0,0,edgeCount
392,149,193,graphml/GtsCe.graphml,2,,clustered,0.7;-0.3,28,28,9,19,0,28,19,28,28,19,0,edgeCount
391,149,193,graphml/GtsCe.graphml,1,,clustered,0.7;-0.3,-1,-1,-1,0,0,-1,0,-1,-1,0,0,edgeCount
390,149,193,graphml/GtsCe.graphml,2,,clustered,0.7;-0.3,-1,-1,-1,0,0,-1,0,-1,-1,0,0,edgeCount
389,149,193,graphml/GtsCe.graphml,2,,clustered,0.7;-0.3,21,21,19,2,0,21,2,21,21,2,0,edgeCount
388,149,193,graphml/GtsCe.graphml,2,,clustered,0.7;-0.3,-1,-1,-1,0,0,-1,0,-1,-1,0,0,edgeCount
387,149,193,graphml/GtsCe.graphml,2,,clustered,0.7;-0.3,23,23,11,12,0,23,12,23,23,12,0,edgeCount
386,149,193,graphml/GtsCe.graphml,2,,clustered,0.7;-0.3,-1,-1,-1,0,0,-1,0,-1,-1,0,0,edgeCount
385,149,193,graphml/GtsCe.graphml,2,,clustered,0.7;-0.3,53,29,13,40,6,-1,-14,86,86,73,6,edgeCount
384,149,193,graphml/GtsCe.graphml,1,,clustered,0.7;-0.3,-1,-1,-1,0,2,-1,0,-1,-1,0,2,edgeCount
383,149,193,graphml/GtsCe.graphml,3,,clustered,0.7;-0.3,57,57,15,42,0,57,42,57,57,42,0,edgeCount
382,149,193,graphml/GtsCe.graphml,2,,clustered,0.7;-0.3,-1,-1,-1,0,0,-1,0,-1,-1,0,0,edgeCount
381,149,193,graphml/GtsCe.graphml,2,,clustered,0.7;-0.3,-1,-1,-1,0,4,-1,0,-1,-1,0,4,edgeCount
380,149,193,graphml/GtsCe.graphml,1,,clustered,0.7;-0.3,-1,-1,-1,0,2,-1,0,-1,-1,0,2,edgeCount
379,149,193,graphml/GtsCe.graphml,3,,clustered,0.7;-0.3,62,20,13,49,0,-1,-14,-1,-1,-14,0,edgeCount
378,149,193,graphml/GtsCe.graphml,2,,clustered,0.7;-0.3,14,14,12,2,2,45,33,14,14,2,2,edgeCount
377,149,193,graphml/GtsCe.graphml,2,,clustered,0.7;-0.3,88,20,16,72,2,-1,-17,52,50,36,2,edgeCount
376,149,193,graphml/GtsCe.graphml,2,,clustered,0.7;-0.3,-1,-1,-1,0,0,-1,0,-1,-1,0,0,edgeCount
375,149,193,graphml/GtsCe.graphml,2,,clustered,0.7;-0.3,-1,-1,-1,0,0,-1,0,-1,-1,0,0,edgeCount
374,149,193,graphml/GtsCe.graphml,2,,clustered,0.7;-0.3,-1,-1,7,-8,2,-1,-8,-1,-1,-8,2,edgeCount
373,149,193,graphml/GtsCe.graphml,1,,clustered,0.7;-0.3,-1,-1,5,-6,0,-1,-6,-1,-1,-6,0,edgeCount
372,149,193,graphml/GtsCe.graphml,2,,clustered,0.7;-0.3,-1,-1,6,-7,4,-1,-7,-1,-1,-7,4,edgeCount
371,149,193,graphml/GtsCe.graphml,1,,clustered,0.7;-0.3,5,5,5,0,0,5,0,5,5,0,0,edgeCount
370,149,193,graphml/GtsCe.graphml,2,,clustered,0.7;-0.3,11,35,11,0,6,17,6,17,17,6,6,edgeCount
369,149,193,graphml/GtsCe.graphml,2,,clustered,0.7;-0.3,10,10,10,0,0,10,0,10,10,0,0,edgeCount
368,149,193,graphml/GtsCe.graphml,1,,clustered,0.7;-0.3,-1,-1,-1,0,6,-1,0,-1,-1,0,6,edgeCount
367,149,193,graphml/GtsCe.graphml,1,,clustered,0.7;-0.3,-1,-1,-1,0,2,-1,0,-1,-1,0,2,edgeCount
366,149,193,graphml/GtsCe.graphml,2,,clustered,0.7;-0.3,-1,-1,-1,0,0,-1,0,-1,-1,0,0,edgeCount
365,149,193,graphml/GtsCe.graphml,2,,clustered,0.7;-0.3,-1,-1,-1,0,0,-1,0,-1,-1,0,0,edgeCount
364,149,193,graphml/GtsCe.graphml,2,,clustered,0.7;-0.3,11,11,11,0,0,11,0,11,11,0,0,edgeCount
363,149,193,graphml/GtsCe.graphml,2,,clustered,0.7;-0.3,-1,-1,-1,0,2,-1,0,-1,-1,0,2,edgeCount
362,149,193,graphml/GtsCe.graphml,2,,clustered,0.7;-0.3,-1,-1,-1,0,2,-1,0,-1,-1,0,2,edgeCount
361,149,193,graphml/GtsCe.graphml,2,,clustered,0.7;-0.3,17,17,8,9,0,-1,-9,-1,-1,-9,0,edgeCount
360,149,193,graphml/GtsCe.graphml,1,,clustered,0.7;-0.3,-1,-1,14,-15,4,-1,-15,-1,-1,-15,4,edgeCount
359,149,193,graphml/GtsCe.graphml,2,,clustered,0.7;-0.3,-1,-1,-1,0,2,-1,0,-1,-1,0,2,edgeCount
358,149,193,graphml/GtsCe.graphml,1,,clustered,0.7;-0.3,-1,-1,-1,0,8,-1,0,-1,-1,0,8,edgeCount
357,149,193,graphml/GtsCe.graphml,1,,clustered,0.7;-0.3,-1,-1,13,-14,0,-1,-14,-1,-1,-14,0,edgeCount
356,149,193,graphml/GtsCe.graphml,2,,clustered,0.7;-0.3,58,58,16,42,0,58,42,58,58,42,0,edgeCount
355,149,193,graphml/GtsCe.graphml,2,,clustered,0.7;-0.3,11,37,8,3,2,25,17,25,25,17,2,edgeCount
354,149,193,graphml/GtsCe.graphml,2,,clustered,0.7;-0.3,85,43,21,64,0,21,0,21,21,0,0,edgeCount
353,149,193,graphml/GtsCe.graphml,2,,clustered,0.7;-0.3,8,8,7,1,2,8,1,8,8,1,2,edgeCount
352,149,193,graphml/GtsCe.graphml,2,,clustered,0.7;-0.3,56,56,18,38,0,56,38,56,56,38,0,edgeCount
351,149,193,graphml/GtsCe.graphml,2,,clustered,0.7;-0.3,-1,-1,-1,0,0,-1,0,-1,-1,0,0,edgeCount
350,149,193,graphml/GtsCe.graphml,2,,clustered,0.7;-0.3,-1,-1,-1,0,0,-1,0,-1,-1,0,0,edgeCount
349,149,193,graphml/GtsCe.graphml,2,,clustered,0.7;-0.3,-1,-1,-1,0,2,-1,0,-1,-1,0,2,edgeCount
348,149,193,graphml/GtsCe.graphml,2,,clustered,0.7;-0.3,18,18,16,2,0,18,2,18,18,2,0,edgeCount
347,149,193,graphml/GtsCe.graphml,2,,clustered,0.7;-0.3,46,28,8,38,0,-1,-9,-1,-1,-9,0,edgeCount
346,149,193,graphml/GtsCe.graphml,2,,clustered,0.7;-0.3,36,20,10,26,8,-1,-11,37,37,27,8,edgeCount
345,149,193,graphml/GtsCe.graphml,2,,clustered,0.7;-0.3,-1,-1,-1,0,2,-1,0,-1,-1,0,2,edgeCount
344,149,193,graphml/GtsCe.graphml,1,,clustered,0.7;-0.3,14,8,8,6,2,-1,-9,14,8,6,2,edgeCount
343,149,193,graphml/GtsCe.graphml,2,,clustered,0.7;-0.3,13,13,13,0,0,13,0,13,13,0,0,edgeCount
342,149,193,graphml/GtsCe.graphml,3,,clustered,0.7;-0.3,-1,-1,-1,0,2,-1,0,-1,-1,0,2,edgeCount
341,149,193,graphml/GtsCe.graphml,2,,clustered,0.7;-0.3,-1,-1,12,-13,2,-1,-13,-1,-1,-13,2,edgeCount
340,149,193,graphml/GtsCe.graphml,2,,clustered,0.7;-0.3,-1,-1,6,-7,0,-1,-7,-1,-1,-7,0,edgeCount
339,149,193,graphml/GtsCe.graphml,2,,clustered,0.7;-0.3,4,4,4,0,0,4,0,4,4,0,0,edgeCount
338,149,193,graphml/GtsCe.graphml,3,,clustered,0.7;-0.3,14,2,2,12,2,3,1,4,4,2,2,edgeCount
337,149,193,graphml/GtsCe.graphml,2,,clustered,0.7;-0.3,-1,-1,-1,0,0,-1,0,-1,-1,0,0,edgeCount
336,149,193,graphml/GtsCe.graphml,2,,clustered,0.7;-0.3,-1,-1,-1,0,2,-1,0,-1,-1,0,2,edgeCount
335,149,193,graphml/GtsCe.graphml,2,,clustered,0.7;-0.3,-1,-1,9,-10,0,-1,-10,-1,-1,-10,0,edgeCount
334,149,193,graphml/GtsCe.graphml,2,,clustered,0.7;-0.3,5,13,5,0,4,5,0,5,17,0,4,edgeCount
333,149,193,graphml/GtsCe.graphml,2,,clustered,0.7;-0.3,9,10,9,0,4,13,4,13,13,4,4,edgeCount
332,149,193,graphml/GtsCe.graphml,2,,clustered,0.7;-0.3,-1,-1,14,-15,0,-1,-15,-1,-1,-15,0,edgeCount
331,149,193,graphml/GtsCe.graphml,2,,clustered,0.7;-0.3,-1,-1,-1,0,0,-1,0,-1,-1,0,0,edgeCount
330,149,193,graphml/GtsCe.graphml,2,,clustered,0.7;-0.3,-1,-1,-1,0,0,-1,0,-1,-1,0,0,edgeCount
329,149,193,graphml/GtsCe.graphml,2,,clustered,0.7;-0.3,61,17,17,44,0,17,0,17,17,0,0,edgeCount
328,149,193,graphml/GtsCe.graphml,1,,clustered,0.7;-0.3,-1,-1,-1,0,0,-1,0,-1,-1,0,0,edgeCount
327,149,193,graphml/GtsCe.graphml,2,,clustered,0.7;-0.3,20,27,14,6,0,52,38,52,52,38,0,edgeCount
326,149,193,graphml/GtsCe.graphml,2,,clustered,0.7;-0.3,-1,-1,-1,0,2,-1,0,-1,-1,0,2,edgeCount
325,149,193,graphml/GtsCe.graphml,2,,clustered,0.7;-0.3,-1,-1,12,-13,0,-1,-13,-1,-1,-13,0,edgeCount
324,149,193,graphml/GtsCe.graphml,2,,clustered,0.7;-0.3,20,10,6,14,0,-1,-7,-1,-1,-7,0,edgeCount
323,149,193,graphml/GtsCe.graphml,2,,clustered,0.7;-0.3,75,33,23,52,2,-1,-24,64,56,41,2,edgeCount
322,149,193,graphml/GtsCe.graphml,2,,clustered,0.7;-0.3,88,22,15,73,6,-1,-16,75,75,60,6,edgeCount
321,149,193,graphml/GtsCe.graphml,2,,clustered,0.7;-0.3,35,47,9,26,6,9,0,9,9,0,6,edgeCount
320,149,193,graphml/GtsCe.graphml,2,,clustered,0.7;-0.3,9,9,7,2,6,9,2,9,9,2,6,edgeCount
319,149,193,graphml/GtsCe.graphml,2,,clustered,0.7;-0.3,-1,-1,-1,0,0,-1,0,-1,-1,0,0,edgeCount
318,149,193,graphml/GtsCe.graphml,2,,clustered,0.7;-0.3,-1,-1,16,-17,0,-1,-17,-1,-1,-17,0,edgeCount
317,149,193,graphml/GtsCe.graphml,1,,clustered,0.7;-0.3,18,18,18,0,0,18,0,18,18,0,0,edgeCount
316,149,193,graphml/GtsCe.graphml,2,,clustered,0.7;-0.3,-1,-1,-1,0,0,-1,0,-1,-1,0,0,edgeCount
315,149,193,graphml/GtsCe.graphml,2,,clustered,0.7;-0.3,18,18,15,3,2,18,3,18,18,3,2,edgeCount
314,149,193,graphml/GtsCe.graphml,2,,clustered,0.7;-0.3,10,10,10,0,0,10,0,10,10,0,0,edgeCount
313,149,193,graphml/GtsCe.graphml,3,,clustered,0.7;-0.3,-1,-1,-1,0,0,-1,0,-1,-1,0,0,edgeCount
312,149,193,graphml/GtsCe.graphml,2,,clustered,0.7;-0.3,-1,-1,-1,0,4,-1,0,-1,-1,0,4,edgeCount
311,149,193,graphml/GtsCe.graphml,2,,clustered,0.7;-0.3,-1,-1,-1,0,2,-1,0,-1,-1,0,2,edgeCount
310,149,193,graphml/GtsCe.graphml,1,,clustered,0.7;-0.3,-1,-1,-1,0,0,-1,0,-1,-1,0,0,edgeCount
309,149,193,graphml/GtsCe.graphml,1,,clustered,0.7;-0.3,-1,-1,-1,0,0,-1,0,-1,-1,0,0,edgeCount
308,149,193,graphml/GtsCe.graphml,2,,clustered,0.7;-0.3,-1,-1,-1,0,0,-1,0,-1,-1,0,0,edgeCount
307,149,193,graphml/GtsCe.graphml,2,,clustered,0.7;-0.3,-1,-1,-1,0,0,-1,0,-1,-1,0,0,edgeCount
306,149,193,graphml/GtsCe.graphml,2,,clustered,0.7;-0.3,-1,-1,-1,0,0,-1,0,-1,-1,0,0,edgeCount
305,149,193,graphml/GtsCe.graphml,2,,clustered,0.7;-0.3,-1,-1,-1,0,0,-1,0,-1,-1,0,0,edgeCount
304,149,193,graphml/GtsCe.graphml,2,,clustered,0.7;-0.3,-1,-1,7,-8,0,-1,-8,-1,-1,-8,0,edgeCount
303,149,193,graphml/GtsCe.graphml,2,,clustered,0.7;-0.3,-1,-1,15,-16,0,-1,-16,-1,-1,-16,0,edgeCount
302,149,193,graphml/GtsCe.graphml,2,,clustered,0.7;-0.3,3,3,3,0,0,3,0,3,3,0,0,edgeCount
301,149,193,graphml/GtsCe.graphml,2,,clustered,0.7;-0.3,-1,-1,-1,0,0,-1,0,-1,-1,0,0,edgeCount
300,149,193,graphml/GtsCe.graphml,2,,clustered,0.7;-0.3,-1,-1,-1,0,0,-1,0,-1,-1,0,0,edgeCount
299,149,193,graphml/GtsCe.graphml,2,,clustered,0.7;-0.3,-1,-1,-1,0,0,-1,0,-1,-1,0,0,edgeCount
298,149,193,graphml/GtsCe.graphml,2,,clustered,0.7;-0.3,11,18,9,2,0,21,12,21,21,12,0,edgeCount
297,149,193,graphml/GtsCe.graphml,2,,clustered,0.7;-0.3,-1,-1,-1,0,2,-1,0,-1,-1,0,2,edgeCount
296,149,193,graphml/GtsCe.graphml,2,,clustered,0.7;-0.3,-1,-1,-1,0,0,-1,0,-1,-1,0,0,edgeCount
295,149,193,graphml/GtsCe.graphml,2,,clustered,0.7;-0.3,6,6,6,0,0,6,0,6,6,0,0,edgeCount
294,149,193,graphml/GtsCe.graphml,3,,clustered,0.7;-0.3,10,10,9,1,2,71,62,10,10,1,2,edgeCount
293,149,193,graphml/GtsCe.graphml,2,,clustered,0.7;-0.3,-1,-1,-1,0,4,-1,0,-1,-1,0,4,edgeCount
292,149,193,graphml/GtsCe.graphml,2,,clustered,0.7;-0.3,-1,-1,-1,0,0,-1,0,-1,-1,0,0,edgeCount
291,149,193,graphml/GtsCe.graphml,2,,clustered,0.7;-0.3,-1,-1,-1,0,0,-1,0,-1,-1,0,0,edgeCount
290,149,193,graphml/GtsCe.graphml,2,,clustered,0.7;-0.3,-1,-1,-1,0,0,-1,0,-1,-1,0,0,edgeCount
289,149,193,graphml/GtsCe.graphml,2,,clustered,0.7;-0.3,-1,-1,-1,0,4,-1,0,-1,-1,0,4,edgeCount
288,149,193,graphml/GtsCe.graphml,2,,clustered,0.7;-0.3,6,6,6,0,0,6,0,6,6,0,0,edgeCount
287,149,193,graphml/GtsCe.graphml,2,,clustered,0.7;-0.3,14,44,9,5,2,30,21,30,30,21,2,edgeCount
286,149,193,graphml/GtsCe.graphml,1,,clustered,0.7;-0.3,13,13,13,0,0,13,0,13,13,0,0,edgeCount
285,149,193,graphml/GtsCe.graphml,2,,clustered,0.7;-0.3,36,14,11,25,2,12,1,36,12,25,2,edgeCount
284,149,193,graphml/GtsCe.graphml,2,,clustered,0.7;-0.3,-1,-1,23,-24,6,-1,-24,-1,-1,-24,6,edgeCount
283,149,193,graphml/GtsCe.graphml,2,,clustered,0.7;-0.3,-1,-1,18,-19,0,-1,-19,-1,-1,-19,0,edgeCount
282,149,193,graphml/GtsCe.graphml,2,,clustered,0.7;-0.3,-1,-1,14,-15,2,-1,-15,-1,-1,-15,2,edgeCount
281,149,193,graphml/GtsCe.graphml,1,,clustered,0.7;-0.3,-1,-1,-1,0,8,-1,0,-1,-1,0,8,edgeCount
280,149,193,graphml/GtsCe.graphml,2,,clustered,0.7;-0.3,6,6,6,0,0,6,0,6,6,0,0,edgeCount
279,149,193,graphml/GtsCe.graphml,2,,clustered,0.7;-0.3,9,9,9,0,0,9,0,9,9,0,0,edgeCount
278,149,193,graphml/GtsCe.graphml,2,,clustered,0.7;-0.3,-1,-1,-1,0,6,-1,0,-1,-1,0,6,edgeCount
277,149,193,graphml/GtsCe.graphml,2,,clustered,0.7;-0.3,-1,-1,-1,0,2,-1,0,-1,-1,0,2,edgeCount
276,149,193,graphml/GtsCe.graphml,2,,clustered,0.7;-0.3,-1,-1,-1,0,0,-1,0,-1,-1,0,0,edgeCount
275,149,193,graphml/GtsCe.graphml,2,,clustered,0.7;-0.3,-1,-1,-1,0,0,-1,0,-1,-1,0,0,edgeCount
274,149,193,graphml/GtsCe.graphml,1,,clustered,0.7;-0.3,36,36,13,23,4,-1,-14,36,36,23,4,edgeCount
273,149,193,graphml/GtsCe.graphml,3,,clustered,0.7;-0.3,-1,-1,-1,0,2,-1,0,-1,-1,0,2,edgeCount
272,149,193,graphml/GtsCe.graphml,1,,clustered,0.7;-0.3,-1,-1,21,-22,2,-1,-22,-1,-1,-22,2,edgeCount
271,149,193,graphml/GtsCe.graphml,2,,clustered,0.7;-0.3,29,29,11,18,0,29,18,29,29,18,0,edgeCount
270,149,193,graphml/GtsCe.graphml,1,,clustered,0.7;-0.3,-1,-1,-1,0,6,-1,0,-1,-1,0,6,edgeCount
269,149,193,graphml/GtsCe.graphml,2,,clustered,0.7;-0.3,51,51,9,42,6,9,0,9,9,0,6,edgeCount
268,149,193,graphml/GtsCe.graphml,2,,clustered,0.7;-0.3,41,37,11,30,4,11,0,11,11,0,4,edgeCount
267,149,193,graphml/GtsCe.graphml,2,,clustered,0.7;-0.3,20,20,18,2,0,20,2,20,20,2,0,edgeCount
266,149,193,graphml/GtsCe.graphml,2,,clustered,0.7;-0.3,-1,-1,-1,0,0,-1,0,-1,-1,0,0,edgeCount
265,149,193,graphml/GtsCe.graphml,3,,clustered,0.7;-0.3,14,16,5,9,2,16,11,16,23,11,2,edgeCount
264,149,193,graphml/GtsCe.graphml,2,,clustered,0.7;-0.3,44,48,13,31,0,-1,-14,-1,-1,-14,0,edgeCount
263,149,193,graphml/GtsCe.graphml,1,,clustered,0.7;-0.3,-1,-1,-1,0,4,-1,0,-1,-1,0,4,edgeCount
262,149,193,graphml/GtsCe.graphml,2,,clustered,0.7;-0.3,-1,-1,-1,0,2,-1,0,-1,-1,0,2,edgeCount
261,149,193,graphml/GtsCe.graphml,2,,clustered,0.7;-0.3,-1,-1,-1,0,0,-1,0,-1,-1,0,0,edgeCount
260,149,193,graphml/GtsCe.graphml,2,,clustered,0.7;-0.3,-1,-1,-1,0,0,-1,0,-1,-1,0,0,edgeCount
259,149,193,graphml/GtsCe.graphml,5,,clustered,0.7;-0.3,24,24,8,16,0,24,16,24,24,16,0,edgeCount
258,149,193,graphml/GtsCe.graphml,2,,clustered,0.7;-0.3,-1,-1,10,-11,0,-1,-11,-1,-1,-11,0,edgeCount
257,149,193,graphml/GtsCe.graphml,2,,clustered,0.7;-0.3,8,30,8,0,0,8,0,8,8,0,0,edgeCount
256,149,193,graphml/GtsCe.graphml,2,,clustered,0.7;-0.3,-1,-1,8,-9,8,-1,-9,-1,-1,-9,6,edgeCount
255,149,193,graphml/GtsCe.graphml,2,,clustered,0.7;-0.3,-1,-1,8,-9,4,-1,-9,-1,-1,-9,4,edgeCount
254,149,193,graphml/GtsCe.graphml,1,,clustered,0.7;-0.3,-1,-1,-1,0,10,-1,0,-1,-1,0,10,edgeCount
253,149,193,graphml/GtsCe.graphml,2,,clustered,0.7;-0.3,72,18,15,57,2,-1,-16,-1,-1,-16,2,edgeCount
252,149,193,graphml/GtsCe.graphml,1,,clustered,0.7;-0.3,2,2,2,0,0,2,0,2,2,0,0,edgeCount
251,149,193,graphml/GtsCe.graphml,1,,clustered,0.7;-0.3,-1,-1,-1,0,0,-1,0,-1,-1,0,0,edgeCount
250,149,193,graphml/GtsCe.graphml,1,,clustered,0.7;-0.3,-1,-1,-1,0,0,-1,0,-1,-1,0,0,edgeCount
249,149,193,graphml/GtsCe.graphml,2,,clustered,0.7;-0.3,15,27,10,5,0,31,21,31,31,21,0,edgeCount
248,149,193,graphml/GtsCe.graphml,2,,clustered,0.7;-0.3,-1,-1,-1,0,0,-1,0,-1,-1,0,0,edgeCount
247,149,193,graphml/GtsCe.graphml,2,,clustered,0.7;-0.3,64,64,20,44,0,64,44,64,64,44,0,edgeCount
246,149,193,graphml/GtsCe.graphml,2,,clustered,0.7;-0.3,52,20,16,36,0,-1,-17,-1,-1,-17,0,edgeCount
245,149,193,graphml/GtsCe.graphml,1,,clustered,0.7;-0.3,18,36,9,9,8,-1,-10,18,36,9,8,edgeCount
244,149,193,graphml/GtsCe.graphml,2,,clustered,0.7;-0.3,55,55,17,38,4,51,34,55,55,38,4,edgeCount
243,149,193,graphml/GtsCe.graphml,1,,clustered,0.7;-0.3,13,13,13,0,0,13,0,13,13,0,0,edgeCount
242,149,193,graphml/GtsCe.graphml,2,,clustered,0.7;-0.3,10,44,10,0,0,26,16,26,26,16,0,edgeCount
241,149,193,graphml/GtsCe.graphml,2,,clustered,0.7;-0.3,25,7,7,18,0,7,0,7,7,0,0,edgeCount
240,149,193,graphml/GtsCe.graphml,2,,clustered,0.7;-0.3,56,20,15,41,0,20,5,20,20,5,0,edgeCount
239,149,193,graphml/GtsCe.graphml,2,,clustered,0.7;-0.3,6,6,6,0,0,6,0,6,6,0,0,edgeCount
238,149,193,graphml/GtsCe.graphml,2,,clustered,0.7;-0.3,-1,-1,-1,0,4,-1,0,-1,-1,0,4,edgeCount
237,149,193,graphml/GtsCe.graphml,1,,clustered,0.7;-0.3,-1,-1,-1,0,2,-1,0,-1,-1,0,2,edgeCount
236,149,193,graphml/GtsCe.graphml,2,,clustered,0.7;-0.3,-1,-1,-1,0,0,-1,0,-1,-1,0,0,edgeCount
235,149,193,graphml/GtsCe.graphml,1,,clustered,0.7;-0.3,-1,-1,17,-18,2,-1,-18,-1,-1,-18,2,edgeCount
234,149,193,graphml/GtsCe.graphml,2,,clustered,0.7;-0.3,5,5,5,0,0,5,0,5,5,0,0,edgeCount
233,149,193,graphml/GtsCe.graphml,2,,clustered,0.7;-0.3,-1,-1,11,-12,0,-1,-12,-1,-1,-12,0,edgeCount
232,149,193,graphml/GtsCe.graphml,1,,clustered,0.7;-0.3,10,10,10,0,0,10,0,10,10,0,0,edgeCount
231,149,193,graphml/GtsCe.graphml,2,,clustered,0.7;-0.3,-1,-1,-1,0,0,-1,0,-1,-1,0,0,edgeCount
230,149,193,graphml/GtsCe.graphml,1,,clustered,0.7;-0.3,30,34,14,16,10,-1,-15,30,34,16,10,edgeCount
229,149,193,graphml/GtsCe.graphml,1,,clustered,0.7;-0.3,-1,-1,-1,0,0,-1,0,-1,-1,0,0,edgeCount
228,149,193,graphml/GtsCe.graphml,2,,clustered,0.7;-0.3,35,35,20,15,0,35,15,35,35,15,0,edgeCount
227,149,193,graphml/GtsCe.graphml,2,,clustered,0.7;-0.3,-1,-1,-1,0,2,-1,0,-1,-1,0,2,edgeCount
226,149,193,graphml/GtsCe.graphml,2,,clustered,0.7;-0.3,-1,-1,-1,0,0,-1,0,-1,-1,0,0,edgeCount
225,149,193,graphml/GtsCe.graphml,2,,clustered,0.7;-0.3,-1,-1,-1,0,0,-1,0,-1,-1,0,0,edgeCount
224,149,193,graphml/GtsCe.graphml,2,,clustered,0.7;-0.3,19,23,5,14,4,5,0,5,5,0,4,edgeCount
223,149,193,graphml/GtsCe.graphml,2,,clustered,0.7;-0.3,-1,-1,-1,0,0,-1,0,-1,-1,0,0,edgeCount
222,149,193,graphml/GtsCe.graphml,1,,clustered,0.7;-0.3,35,15,14,21,2,-1,-15,35,15,21,2,edgeCount
221,149,193,graphml/GtsCe.graphml,2,,clustered,0.7;-0.3,-1,-1,-1,0,2,-1,0,-1,-1,0,2,edgeCount
220,149,193,graphml/GtsCe.graphml,2,,clustered,0.7;-0.3,-1,-1,-1,0,4,-1,0,-1,-1,0,4,edgeCount
219,149,193,graphml/GtsCe.graphml,2,,clustered,0.7;-0.3,-1,-1,-1,0,0,-1,0,-1,-1,0,0,edgeCount
218,149,193,graphml/GtsCe.graphml,2,,clustered,0.7;-0.3,-1,-1,11,-12,2,-1,-12,-1,-1,-12,2,edgeCount
217,149,193,graphml/GtsCe.graphml,2,,clustered,0.7;-0.3,-1,-1,-1,0,0,-1,0,-1,-1,0,0,edgeCount
216,149,193,graphml/GtsCe.graphml,2,,clustered,0.7;-0.3,-1,-1,-1,0,0,-1,0,-1,-1,0,0,edgeCount
215,149,193,graphml/GtsCe.graphml,2,,clustered,0.7;-0.3,-1,-1,-1,0,0,-1,0,-1,-1,0,0,edgeCount
214,149,193,graphml/GtsCe.graphml,2,,clustered,0.7;-0.3,11,11,11,0,0,11,0,11,11,0,0,edgeCount
213,149,193,graphml/GtsCe.graphml,2,,clustered,0.7;-0.3,70,14,13,57,0,14,1,14,14,1,0,edgeCount
212,149,193,graphml/GtsCe.graphml,2,,clustered,0.7;-0.3,55,55,14,41,0,55,41,55,55,41,0,edgeCount
211,149,193,graphml/GtsCe.graphml,2,,clustered,0.7;-0.3,17,17,14,3,0,17,3,17,17,3,0,edgeCount
210,149,193,graphml/GtsCe.graphml,2,,clustered,0.7;-0.3,-1,-1,-1,0,0,-1,0,-1,-1,0,0,edgeCount
209,149,193,graphml/GtsCe.graphml,2,,clustered,0.7;-0.3,-1,-1,-1,0,0,-1,0,-1,-1,0,0,edgeCount
208,149,193,graphml/GtsCe.graphml,2,,clustered,0.7;-0.3,-1,-1,-1,0,0,-1,0,-1,-1,0,0,edgeCount
207,149,193,graphml/GtsCe.graphml,2,,clustered,0.7;-0.3,9,9,7,2,0,9,2,9,9,2,0,edgeCount
206,149,193,graphml/GtsCe.graphml,2,,clustered,0.7;-0.3,9,15,6,3,2,15,9,9,15,3,2,edgeCount
205,149,193,graphml/GtsCe.graphml,2,,clustered,0.7;-0.3,-1,-1,12,-13,4,-1,-13,-1,-1,-13,4,edgeCount
204,149,193,graphml/GtsCe.graphml,2,,clustered,0.7;-0.3,21,21,15,6,2,-1,-16,-1,-1,-16,2,edgeCount
203,149,193,graphml/GtsCe.graphml,3,,clustered,0.7;-0.3,27,11,7,20,0,-1,-8,-1,-1,-8,0,edgeCount
202,149,193,graphml/GtsCe.graphml,2,,clustered,0.7;-0.3,-1,-1,-1,0,0,-1,0,-1,-1,0,0,edgeCount
201,149,193,graphml/GtsCe.graphml,2,,clustered,0.7;-0.3,26,26,8,18,0,26,18,26,26,18,0,edgeCount
200,149,193,graphml/GtsCe.graphml,2,,clustered,0.7;-0.3,57,59,16,41,2,57,41,57,57,41,2,edgeCount
199,149,193,graphml/GtsCe.graphml,2,,clustered,0.7;-0.3,-1,-1,-1,0,0,-1,0,-1,-1,0,0,edgeCount
198,149,193,graphml/GtsCe.graphml,1,,clustered,0.7;-0.3,6,6,6,0,2,6,0,6,6,0,2,edgeCount
197,149,193,graphml/GtsCe.graphml,2,,clustered,0.7;-0.3,-1,-1,13,-14,0,-1,-14,-1,-1,-14,0,edgeCount
196,149,193,graphml/GtsCe.graphml,2,,clustered,0.7;-0.3,16,16,16,0,0,16,0,16,16,0,0,edgeCount
195,149,193,graphml/GtsCe.graphml,2,,clustered,0.7;-0.3,-1,-1,-1,0,0,-1,0,-1,-1,0,0,edgeCount
194,149,193,graphml/GtsCe.graphml,2,,clustered,0.7;-0.3,-1,-1,-1,0,2,-1,0,-1,-1,0,2,edgeCount
193,149,193,graphml/GtsCe.graphml,2,,clustered,0.7;-0.3,-1,-1,-1,0,2,-1,0,-1,-1,0,2,edgeCount
192,149,193,graphml/GtsCe.graphml,2,,clustered,0.7;-0.3,-1,-1,17,-18,0,-1,-18,-1,-1,-18,0,edgeCount
191,149,193,graphml/GtsCe.graphml,2,,clustered,0.7;-0.3,45,17,14,31,6,-1,-15,-1,-1,-15,6,edgeCount
190,149,193,graphml/GtsCe.graphml,2,,clustered,0.7;-0.3,7,7,5,2,0,7,2,7,7,2,0,edgeCount
189,149,193,graphml/GtsCe.graphml,2,,clustered,0.7;-0.3,-1,-1,-1,0,0,-1,0,-1,-1,0,0,edgeCount
188,149,193,graphml/GtsCe.graphml,2,,clustered,0.7;-0.3,-1,-1,-1,0,2,-1,0,-1,-1,0,2,edgeCount
187,149,193,graphml/GtsCe.graphml,1,,clustered,0.7;-0.3,-1,-1,-1,0,4,-1,0,-1,-1,0,4,edgeCount
186,149,193,graphml/GtsCe.graphml,1,,clustered,0.7;-0.3,-1,-1,10,-11,6,-1,-11,-1,-1,-11,6,edgeCount
185,149,193,graphml/GtsCe.graphml,1,,clustered,0.7;-0.3,-1,-1,7,-8,0,-1,-8,-1,-1,-8,0,edgeCount
184,149,193,graphml/GtsCe.graphml,2,,clustered,0.7;-0.3,-1,-1,-1,0,0,-1,0,-1,-1,0,0,edgeCount
183,149,193,graphml/GtsCe.graphml,2,,clustered,0.7;-0.3,23,83,16,7,2,49,33,49,69,33,2,edgeCount
182,149,193,graphml/GtsCe.graphml,2,,clustered,0.7;-0.3,-1,-1,-1,0,0,-1,0,-1,-1,0,0,edgeCount
181,149,193,graphml/GtsCe.graphml,2,,clustered,0.7;-0.3,-1,-1,9,-10,0,-1,-10,-1,-1,-10,0,edgeCount
180,149,193,graphml/GtsCe.graphml,2,,clustered,0.7;-0.3,-1,-1,-1,0,0,-1,0,-1,-1,0,0,edgeCount
179,149,193,graphml/GtsCe.graphml,2,,clustered,0.7;-0.3,6,6,6,0,0,6,0,6,6,0,0,edgeCount
178,149,193,graphml/GtsCe.graphml,2,,clustered,0.7;-0.3,5,5,5,0,0,5,0,5,5,0,0,edgeCount
177,149,193,graphml/GtsCe.graphml,2,,clustered,0.7;-0.3,6,6,6,0,0,6,0,6,6,0,0,edgeCount
176,149,193,graphml/GtsCe.graphml,3,,clustered,0.7;-0.3,-1,-1,-1,0,0,-1,0,-1,-1,0,0,edgeCount
175,149,193,graphml/GtsCe.graphml,3,,clustered,0.7;-0.3,49,27,7,42,0,7,0,7,7,0,0,edgeCount
174,149,193,graphml/GtsCe.graphml,2,,clustered,0.7;-0.3,30,10,10,20,0,10,0,10,10,0,0,edgeCount
173,149,193,graphml/GtsCe.graphml,2,,clustered,0.7;-0.3,-1,-1,-1,0,0,-1,0,-1,-1,0,0,edgeCount
172,149,193,graphml/GtsCe.graphml,2,,clustered,0.7;-0.3,7,7,7,0,0,7,0,7,7,0,0,edgeCount
171,149,193,graphml/GtsCe.graphml,3,,clustered,0.7;-0.3,57,57,15,42,0,57,42,57,57,42,0,edgeCount
170,149,193,graphml/GtsCe.graphml,2,,clustered,0.7;-0.3,9,5,5,4,4,-1,-6,-1,-1,-6,4,edgeCount
169,149,193,graphml/GtsCe.graphml,2,,clustered,0.7;-0.3,-1,-1,-1,0,0,-1,0,-1,-1,0,0,edgeCount
168,149,193,graphml/GtsCe.graphml,2,,clustered,0.7;-0.3,-1,-1,9,-10,0,-1,-10,-1,-1,-10,0,edgeCount
167,149,193,graphml/GtsCe.graphml,2,,clustered,0.7;-0.3,45,19,13,32,0,-1,-14,-1,-1,-14,0,edgeCount
166,149,193,graphml/GtsCe.graphml,2,,clustered,0.7;-0.3,21,5,5,16,8,5,0,5,5,0,8,edgeCount
165,149,193,graphml/GtsCe.graphml,3,,clustered,0.7;-0.3,51,51,9,42,0,51,42,51,51,42,0,edgeCount
164,149,193,graphml/GtsCe.graphml,3,,clustered,0.7;-0.3,-1,-1,-1,0,0,-1,0,-1,-1,0,0,edgeCount
163,149,193,graphml/GtsCe.graphml,2,,clustered,0.7;-0.3,-1,-1,-1,0,0,-1,0,-1,-1,0,0,edgeCount
162,149,193,graphml/GtsCe.graphml,1,,clustered,0.7;-0.3,-1,-1,12,-13,0,-1,-13,-1,-1,-13,0,edgeCount
161,149,193,graphml/GtsCe.graphml,2,,clustered,0.7;-0.3,21,21,18,3,0,21,3,21,21,3,0,edgeCount
160,149,193,graphml/GtsCe.graphml,2,,clustered,0.7;-0.3,-1,-1,17,-18,0,-1,-18,-1,-1,-18,0,edgeCount
159,149,193,graphml/GtsCe.graphml,2,,clustered,0.7;-0.3,-1,-1,-1,0,2,-1,0,-1,-1,0,2,edgeCount
158,149,193,graphml/GtsCe.graphml,2,,clustered,0.7;-0.3,16,32,4,12,4,5,1,19,33,15,4,edgeCount
157,149,193,graphml/GtsCe.graphml,2,,clustered,0.7;-0.3,-1,-1,27,-28,2,-1,-28,63,55,36,2,edgeCount
156,149,193,graphml/GtsCe.graphml,2,,clustered,0.7;-0.3,-1,-1,-1,0,0,-1,0,-1,-1,0,0,edgeCount
155,149,193,graphml/GtsCe.graphml,2,,clustered,0.7;-0.3,-1,-1,-1,0,4,-1,0,-1,-1,0,4,edgeCount
154,149,193,graphml/GtsCe.graphml,2,,clustered,0.7;-0.3,-1,-1,-1,0,0,-1,0,-1,-1,0,0,edgeCount
153,149,193,graphml/GtsCe.graphml,2,,clustered,0.7;-0.3,-1,-1,-1,0,0,-1,0,-1,-1,0,0,edgeCount
152,149,193,graphml/GtsCe.graphml,2,,clustered,0.7;-0.3,-1,-1,-1,0,0,-1,0,-1,-1,0,0,edgeCount
151,149,193,graphml/GtsCe.graphml,2,,clustered,0.7;-0.3,10,10,10,0,0,10,0,10,10,0,0,edgeCount
150,149,193,graphml/GtsCe.graphml,2,,clustered,0.7;-0.3,16,16,15,1,2,16,1,16,16,1,2,edgeCount
149,149,193,graphml/GtsCe.graphml,1,,clustered,0.7;-0.3,28,28,12,16,2,-1,-13,28,28,16,2,edgeCount
148,149,193,graphml/GtsCe.graphml,2,,clustered,0.7;-0.3,-1,-1,-1,0,0,-1,0,-1,-1,0,0,edgeCount
147,149,193,graphml/GtsCe.graphml,2,,clustered,0.7;-0.3,15,25,5,10,6,5,0,5,5,0,6,edgeCount
146,149,193,graphml/GtsCe.graphml,2,,clustered,0.7;-0.3,4,4,4,0,0,-1,-5,10,4,6,0,edgeCount
145,149,193,graphml/GtsCe.graphml,2,,clustered,0.7;-0.3,30,38,10,20,2,10,0,10,10,0,2,edgeCount
144,149,193,graphml/GtsCe.graphml,2,,clustered,0.7;-0.3,13,13,12,1,0,13,1,13,13,1,0,edgeCount
143,149,193,graphml/GtsCe.graphml,2,,clustered,0.7;-0.3,-1,-1,-1,0,0,-1,0,-1,-1,0,0,edgeCount
142,149,193,graphml/GtsCe.graphml,2,,clustered,0.7;-0.3,17,17,13,4,0,27,14,27,27,14,0,edgeCount
141,149,193,graphml/GtsCe.graphml,2,,clustered,0.7;-0.3,-1,-1,-1,0,4,-1,0,-1,-1,0,4,edgeCount
140,149,193,graphml/GtsCe.graphml,2,,clustered,0.7;-0.3,-1,-1,-1,0,2,-1,0,-1,-1,0,2,edgeCount
139,149,193,graphml/GtsCe.graphml,2,,clustered,0.7;-0.3,24,24,10,14,0,24,14,24,24,14,0,edgeCount
138,149,193,graphml/GtsCe.graphml,3,,clustered,0.7;-0.3,13,13,12,1,2,-1,-13,-1,-1,-13,2,edgeCount
137,149,193,graphml/GtsCe.graphml,1,,clustered,0.7;-0.3,-1,-1,7,-8,2,-1,-8,-1,-1,-8,2,edgeCount
136,149,193,graphml/GtsCe.graphml,1,,clustered,0.7;-0.3,-1,-1,18,-19,0,-1,-19,-1,-1,-19,0,edgeCount
135,149,193,graphml/GtsCe.graphml,2,,clustered,0.7;-0.3,32,20,10,22,2,-1,-11,32,20,22,2,edgeCount
134,149,193,graphml/GtsCe.graphml,1,,clustered,0.7;-0.3,-1,-1,15,-16,2,-1,-16,-1,-1,-16,2,edgeCount
133,149,193,graphml/GtsCe.graphml,3,,clustered,0.7;-0.3,-1,-1,-1,0,0,-1,0,-1,-1,0,0,edgeCount
132,149,193,graphml/GtsCe.graphml,2,,clustered,0.7;-0.3,37,37,17,20,0,37,20,37,37,20,0,edgeCount
131,149,193,graphml/GtsCe.graphml,2,,clustered,0.7;-0.3,-1,-1,-1,0,0,-1,0,-1,-1,0,0,edgeCount
130,149,193,graphml/GtsCe.graphml,2,,clustered,0.7;-0.3,-1,-1,-1,0,0,-1,0,-1,-1,0,0,edgeCount
129,149,193,graphml/GtsCe.graphml,2,,clustered,0.7;-0.3,24,92,19,5,8,58,39,58,60,39,8,edgeCount
128,149,193,graphml/GtsCe.graphml,2,,clustered,0.7;-0.3,-1,-1,11,-12,0,-1,-12,-1,-1,-12,0,edgeCount
127,149,193,graphml/GtsCe.graphml,2,,clustered,0.7;-0.3,-1,-1,8,-9,2,-1,-9,-1,-1,-9,2,edgeCount
126,149,193,graphml/GtsCe.graphml,3,,clustered,0.7;-0.3,-1,-1,-1,0,0,-1,0,-1,-1,0,0,edgeCount
125,149,193,graphml/GtsCe.graphml,2,,clustered,0.7;-0.3,-1,-1,-1,0,0,-1,0,-1,-1,0,0,edgeCount
124,149,193,graphml/GtsCe.graphml,2,,clustered,0.7;-0.3,63,27,20,43,2,-1,-21,63,27,43,2,edgeCount
123,149,193,graphml/GtsCe.graphml,2,,clustered,0.7;-0.3,-1,-1,12,-13,0,-1,-13,-1,-1,-13,0,edgeCount
122,149,193,graphml/GtsCe.graphml,2,,clustered,0.7;-0.3,-1,-1,-1,0,2,-1,0,-1,-1,0,2,edgeCount
121,149,193,graphml/GtsCe.graphml,3,,clustered,0.7;-0.3,-1,-1,-1,0,4,-1,0,-1,-1,0,4,edgeCount
120,149,193,graphml/GtsCe.graphml,2,,clustered,0.7;-0.3,-1,-1,-1,0,8,-1,0,-1,-1,0,8,edgeCount
119,149,193,graphml/GtsCe.graphml,2,,clustered,0.7;-0.3,-1,-1,-1,0,0,-1,0,-1,-1,0,0,edgeCount
118,149,193,graphml/GtsCe.graphml,1,,clustered,0.7;-0.3,7,7,7,0,0,7,0,7,7,0,0,edgeCount
117,149,193,graphml/GtsCe.graphml,2,,clustered,0.7;-0.3,-1,-1,-1,0,2,-1,0,-1,-1,0,2,edgeCount
116,149,193,graphml/GtsCe.graphml,2,,clustered,0.7;-0.3,12,12,12,0,0,12,0,12,12,0,0,edgeCount
115,149,193,graphml/GtsCe.graphml,2,,clustered,0.7;-0.3,-1,-1,9,-10,6,-1,-10,-1,-1,-10,6,edgeCount
114,149,193,graphml/GtsCe.graphml,2,,clustered,0.7;-0.3,-1,-1,-1,0,2,-1,0,-1,-1,0,2,edgeCount
113,149,193,graphml/GtsCe.graphml,2,,clustered,0.7;-0.3,28,10,9,19,0,10,1,10,10,1,0,edgeCount
112,149,193,graphml/GtsCe.graphml,1,,clustered,0.7;-0.3,10,10,10,0,2,10,0,10,10,0,2,edgeCount
111,149,193,graphml/GtsCe.graphml,2,,clustered,0.7;-0.3,-1,-1,12,-13,0,-1,-13,-1,-1,-13,0,edgeCount
110,149,193,graphml/GtsCe.graphml,2,,clustered,0.7;-0.3,-1,-1,-1,0,0,-1,0,-1,-1,0,0,edgeCount
109,149,193,graphml/GtsCe.graphml,1,,clustered,0.7;-0.3,-1,-1,-1,0,10,-1,0,-1,-1,0,10,edgeCount
108,149,193,graphml/GtsCe.graphml,2,,clustered,0.7;-0.3,-1,-1,-1,0,0,-1,0,-1,-1,0,0,edgeCount
107,149,193,graphml/GtsCe.graphml,2,,clustered,0.7;-0.3,-1,-1,8,-9,2,-1,-9,-1,-1,-9,2,edgeCount
106,149,193,graphml/GtsCe.graphml,2,,clustered,0.7;-0.3,15,57,10,5,6,33,23,33,33,23,6,edgeCount
105,149,193,graphml/GtsCe.graphml,1,,clustered,0.7;-0.3,5,5,5,0,0,5,0,5,5,0,0,edgeCount
104,149,193,graphml/GtsCe.graphml,3,,clustered,0.7;-0.3,-1,-1,-1,0,0,-1,0,-1,-1,0,0,edgeCount
103,149,193,graphml/GtsCe.graphml,1,,clustered,0.7;-0.3,-1,-1,-1,0,2,-1,0,-1,-1,0,2,edgeCount
102,149,193,graphml/GtsCe.graphml,2,,clustered,0.7;-0.3,-1,-1,-1,0,0,-1,0,-1,-1,0,0,edgeCount
101,149,193,graphml/GtsCe.graphml,3,,clustered,0.7;-0.3,-1,-1,-1,0,0,-1,0,-1,-1,0,0,edgeCount
100,149,193,graphml/GtsCe.graphml,2,,clustered,0.7;-0.3,-1,-1,-1,0,0,-1,0,-1,-1,0,0,edgeCount
99,149,193,graphml/GtsCe.graphml,1,,clustered,0.7;-0.3,35,21,17,18,8,-1,-18,35,21,18,8,edgeCount
98,149,193,graphml/GtsCe.graphml,1,,clustered,0.7;-0.3,5,5,5,0,0,5,0,5,5,0,0,edgeCount
97,149,193,graphml/GtsCe.graphml,2,,clustered,0.7;-0.3,-1,-1,-1,0,0,-1,0,-1,-1,0,0,edgeCount
96,149,193,graphml/GtsCe.graphml,1,,clustered,0.7;-0.3,-1,-1,-1,0,2,-1,0,-1,-1,0,2,edgeCount
95,149,193,graphml/GtsCe.graphml,4,,clustered,0.7;-0.3,-1,-1,-1,0,0,-1,0,-1,-1,0,0,edgeCount
94,149,193,graphml/GtsCe.graphml,2,,clustered,0.7;-0.3,34,10,10,24,2,10,0,28,28,18,2,edgeCount
93,149,193,graphml/GtsCe.graphml,2,,clustered,0.7;-0.3,19,89,18,1,6,45,27,19,59,1,6,edgeCount
92,149,193,graphml/GtsCe.graphml,2,,clustered,0.7;-0.3,-1,-1,-1,0,0,-1,0,-1,-1,0,0,edgeCount
91,149,193,graphml/GtsCe.graphml,2,,clustered,0.7;-0.3,-1,-1,-1,0,0,-1,0,-1,-1,0,0,edgeCount
90,149,193,graphml/GtsCe.graphml,2,,clustered,0.7;-0.3,23,23,8,15,0,23,15,23,23,15,0,edgeCount
89,149,193,graphml/GtsCe.graphml,2,,clustered,0.7;-0.3,15,73,15,0,2,31,16,31,59,16,2,edgeCount
88,149,193,graphml/GtsCe.graphml,1,,clustered,0.7;-0.3,-1,-1,8,-9,0,-1,-9,-1,-1,-9,0,edgeCount
87,149,193,graphml/GtsCe.graphml,2,,clustered,0.7;-0.3,-1,-1,-1,0,0,-1,0,-1,-1,0,0,edgeCount
86,149,193,graphml/GtsCe.graphml,2,,clustered,0.7;-0.3,4,4,4,0,2,4,0,4,4,0,2,edgeCount
85,149,193,graphml/GtsCe.graphml,2,,clustered,0.7;-0.3,-1,-1,-1,0,0,-1,0,-1,-1,0,0,edgeCount
84,149,193,graphml/GtsCe.graphml,2,,clustered,0.7;-0.3,25,19,7,18,0,-1,-8,-1,-1,-8,0,edgeCount
83,149,193,graphml/GtsCe.graphml,2,,clustered,0.7;-0.3,19,19,6,13,0,19,13,19,19,13,0,edgeCount
82,149,193,graphml/GtsCe.graphml,2,,clustered,0.7;-0.3,-1,-1,-1,0,2,-1,0,-1,-1,0,2,edgeCount
81,149,193,graphml/GtsCe.graphml,2,,clustered,0.7;-0.3,7,3,3,4,0,3,0,3,3,0,0,edgeCount
80,149,193,graphml/GtsCe.graphml,2,,clustered,0.7;-0.3,16,48,6,10,6,6,0,6,6,0,6,edgeCount
79,149,193,graphml/GtsCe.graphml,1,,clustered,0.7;-0.3,20,20,12,8,2,-1,-13,20,20,8,2,edgeCount
78,149,193,graphml/GtsCe.graphml,2,,clustered,0.7;-0.3,51,49,18,33,0,49,31,49,49,31,0,edgeCount
77,149,193,graphml/GtsCe.graphml,2,,clustered,0.7;-0.3,52,52,19,33,2,-1,-20,52,52,33,2,edgeCount
76,149,193,graphml/GtsCe.graphml,1,,clustered,0.7;-0.3,-1,-1,-1,0,0,-1,0,-1,-1,0,0,edgeCount
75,149,193,graphml/GtsCe.graphml,2,,clustered,0.7;-0.3,30,28,4,26,0,4,0,4,4,0,0,edgeCount
74,149,193,graphml/GtsCe.graphml,2,,clustered,0.7;-0.3,23,23,12,11,0,23,11,23,23,11,0,edgeCount
73,149,193,graphml/GtsCe.graphml,2,,clustered,0.7;-0.3,40,28,12,28,0,-1,-13,-1,-1,-13,0,edgeCount
72,149,193,graphml/GtsCe.graphml,2,,clustered,0.7;-0.3,-1,-1,-1,0,2,-1,0,-1,-1,0,2,edgeCount
71,149,193,graphml/GtsCe.graphml,2,,clustered,0.7;-0.3,11,11,11,0,0,11,0,11,11,0,0,edgeCount
70,149,193,graphml/GtsCe.graphml,2,,clustered,0.7;-0.3,-1,-1,-1,0,0,-1,0,-1,-1,0,0,edgeCount
69,149,193,graphml/GtsCe.graphml,2,,clustered,0.7;-0.3,-1,-1,-1,0,0,-1,0,-1,-1,0,0,edgeCount
68,149,193,graphml/GtsCe.graphml,2,,clustered,0.7;-0.3,-1,-1,-1,0,0,-1,0,-1,-1,0,0,edgeCount
67,149,193,graphml/GtsCe.graphml,2,,clustered,0.7;-0.3,-1,-1,-1,0,2,-1,0,-1,-1,0,2,edgeCount
66,149,193,graphml/GtsCe.graphml,3,,clustered,0.7;-0.3,-1,-1,-1,0,0,-1,0,-1,-1,0,0,edgeCount
65,149,193,graphml/GtsCe.graphml,2,,clustered,0.7;-0.3,-1,-1,-1,0,0,-1,0,-1,-1,0,0,edgeCount
64,149,193,graphml/GtsCe.graphml,3,,clustered,0.7;-0.3,-1,-1,-1,0,0,-1,0,-1,-1,0,0,edgeCount
63,149,193,graphml/GtsCe.graphml,1,,clustered,0.7;-0.3,-1,-1,22,-23,0,-1,-23,-1,-1,-23,0,edgeCount
62,149,193,graphml/GtsCe.graphml,2,,clustered,0.7;-0.3,-1,-1,-1,0,0,-1,0,-1,-1,0,0,edgeCount
61,149,193,graphml/GtsCe.graphml,2,,clustered,0.7;-0.3,-1,-1,-1,0,0,-1,0,-1,-1,0,0,edgeCount
60,149,193,graphml/GtsCe.graphml,2,,clustered,0.7;-0.3,-1,-1,-1,0,0,-1,0,-1,-1,0,0,edgeCount
59,149,193,graphml/GtsCe.graphml,2,,clustered,0.7;-0.3,10,4,4,6,6,16,12,4,4,0,6,edgeCount
58,149,193,graphml/GtsCe.graphml,2,,clustered,0.7;-0.3,-1,-1,-1,0,0,-1,0,-1,-1,0,0,edgeCount
57,149,193,graphml/GtsCe.graphml,2,,clustered,0.7;-0.3,-1,-1,7,-8,0,-1,-8,-1,-1,-8,0,edgeCount
56,149,193,graphml/GtsCe.graphml,3,,clustered,0.7;-0.3,12,4,4,8,2,4,0,4,4,0,2,edgeCount
55,149,193,graphml/GtsCe.graphml,1,,clustered,0.7;-0.3,13,13,13,0,2,13,0,13,13,0,2,edgeCount
54,149,193,graphml/GtsCe.graphml,1,,clustered,0.7;-0.3,-1,-1,12,-13,0,-1,-13,-1,-1,-13,0,edgeCount
53,149,193,graphml/GtsCe.graphml,1,,clustered,0.7;-0.3,-1,-1,10,-11,0,-1,-11,-1,-1,-11,0,edgeCount
52,149,193,graphml/GtsCe.graphml,2,,clustered,0.7;-0.3,8,8,8,0,0,8,0,8,8,0,0,edgeCount
51,149,193,graphml/GtsCe.graphml,2,,clustered,0.7;-0.3,-1,-1,17,-18,0,-1,-18,-1,-1,-18,0,edgeCount
50,149,193,graphml/GtsCe.graphml,1,,clustered,0.7;-0.3,-1,-1,-1,0,2,-1,0,-1,-1,0,2,edgeCount
49,149,193,graphml/GtsCe.graphml,2,,clustered,0.7;-0.3,-1,-1,-1,0,0,-1,0,-1,-1,0,0,edgeCount
48,149,193,graphml/GtsCe.graphml,2,,clustered,0.7;-0.3,-1,-1,-1,0,0,-1,0,-1,-1,0,0,edgeCount
47,149,193,graphml/GtsCe.graphml,2,,clustered,0.7;-0.3,-1,-1,-1,0,0,-1,0,-1,-1,0,0,edgeCount
46,149,193,graphml/GtsCe.graphml,2,,clustered,0.7;-0.3,17,31,17,0,0,45,28,45,45,28,0,edgeCount
45,149,193,graphml/GtsCe.graphml,2,,clustered,0.7;-0.3,5,5,5,0,0,5,0,5,5,0,0,edgeCount
44,149,193,graphml/GtsCe.graphml,1,,clustered,0.7;-0.3,-1,-1,19,-20,0,-1,-20,-1,-1,-20,0,edgeCount
43,149,193,graphml/GtsCe.graphml,2,,clustered,0.7;-0.3,-1,-1,-1,0,0,-1,0,-1,-1,0,0,edgeCount
42,149,193,graphml/GtsCe.graphml,2,,clustered,0.7;-0.3,4,4,4,0,0,4,0,4,4,0,0,edgeCount
41,149,193,graphml/GtsCe.graphml,3,,clustered,0.7;-0.3,73,33,13,60,2,-1,-14,-1,-1,-14,2,edgeCount
40,149,193,graphml/GtsCe.graphml,2,,clustered,0.7;-0.3,57,57,18,39,0,57,39,57,57,39,0,edgeCount
39,149,193,graphml/GtsCe.graphml,1,,clustered,0.7;-0.3,-1,-1,-1,0,2,-1,0,-1,-1,0,2,edgeCount
38,149,193,graphml/GtsCe.graphml,2,,clustered,0.7;-0.3,22,22,9,13,0,22,13,22,22,13,0,edgeCount
37,149,193,graphml/GtsCe.graphml,3,,clustered,0.7;-0.3,-1,-1,-1,0,2,-1,0,-1,-1,0,2,edgeCount
36,149,193,graphml/GtsCe.graphml,2,,clustered,0.7;-0.3,-1,-1,-1,0,0,-1,0,-1,-1,0,0,edgeCount
35,149,193,graphml/GtsCe.graphml,2,,clustered,0.7;-0.3,22,22,11,11,0,22,11,22,22,11,0,edgeCount
34,149,193,graphml/GtsCe.graphml,1,,clustered,0.7;-0.3,-1,-1,-1,0,2,-1,0,-1,-1,0,2,edgeCount
33,149,193,graphml/GtsCe.graphml,2,,clustered,0.7;-0.3,28,28,11,17,0,28,17,28,28,17,0,edgeCount
32,149,193,graphml/GtsCe.graphml,1,,clustered,0.7;-0.3,-1,-1,5,-6,0,-1,-6,-1,-1,-6,0,edgeCount
31,149,193,graphml/GtsCe.graphml,2,,clustered,0.7;-0.3,-1,-1,-1,0,0,-1,0,-1,-1,0,0,edgeCount
30,149,193,graphml/GtsCe.graphml,2,,clustered,0.7;-0.3,-1,-1,-1,0,0,-1,0,-1,-1,0,0,edgeCount
29,149,193,graphml/GtsCe.graphml,2,,clustered,0.7;-0.3,50,18,5,45,6,-1,-6,26,18,21,6,edgeCount
28,149,193,graphml/GtsCe.graphml,2,,clustered,0.7;-0.3,19,15,12,7,6,-1,-13,22,22,10,6,edgeCount
27,149,193,graphml/GtsCe.graphml,1,,clustered,0.7;-0.3,-1,-1,19,-20,0,-1,-20,-1,-1,-20,0,edgeCount
26,149,193,graphml/GtsCe.graphml,2,,clustered,0.7;-0.3,-1,-1,8,-9,0,-1,-9,-1,-1,-9,0,edgeCount
25,149,193,graphml/GtsCe.graphml,1,,clustered,0.7;-0.3,-1,-1,-1,0,0,-1,0,-1,-1,0,0,edgeCount
24,149,193,graphml/GtsCe.graphml,2,,clustered,0.7;-0.3,6,6,6,0,0,6,0,6,6,0,0,edgeCount
23,149,193,graphml/GtsCe.graphml,2,,clustered,0.7;-0.3,-1,-1,-1,0,0,-1,0,-1,-1,0,0,edgeCount
22,149,193,graphml/GtsCe.graphml,2,,clustered,0.7;-0.3,52,42,10,42,8,-1,-11,39,47,29,8,edgeCount
21,149,193,graphml/GtsCe.graphml,2,,clustered,0.7;-0.3,4,4,4,0,0,4,0,4,4,0,0,edgeCount
20,149,193,graphml/GtsCe.graphml,1,,clustered,0.7;-0.3,-1,-1,-1,0,2,-1,0,-1,-1,0,2,edgeCount
19,149,193,graphml/GtsCe.graphml,2,,clustered,0.7;-0.3,-1,-1,-1,0,2,-1,0,-1,-1,0,2,edgeCount
18,149,193,graphml/GtsCe.graphml,2,,clustered,0.7;-0.3,16,6,6,10,4,6,0,16,6,10,4,edgeCount
17,149,193,graphml/GtsCe.graphml,2,,clustered,0.7;-0.3,-1,-1,-1,0,0,-1,0,-1,-1,0,0,edgeCount
16,149,193,graphml/GtsCe.graphml,2,,clustered,0.7;-0.3,-1,-1,-1,0,0,-1,0,-1,-1,0,0,edgeCount
15,149,193,graphml/GtsCe.graphml,2,,clustered,0.7;-0.3,-1,-1,-1,0,0,-1,0,-1,-1,0,0,edgeCount
14,149,193,graphml/GtsCe.graphml,2,,clustered,0.7;-0.3,-1,-1,-1,0,0,-1,0,-1,-1,0,0,edgeCount
13,149,193,graphml/GtsCe.graphml,2,,clustered,0.7;-0.3,-1,-1,-1,0,0,-1,0,-1,-1,0,0,edgeCount
12,149,193,graphml/GtsCe.graphml,2,,clustered,0.7;-0.3,-1,-1,-1,0,2,-1,0,-1,-1,0,2,edgeCount
11,149,193,graphml/GtsCe.graphml,2,,clustered,0.7;-0.3,-1,-1,13,-14,6,-1,-14,-1,-1,-14,6,edgeCount
10,149,193,graphml/GtsCe.graphml,2,,clustered,0.7;-0.3,29,25,7,22,2,7,0,7,7,0,2,edgeCount
9,149,193,graphml/GtsCe.graphml,2,,clustered,0.7;-0.3,-1,-1,11,-12,2,-1,-12,-1,-1,-12,2,edgeCount
8,149,193,graphml/GtsCe.graphml,1,,clustered,0.7;-0.3,-1,-1,-1,0,0,-1,0,-1,-1,0,0,edgeCount
7,149,193,graphml/GtsCe.graphml,3,,clustered,0.7;-0.3,-1,-1,-1,0,0,-1,0,-1,-1,0,0,edgeCount
6,149,193,graphml/GtsCe.graphml,2,,clustered,0.7;-0.3,-1,-1,-1,0,0,-1,0,-1,-1,0,0,edgeCount
5,149,193,graphml/GtsCe.graphml,2,,clustered,0.7;-0.3,41,25,12,29,8,-1,-13,-1,-1,-13,6,edgeCount
4,149,193,graphml/GtsCe.graphml,2,,clustered,0.7;-0.3,-1,-1,-1,0,2,-1,0,-1,-1,0,2,edgeCount
3,149,193,graphml/GtsCe.graphml,1,,clustered,0.7;-0.3,7,7,7,0,0,7,0,7,7,0,0,edgeCount
2,149,193,graphml/GtsCe.graphml,1,,clustered,0.7;-0.3,-1,-1,-1,0,0,-1,0,-1,-1,0,0,edgeCount
1,149,193,graphml/GtsCe.graphml,2,,clustered,0.7;-0.3,-1,-1,-1,0,2,-1,0,-1,-1,0,2,edgeCount
