rep,nrNodes,nrEdges,edgeProb,nrPaths,nrFails,failureModel,failurePercent,hopsRanked,hopsUnranked,spLength,stretch_mult,nodeAdditions,hopsPath,stretch_path,hopsRankedOne,hopsUnrankedOne,stretch_one,overallNodeAdditionsOne,treeChoice
1000,149,193,graphml/GtsCe.graphml,2,,clustered,0.4;-0.3,15,15,15,0,0,15,0,15,15,0,0,edgeCount
999,149,193,graphml/GtsCe.graphml,2,,clustered,0.4;-0.3,17,17,12,5,0,17,5,17,17,5,0,edgeCount
998,149,193,graphml/GtsCe.graphml,2,,clustered,0.4;-0.3,18,32,4,14,4,4,0,18,4,14,4,edgeCount
997,149,193,graphml/GtsCe.graphml,1,,clustered,0.4;-0.3,17,17,17,0,0,17,0,17,17,0,0,edgeCount
996,149,193,graphml/GtsCe.graphml,2,,clustered,0.4;-0.3,7,7,7,0,0,7,0,7,7,0,0,edgeCount
995,149,193,graphml/GtsCe.graphml,2,,clustered,0.4;-0.3,9,9,8,1,0,9,1,9,9,1,0,edgeCount
994,149,193,graphml/GtsCe.graphml,2,,clustered,0.4;-0.3,12,12,7,5,0,12,5,12,12,5,0,edgeCount
993,149,193,graphml/GtsCe.graphml,2,,clustered,0.4;-0.3,6,22,6,0,2,7,1,6,6,0,2,edgeCount
992,149,193,graphml/GtsCe.graphml,1,,clustered,0.4;-0.3,6,6,6,0,0,6,0,6,6,0,0,edgeCount
991,149,193,graphml/GtsCe.graphml,3,,clustered,0.4;-0.3,3,3,3,0,6,3,0,3,3,0,6,edgeCount
990,149,193,graphml/GtsCe.graphml,1,,clustered,0.4;-0.3,12,12,12,0,0,12,0,12,12,0,0,edgeCount
989,149,193,graphml/GtsCe.graphml,2,,clustered,0.4;-0.3,18,20,17,1,2,-1,-18,18,18,1,2,edgeCount
988,149,193,graphml/GtsCe.graphml,3,,clustered,0.4;-0.3,5,5,5,0,2,6,1,5,5,0,2,edgeCount
987,149,193,graphml/GtsCe.graphml,3,,clustered,0.4;-0.3,23,23,17,6,2,23,6,23,23,6,2,edgeCount
986,149,193,graphml/GtsCe.graphml,1,,clustered,0.4;-0.3,5,5,5,0,2,5,0,5,5,0,2,edgeCount
985,149,193,graphml/GtsCe.graphml,2,,clustered,0.4;-0.3,65,33,17,48,4,17,0,17,17,0,4,edgeCount
984,149,193,graphml/GtsCe.graphml,2,,clustered,0.4;-0.3,10,2,2,8,6,2,0,2,2,0,6,edgeCount
983,149,193,graphml/GtsCe.graphml,2,,clustered,0.4;-0.3,16,16,15,1,0,16,1,16,16,1,0,edgeCount
982,149,193,graphml/GtsCe.graphml,1,,clustered,0.4;-0.3,17,17,17,0,2,17,0,17,17,0,2,edgeCount
981,149,193,graphml/GtsCe.graphml,2,,clustered,0.4;-0.3,11,9,8,3,2,9,1,9,9,1,2,edgeCount
980,149,193,graphml/GtsCe.graphml,2,,clustered,0.4;-0.3,13,52,12,1,6,31,19,13,24,1,6,edgeCount
979,149,193,graphml/GtsCe.graphml,3,,clustered,0.4;-0.3,18,14,11,7,0,14,3,14,14,3,0,edgeCount
978,149,193,graphml/GtsCe.graphml,1,,clustered,0.4;-0.3,9,17,9,0,2,9,0,9,17,0,2,edgeCount
977,149,193,graphml/GtsCe.graphml,2,,clustered,0.4;-0.3,19,19,17,2,0,19,2,19,19,2,0,edgeCount
976,149,193,graphml/GtsCe.graphml,2,,clustered,0.4;-0.3,14,14,8,6,0,14,6,14,14,6,0,edgeCount
975,149,193,graphml/GtsCe.graphml,2,,clustered,0.4;-0.3,11,11,10,1,0,11,1,11,11,1,0,edgeCount
974,149,193,graphml/GtsCe.graphml,2,,clustered,0.4;-0.3,19,27,12,7,0,15,3,15,15,3,0,edgeCount
973,149,193,graphml/GtsCe.graphml,3,,clustered,0.4;-0.3,47,37,6,41,0,7,1,7,29,1,0,edgeCount
972,149,193,graphml/GtsCe.graphml,2,,clustered,0.4;-0.3,13,13,10,3,0,13,3,13,13,3,0,edgeCount
971,149,193,graphml/GtsCe.graphml,3,,clustered,0.4;-0.3,2,2,2,0,0,2,0,2,2,0,0,edgeCount
970,149,193,graphml/GtsCe.graphml,2,,clustered,0.4;-0.3,3,3,3,0,0,3,0,3,3,0,0,edgeCount
969,149,193,graphml/GtsCe.graphml,2,,clustered,0.4;-0.3,24,30,12,12,2,12,0,12,12,0,2,edgeCount
968,149,193,graphml/GtsCe.graphml,2,,clustered,0.4;-0.3,5,5,5,0,0,5,0,5,5,0,0,edgeCount
967,149,193,graphml/GtsCe.graphml,2,,clustered,0.4;-0.3,18,18,15,3,0,18,3,18,18,3,0,edgeCount
966,149,193,graphml/GtsCe.graphml,2,,clustered,0.4;-0.3,12,12,12,0,0,12,0,12,12,0,0,edgeCount
965,149,193,graphml/GtsCe.graphml,2,,clustered,0.4;-0.3,11,11,9,2,0,11,2,11,11,2,0,edgeCount
964,149,193,graphml/GtsCe.graphml,2,,clustered,0.4;-0.3,10,10,10,0,0,10,0,10,10,0,0,edgeCount
963,149,193,graphml/GtsCe.graphml,2,,clustered,0.4;-0.3,15,15,15,0,0,15,0,15,15,0,0,edgeCount
962,149,193,graphml/GtsCe.graphml,2,,clustered,0.4;-0.3,15,15,10,5,0,15,5,15,15,5,0,edgeCount
961,149,193,graphml/GtsCe.graphml,2,,clustered,0.4;-0.3,9,9,8,1,0,9,1,9,9,1,0,edgeCount
960,149,193,graphml/GtsCe.graphml,2,,clustered,0.4;-0.3,13,13,10,3,0,13,3,13,13,3,0,edgeCount
959,149,193,graphml/GtsCe.graphml,2,,clustered,0.4;-0.3,17,17,12,5,0,17,5,17,17,5,0,edgeCount
958,149,193,graphml/GtsCe.graphml,2,,clustered,0.4;-0.3,8,8,8,0,2,8,0,8,8,0,2,edgeCount
957,149,193,graphml/GtsCe.graphml,2,,clustered,0.4;-0.3,9,7,7,2,0,9,2,9,7,2,0,edgeCount
956,149,193,graphml/GtsCe.graphml,2,,clustered,0.4;-0.3,14,14,13,1,0,14,1,14,14,1,0,edgeCount
955,149,193,graphml/GtsCe.graphml,2,,clustered,0.4;-0.3,9,9,9,0,0,12,3,9,9,0,0,edgeCount
954,149,193,graphml/GtsCe.graphml,2,,clustered,0.4;-0.3,14,14,11,3,0,14,3,14,14,3,0,edgeCount
953,149,193,graphml/GtsCe.graphml,2,,clustered,0.4;-0.3,18,20,11,7,0,11,0,11,11,0,0,edgeCount
952,149,193,graphml/GtsCe.graphml,1,,clustered,0.4;-0.3,8,12,8,0,2,8,0,8,12,0,2,edgeCount
951,149,193,graphml/GtsCe.graphml,2,,clustered,0.4;-0.3,7,11,6,1,0,6,0,6,6,0,0,edgeCount
950,149,193,graphml/GtsCe.graphml,2,,clustered,0.4;-0.3,14,14,14,0,0,14,0,14,14,0,0,edgeCount
949,149,193,graphml/GtsCe.graphml,1,,clustered,0.4;-0.3,16,32,16,0,2,16,0,16,32,0,2,edgeCount
948,149,193,graphml/GtsCe.graphml,2,,clustered,0.4;-0.3,10,6,6,4,0,6,0,6,6,0,0,edgeCount
947,149,193,graphml/GtsCe.graphml,2,,clustered,0.4;-0.3,9,9,9,0,0,9,0,9,9,0,0,edgeCount
946,149,193,graphml/GtsCe.graphml,2,,clustered,0.4;-0.3,42,16,8,34,6,-1,-9,23,23,15,6,edgeCount
945,149,193,graphml/GtsCe.graphml,2,,clustered,0.4;-0.3,22,28,15,7,6,18,3,22,18,7,6,edgeCount
944,149,193,graphml/GtsCe.graphml,1,,clustered,0.4;-0.3,5,13,5,0,2,5,0,5,13,0,2,edgeCount
943,149,193,graphml/GtsCe.graphml,2,,clustered,0.4;-0.3,14,21,9,5,2,9,0,9,9,0,2,edgeCount
942,149,193,graphml/GtsCe.graphml,2,,clustered,0.4;-0.3,6,7,5,1,2,14,9,7,7,2,2,edgeCount
941,149,193,graphml/GtsCe.graphml,2,,clustered,0.4;-0.3,12,12,11,1,0,15,4,12,12,1,0,edgeCount
940,149,193,graphml/GtsCe.graphml,4,,clustered,0.4;-0.3,2,2,2,0,0,2,0,2,2,0,0,edgeCount
939,149,193,graphml/GtsCe.graphml,2,,clustered,0.4;-0.3,7,19,5,2,2,5,0,5,5,0,2,edgeCount
938,149,193,graphml/GtsCe.graphml,2,,clustered,0.4;-0.3,7,7,7,0,0,7,0,7,7,0,0,edgeCount
937,149,193,graphml/GtsCe.graphml,2,,clustered,0.4;-0.3,16,22,9,7,0,9,0,9,9,0,0,edgeCount
936,149,193,graphml/GtsCe.graphml,2,,clustered,0.4;-0.3,14,14,14,0,0,14,0,14,14,0,0,edgeCount
935,149,193,graphml/GtsCe.graphml,2,,clustered,0.4;-0.3,34,10,10,24,0,10,0,10,10,0,0,edgeCount
934,149,193,graphml/GtsCe.graphml,1,,clustered,0.4;-0.3,8,20,8,0,2,8,0,8,20,0,2,edgeCount
933,149,193,graphml/GtsCe.graphml,2,,clustered,0.4;-0.3,9,9,9,0,0,9,0,9,9,0,0,edgeCount
932,149,193,graphml/GtsCe.graphml,2,,clustered,0.4;-0.3,12,11,9,3,0,11,2,11,11,2,0,edgeCount
931,149,193,graphml/GtsCe.graphml,2,,clustered,0.4;-0.3,9,9,9,0,0,9,0,9,9,0,0,edgeCount
930,149,193,graphml/GtsCe.graphml,2,,clustered,0.4;-0.3,21,21,18,3,0,21,3,21,21,3,0,edgeCount
929,149,193,graphml/GtsCe.graphml,2,,clustered,0.4;-0.3,37,19,10,27,2,33,23,33,35,23,2,edgeCount
928,149,193,graphml/GtsCe.graphml,2,,clustered,0.4;-0.3,10,10,9,1,0,10,1,10,10,1,0,edgeCount
927,149,193,graphml/GtsCe.graphml,2,,clustered,0.4;-0.3,6,6,3,3,0,6,3,6,6,3,0,edgeCount
926,149,193,graphml/GtsCe.graphml,2,,clustered,0.4;-0.3,16,16,15,1,0,16,1,16,16,1,0,edgeCount
925,149,193,graphml/GtsCe.graphml,2,,clustered,0.4;-0.3,10,10,9,1,0,10,1,10,10,1,0,edgeCount
924,149,193,graphml/GtsCe.graphml,2,,clustered,0.4;-0.3,8,12,8,0,2,8,0,8,8,0,2,edgeCount
923,149,193,graphml/GtsCe.graphml,3,,clustered,0.4;-0.3,7,7,5,2,6,7,2,7,7,2,6,edgeCount
922,149,193,graphml/GtsCe.graphml,2,,clustered,0.4;-0.3,10,10,10,0,0,10,0,10,10,0,0,edgeCount
921,149,193,graphml/GtsCe.graphml,2,,clustered,0.4;-0.3,5,5,5,0,0,5,0,5,5,0,0,edgeCount
920,149,193,graphml/GtsCe.graphml,2,,clustered,0.4;-0.3,23,11,11,12,6,-1,-12,11,11,0,6,edgeCount
919,149,193,graphml/GtsCe.graphml,2,,clustered,0.4;-0.3,16,19,10,6,4,34,24,34,37,24,4,edgeCount
918,149,193,graphml/GtsCe.graphml,2,,clustered,0.4;-0.3,12,12,11,1,0,12,1,12,12,1,0,edgeCount
917,149,193,graphml/GtsCe.graphml,2,,clustered,0.4;-0.3,16,16,13,3,0,16,3,16,16,3,0,edgeCount
916,149,193,graphml/GtsCe.graphml,2,,clustered,0.4;-0.3,8,8,8,0,0,8,0,8,8,0,0,edgeCount
915,149,193,graphml/GtsCe.graphml,2,,clustered,0.4;-0.3,8,8,8,0,0,8,0,8,8,0,0,edgeCount
914,149,193,graphml/GtsCe.graphml,2,,clustered,0.4;-0.3,59,61,16,43,2,59,43,59,59,43,2,edgeCount
913,149,193,graphml/GtsCe.graphml,3,,clustered,0.4;-0.3,19,31,3,16,0,6,3,5,5,2,0,edgeCount
912,149,193,graphml/GtsCe.graphml,2,,clustered,0.4;-0.3,9,9,9,0,2,9,0,9,9,0,2,edgeCount
911,149,193,graphml/GtsCe.graphml,2,,clustered,0.4;-0.3,7,7,7,0,0,7,0,7,7,0,0,edgeCount
910,149,193,graphml/GtsCe.graphml,2,,clustered,0.4;-0.3,8,9,6,2,0,8,2,8,8,2,0,edgeCount
909,149,193,graphml/GtsCe.graphml,2,,clustered,0.4;-0.3,9,18,9,0,0,9,0,9,9,0,0,edgeCount
908,149,193,graphml/GtsCe.graphml,3,,clustered,0.4;-0.3,22,24,7,15,0,19,12,19,19,12,0,edgeCount
907,149,193,graphml/GtsCe.graphml,2,,clustered,0.4;-0.3,18,48,12,6,4,44,32,44,44,32,4,edgeCount
906,149,193,graphml/GtsCe.graphml,2,,clustered,0.4;-0.3,16,28,12,4,4,12,0,12,12,0,4,edgeCount
905,149,193,graphml/GtsCe.graphml,2,,clustered,0.4;-0.3,8,8,5,3,0,8,3,8,8,3,0,edgeCount
904,149,193,graphml/GtsCe.graphml,2,,clustered,0.4;-0.3,2,2,2,0,0,2,0,2,2,0,0,edgeCount
903,149,193,graphml/GtsCe.graphml,2,,clustered,0.4;-0.3,27,11,8,19,4,-1,-9,9,9,1,4,edgeCount
902,149,193,graphml/GtsCe.graphml,3,,clustered,0.4;-0.3,11,8,7,4,4,25,18,10,10,3,4,edgeCount
901,149,193,graphml/GtsCe.graphml,2,,clustered,0.4;-0.3,16,16,16,0,0,16,0,16,16,0,0,edgeCount
900,149,193,graphml/GtsCe.graphml,2,,clustered,0.4;-0.3,49,15,15,34,2,-1,-16,15,15,0,2,edgeCount
899,149,193,graphml/GtsCe.graphml,2,,clustered,0.4;-0.3,6,6,6,0,0,6,0,6,6,0,0,edgeCount
898,149,193,graphml/GtsCe.graphml,2,,clustered,0.4;-0.3,4,4,4,0,0,5,1,5,4,1,0,edgeCount
897,149,193,graphml/GtsCe.graphml,3,,clustered,0.4;-0.3,66,66,9,57,4,66,57,66,66,57,4,edgeCount
896,149,193,graphml/GtsCe.graphml,1,,clustered,0.4;-0.3,10,18,10,0,2,10,0,10,18,0,2,edgeCount
895,149,193,graphml/GtsCe.graphml,1,,clustered,0.4;-0.3,15,26,15,0,2,15,0,15,26,0,2,edgeCount
894,149,193,graphml/GtsCe.graphml,1,,clustered,0.4;-0.3,3,3,3,0,0,3,0,3,3,0,0,edgeCount
893,149,193,graphml/GtsCe.graphml,2,,clustered,0.4;-0.3,9,17,9,0,6,17,8,17,17,8,6,edgeCount
892,149,193,graphml/GtsCe.graphml,1,,clustered,0.4;-0.3,6,6,6,0,0,6,0,6,6,0,0,edgeCount
891,149,193,graphml/GtsCe.graphml,2,,clustered,0.4;-0.3,8,8,8,0,0,8,0,8,8,0,0,edgeCount
890,149,193,graphml/GtsCe.graphml,1,,clustered,0.4;-0.3,17,17,17,0,0,17,0,17,17,0,0,edgeCount
889,149,193,graphml/GtsCe.graphml,2,,clustered,0.4;-0.3,11,11,7,4,6,11,4,11,11,4,6,edgeCount
888,149,193,graphml/GtsCe.graphml,2,,clustered,0.4;-0.3,11,11,11,0,0,11,0,11,11,0,0,edgeCount
887,149,193,graphml/GtsCe.graphml,2,,clustered,0.4;-0.3,11,11,10,1,0,11,1,11,11,1,0,edgeCount
886,149,193,graphml/GtsCe.graphml,2,,clustered,0.4;-0.3,10,14,7,3,4,22,15,22,27,15,4,edgeCount
885,149,193,graphml/GtsCe.graphml,2,,clustered,0.4;-0.3,41,41,13,28,2,-1,-14,41,41,28,2,edgeCount
884,149,193,graphml/GtsCe.graphml,2,,clustered,0.4;-0.3,15,17,9,6,0,12,3,12,12,3,0,edgeCount
883,149,193,graphml/GtsCe.graphml,2,,clustered,0.4;-0.3,18,22,13,5,0,17,4,17,17,4,0,edgeCount
882,149,193,graphml/GtsCe.graphml,2,,clustered,0.4;-0.3,15,15,15,0,2,15,0,15,15,0,2,edgeCount
881,149,193,graphml/GtsCe.graphml,2,,clustered,0.4;-0.3,9,5,5,4,0,5,0,5,5,0,0,edgeCount
880,149,193,graphml/GtsCe.graphml,2,,clustered,0.4;-0.3,7,7,7,0,0,7,0,7,7,0,0,edgeCount
879,149,193,graphml/GtsCe.graphml,2,,clustered,0.4;-0.3,21,20,15,6,0,20,5,20,20,5,0,edgeCount
878,149,193,graphml/GtsCe.graphml,2,,clustered,0.4;-0.3,12,12,11,1,0,12,1,12,12,1,0,edgeCount
877,149,193,graphml/GtsCe.graphml,2,,clustered,0.4;-0.3,25,25,15,10,0,25,10,25,25,10,0,edgeCount
876,149,193,graphml/GtsCe.graphml,2,,clustered,0.4;-0.3,13,13,12,1,0,13,1,13,13,1,0,edgeCount
875,149,193,graphml/GtsCe.graphml,2,,clustered,0.4;-0.3,15,28,15,0,2,41,26,15,28,0,2,edgeCount
874,149,193,graphml/GtsCe.graphml,2,,clustered,0.4;-0.3,7,7,4,3,2,14,10,14,14,10,2,edgeCount
873,149,193,graphml/GtsCe.graphml,2,,clustered,0.4;-0.3,9,21,7,2,0,7,0,7,7,0,0,edgeCount
872,149,193,graphml/GtsCe.graphml,2,,clustered,0.4;-0.3,10,9,9,1,0,9,0,9,9,0,0,edgeCount
871,149,193,graphml/GtsCe.graphml,2,,clustered,0.4;-0.3,19,19,16,3,0,19,3,19,19,3,0,edgeCount
870,149,193,graphml/GtsCe.graphml,2,,clustered,0.4;-0.3,14,14,12,2,0,14,2,14,14,2,0,edgeCount
869,149,193,graphml/GtsCe.graphml,2,,clustered,0.4;-0.3,13,13,13,0,0,13,0,13,13,0,0,edgeCount
868,149,193,graphml/GtsCe.graphml,2,,clustered,0.4;-0.3,10,10,10,0,0,10,0,10,10,0,0,edgeCount
867,149,193,graphml/GtsCe.graphml,2,,clustered,0.4;-0.3,6,6,6,0,0,6,0,6,6,0,0,edgeCount
866,149,193,graphml/GtsCe.graphml,3,,clustered,0.4;-0.3,9,9,5,4,0,9,4,9,9,4,0,edgeCount
865,149,193,graphml/GtsCe.graphml,2,,clustered,0.4;-0.3,28,14,10,18,4,10,0,10,10,0,4,edgeCount
864,149,193,graphml/GtsCe.graphml,2,,clustered,0.4;-0.3,26,26,7,19,0,26,19,26,26,19,0,edgeCount
863,149,193,graphml/GtsCe.graphml,2,,clustered,0.4;-0.3,9,9,9,0,0,9,0,9,9,0,0,edgeCount
862,149,193,graphml/GtsCe.graphml,1,,clustered,0.4;-0.3,8,8,8,0,0,8,0,8,8,0,0,edgeCount
861,149,193,graphml/GtsCe.graphml,3,,clustered,0.4;-0.3,23,23,14,9,2,23,9,23,23,9,2,edgeCount
860,149,193,graphml/GtsCe.graphml,2,,clustered,0.4;-0.3,6,6,5,1,0,6,1,6,6,1,0,edgeCount
859,149,193,graphml/GtsCe.graphml,2,,clustered,0.4;-0.3,16,17,16,0,0,17,1,17,17,1,0,edgeCount
858,149,193,graphml/GtsCe.graphml,2,,clustered,0.4;-0.3,11,11,11,0,0,11,0,11,11,0,0,edgeCount
857,149,193,graphml/GtsCe.graphml,3,,clustered,0.4;-0.3,8,9,8,0,0,9,1,9,9,1,0,edgeCount
856,149,193,graphml/GtsCe.graphml,2,,clustered,0.4;-0.3,15,15,14,1,2,15,1,15,15,1,2,edgeCount
855,149,193,graphml/GtsCe.graphml,2,,clustered,0.4;-0.3,9,9,9,0,0,9,0,9,9,0,0,edgeCount
854,149,193,graphml/GtsCe.graphml,2,,clustered,0.4;-0.3,8,8,8,0,0,8,0,8,8,0,0,edgeCount
853,149,193,graphml/GtsCe.graphml,2,,clustered,0.4;-0.3,12,10,10,2,8,28,18,10,10,0,8,edgeCount
852,149,193,graphml/GtsCe.graphml,2,,clustered,0.4;-0.3,7,10,7,0,6,7,0,7,7,0,6,edgeCount
851,149,193,graphml/GtsCe.graphml,2,,clustered,0.4;-0.3,6,6,5,1,0,6,1,6,6,1,0,edgeCount
850,149,193,graphml/GtsCe.graphml,2,,clustered,0.4;-0.3,8,8,8,0,0,8,0,8,8,0,0,edgeCount
849,149,193,graphml/GtsCe.graphml,2,,clustered,0.4;-0.3,10,10,10,0,0,10,0,10,10,0,0,edgeCount
848,149,193,graphml/GtsCe.graphml,2,,clustered,0.4;-0.3,8,8,8,0,0,8,0,8,8,0,0,edgeCount
847,149,193,graphml/GtsCe.graphml,1,,clustered,0.4;-0.3,8,8,8,0,0,8,0,8,8,0,0,edgeCount
846,149,193,graphml/GtsCe.graphml,2,,clustered,0.4;-0.3,7,7,7,0,0,7,0,7,7,0,0,edgeCount
845,149,193,graphml/GtsCe.graphml,2,,clustered,0.4;-0.3,10,10,2,8,2,2,0,2,2,0,2,edgeCount
844,149,193,graphml/GtsCe.graphml,3,,clustered,0.4;-0.3,16,16,15,1,6,16,1,16,16,1,6,edgeCount
843,149,193,graphml/GtsCe.graphml,2,,clustered,0.4;-0.3,63,22,14,49,2,15,1,15,15,1,2,edgeCount
842,149,193,graphml/GtsCe.graphml,2,,clustered,0.4;-0.3,9,24,9,0,2,25,16,25,9,16,2,edgeCount
841,149,193,graphml/GtsCe.graphml,2,,clustered,0.4;-0.3,23,11,9,14,2,11,2,11,11,2,2,edgeCount
840,149,193,graphml/GtsCe.graphml,3,,clustered,0.4;-0.3,3,3,3,0,0,3,0,3,3,0,0,edgeCount
839,149,193,graphml/GtsCe.graphml,1,,clustered,0.4;-0.3,12,12,12,0,2,12,0,12,12,0,2,edgeCount
838,149,193,graphml/GtsCe.graphml,2,,clustered,0.4;-0.3,20,19,14,6,8,19,5,19,19,5,8,edgeCount
837,149,193,graphml/GtsCe.graphml,2,,clustered,0.4;-0.3,10,10,10,0,0,10,0,10,10,0,0,edgeCount
836,149,193,graphml/GtsCe.graphml,2,,clustered,0.4;-0.3,5,4,4,1,0,4,0,4,4,0,0,edgeCount
835,149,193,graphml/GtsCe.graphml,2,,clustered,0.4;-0.3,21,21,16,5,2,21,5,21,21,5,2,edgeCount
834,149,193,graphml/GtsCe.graphml,2,,clustered,0.4;-0.3,15,16,10,5,2,31,21,15,16,5,2,edgeCount
833,149,193,graphml/GtsCe.graphml,2,,clustered,0.4;-0.3,17,17,16,1,0,17,1,17,17,1,0,edgeCount
832,149,193,graphml/GtsCe.graphml,2,,clustered,0.4;-0.3,18,18,15,3,0,18,3,18,18,3,0,edgeCount
831,149,193,graphml/GtsCe.graphml,2,,clustered,0.4;-0.3,11,11,11,0,0,11,0,11,11,0,0,edgeCount
830,149,193,graphml/GtsCe.graphml,3,,clustered,0.4;-0.3,16,17,12,4,2,44,32,44,44,32,2,edgeCount
829,149,193,graphml/GtsCe.graphml,1,,clustered,0.4;-0.3,3,3,3,0,4,3,0,3,3,0,4,edgeCount
828,149,193,graphml/GtsCe.graphml,1,,clustered,0.4;-0.3,7,7,7,0,6,7,0,7,7,0,6,edgeCount
827,149,193,graphml/GtsCe.graphml,3,,clustered,0.4;-0.3,15,15,13,2,0,42,29,42,42,29,0,edgeCount
826,149,193,graphml/GtsCe.graphml,2,,clustered,0.4;-0.3,21,21,18,3,2,21,3,21,21,3,2,edgeCount
825,149,193,graphml/GtsCe.graphml,2,,clustered,0.4;-0.3,13,45,7,6,2,7,0,7,7,0,2,edgeCount
824,149,193,graphml/GtsCe.graphml,2,,clustered,0.4;-0.3,11,11,10,1,0,11,1,11,11,1,0,edgeCount
823,149,193,graphml/GtsCe.graphml,2,,clustered,0.4;-0.3,13,13,11,2,0,13,2,13,13,2,0,edgeCount
822,149,193,graphml/GtsCe.graphml,2,,clustered,0.4;-0.3,5,5,4,1,2,5,1,5,17,1,2,edgeCount
821,149,193,graphml/GtsCe.graphml,2,,clustered,0.4;-0.3,2,2,2,0,0,2,0,2,2,0,0,edgeCount
820,149,193,graphml/GtsCe.graphml,2,,clustered,0.4;-0.3,8,12,5,3,2,16,11,16,50,11,2,edgeCount
819,149,193,graphml/GtsCe.graphml,2,,clustered,0.4;-0.3,12,12,10,2,0,12,2,12,12,2,0,edgeCount
818,149,193,graphml/GtsCe.graphml,2,,clustered,0.4;-0.3,11,6,6,5,0,6,0,6,6,0,0,edgeCount
817,149,193,graphml/GtsCe.graphml,2,,clustered,0.4;-0.3,9,9,8,1,0,9,1,9,9,1,0,edgeCount
816,149,193,graphml/GtsCe.graphml,2,,clustered,0.4;-0.3,21,30,13,8,0,14,1,14,14,1,0,edgeCount
815,149,193,graphml/GtsCe.graphml,2,,clustered,0.4;-0.3,22,22,19,3,0,22,3,22,22,3,0,edgeCount
814,149,193,graphml/GtsCe.graphml,1,,clustered,0.4;-0.3,9,9,9,0,0,9,0,9,9,0,0,edgeCount
813,149,193,graphml/GtsCe.graphml,2,,clustered,0.4;-0.3,8,8,8,0,0,8,0,8,8,0,0,edgeCount
812,149,193,graphml/GtsCe.graphml,2,,clustered,0.4;-0.3,9,9,8,1,0,9,1,9,9,1,0,edgeCount
811,149,193,graphml/GtsCe.graphml,2,,clustered,0.4;-0.3,6,6,6,0,0,6,0,6,6,0,0,edgeCount
810,149,193,graphml/GtsCe.graphml,2,,clustered,0.4;-0.3,8,8,8,0,0,8,0,8,8,0,0,edgeCount
809,149,193,graphml/GtsCe.graphml,1,,clustered,0.4;-0.3,6,6,6,0,0,6,0,6,6,0,0,edgeCount
808,149,193,graphml/GtsCe.graphml,1,,clustered,0.4;-0.3,14,32,14,0,2,14,0,14,32,0,2,edgeCount
807,149,193,graphml/GtsCe.graphml,2,,clustered,0.4;-0.3,6,6,6,0,0,6,0,6,6,0,0,edgeCount
806,149,193,graphml/GtsCe.graphml,2,,clustered,0.4;-0.3,11,8,7,4,0,8,1,8,8,1,0,edgeCount
805,149,193,graphml/GtsCe.graphml,1,,clustered,0.4;-0.3,7,7,7,0,2,7,0,7,7,0,2,edgeCount
804,149,193,graphml/GtsCe.graphml,2,,clustered,0.4;-0.3,22,6,6,16,2,6,0,6,6,0,2,edgeCount
803,149,193,graphml/GtsCe.graphml,3,,clustered,0.4;-0.3,11,5,5,6,0,47,42,5,5,0,0,edgeCount
802,149,193,graphml/GtsCe.graphml,1,,clustered,0.4;-0.3,8,8,8,0,0,8,0,8,8,0,0,edgeCount
801,149,193,graphml/GtsCe.graphml,3,,clustered,0.4;-0.3,3,3,2,1,4,2,0,2,2,0,4,edgeCount
800,149,193,graphml/GtsCe.graphml,1,,clustered,0.4;-0.3,11,11,11,0,0,11,0,11,11,0,0,edgeCount
799,149,193,graphml/GtsCe.graphml,2,,clustered,0.4;-0.3,44,17,7,37,2,8,1,8,8,1,2,edgeCount
798,149,193,graphml/GtsCe.graphml,2,,clustered,0.4;-0.3,5,5,4,1,4,7,3,7,7,3,4,edgeCount
797,149,193,graphml/GtsCe.graphml,1,,clustered,0.4;-0.3,41,41,15,26,4,-1,-16,41,41,26,4,edgeCount
796,149,193,graphml/GtsCe.graphml,2,,clustered,0.4;-0.3,18,18,17,1,0,18,1,18,18,1,0,edgeCount
795,149,193,graphml/GtsCe.graphml,2,,clustered,0.4;-0.3,12,12,9,3,6,13,4,13,13,4,6,edgeCount
794,149,193,graphml/GtsCe.graphml,2,,clustered,0.4;-0.3,5,5,5,0,0,5,0,5,5,0,0,edgeCount
793,149,193,graphml/GtsCe.graphml,2,,clustered,0.4;-0.3,7,7,6,1,0,7,1,7,7,1,0,edgeCount
792,149,193,graphml/GtsCe.graphml,1,,clustered,0.4;-0.3,12,15,12,0,2,12,0,12,15,0,2,edgeCount
791,149,193,graphml/GtsCe.graphml,2,,clustered,0.4;-0.3,7,7,7,0,4,24,17,7,7,0,4,edgeCount
790,149,193,graphml/GtsCe.graphml,1,,clustered,0.4;-0.3,17,17,17,0,2,17,0,17,17,0,2,edgeCount
789,149,193,graphml/GtsCe.graphml,2,,clustered,0.4;-0.3,19,19,15,4,0,59,44,59,59,44,0,edgeCount
788,149,193,graphml/GtsCe.graphml,2,,clustered,0.4;-0.3,29,12,7,22,2,7,0,7,7,0,2,edgeCount
787,149,193,graphml/GtsCe.graphml,2,,clustered,0.4;-0.3,11,10,10,1,0,10,0,10,10,0,0,edgeCount
786,149,193,graphml/GtsCe.graphml,2,,clustered,0.4;-0.3,10,21,8,2,4,8,0,8,8,0,4,edgeCount
785,149,193,graphml/GtsCe.graphml,2,,clustered,0.4;-0.3,16,16,16,0,0,16,0,16,16,0,0,edgeCount
784,149,193,graphml/GtsCe.graphml,1,,clustered,0.4;-0.3,7,7,7,0,0,7,0,7,7,0,0,edgeCount
783,149,193,graphml/GtsCe.graphml,2,,clustered,0.4;-0.3,11,17,9,2,0,9,0,9,9,0,0,edgeCount
782,149,193,graphml/GtsCe.graphml,1,,clustered,0.4;-0.3,14,14,14,0,0,14,0,14,14,0,0,edgeCount
781,149,193,graphml/GtsCe.graphml,2,,clustered,0.4;-0.3,9,9,8,1,0,9,1,9,9,1,0,edgeCount
780,149,193,graphml/GtsCe.graphml,2,,clustered,0.4;-0.3,3,3,3,0,2,12,9,3,3,0,2,edgeCount
779,149,193,graphml/GtsCe.graphml,1,,clustered,0.4;-0.3,8,8,8,0,0,8,0,8,8,0,0,edgeCount
778,149,193,graphml/GtsCe.graphml,2,,clustered,0.4;-0.3,19,30,14,5,0,18,4,18,18,4,0,edgeCount
777,149,193,graphml/GtsCe.graphml,2,,clustered,0.4;-0.3,7,14,4,3,0,4,0,4,4,0,0,edgeCount
776,149,193,graphml/GtsCe.graphml,2,,clustered,0.4;-0.3,10,10,10,0,0,10,0,10,10,0,0,edgeCount
775,149,193,graphml/GtsCe.graphml,3,,clustered,0.4;-0.3,5,5,5,0,0,5,0,5,5,0,0,edgeCount
774,149,193,graphml/GtsCe.graphml,2,,clustered,0.4;-0.3,13,13,13,0,0,13,0,13,13,0,0,edgeCount
773,149,193,graphml/GtsCe.graphml,1,,clustered,0.4;-0.3,9,9,9,0,0,9,0,9,9,0,0,edgeCount
772,149,193,graphml/GtsCe.graphml,1,,clustered,0.4;-0.3,18,18,18,0,0,18,0,18,18,0,0,edgeCount
771,149,193,graphml/GtsCe.graphml,2,,clustered,0.4;-0.3,8,8,8,0,4,8,0,8,13,0,4,edgeCount
770,149,193,graphml/GtsCe.graphml,2,,clustered,0.4;-0.3,17,17,14,3,0,17,3,17,17,3,0,edgeCount
769,149,193,graphml/GtsCe.graphml,2,,clustered,0.4;-0.3,11,5,5,6,0,5,0,5,5,0,0,edgeCount
768,149,193,graphml/GtsCe.graphml,2,,clustered,0.4;-0.3,9,10,9,0,0,9,0,9,9,0,0,edgeCount
767,149,193,graphml/GtsCe.graphml,2,,clustered,0.4;-0.3,9,9,9,0,0,9,0,9,9,0,0,edgeCount
766,149,193,graphml/GtsCe.graphml,2,,clustered,0.4;-0.3,16,16,14,2,2,16,2,16,16,2,2,edgeCount
765,149,193,graphml/GtsCe.graphml,2,,clustered,0.4;-0.3,15,15,13,2,0,15,2,15,15,2,0,edgeCount
764,149,193,graphml/GtsCe.graphml,2,,clustered,0.4;-0.3,8,8,8,0,0,11,3,8,8,0,0,edgeCount
763,149,193,graphml/GtsCe.graphml,2,,clustered,0.4;-0.3,8,8,8,0,0,8,0,8,8,0,0,edgeCount
762,149,193,graphml/GtsCe.graphml,2,,clustered,0.4;-0.3,77,35,16,61,2,-1,-17,61,61,45,2,edgeCount
761,149,193,graphml/GtsCe.graphml,2,,clustered,0.4;-0.3,10,10,10,0,0,10,0,10,10,0,0,edgeCount
760,149,193,graphml/GtsCe.graphml,2,,clustered,0.4;-0.3,9,9,9,0,0,9,0,9,9,0,0,edgeCount
759,149,193,graphml/GtsCe.graphml,2,,clustered,0.4;-0.3,9,14,6,3,0,6,0,6,6,0,0,edgeCount
758,149,193,graphml/GtsCe.graphml,1,,clustered,0.4;-0.3,16,16,16,0,0,16,0,16,16,0,0,edgeCount
757,149,193,graphml/GtsCe.graphml,2,,clustered,0.4;-0.3,10,10,10,0,0,10,0,10,10,0,0,edgeCount
756,149,193,graphml/GtsCe.graphml,3,,clustered,0.4;-0.3,6,8,2,4,0,2,0,2,2,0,0,edgeCount
755,149,193,graphml/GtsCe.graphml,2,,clustered,0.4;-0.3,12,19,12,0,2,34,22,12,19,0,2,edgeCount
754,149,193,graphml/GtsCe.graphml,2,,clustered,0.4;-0.3,6,6,6,0,0,6,0,6,6,0,0,edgeCount
753,149,193,graphml/GtsCe.graphml,3,,clustered,0.4;-0.3,7,7,6,1,0,23,17,7,7,1,0,edgeCount
752,149,193,graphml/GtsCe.graphml,2,,clustered,0.4;-0.3,8,8,8,0,0,8,0,8,8,0,0,edgeCount
751,149,193,graphml/GtsCe.graphml,2,,clustered,0.4;-0.3,22,6,6,16,2,6,0,22,6,16,2,edgeCount
750,149,193,graphml/GtsCe.graphml,2,,clustered,0.4;-0.3,8,12,8,0,0,8,0,8,8,0,0,edgeCount
749,149,193,graphml/GtsCe.graphml,2,,clustered,0.4;-0.3,89,31,19,70,2,-1,-20,66,58,47,2,edgeCount
748,149,193,graphml/GtsCe.graphml,2,,clustered,0.4;-0.3,7,7,7,0,0,7,0,7,7,0,0,edgeCount
747,149,193,graphml/GtsCe.graphml,2,,clustered,0.4;-0.3,13,13,13,0,0,13,0,13,13,0,0,edgeCount
746,149,193,graphml/GtsCe.graphml,2,,clustered,0.4;-0.3,15,15,14,1,0,15,1,15,15,1,0,edgeCount
745,149,193,graphml/GtsCe.graphml,2,,clustered,0.4;-0.3,9,6,6,3,2,6,0,6,6,0,2,edgeCount
744,149,193,graphml/GtsCe.graphml,2,,clustered,0.4;-0.3,20,19,15,5,0,19,4,19,19,4,0,edgeCount
743,149,193,graphml/GtsCe.graphml,2,,clustered,0.4;-0.3,15,15,14,1,0,15,1,15,15,1,0,edgeCount
742,149,193,graphml/GtsCe.graphml,2,,clustered,0.4;-0.3,7,7,7,0,0,7,0,7,7,0,0,edgeCount
741,149,193,graphml/GtsCe.graphml,2,,clustered,0.4;-0.3,16,16,15,1,0,16,1,16,16,1,0,edgeCount
740,149,193,graphml/GtsCe.graphml,2,,clustered,0.4;-0.3,11,28,8,3,0,25,17,25,25,17,0,edgeCount
739,149,193,graphml/GtsCe.graphml,2,,clustered,0.4;-0.3,10,15,10,0,2,26,16,10,15,0,2,edgeCount
738,149,193,graphml/GtsCe.graphml,1,,clustered,0.4;-0.3,9,9,9,0,0,9,0,9,9,0,0,edgeCount
737,149,193,graphml/GtsCe.graphml,2,,clustered,0.4;-0.3,13,13,11,2,0,13,2,13,13,2,0,edgeCount
736,149,193,graphml/GtsCe.graphml,1,,clustered,0.4;-0.3,7,7,7,0,0,7,0,7,7,0,0,edgeCount
735,149,193,graphml/GtsCe.graphml,2,,clustered,0.4;-0.3,25,7,7,18,2,7,0,7,7,0,2,edgeCount
734,149,193,graphml/GtsCe.graphml,2,,clustered,0.4;-0.3,6,6,5,1,0,6,1,6,6,1,0,edgeCount
733,149,193,graphml/GtsCe.graphml,2,,clustered,0.4;-0.3,6,6,4,2,0,6,2,6,6,2,0,edgeCount
732,149,193,graphml/GtsCe.graphml,2,,clustered,0.4;-0.3,9,12,8,1,0,8,0,8,8,0,0,edgeCount
731,149,193,graphml/GtsCe.graphml,2,,clustered,0.4;-0.3,3,3,2,1,6,2,0,2,2,0,6,edgeCount
730,149,193,graphml/GtsCe.graphml,1,,clustered,0.4;-0.3,7,7,7,0,0,7,0,7,7,0,0,edgeCount
729,149,193,graphml/GtsCe.graphml,2,,clustered,0.4;-0.3,7,7,7,0,0,7,0,7,7,0,0,edgeCount
728,149,193,graphml/GtsCe.graphml,2,,clustered,0.4;-0.3,8,10,7,1,0,8,1,8,8,1,0,edgeCount
727,149,193,graphml/GtsCe.graphml,2,,clustered,0.4;-0.3,9,9,9,0,0,9,0,9,9,0,0,edgeCount
726,149,193,graphml/GtsCe.graphml,2,,clustered,0.4;-0.3,8,8,8,0,0,8,0,8,8,0,0,edgeCount
725,149,193,graphml/GtsCe.graphml,2,,clustered,0.4;-0.3,10,9,9,1,0,9,0,9,9,0,0,edgeCount
724,149,193,graphml/GtsCe.graphml,2,,clustered,0.4;-0.3,10,10,10,0,0,10,0,10,10,0,0,edgeCount
723,149,193,graphml/GtsCe.graphml,1,,clustered,0.4;-0.3,-1,-1,-1,0,6,-1,0,-1,-1,0,6,edgeCount
722,149,193,graphml/GtsCe.graphml,1,,clustered,0.4;-0.3,18,18,18,0,0,18,0,18,18,0,0,edgeCount
721,149,193,graphml/GtsCe.graphml,2,,clustered,0.4;-0.3,21,21,18,3,0,21,3,21,21,3,0,edgeCount
720,149,193,graphml/GtsCe.graphml,2,,clustered,0.4;-0.3,16,16,16,0,0,16,0,16,16,0,0,edgeCount
719,149,193,graphml/GtsCe.graphml,2,,clustered,0.4;-0.3,8,7,7,1,2,7,0,7,7,0,2,edgeCount
718,149,193,graphml/GtsCe.graphml,2,,clustered,0.4;-0.3,10,10,10,0,0,10,0,10,10,0,0,edgeCount
717,149,193,graphml/GtsCe.graphml,2,,clustered,0.4;-0.3,7,16,4,3,4,15,11,7,16,3,4,edgeCount
716,149,193,graphml/GtsCe.graphml,1,,clustered,0.4;-0.3,13,13,13,0,0,13,0,13,13,0,0,edgeCount
715,149,193,graphml/GtsCe.graphml,2,,clustered,0.4;-0.3,25,9,9,16,4,9,0,9,9,0,4,edgeCount
714,149,193,graphml/GtsCe.graphml,1,,clustered,0.4;-0.3,7,9,7,0,2,7,0,7,9,0,2,edgeCount
713,149,193,graphml/GtsCe.graphml,2,,clustered,0.4;-0.3,14,9,9,5,0,9,0,9,9,0,0,edgeCount
712,149,193,graphml/GtsCe.graphml,2,,clustered,0.4;-0.3,14,14,14,0,0,14,0,14,14,0,0,edgeCount
711,149,193,graphml/GtsCe.graphml,2,,clustered,0.4;-0.3,4,7,4,0,0,4,0,4,4,0,0,edgeCount
710,149,193,graphml/GtsCe.graphml,2,,clustered,0.4;-0.3,25,22,8,17,4,41,33,41,46,33,4,edgeCount
709,149,193,graphml/GtsCe.graphml,2,,clustered,0.4;-0.3,9,9,9,0,2,9,0,9,9,0,2,edgeCount
708,149,193,graphml/GtsCe.graphml,2,,clustered,0.4;-0.3,44,44,14,30,2,44,30,44,44,30,2,edgeCount
707,149,193,graphml/GtsCe.graphml,1,,clustered,0.4;-0.3,8,8,8,0,2,8,0,8,8,0,2,edgeCount
706,149,193,graphml/GtsCe.graphml,1,,clustered,0.4;-0.3,2,2,2,0,2,2,0,2,2,0,2,edgeCount
705,149,193,graphml/GtsCe.graphml,2,,clustered,0.4;-0.3,11,10,10,1,0,10,0,10,10,0,0,edgeCount
704,149,193,graphml/GtsCe.graphml,1,,clustered,0.4;-0.3,14,14,14,0,2,14,0,14,14,0,2,edgeCount
703,149,193,graphml/GtsCe.graphml,2,,clustered,0.4;-0.3,6,6,6,0,0,6,0,6,6,0,0,edgeCount
702,149,193,graphml/GtsCe.graphml,2,,clustered,0.4;-0.3,15,15,14,1,0,15,1,15,15,1,0,edgeCount
701,149,193,graphml/GtsCe.graphml,2,,clustered,0.4;-0.3,12,33,9,3,2,34,25,34,34,25,2,edgeCount
700,149,193,graphml/GtsCe.graphml,2,,clustered,0.4;-0.3,4,4,4,0,0,4,0,4,4,0,0,edgeCount
699,149,193,graphml/GtsCe.graphml,2,,clustered,0.4;-0.3,15,15,15,0,0,15,0,15,15,0,0,edgeCount
698,149,193,graphml/GtsCe.graphml,2,,clustered,0.4;-0.3,6,6,6,0,0,6,0,6,6,0,0,edgeCount
697,149,193,graphml/GtsCe.graphml,2,,clustered,0.4;-0.3,2,4,2,0,0,4,2,4,4,2,0,edgeCount
696,149,193,graphml/GtsCe.graphml,2,,clustered,0.4;-0.3,10,14,6,4,0,6,0,6,6,0,0,edgeCount
695,149,193,graphml/GtsCe.graphml,2,,clustered,0.4;-0.3,18,18,16,2,0,18,2,18,18,2,0,edgeCount
694,149,193,graphml/GtsCe.graphml,2,,clustered,0.4;-0.3,19,10,9,10,2,10,1,10,10,1,2,edgeCount
693,149,193,graphml/GtsCe.graphml,1,,clustered,0.4;-0.3,15,15,15,0,0,15,0,15,15,0,0,edgeCount
692,149,193,graphml/GtsCe.graphml,2,,clustered,0.4;-0.3,6,6,6,0,0,7,1,6,6,0,0,edgeCount
691,149,193,graphml/GtsCe.graphml,3,,clustered,0.4;-0.3,4,4,4,0,4,4,0,4,4,0,4,edgeCount
690,149,193,graphml/GtsCe.graphml,2,,clustered,0.4;-0.3,7,7,7,0,6,7,0,7,7,0,6,edgeCount
689,149,193,graphml/GtsCe.graphml,2,,clustered,0.4;-0.3,13,13,13,0,0,13,0,13,13,0,0,edgeCount
688,149,193,graphml/GtsCe.graphml,2,,clustered,0.4;-0.3,23,21,17,6,0,43,26,43,43,26,0,edgeCount
687,149,193,graphml/GtsCe.graphml,2,,clustered,0.4;-0.3,8,6,6,2,0,6,0,6,6,0,0,edgeCount
686,149,193,graphml/GtsCe.graphml,2,,clustered,0.4;-0.3,7,7,7,0,0,7,0,7,7,0,0,edgeCount
685,149,193,graphml/GtsCe.graphml,2,,clustered,0.4;-0.3,16,19,10,6,0,10,0,10,10,0,0,edgeCount
684,149,193,graphml/GtsCe.graphml,2,,clustered,0.4;-0.3,11,15,6,5,0,7,1,7,7,1,0,edgeCount
683,149,193,graphml/GtsCe.graphml,2,,clustered,0.4;-0.3,4,4,4,0,0,4,0,4,4,0,0,edgeCount
682,149,193,graphml/GtsCe.graphml,2,,clustered,0.4;-0.3,11,3,3,8,0,3,0,3,3,0,0,edgeCount
681,149,193,graphml/GtsCe.graphml,2,,clustered,0.4;-0.3,37,11,10,27,4,11,1,37,11,27,4,edgeCount
680,149,193,graphml/GtsCe.graphml,2,,clustered,0.4;-0.3,26,26,15,11,2,53,38,26,26,11,2,edgeCount
679,149,193,graphml/GtsCe.graphml,2,,clustered,0.4;-0.3,10,10,10,0,0,10,0,10,10,0,0,edgeCount
678,149,193,graphml/GtsCe.graphml,2,,clustered,0.4;-0.3,6,6,6,0,0,6,0,6,6,0,0,edgeCount
677,149,193,graphml/GtsCe.graphml,2,,clustered,0.4;-0.3,13,13,5,8,2,-1,-6,13,13,8,2,edgeCount
676,149,193,graphml/GtsCe.graphml,1,,clustered,0.4;-0.3,10,10,10,0,2,10,0,10,10,0,2,edgeCount
675,149,193,graphml/GtsCe.graphml,2,,clustered,0.4;-0.3,13,13,12,1,0,13,1,13,13,1,0,edgeCount
674,149,193,graphml/GtsCe.graphml,2,,clustered,0.4;-0.3,13,18,13,0,0,13,0,13,13,0,0,edgeCount
673,149,193,graphml/GtsCe.graphml,2,,clustered,0.4;-0.3,2,2,2,0,0,2,0,2,2,0,0,edgeCount
672,149,193,graphml/GtsCe.graphml,2,,clustered,0.4;-0.3,15,15,13,2,0,15,2,15,15,2,0,edgeCount
671,149,193,graphml/GtsCe.graphml,2,,clustered,0.4;-0.3,17,17,17,0,0,17,0,17,17,0,0,edgeCount
670,149,193,graphml/GtsCe.graphml,2,,clustered,0.4;-0.3,12,21,11,1,0,11,0,11,11,0,0,edgeCount
669,149,193,graphml/GtsCe.graphml,2,,clustered,0.4;-0.3,4,4,4,0,0,4,0,4,4,0,0,edgeCount
668,149,193,graphml/GtsCe.graphml,2,,clustered,0.4;-0.3,15,15,9,6,4,31,22,15,15,6,4,edgeCount
667,149,193,graphml/GtsCe.graphml,1,,clustered,0.4;-0.3,5,12,5,0,2,5,0,5,12,0,2,edgeCount
666,149,193,graphml/GtsCe.graphml,3,,clustered,0.4;-0.3,7,7,6,1,4,7,1,7,7,1,4,edgeCount
665,149,193,graphml/GtsCe.graphml,2,,clustered,0.4;-0.3,9,9,9,0,0,9,0,9,9,0,0,edgeCount
664,149,193,graphml/GtsCe.graphml,2,,clustered,0.4;-0.3,5,4,4,1,0,4,0,4,4,0,0,edgeCount
663,149,193,graphml/GtsCe.graphml,2,,clustered,0.4;-0.3,14,14,11,3,0,14,3,14,14,3,0,edgeCount
662,149,193,graphml/GtsCe.graphml,2,,clustered,0.4;-0.3,11,11,8,3,0,8,0,8,8,0,0,edgeCount
661,149,193,graphml/GtsCe.graphml,3,,clustered,0.4;-0.3,15,12,9,6,0,12,3,12,12,3,0,edgeCount
660,149,193,graphml/GtsCe.graphml,2,,clustered,0.4;-0.3,11,19,7,4,0,7,0,7,7,0,0,edgeCount
659,149,193,graphml/GtsCe.graphml,2,,clustered,0.4;-0.3,12,12,11,1,0,12,1,12,12,1,0,edgeCount
658,149,193,graphml/GtsCe.graphml,2,,clustered,0.4;-0.3,5,5,5,0,0,5,0,5,5,0,0,edgeCount
657,149,193,graphml/GtsCe.graphml,1,,clustered,0.4;-0.3,9,9,9,0,2,9,0,9,9,0,2,edgeCount
656,149,193,graphml/GtsCe.graphml,2,,clustered,0.4;-0.3,5,5,5,0,0,5,0,5,5,0,0,edgeCount
655,149,193,graphml/GtsCe.graphml,2,,clustered,0.4;-0.3,16,16,16,0,2,16,0,16,16,0,2,edgeCount
654,149,193,graphml/GtsCe.graphml,2,,clustered,0.4;-0.3,10,10,10,0,2,10,0,10,10,0,2,edgeCount
653,149,193,graphml/GtsCe.graphml,3,,clustered,0.4;-0.3,84,46,11,73,0,46,35,84,46,73,0,edgeCount
652,149,193,graphml/GtsCe.graphml,2,,clustered,0.4;-0.3,39,13,13,26,2,-1,-14,39,13,26,2,edgeCount
651,149,193,graphml/GtsCe.graphml,2,,clustered,0.4;-0.3,11,11,11,0,0,11,0,11,11,0,0,edgeCount
650,149,193,graphml/GtsCe.graphml,1,,clustered,0.4;-0.3,8,8,8,0,0,8,0,8,8,0,0,edgeCount
649,149,193,graphml/GtsCe.graphml,2,,clustered,0.4;-0.3,13,13,13,0,0,13,0,13,13,0,0,edgeCount
648,149,193,graphml/GtsCe.graphml,1,,clustered,0.4;-0.3,11,11,11,0,0,11,0,11,11,0,0,edgeCount
647,149,193,graphml/GtsCe.graphml,2,,clustered,0.4;-0.3,13,13,13,0,2,13,0,13,13,0,2,edgeCount
646,149,193,graphml/GtsCe.graphml,2,,clustered,0.4;-0.3,11,18,9,2,2,29,20,29,39,20,2,edgeCount
645,149,193,graphml/GtsCe.graphml,1,,clustered,0.4;-0.3,9,15,9,0,2,9,0,9,15,0,2,edgeCount
644,149,193,graphml/GtsCe.graphml,2,,clustered,0.4;-0.3,8,8,7,1,0,8,1,8,8,1,0,edgeCount
643,149,193,graphml/GtsCe.graphml,2,,clustered,0.4;-0.3,5,5,5,0,0,5,0,5,5,0,0,edgeCount
642,149,193,graphml/GtsCe.graphml,2,,clustered,0.4;-0.3,4,4,4,0,0,4,0,4,4,0,0,edgeCount
641,149,193,graphml/GtsCe.graphml,1,,clustered,0.4;-0.3,13,26,13,0,4,13,0,13,26,0,4,edgeCount
640,149,193,graphml/GtsCe.graphml,2,,clustered,0.4;-0.3,15,7,7,8,2,7,0,7,7,0,2,edgeCount
639,149,193,graphml/GtsCe.graphml,2,,clustered,0.4;-0.3,11,14,8,3,10,23,15,23,25,15,8,edgeCount
638,149,193,graphml/GtsCe.graphml,1,,clustered,0.4;-0.3,8,8,8,0,0,8,0,8,8,0,0,edgeCount
637,149,193,graphml/GtsCe.graphml,1,,clustered,0.4;-0.3,16,16,16,0,0,16,0,16,16,0,0,edgeCount
636,149,193,graphml/GtsCe.graphml,2,,clustered,0.4;-0.3,12,12,12,0,0,12,0,12,12,0,0,edgeCount
635,149,193,graphml/GtsCe.graphml,2,,clustered,0.4;-0.3,15,15,12,3,0,17,5,15,15,3,0,edgeCount
634,149,193,graphml/GtsCe.graphml,2,,clustered,0.4;-0.3,14,14,14,0,0,14,0,14,14,0,0,edgeCount
633,149,193,graphml/GtsCe.graphml,1,,clustered,0.4;-0.3,16,16,16,0,0,16,0,16,16,0,0,edgeCount
632,149,193,graphml/GtsCe.graphml,2,,clustered,0.4;-0.3,11,11,11,0,0,11,0,11,11,0,0,edgeCount
631,149,193,graphml/GtsCe.graphml,2,,clustered,0.4;-0.3,61,61,21,40,2,61,40,61,61,40,2,edgeCount
630,149,193,graphml/GtsCe.graphml,2,,clustered,0.4;-0.3,73,33,15,58,0,15,0,15,15,0,0,edgeCount
629,149,193,graphml/GtsCe.graphml,2,,clustered,0.4;-0.3,12,19,10,2,2,26,16,26,27,16,2,edgeCount
628,149,193,graphml/GtsCe.graphml,2,,clustered,0.4;-0.3,9,9,7,2,0,9,2,9,9,2,0,edgeCount
627,149,193,graphml/GtsCe.graphml,2,,clustered,0.4;-0.3,7,7,7,0,0,7,0,7,7,0,0,edgeCount
626,149,193,graphml/GtsCe.graphml,2,,clustered,0.4;-0.3,9,9,8,1,0,9,1,9,9,1,0,edgeCount
625,149,193,graphml/GtsCe.graphml,1,,clustered,0.4;-0.3,17,17,17,0,2,17,0,17,17,0,2,edgeCount
624,149,193,graphml/GtsCe.graphml,1,,clustered,0.4;-0.3,18,18,18,0,0,18,0,18,18,0,0,edgeCount
623,149,193,graphml/GtsCe.graphml,1,,clustered,0.4;-0.3,16,25,16,0,2,16,0,16,25,0,2,edgeCount
622,149,193,graphml/GtsCe.graphml,2,,clustered,0.4;-0.3,9,4,4,5,0,4,0,4,4,0,0,edgeCount
621,149,193,graphml/GtsCe.graphml,2,,clustered,0.4;-0.3,15,16,8,7,0,8,0,8,8,0,0,edgeCount
620,149,193,graphml/GtsCe.graphml,2,,clustered,0.4;-0.3,9,9,9,0,2,-1,-10,27,27,18,2,edgeCount
619,149,193,graphml/GtsCe.graphml,2,,clustered,0.4;-0.3,7,5,4,3,0,6,2,6,6,2,0,edgeCount
618,149,193,graphml/GtsCe.graphml,1,,clustered,0.4;-0.3,14,14,14,0,2,14,0,14,14,0,2,edgeCount
617,149,193,graphml/GtsCe.graphml,2,,clustered,0.4;-0.3,20,20,16,4,0,20,4,20,20,4,0,edgeCount
616,149,193,graphml/GtsCe.graphml,1,,clustered,0.4;-0.3,7,69,7,0,4,7,0,7,69,0,4,edgeCount
615,149,193,graphml/GtsCe.graphml,3,,clustered,0.4;-0.3,13,18,8,5,0,13,5,13,13,5,0,edgeCount
614,149,193,graphml/GtsCe.graphml,2,,clustered,0.4;-0.3,11,11,11,0,0,11,0,11,11,0,0,edgeCount
613,149,193,graphml/GtsCe.graphml,2,,clustered,0.4;-0.3,9,18,5,4,0,5,0,5,5,0,0,edgeCount
612,149,193,graphml/GtsCe.graphml,2,,clustered,0.4;-0.3,14,15,11,3,0,14,3,14,14,3,0,edgeCount
611,149,193,graphml/GtsCe.graphml,3,,clustered,0.4;-0.3,11,11,10,1,4,11,1,11,11,1,4,edgeCount
610,149,193,graphml/GtsCe.graphml,2,,clustered,0.4;-0.3,18,18,18,0,2,60,42,18,18,0,2,edgeCount
609,149,193,graphml/GtsCe.graphml,2,,clustered,0.4;-0.3,6,7,3,3,0,3,0,3,3,0,0,edgeCount
608,149,193,graphml/GtsCe.graphml,2,,clustered,0.4;-0.3,8,16,7,1,0,7,0,7,7,0,0,edgeCount
607,149,193,graphml/GtsCe.graphml,2,,clustered,0.4;-0.3,3,3,3,0,0,3,0,3,3,0,0,edgeCount
606,149,193,graphml/GtsCe.graphml,2,,clustered,0.4;-0.3,16,15,8,8,2,24,16,24,24,16,2,edgeCount
605,149,193,graphml/GtsCe.graphml,2,,clustered,0.4;-0.3,21,21,18,3,0,21,3,21,21,3,0,edgeCount
604,149,193,graphml/GtsCe.graphml,2,,clustered,0.4;-0.3,7,5,5,2,0,5,0,5,5,0,0,edgeCount
603,149,193,graphml/GtsCe.graphml,2,,clustered,0.4;-0.3,14,16,9,5,0,14,5,14,14,5,0,edgeCount
602,149,193,graphml/GtsCe.graphml,2,,clustered,0.4;-0.3,10,10,9,1,0,10,1,10,10,1,0,edgeCount
601,149,193,graphml/GtsCe.graphml,2,,clustered,0.4;-0.3,21,38,15,6,2,20,5,21,38,6,2,edgeCount
600,149,193,graphml/GtsCe.graphml,2,,clustered,0.4;-0.3,8,20,5,3,6,14,9,14,18,9,6,edgeCount
599,149,193,graphml/GtsCe.graphml,2,,clustered,0.4;-0.3,20,14,13,7,2,14,1,20,14,7,2,edgeCount
598,149,193,graphml/GtsCe.graphml,2,,clustered,0.4;-0.3,17,11,8,9,0,11,3,11,11,3,0,edgeCount
597,149,193,graphml/GtsCe.graphml,2,,clustered,0.4;-0.3,4,4,2,2,0,4,2,4,4,2,0,edgeCount
596,149,193,graphml/GtsCe.graphml,2,,clustered,0.4;-0.3,16,16,16,0,0,16,0,16,16,0,0,edgeCount
595,149,193,graphml/GtsCe.graphml,2,,clustered,0.4;-0.3,3,3,3,0,2,3,0,3,3,0,2,edgeCount
594,149,193,graphml/GtsCe.graphml,3,,clustered,0.4;-0.3,10,10,9,1,0,10,1,10,10,1,0,edgeCount
593,149,193,graphml/GtsCe.graphml,2,,clustered,0.4;-0.3,8,8,5,3,0,8,3,8,8,3,0,edgeCount
592,149,193,graphml/GtsCe.graphml,2,,clustered,0.4;-0.3,11,5,5,6,0,5,0,5,5,0,0,edgeCount
591,149,193,graphml/GtsCe.graphml,2,,clustered,0.4;-0.3,8,4,4,4,0,4,0,4,4,0,0,edgeCount
590,149,193,graphml/GtsCe.graphml,2,,clustered,0.4;-0.3,7,7,7,0,0,7,0,7,7,0,0,edgeCount
589,149,193,graphml/GtsCe.graphml,2,,clustered,0.4;-0.3,8,8,8,0,0,8,0,8,8,0,0,edgeCount
588,149,193,graphml/GtsCe.graphml,2,,clustered,0.4;-0.3,12,12,9,3,0,12,3,12,12,3,0,edgeCount
587,149,193,graphml/GtsCe.graphml,2,,clustered,0.4;-0.3,9,9,8,1,0,9,1,9,9,1,0,edgeCount
586,149,193,graphml/GtsCe.graphml,1,,clustered,0.4;-0.3,15,29,15,0,6,15,0,15,29,0,6,edgeCount
585,149,193,graphml/GtsCe.graphml,3,,clustered,0.4;-0.3,26,25,10,16,6,40,30,26,57,16,6,edgeCount
584,149,193,graphml/GtsCe.graphml,2,,clustered,0.4;-0.3,10,10,10,0,0,10,0,10,10,0,0,edgeCount
583,149,193,graphml/GtsCe.graphml,2,,clustered,0.4;-0.3,8,8,8,0,0,8,0,8,8,0,0,edgeCount
582,149,193,graphml/GtsCe.graphml,2,,clustered,0.4;-0.3,12,12,12,0,0,12,0,12,12,0,0,edgeCount
581,149,193,graphml/GtsCe.graphml,2,,clustered,0.4;-0.3,19,24,13,6,4,45,32,19,24,6,4,edgeCount
580,149,193,graphml/GtsCe.graphml,2,,clustered,0.4;-0.3,9,8,7,2,4,8,1,8,8,1,4,edgeCount
579,149,193,graphml/GtsCe.graphml,2,,clustered,0.4;-0.3,11,11,11,0,0,11,0,11,11,0,0,edgeCount
578,149,193,graphml/GtsCe.graphml,2,,clustered,0.4;-0.3,4,3,3,1,0,3,0,3,3,0,0,edgeCount
577,149,193,graphml/GtsCe.graphml,2,,clustered,0.4;-0.3,23,5,5,18,6,-1,-6,5,5,0,6,edgeCount
576,149,193,graphml/GtsCe.graphml,1,,clustered,0.4;-0.3,11,11,11,0,2,11,0,11,11,0,2,edgeCount
575,149,193,graphml/GtsCe.graphml,2,,clustered,0.4;-0.3,15,15,10,5,0,15,5,15,15,5,0,edgeCount
574,149,193,graphml/GtsCe.graphml,3,,clustered,0.4;-0.3,6,6,6,0,0,6,0,6,6,0,0,edgeCount
573,149,193,graphml/GtsCe.graphml,2,,clustered,0.4;-0.3,13,13,13,0,0,13,0,13,13,0,0,edgeCount
572,149,193,graphml/GtsCe.graphml,2,,clustered,0.4;-0.3,48,25,8,40,2,8,0,8,8,0,2,edgeCount
571,149,193,graphml/GtsCe.graphml,1,,clustered,0.4;-0.3,4,10,4,0,8,4,0,4,10,0,8,edgeCount
570,149,193,graphml/GtsCe.graphml,2,,clustered,0.4;-0.3,9,9,8,1,2,9,1,9,9,1,2,edgeCount
569,149,193,graphml/GtsCe.graphml,2,,clustered,0.4;-0.3,14,9,8,6,2,9,1,9,9,1,2,edgeCount
568,149,193,graphml/GtsCe.graphml,3,,clustered,0.4;-0.3,15,15,8,7,2,16,8,15,15,7,2,edgeCount
567,149,193,graphml/GtsCe.graphml,2,,clustered,0.4;-0.3,14,14,13,1,0,14,1,14,14,1,0,edgeCount
566,149,193,graphml/GtsCe.graphml,2,,clustered,0.4;-0.3,13,13,7,6,6,13,6,13,13,6,6,edgeCount
565,149,193,graphml/GtsCe.graphml,2,,clustered,0.4;-0.3,14,5,4,10,0,5,1,5,5,1,0,edgeCount
564,149,193,graphml/GtsCe.graphml,2,,clustered,0.4;-0.3,7,7,7,0,0,7,0,7,7,0,0,edgeCount
563,149,193,graphml/GtsCe.graphml,2,,clustered,0.4;-0.3,18,18,18,0,0,18,0,18,18,0,0,edgeCount
562,149,193,graphml/GtsCe.graphml,2,,clustered,0.4;-0.3,14,14,14,0,2,14,0,14,14,0,2,edgeCount
561,149,193,graphml/GtsCe.graphml,2,,clustered,0.4;-0.3,8,8,7,1,0,8,1,8,8,1,0,edgeCount
560,149,193,graphml/GtsCe.graphml,3,,clustered,0.4;-0.3,26,26,7,19,0,26,19,26,26,19,0,edgeCount
559,149,193,graphml/GtsCe.graphml,2,,clustered,0.4;-0.3,51,55,12,39,6,17,5,17,17,5,6,edgeCount
558,149,193,graphml/GtsCe.graphml,3,,clustered,0.4;-0.3,7,7,6,1,0,7,1,7,7,1,0,edgeCount
557,149,193,graphml/GtsCe.graphml,1,,clustered,0.4;-0.3,13,20,13,0,2,13,0,13,20,0,2,edgeCount
556,149,193,graphml/GtsCe.graphml,2,,clustered,0.4;-0.3,5,5,5,0,0,5,0,5,5,0,0,edgeCount
555,149,193,graphml/GtsCe.graphml,2,,clustered,0.4;-0.3,14,11,8,6,2,28,20,28,28,20,2,edgeCount
554,149,193,graphml/GtsCe.graphml,2,,clustered,0.4;-0.3,11,10,10,1,0,10,0,10,10,0,0,edgeCount
553,149,193,graphml/GtsCe.graphml,2,,clustered,0.4;-0.3,5,8,3,2,0,3,0,3,3,0,0,edgeCount
552,149,193,graphml/GtsCe.graphml,3,,clustered,0.4;-0.3,40,5,5,35,0,5,0,5,5,0,0,edgeCount
551,149,193,graphml/GtsCe.graphml,2,,clustered,0.4;-0.3,4,4,4,0,0,4,0,4,4,0,0,edgeCount
550,149,193,graphml/GtsCe.graphml,1,,clustered,0.4;-0.3,14,29,14,0,2,14,0,14,29,0,2,edgeCount
549,149,193,graphml/GtsCe.graphml,2,,clustered,0.4;-0.3,16,16,11,5,0,16,5,16,16,5,0,edgeCount
548,149,193,graphml/GtsCe.graphml,2,,clustered,0.4;-0.3,3,3,3,0,2,3,0,3,3,0,2,edgeCount
547,149,193,graphml/GtsCe.graphml,2,,clustered,0.4;-0.3,10,10,10,0,0,10,0,10,10,0,0,edgeCount
546,149,193,graphml/GtsCe.graphml,1,,clustered,0.4;-0.3,6,8,6,0,2,6,0,6,8,0,2,edgeCount
545,149,193,graphml/GtsCe.graphml,1,,clustered,0.4;-0.3,4,4,4,0,2,4,0,4,4,0,2,edgeCount
544,149,193,graphml/GtsCe.graphml,2,,clustered,0.4;-0.3,18,18,18,0,0,18,0,18,18,0,0,edgeCount
543,149,193,graphml/GtsCe.graphml,2,,clustered,0.4;-0.3,13,13,13,0,0,18,5,18,18,5,0,edgeCount
542,149,193,graphml/GtsCe.graphml,2,,clustered,0.4;-0.3,6,6,6,0,0,6,0,6,6,0,0,edgeCount
541,149,193,graphml/GtsCe.graphml,2,,clustered,0.4;-0.3,8,8,8,0,0,8,0,8,8,0,0,edgeCount
540,149,193,graphml/GtsCe.graphml,2,,clustered,0.4;-0.3,16,4,4,12,0,4,0,4,4,0,0,edgeCount
539,149,193,graphml/GtsCe.graphml,2,,clustered,0.4;-0.3,4,4,4,0,0,4,0,4,4,0,0,edgeCount
538,149,193,graphml/GtsCe.graphml,2,,clustered,0.4;-0.3,12,16,6,6,0,6,0,6,6,0,0,edgeCount
537,149,193,graphml/GtsCe.graphml,2,,clustered,0.4;-0.3,27,14,7,20,6,7,0,7,7,0,6,edgeCount
536,149,193,graphml/GtsCe.graphml,2,,clustered,0.4;-0.3,24,39,13,11,6,16,3,16,16,3,6,edgeCount
535,149,193,graphml/GtsCe.graphml,3,,clustered,0.4;-0.3,9,9,7,2,0,60,53,9,9,2,0,edgeCount
534,149,193,graphml/GtsCe.graphml,2,,clustered,0.4;-0.3,3,3,3,0,0,3,0,3,3,0,0,edgeCount
533,149,193,graphml/GtsCe.graphml,2,,clustered,0.4;-0.3,5,4,4,1,4,4,0,4,4,0,4,edgeCount
532,149,193,graphml/GtsCe.graphml,1,,clustered,0.4;-0.3,17,31,17,0,6,17,0,17,31,0,6,edgeCount
531,149,193,graphml/GtsCe.graphml,3,,clustered,0.4;-0.3,21,19,12,9,0,43,31,43,43,31,0,edgeCount
530,149,193,graphml/GtsCe.graphml,2,,clustered,0.4;-0.3,10,10,10,0,0,10,0,10,10,0,0,edgeCount
529,149,193,graphml/GtsCe.graphml,2,,clustered,0.4;-0.3,2,3,2,0,2,3,1,3,3,1,2,edgeCount
528,149,193,graphml/GtsCe.graphml,2,,clustered,0.4;-0.3,10,10,10,0,0,10,0,10,10,0,0,edgeCount
527,149,193,graphml/GtsCe.graphml,1,,clustered,0.4;-0.3,9,9,9,0,0,9,0,9,9,0,0,edgeCount
526,149,193,graphml/GtsCe.graphml,2,,clustered,0.4;-0.3,10,10,10,0,0,10,0,10,10,0,0,edgeCount
525,149,193,graphml/GtsCe.graphml,1,,clustered,0.4;-0.3,13,16,13,0,2,13,0,13,16,0,2,edgeCount
524,149,193,graphml/GtsCe.graphml,1,,clustered,0.4;-0.3,14,14,14,0,2,14,0,14,14,0,2,edgeCount
523,149,193,graphml/GtsCe.graphml,2,,clustered,0.4;-0.3,8,8,8,0,0,8,0,8,8,0,0,edgeCount
522,149,193,graphml/GtsCe.graphml,2,,clustered,0.4;-0.3,8,33,7,1,2,20,13,20,20,13,2,edgeCount
521,149,193,graphml/GtsCe.graphml,2,,clustered,0.4;-0.3,14,19,8,6,0,14,6,14,14,6,0,edgeCount
520,149,193,graphml/GtsCe.graphml,2,,clustered,0.4;-0.3,15,13,12,3,0,12,0,12,12,0,0,edgeCount
519,149,193,graphml/GtsCe.graphml,2,,clustered,0.4;-0.3,6,6,6,0,4,6,0,6,6,0,4,edgeCount
518,149,193,graphml/GtsCe.graphml,2,,clustered,0.4;-0.3,11,11,11,0,0,11,0,11,11,0,0,edgeCount
517,149,193,graphml/GtsCe.graphml,2,,clustered,0.4;-0.3,14,14,14,0,0,14,0,14,14,0,0,edgeCount
516,149,193,graphml/GtsCe.graphml,2,,clustered,0.4;-0.3,8,24,8,0,2,22,14,22,8,14,2,edgeCount
515,149,193,graphml/GtsCe.graphml,2,,clustered,0.4;-0.3,8,8,8,0,0,8,0,8,8,0,0,edgeCount
514,149,193,graphml/GtsCe.graphml,2,,clustered,0.4;-0.3,2,2,2,0,0,2,0,2,2,0,0,edgeCount
513,149,193,graphml/GtsCe.graphml,2,,clustered,0.4;-0.3,17,17,12,5,0,17,5,17,17,5,0,edgeCount
512,149,193,graphml/GtsCe.graphml,2,,clustered,0.4;-0.3,18,19,16,2,0,18,2,18,18,2,0,edgeCount
511,149,193,graphml/GtsCe.graphml,2,,clustered,0.4;-0.3,7,7,7,0,0,7,0,7,7,0,0,edgeCount
510,149,193,graphml/GtsCe.graphml,3,,clustered,0.4;-0.3,8,7,7,1,4,18,11,18,18,11,4,edgeCount
509,149,193,graphml/GtsCe.graphml,2,,clustered,0.4;-0.3,7,7,7,0,0,7,0,7,7,0,0,edgeCount
508,149,193,graphml/GtsCe.graphml,1,,clustered,0.4;-0.3,11,13,11,0,2,11,0,11,13,0,2,edgeCount
507,149,193,graphml/GtsCe.graphml,1,,clustered,0.4;-0.3,13,13,13,0,0,13,0,13,13,0,0,edgeCount
506,149,193,graphml/GtsCe.graphml,2,,clustered,0.4;-0.3,7,12,4,3,4,4,0,7,12,3,4,edgeCount
505,149,193,graphml/GtsCe.graphml,2,,clustered,0.4;-0.3,16,16,11,5,2,16,5,16,16,5,2,edgeCount
504,149,193,graphml/GtsCe.graphml,1,,clustered,0.4;-0.3,14,14,14,0,0,14,0,14,14,0,0,edgeCount
503,149,193,graphml/GtsCe.graphml,2,,clustered,0.4;-0.3,4,4,4,0,0,4,0,4,4,0,0,edgeCount
502,149,193,graphml/GtsCe.graphml,1,,clustered,0.4;-0.3,7,18,7,0,4,7,0,7,18,0,4,edgeCount
501,149,193,graphml/GtsCe.graphml,2,,clustered,0.4;-0.3,5,5,5,0,0,7,2,7,7,2,0,edgeCount
500,149,193,graphml/GtsCe.graphml,3,,clustered,0.4;-0.3,10,6,6,4,4,6,0,10,6,4,4,edgeCount
499,149,193,graphml/GtsCe.graphml,2,,clustered,0.4;-0.3,7,7,7,0,0,7,0,7,7,0,0,edgeCount
498,149,193,graphml/GtsCe.graphml,2,,clustered,0.4;-0.3,8,8,8,0,0,8,0,8,8,0,0,edgeCount
497,149,193,graphml/GtsCe.graphml,2,,clustered,0.4;-0.3,7,28,7,0,0,7,0,7,7,0,0,edgeCount
496,149,193,graphml/GtsCe.graphml,2,,clustered,0.4;-0.3,12,8,8,4,0,8,0,8,8,0,0,edgeCount
495,149,193,graphml/GtsCe.graphml,2,,clustered,0.4;-0.3,11,11,9,2,0,11,2,11,11,2,0,edgeCount
494,149,193,graphml/GtsCe.graphml,3,,clustered,0.4;-0.3,23,23,9,14,4,23,14,23,23,14,4,edgeCount
493,149,193,graphml/GtsCe.graphml,2,,clustered,0.4;-0.3,13,15,13,0,2,15,2,15,15,2,2,edgeCount
492,149,193,graphml/GtsCe.graphml,2,,clustered,0.4;-0.3,14,14,13,1,4,47,34,14,14,1,4,edgeCount
491,149,193,graphml/GtsCe.graphml,2,,clustered,0.4;-0.3,11,11,11,0,0,11,0,11,11,0,0,edgeCount
490,149,193,graphml/GtsCe.graphml,3,,clustered,0.4;-0.3,5,5,5,0,0,5,0,5,5,0,0,edgeCount
489,149,193,graphml/GtsCe.graphml,2,,clustered,0.4;-0.3,10,10,10,0,0,10,0,10,10,0,0,edgeCount
488,149,193,graphml/GtsCe.graphml,2,,clustered,0.4;-0.3,11,20,8,3,0,8,0,8,8,0,0,edgeCount
487,149,193,graphml/GtsCe.graphml,2,,clustered,0.4;-0.3,16,16,13,3,0,16,3,16,16,3,0,edgeCount
486,149,193,graphml/GtsCe.graphml,2,,clustered,0.4;-0.3,22,14,5,17,2,-1,-6,22,14,17,2,edgeCount
485,149,193,graphml/GtsCe.graphml,1,,clustered,0.4;-0.3,14,14,14,0,4,14,0,14,14,0,4,edgeCount
484,149,193,graphml/GtsCe.graphml,2,,clustered,0.4;-0.3,12,12,8,4,0,12,4,12,12,4,0,edgeCount
483,149,193,graphml/GtsCe.graphml,2,,clustered,0.4;-0.3,18,18,15,3,2,18,3,18,18,3,2,edgeCount
482,149,193,graphml/GtsCe.graphml,2,,clustered,0.4;-0.3,15,16,15,0,6,31,16,31,35,16,6,edgeCount
481,149,193,graphml/GtsCe.graphml,2,,clustered,0.4;-0.3,24,24,11,13,2,24,13,24,24,13,2,edgeCount
480,149,193,graphml/GtsCe.graphml,2,,clustered,0.4;-0.3,8,15,6,2,0,6,0,6,6,0,0,edgeCount
479,149,193,graphml/GtsCe.graphml,2,,clustered,0.4;-0.3,6,6,6,0,0,6,0,6,6,0,0,edgeCount
478,149,193,graphml/GtsCe.graphml,2,,clustered,0.4;-0.3,41,11,10,31,2,11,1,11,11,1,2,edgeCount
477,149,193,graphml/GtsCe.graphml,2,,clustered,0.4;-0.3,9,9,9,0,0,9,0,9,9,0,0,edgeCount
476,149,193,graphml/GtsCe.graphml,1,,clustered,0.4;-0.3,16,16,16,0,0,16,0,16,16,0,0,edgeCount
475,149,193,graphml/GtsCe.graphml,2,,clustered,0.4;-0.3,11,11,10,1,0,11,1,11,11,1,0,edgeCount
474,149,193,graphml/GtsCe.graphml,2,,clustered,0.4;-0.3,9,8,6,3,0,8,2,8,8,2,0,edgeCount
473,149,193,graphml/GtsCe.graphml,2,,clustered,0.4;-0.3,15,15,10,5,0,15,5,15,15,5,0,edgeCount
472,149,193,graphml/GtsCe.graphml,2,,clustered,0.4;-0.3,11,11,10,1,0,11,1,11,11,1,0,edgeCount
471,149,193,graphml/GtsCe.graphml,3,,clustered,0.4;-0.3,8,3,3,5,6,3,0,3,3,0,6,edgeCount
470,149,193,graphml/GtsCe.graphml,4,,clustered,0.4;-0.3,2,2,2,0,4,2,0,2,2,0,4,edgeCount
469,149,193,graphml/GtsCe.graphml,2,,clustered,0.4;-0.3,6,5,5,1,6,5,0,5,5,0,6,edgeCount
468,149,193,graphml/GtsCe.graphml,2,,clustered,0.4;-0.3,11,11,11,0,0,11,0,11,11,0,0,edgeCount
467,149,193,graphml/GtsCe.graphml,1,,clustered,0.4;-0.3,13,29,13,0,6,13,0,13,29,0,6,edgeCount
466,149,193,graphml/GtsCe.graphml,2,,clustered,0.4;-0.3,12,3,3,9,0,3,0,3,3,0,0,edgeCount
465,149,193,graphml/GtsCe.graphml,2,,clustered,0.4;-0.3,19,19,18,1,0,19,1,19,19,1,0,edgeCount
464,149,193,graphml/GtsCe.graphml,2,,clustered,0.4;-0.3,10,10,8,2,0,10,2,10,10,2,0,edgeCount
463,149,193,graphml/GtsCe.graphml,2,,clustered,0.4;-0.3,9,9,9,0,0,9,0,9,9,0,0,edgeCount
462,149,193,graphml/GtsCe.graphml,1,,clustered,0.4;-0.3,13,20,13,0,2,13,0,13,20,0,2,edgeCount
461,149,193,graphml/GtsCe.graphml,2,,clustered,0.4;-0.3,11,17,11,0,4,17,6,17,17,6,4,edgeCount
460,149,193,graphml/GtsCe.graphml,1,,clustered,0.4;-0.3,6,6,6,0,0,6,0,6,6,0,0,edgeCount
459,149,193,graphml/GtsCe.graphml,1,,clustered,0.4;-0.3,8,14,8,0,4,8,0,8,14,0,4,edgeCount
458,149,193,graphml/GtsCe.graphml,2,,clustered,0.4;-0.3,16,16,16,0,0,16,0,16,16,0,0,edgeCount
457,149,193,graphml/GtsCe.graphml,2,,clustered,0.4;-0.3,8,9,8,0,2,22,14,8,17,0,2,edgeCount
456,149,193,graphml/GtsCe.graphml,2,,clustered,0.4;-0.3,4,4,4,0,0,4,0,4,4,0,0,edgeCount
455,149,193,graphml/GtsCe.graphml,2,,clustered,0.4;-0.3,15,15,11,4,0,15,4,15,15,4,0,edgeCount
454,149,193,graphml/GtsCe.graphml,2,,clustered,0.4;-0.3,22,32,17,5,2,48,31,18,18,1,2,edgeCount
453,149,193,graphml/GtsCe.graphml,2,,clustered,0.4;-0.3,7,9,7,0,2,-1,-8,7,9,0,2,edgeCount
452,149,193,graphml/GtsCe.graphml,1,,clustered,0.4;-0.3,17,17,17,0,2,17,0,17,17,0,2,edgeCount
451,149,193,graphml/GtsCe.graphml,1,,clustered,0.4;-0.3,16,16,16,0,0,16,0,16,16,0,0,edgeCount
450,149,193,graphml/GtsCe.graphml,2,,clustered,0.4;-0.3,7,17,7,0,2,15,8,15,16,8,2,edgeCount
449,149,193,graphml/GtsCe.graphml,2,,clustered,0.4;-0.3,24,22,18,6,0,22,4,22,22,4,0,edgeCount
448,149,193,graphml/GtsCe.graphml,1,,clustered,0.4;-0.3,8,8,8,0,0,8,0,8,8,0,0,edgeCount
447,149,193,graphml/GtsCe.graphml,3,,clustered,0.4;-0.3,7,7,7,0,0,7,0,7,7,0,0,edgeCount
446,149,193,graphml/GtsCe.graphml,2,,clustered,0.4;-0.3,11,11,8,3,0,11,3,11,11,3,0,edgeCount
445,149,193,graphml/GtsCe.graphml,1,,clustered,0.4;-0.3,10,10,10,0,0,10,0,10,10,0,0,edgeCount
444,149,193,graphml/GtsCe.graphml,2,,clustered,0.4;-0.3,2,2,2,0,0,2,0,2,2,0,0,edgeCount
443,149,193,graphml/GtsCe.graphml,2,,clustered,0.4;-0.3,7,7,7,0,0,7,0,7,7,0,0,edgeCount
442,149,193,graphml/GtsCe.graphml,2,,clustered,0.4;-0.3,22,26,12,10,0,12,0,12,12,0,0,edgeCount
441,149,193,graphml/GtsCe.graphml,2,,clustered,0.4;-0.3,12,12,12,0,0,12,0,12,12,0,0,edgeCount
440,149,193,graphml/GtsCe.graphml,2,,clustered,0.4;-0.3,6,6,6,0,0,6,0,6,6,0,0,edgeCount
439,149,193,graphml/GtsCe.graphml,2,,clustered,0.4;-0.3,14,14,14,0,0,14,0,14,14,0,0,edgeCount
438,149,193,graphml/GtsCe.graphml,1,,clustered,0.4;-0.3,9,13,9,0,2,9,0,9,13,0,2,edgeCount
437,149,193,graphml/GtsCe.graphml,2,,clustered,0.4;-0.3,8,8,8,0,0,8,0,8,8,0,0,edgeCount
436,149,193,graphml/GtsCe.graphml,2,,clustered,0.4;-0.3,9,9,8,1,0,9,1,9,9,1,0,edgeCount
435,149,193,graphml/GtsCe.graphml,2,,clustered,0.4;-0.3,8,8,8,0,0,8,0,8,8,0,0,edgeCount
434,149,193,graphml/GtsCe.graphml,2,,clustered,0.4;-0.3,7,7,7,0,0,7,0,7,7,0,0,edgeCount
433,149,193,graphml/GtsCe.graphml,3,,clustered,0.4;-0.3,6,4,3,3,0,14,11,4,4,1,0,edgeCount
432,149,193,graphml/GtsCe.graphml,2,,clustered,0.4;-0.3,15,3,3,12,2,3,0,3,3,0,2,edgeCount
431,149,193,graphml/GtsCe.graphml,2,,clustered,0.4;-0.3,10,10,10,0,0,10,0,10,10,0,0,edgeCount
430,149,193,graphml/GtsCe.graphml,2,,clustered,0.4;-0.3,12,12,11,1,0,12,1,12,12,1,0,edgeCount
429,149,193,graphml/GtsCe.graphml,1,,clustered,0.4;-0.3,10,10,10,0,0,10,0,10,10,0,0,edgeCount
428,149,193,graphml/GtsCe.graphml,2,,clustered,0.4;-0.3,9,7,7,2,0,7,0,7,7,0,0,edgeCount
427,149,193,graphml/GtsCe.graphml,2,,clustered,0.4;-0.3,12,11,4,8,2,4,0,12,11,8,2,edgeCount
426,149,193,graphml/GtsCe.graphml,2,,clustered,0.4;-0.3,11,17,6,5,2,11,5,11,11,5,2,edgeCount
425,149,193,graphml/GtsCe.graphml,1,,clustered,0.4;-0.3,10,18,10,0,10,10,0,10,18,0,10,edgeCount
424,149,193,graphml/GtsCe.graphml,2,,clustered,0.4;-0.3,11,11,11,0,0,11,0,11,11,0,0,edgeCount
423,149,193,graphml/GtsCe.graphml,2,,clustered,0.4;-0.3,7,3,3,4,0,3,0,3,3,0,0,edgeCount
422,149,193,graphml/GtsCe.graphml,1,,clustered,0.4;-0.3,14,33,14,0,2,14,0,14,33,0,2,edgeCount
421,149,193,graphml/GtsCe.graphml,2,,clustered,0.4;-0.3,9,9,6,3,0,9,3,9,9,3,0,edgeCount
420,149,193,graphml/GtsCe.graphml,3,,clustered,0.4;-0.3,8,8,7,1,0,8,1,8,8,1,0,edgeCount
419,149,193,graphml/GtsCe.graphml,2,,clustered,0.4;-0.3,24,24,15,9,0,24,9,24,24,9,0,edgeCount
418,149,193,graphml/GtsCe.graphml,2,,clustered,0.4;-0.3,5,5,5,0,0,6,1,5,5,0,0,edgeCount
417,149,193,graphml/GtsCe.graphml,2,,clustered,0.4;-0.3,9,11,5,4,4,5,0,5,5,0,2,edgeCount
416,149,193,graphml/GtsCe.graphml,2,,clustered,0.4;-0.3,6,6,6,0,0,6,0,6,6,0,0,edgeCount
415,149,193,graphml/GtsCe.graphml,3,,clustered,0.4;-0.3,6,6,6,0,0,6,0,6,6,0,0,edgeCount
414,149,193,graphml/GtsCe.graphml,1,,clustered,0.4;-0.3,21,9,9,12,8,-1,-10,21,9,12,8,edgeCount
413,149,193,graphml/GtsCe.graphml,1,,clustered,0.4;-0.3,13,13,13,0,0,13,0,13,13,0,0,edgeCount
412,149,193,graphml/GtsCe.graphml,1,,clustered,0.4;-0.3,12,12,12,0,0,12,0,12,12,0,0,edgeCount
411,149,193,graphml/GtsCe.graphml,2,,clustered,0.4;-0.3,11,11,11,0,0,11,0,11,11,0,0,edgeCount
410,149,193,graphml/GtsCe.graphml,2,,clustered,0.4;-0.3,8,8,8,0,2,8,0,8,8,0,2,edgeCount
409,149,193,graphml/GtsCe.graphml,2,,clustered,0.4;-0.3,15,15,15,0,0,15,0,15,15,0,0,edgeCount
408,149,193,graphml/GtsCe.graphml,2,,clustered,0.4;-0.3,37,9,9,28,6,-1,-10,31,33,22,6,edgeCount
407,149,193,graphml/GtsCe.graphml,2,,clustered,0.4;-0.3,10,10,8,2,0,10,2,10,10,2,0,edgeCount
406,149,193,graphml/GtsCe.graphml,1,,clustered,0.4;-0.3,6,8,6,0,2,6,0,6,8,0,2,edgeCount
405,149,193,graphml/GtsCe.graphml,1,,clustered,0.4;-0.3,10,10,10,0,4,10,0,10,10,0,4,edgeCount
404,149,193,graphml/GtsCe.graphml,2,,clustered,0.4;-0.3,4,4,4,0,0,4,0,4,4,0,0,edgeCount
403,149,193,graphml/GtsCe.graphml,1,,clustered,0.4;-0.3,10,10,10,0,0,10,0,10,10,0,0,edgeCount
402,149,193,graphml/GtsCe.graphml,1,,clustered,0.4;-0.3,12,12,12,0,0,12,0,12,12,0,0,edgeCount
401,149,193,graphml/GtsCe.graphml,2,,clustered,0.4;-0.3,23,23,15,8,2,57,42,57,58,42,2,edgeCount
400,149,193,graphml/GtsCe.graphml,2,,clustered,0.4;-0.3,9,9,8,1,0,9,1,9,9,1,0,edgeCount
399,149,193,graphml/GtsCe.graphml,2,,clustered,0.4;-0.3,10,10,10,0,0,11,1,10,10,0,0,edgeCount
398,149,193,graphml/GtsCe.graphml,3,,clustered,0.4;-0.3,29,14,4,25,6,11,7,11,11,7,6,edgeCount
397,149,193,graphml/GtsCe.graphml,1,,clustered,0.4;-0.3,15,15,15,0,0,15,0,15,15,0,0,edgeCount
396,149,193,graphml/GtsCe.graphml,2,,clustered,0.4;-0.3,28,49,15,13,2,15,0,15,15,0,2,edgeCount
395,149,193,graphml/GtsCe.graphml,2,,clustered,0.4;-0.3,10,10,9,1,6,10,1,11,10,2,6,edgeCount
394,149,193,graphml/GtsCe.graphml,1,,clustered,0.4;-0.3,7,15,7,0,2,7,0,7,15,0,2,edgeCount
393,149,193,graphml/GtsCe.graphml,2,,clustered,0.4;-0.3,21,8,7,14,0,8,1,8,8,1,0,edgeCount
392,149,193,graphml/GtsCe.graphml,2,,clustered,0.4;-0.3,3,3,3,0,0,3,0,3,3,0,0,edgeCount
391,149,193,graphml/GtsCe.graphml,2,,clustered,0.4;-0.3,2,2,2,0,2,2,0,2,2,0,2,edgeCount
390,149,193,graphml/GtsCe.graphml,2,,clustered,0.4;-0.3,9,9,9,0,0,9,0,9,9,0,0,edgeCount
389,149,193,graphml/GtsCe.graphml,2,,clustered,0.4;-0.3,4,4,3,1,2,10,7,4,6,1,2,edgeCount
388,149,193,graphml/GtsCe.graphml,2,,clustered,0.4;-0.3,3,3,3,0,0,3,0,3,3,0,0,edgeCount
387,149,193,graphml/GtsCe.graphml,2,,clustered,0.4;-0.3,6,6,6,0,0,6,0,6,6,0,0,edgeCount
386,149,193,graphml/GtsCe.graphml,2,,clustered,0.4;-0.3,6,12,5,1,4,12,7,22,30,17,4,edgeCount
385,149,193,graphml/GtsCe.graphml,2,,clustered,0.4;-0.3,12,12,12,0,0,12,0,12,12,0,0,edgeCount
384,149,193,graphml/GtsCe.graphml,2,,clustered,0.4;-0.3,5,5,5,0,0,5,0,5,5,0,0,edgeCount
383,149,193,graphml/GtsCe.graphml,1,,clustered,0.4;-0.3,14,14,14,0,2,14,0,14,14,0,2,edgeCount
382,149,193,graphml/GtsCe.graphml,2,,clustered,0.4;-0.3,6,6,6,0,0,6,0,6,6,0,0,edgeCount
381,149,193,graphml/GtsCe.graphml,2,,clustered,0.4;-0.3,5,5,5,0,0,5,0,5,5,0,0,edgeCount
380,149,193,graphml/GtsCe.graphml,1,,clustered,0.4;-0.3,4,11,4,0,4,4,0,4,11,0,4,edgeCount
379,149,193,graphml/GtsCe.graphml,3,,clustered,0.4;-0.3,119,61,16,103,4,61,45,119,61,103,4,edgeCount
378,149,193,graphml/GtsCe.graphml,2,,clustered,0.4;-0.3,12,5,5,7,0,5,0,5,5,0,0,edgeCount
377,149,193,graphml/GtsCe.graphml,2,,clustered,0.4;-0.3,8,8,8,0,0,8,0,8,8,0,0,edgeCount
376,149,193,graphml/GtsCe.graphml,1,,clustered,0.4;-0.3,14,28,14,0,6,14,0,14,28,0,6,edgeCount
375,149,193,graphml/GtsCe.graphml,2,,clustered,0.4;-0.3,3,3,2,1,0,2,0,3,2,1,0,edgeCount
374,149,193,graphml/GtsCe.graphml,2,,clustered,0.4;-0.3,22,12,8,14,2,-1,-9,22,12,14,2,edgeCount
373,149,193,graphml/GtsCe.graphml,1,,clustered,0.4;-0.3,12,12,12,0,0,12,0,12,12,0,0,edgeCount
372,149,193,graphml/GtsCe.graphml,2,,clustered,0.4;-0.3,11,7,7,4,4,7,0,7,7,0,4,edgeCount
371,149,193,graphml/GtsCe.graphml,2,,clustered,0.4;-0.3,60,60,22,38,0,60,38,60,60,38,0,edgeCount
370,149,193,graphml/GtsCe.graphml,2,,clustered,0.4;-0.3,9,9,9,0,0,9,0,9,9,0,0,edgeCount
369,149,193,graphml/GtsCe.graphml,1,,clustered,0.4;-0.3,2,2,2,0,0,2,0,2,2,0,0,edgeCount
368,149,193,graphml/GtsCe.graphml,1,,clustered,0.4;-0.3,18,18,18,0,0,18,0,18,18,0,0,edgeCount
367,149,193,graphml/GtsCe.graphml,2,,clustered,0.4;-0.3,42,42,13,29,0,42,29,42,42,29,0,edgeCount
366,149,193,graphml/GtsCe.graphml,2,,clustered,0.4;-0.3,14,23,12,2,2,34,22,34,38,22,2,edgeCount
365,149,193,graphml/GtsCe.graphml,2,,clustered,0.4;-0.3,20,18,15,5,0,18,3,18,18,3,0,edgeCount
364,149,193,graphml/GtsCe.graphml,3,,clustered,0.4;-0.3,11,11,9,2,0,11,2,31,31,22,0,edgeCount
363,149,193,graphml/GtsCe.graphml,2,,clustered,0.4;-0.3,11,11,11,0,0,12,1,11,11,0,0,edgeCount
362,149,193,graphml/GtsCe.graphml,3,,clustered,0.4;-0.3,11,11,9,2,0,12,3,11,11,2,0,edgeCount
361,149,193,graphml/GtsCe.graphml,2,,clustered,0.4;-0.3,9,9,9,0,2,9,0,9,9,0,2,edgeCount
360,149,193,graphml/GtsCe.graphml,2,,clustered,0.4;-0.3,15,15,15,0,0,15,0,15,15,0,0,edgeCount
359,149,193,graphml/GtsCe.graphml,2,,clustered,0.4;-0.3,24,18,13,11,2,48,35,18,18,5,2,edgeCount
358,149,193,graphml/GtsCe.graphml,2,,clustered,0.4;-0.3,15,15,7,8,0,7,0,7,7,0,0,edgeCount
357,149,193,graphml/GtsCe.graphml,2,,clustered,0.4;-0.3,22,16,15,7,2,16,1,16,16,1,2,edgeCount
356,149,193,graphml/GtsCe.graphml,3,,clustered,0.4;-0.3,6,6,6,0,0,6,0,6,6,0,0,edgeCount
355,149,193,graphml/GtsCe.graphml,2,,clustered,0.4;-0.3,16,16,16,0,0,16,0,16,16,0,0,edgeCount
354,149,193,graphml/GtsCe.graphml,2,,clustered,0.4;-0.3,15,15,12,3,0,18,6,15,15,3,0,edgeCount
353,149,193,graphml/GtsCe.graphml,2,,clustered,0.4;-0.3,15,15,14,1,0,15,1,15,15,1,0,edgeCount
352,149,193,graphml/GtsCe.graphml,2,,clustered,0.4;-0.3,31,21,18,13,0,21,3,21,21,3,0,edgeCount
351,149,193,graphml/GtsCe.graphml,2,,clustered,0.4;-0.3,13,7,7,6,2,7,0,7,7,0,2,edgeCount
350,149,193,graphml/GtsCe.graphml,2,,clustered,0.4;-0.3,16,16,13,3,0,16,3,16,16,3,0,edgeCount
349,149,193,graphml/GtsCe.graphml,2,,clustered,0.4;-0.3,10,15,8,2,0,8,0,8,8,0,0,edgeCount
348,149,193,graphml/GtsCe.graphml,2,,clustered,0.4;-0.3,15,6,5,10,0,6,1,6,6,1,0,edgeCount
347,149,193,graphml/GtsCe.graphml,2,,clustered,0.4;-0.3,17,17,17,0,0,17,0,17,17,0,0,edgeCount
346,149,193,graphml/GtsCe.graphml,1,,clustered,0.4;-0.3,7,7,7,0,0,7,0,7,7,0,0,edgeCount
345,149,193,graphml/GtsCe.graphml,2,,clustered,0.4;-0.3,7,7,7,0,0,7,0,7,7,0,0,edgeCount
344,149,193,graphml/GtsCe.graphml,2,,clustered,0.4;-0.3,6,6,6,0,0,6,0,6,6,0,0,edgeCount
343,149,193,graphml/GtsCe.graphml,2,,clustered,0.4;-0.3,5,5,5,0,0,5,0,5,5,0,0,edgeCount
342,149,193,graphml/GtsCe.graphml,2,,clustered,0.4;-0.3,9,9,9,0,0,9,0,9,9,0,0,edgeCount
341,149,193,graphml/GtsCe.graphml,2,,clustered,0.4;-0.3,6,6,6,0,0,6,0,6,6,0,0,edgeCount
340,149,193,graphml/GtsCe.graphml,2,,clustered,0.4;-0.3,9,7,7,2,0,9,2,9,7,2,0,edgeCount
339,149,193,graphml/GtsCe.graphml,2,,clustered,0.4;-0.3,13,13,13,0,0,13,0,13,13,0,0,edgeCount
338,149,193,graphml/GtsCe.graphml,1,,clustered,0.4;-0.3,12,12,12,0,0,12,0,12,12,0,0,edgeCount
337,149,193,graphml/GtsCe.graphml,2,,clustered,0.4;-0.3,21,18,13,8,0,18,5,18,18,5,0,edgeCount
336,149,193,graphml/GtsCe.graphml,2,,clustered,0.4;-0.3,59,22,15,44,2,15,0,59,22,44,2,edgeCount
335,149,193,graphml/GtsCe.graphml,2,,clustered,0.4;-0.3,11,11,7,4,0,11,4,11,11,4,0,edgeCount
334,149,193,graphml/GtsCe.graphml,1,,clustered,0.4;-0.3,16,16,16,0,0,16,0,16,16,0,0,edgeCount
333,149,193,graphml/GtsCe.graphml,2,,clustered,0.4;-0.3,7,16,6,1,0,7,1,7,7,1,0,edgeCount
332,149,193,graphml/GtsCe.graphml,2,,clustered,0.4;-0.3,8,15,6,2,0,6,0,6,6,0,0,edgeCount
331,149,193,graphml/GtsCe.graphml,2,,clustered,0.4;-0.3,15,12,11,4,0,13,2,13,13,2,0,edgeCount
330,149,193,graphml/GtsCe.graphml,2,,clustered,0.4;-0.3,8,15,6,2,6,20,14,20,20,14,6,edgeCount
329,149,193,graphml/GtsCe.graphml,2,,clustered,0.4;-0.3,3,3,3,0,0,3,0,3,3,0,0,edgeCount
328,149,193,graphml/GtsCe.graphml,2,,clustered,0.4;-0.3,10,8,5,5,0,8,3,8,8,3,0,edgeCount
327,149,193,graphml/GtsCe.graphml,2,,clustered,0.4;-0.3,14,14,14,0,0,14,0,14,14,0,0,edgeCount
326,149,193,graphml/GtsCe.graphml,2,,clustered,0.4;-0.3,16,16,15,1,0,16,1,16,16,1,0,edgeCount
325,149,193,graphml/GtsCe.graphml,3,,clustered,0.4;-0.3,6,6,5,1,0,6,1,6,6,1,0,edgeCount
324,149,193,graphml/GtsCe.graphml,3,,clustered,0.4;-0.3,18,18,14,4,0,52,38,18,18,4,0,edgeCount
323,149,193,graphml/GtsCe.graphml,2,,clustered,0.4;-0.3,6,6,6,0,0,6,0,6,6,0,0,edgeCount
322,149,193,graphml/GtsCe.graphml,2,,clustered,0.4;-0.3,13,13,10,3,0,13,3,13,13,3,0,edgeCount
321,149,193,graphml/GtsCe.graphml,1,,clustered,0.4;-0.3,17,20,17,0,2,17,0,17,20,0,2,edgeCount
320,149,193,graphml/GtsCe.graphml,2,,clustered,0.4;-0.3,8,18,8,0,2,8,0,8,8,0,2,edgeCount
319,149,193,graphml/GtsCe.graphml,2,,clustered,0.4;-0.3,4,4,4,0,0,5,1,4,4,0,0,edgeCount
318,149,193,graphml/GtsCe.graphml,2,,clustered,0.4;-0.3,3,3,3,0,0,3,0,3,3,0,0,edgeCount
317,149,193,graphml/GtsCe.graphml,3,,clustered,0.4;-0.3,3,3,3,0,0,3,0,3,3,0,0,edgeCount
316,149,193,graphml/GtsCe.graphml,2,,clustered,0.4;-0.3,3,3,3,0,0,3,0,3,3,0,0,edgeCount
315,149,193,graphml/GtsCe.graphml,2,,clustered,0.4;-0.3,17,17,12,5,0,17,5,17,17,5,0,edgeCount
314,149,193,graphml/GtsCe.graphml,2,,clustered,0.4;-0.3,13,13,11,2,0,13,2,13,13,2,0,edgeCount
313,149,193,graphml/GtsCe.graphml,2,,clustered,0.4;-0.3,16,16,16,0,0,16,0,16,16,0,0,edgeCount
312,149,193,graphml/GtsCe.graphml,2,,clustered,0.4;-0.3,21,38,15,6,2,20,5,21,38,6,2,edgeCount
311,149,193,graphml/GtsCe.graphml,4,,clustered,0.4;-0.3,4,4,3,1,0,4,1,4,4,1,0,edgeCount
310,149,193,graphml/GtsCe.graphml,1,,clustered,0.4;-0.3,7,18,7,0,2,7,0,7,18,0,2,edgeCount
309,149,193,graphml/GtsCe.graphml,2,,clustered,0.4;-0.3,18,28,13,5,0,16,3,16,16,3,0,edgeCount
308,149,193,graphml/GtsCe.graphml,2,,clustered,0.4;-0.3,3,3,3,0,0,3,0,3,3,0,0,edgeCount
307,149,193,graphml/GtsCe.graphml,2,,clustered,0.4;-0.3,8,8,8,0,0,8,0,8,8,0,0,edgeCount
306,149,193,graphml/GtsCe.graphml,3,,clustered,0.4;-0.3,15,10,8,7,0,10,2,10,10,2,0,edgeCount
305,149,193,graphml/GtsCe.graphml,2,,clustered,0.4;-0.3,5,5,5,0,0,5,0,5,5,0,0,edgeCount
304,149,193,graphml/GtsCe.graphml,2,,clustered,0.4;-0.3,17,17,8,9,0,17,9,17,17,9,0,edgeCount
303,149,193,graphml/GtsCe.graphml,2,,clustered,0.4;-0.3,4,26,3,1,8,3,0,3,3,0,8,edgeCount
302,149,193,graphml/GtsCe.graphml,2,,clustered,0.4;-0.3,6,13,6,0,2,26,20,6,6,0,2,edgeCount
301,149,193,graphml/GtsCe.graphml,2,,clustered,0.4;-0.3,15,41,15,0,6,41,26,41,41,26,6,edgeCount
300,149,193,graphml/GtsCe.graphml,2,,clustered,0.4;-0.3,11,11,10,1,0,11,1,11,11,1,0,edgeCount
299,149,193,graphml/GtsCe.graphml,2,,clustered,0.4;-0.3,10,11,10,0,0,10,0,10,10,0,0,edgeCount
298,149,193,graphml/GtsCe.graphml,2,,clustered,0.4;-0.3,15,15,12,3,0,15,3,15,15,3,0,edgeCount
297,149,193,graphml/GtsCe.graphml,3,,clustered,0.4;-0.3,15,15,10,5,2,40,30,40,40,30,2,edgeCount
296,149,193,graphml/GtsCe.graphml,2,,clustered,0.4;-0.3,3,3,2,1,0,2,0,2,2,0,0,edgeCount
295,149,193,graphml/GtsCe.graphml,2,,clustered,0.4;-0.3,13,13,13,0,0,13,0,13,13,0,0,edgeCount
294,149,193,graphml/GtsCe.graphml,1,,clustered,0.4;-0.3,14,16,14,0,2,14,0,14,16,0,2,edgeCount
293,149,193,graphml/GtsCe.graphml,2,,clustered,0.4;-0.3,58,60,16,42,2,-1,-17,58,58,42,2,edgeCount
292,149,193,graphml/GtsCe.graphml,2,,clustered,0.4;-0.3,7,6,5,2,0,6,1,6,6,1,0,edgeCount
291,149,193,graphml/GtsCe.graphml,2,,clustered,0.4;-0.3,7,7,7,0,0,26,19,7,7,0,0,edgeCount
290,149,193,graphml/GtsCe.graphml,2,,clustered,0.4;-0.3,16,16,11,5,0,16,5,16,16,5,0,edgeCount
289,149,193,graphml/GtsCe.graphml,2,,clustered,0.4;-0.3,9,9,9,0,0,9,0,9,9,0,0,edgeCount
288,149,193,graphml/GtsCe.graphml,2,,clustered,0.4;-0.3,22,15,7,15,2,7,0,7,7,0,2,edgeCount
287,149,193,graphml/GtsCe.graphml,2,,clustered,0.4;-0.3,9,14,8,1,4,8,0,8,8,0,4,edgeCount
286,149,193,graphml/GtsCe.graphml,2,,clustered,0.4;-0.3,6,6,6,0,0,6,0,6,6,0,0,edgeCount
285,149,193,graphml/GtsCe.graphml,2,,clustered,0.4;-0.3,27,23,17,10,2,59,42,27,23,10,2,edgeCount
284,149,193,graphml/GtsCe.graphml,2,,clustered,0.4;-0.3,9,11,7,2,0,9,2,9,9,2,0,edgeCount
283,149,193,graphml/GtsCe.graphml,2,,clustered,0.4;-0.3,7,7,7,0,0,7,0,7,7,0,0,edgeCount
282,149,193,graphml/GtsCe.graphml,2,,clustered,0.4;-0.3,11,11,11,0,0,11,0,11,11,0,0,edgeCount
281,149,193,graphml/GtsCe.graphml,2,,clustered,0.4;-0.3,22,15,13,9,0,15,2,15,15,2,0,edgeCount
280,149,193,graphml/GtsCe.graphml,2,,clustered,0.4;-0.3,12,12,11,1,0,12,1,12,12,1,0,edgeCount
279,149,193,graphml/GtsCe.graphml,2,,clustered,0.4;-0.3,12,44,7,5,8,18,11,20,42,13,8,edgeCount
278,149,193,graphml/GtsCe.graphml,2,,clustered,0.4;-0.3,15,15,15,0,0,15,0,15,15,0,0,edgeCount
277,149,193,graphml/GtsCe.graphml,2,,clustered,0.4;-0.3,5,5,5,0,0,5,0,5,5,0,0,edgeCount
276,149,193,graphml/GtsCe.graphml,2,,clustered,0.4;-0.3,12,12,11,1,0,12,1,12,12,1,0,edgeCount
275,149,193,graphml/GtsCe.graphml,1,,clustered,0.4;-0.3,30,33,10,20,6,-1,-11,30,33,20,6,edgeCount
274,149,193,graphml/GtsCe.graphml,1,,clustered,0.4;-0.3,19,19,19,0,0,19,0,19,19,0,0,edgeCount
273,149,193,graphml/GtsCe.graphml,2,,clustered,0.4;-0.3,9,9,9,0,0,9,0,9,9,0,0,edgeCount
272,149,193,graphml/GtsCe.graphml,2,,clustered,0.4;-0.3,17,17,12,5,0,17,5,17,17,5,0,edgeCount
271,149,193,graphml/GtsCe.graphml,2,,clustered,0.4;-0.3,23,5,5,18,0,5,0,5,5,0,0,edgeCount
270,149,193,graphml/GtsCe.graphml,2,,clustered,0.4;-0.3,9,9,8,1,0,9,1,9,9,1,0,edgeCount
269,149,193,graphml/GtsCe.graphml,2,,clustered,0.4;-0.3,2,2,2,0,2,2,0,2,2,0,2,edgeCount
268,149,193,graphml/GtsCe.graphml,2,,clustered,0.4;-0.3,5,4,4,1,0,4,0,4,4,0,0,edgeCount
267,149,193,graphml/GtsCe.graphml,3,,clustered,0.4;-0.3,24,6,5,19,4,8,3,24,8,19,4,edgeCount
266,149,193,graphml/GtsCe.graphml,2,,clustered,0.4;-0.3,10,10,10,0,0,10,0,10,10,0,0,edgeCount
265,149,193,graphml/GtsCe.graphml,2,,clustered,0.4;-0.3,15,15,9,6,0,15,6,15,15,6,0,edgeCount
264,149,193,graphml/GtsCe.graphml,3,,clustered,0.4;-0.3,5,13,5,0,0,11,6,11,11,6,0,edgeCount
263,149,193,graphml/GtsCe.graphml,1,,clustered,0.4;-0.3,16,16,16,0,0,16,0,16,16,0,0,edgeCount
262,149,193,graphml/GtsCe.graphml,1,,clustered,0.4;-0.3,12,12,12,0,0,12,0,12,12,0,0,edgeCount
261,149,193,graphml/GtsCe.graphml,1,,clustered,0.4;-0.3,17,17,17,0,0,17,0,17,17,0,0,edgeCount
260,149,193,graphml/GtsCe.graphml,2,,clustered,0.4;-0.3,9,9,9,0,0,9,0,9,9,0,0,edgeCount
259,149,193,graphml/GtsCe.graphml,2,,clustered,0.4;-0.3,10,10,10,0,0,10,0,10,10,0,0,edgeCount
258,149,193,graphml/GtsCe.graphml,2,,clustered,0.4;-0.3,53,23,17,36,6,-1,-18,47,41,30,6,edgeCount
257,149,193,graphml/GtsCe.graphml,2,,clustered,0.4;-0.3,9,7,7,2,2,7,0,7,7,0,2,edgeCount
256,149,193,graphml/GtsCe.graphml,2,,clustered,0.4;-0.3,4,8,4,0,4,4,0,4,4,0,4,edgeCount
255,149,193,graphml/GtsCe.graphml,2,,clustered,0.4;-0.3,14,14,11,3,0,16,5,14,14,3,0,edgeCount
254,149,193,graphml/GtsCe.graphml,2,,clustered,0.4;-0.3,17,8,8,9,2,8,0,8,8,0,2,edgeCount
253,149,193,graphml/GtsCe.graphml,1,,clustered,0.4;-0.3,13,27,13,0,2,13,0,13,27,0,2,edgeCount
252,149,193,graphml/GtsCe.graphml,2,,clustered,0.4;-0.3,7,7,7,0,0,7,0,7,7,0,0,edgeCount
251,149,193,graphml/GtsCe.graphml,2,,clustered,0.4;-0.3,21,18,13,8,0,18,5,18,18,5,0,edgeCount
250,149,193,graphml/GtsCe.graphml,2,,clustered,0.4;-0.3,14,14,12,2,0,14,2,14,14,2,0,edgeCount
249,149,193,graphml/GtsCe.graphml,2,,clustered,0.4;-0.3,12,12,12,0,2,34,22,12,12,0,2,edgeCount
248,149,193,graphml/GtsCe.graphml,2,,clustered,0.4;-0.3,6,6,6,0,0,6,0,6,6,0,0,edgeCount
247,149,193,graphml/GtsCe.graphml,2,,clustered,0.4;-0.3,13,11,9,4,2,11,2,11,27,2,2,edgeCount
246,149,193,graphml/GtsCe.graphml,2,,clustered,0.4;-0.3,27,7,7,20,2,7,0,7,7,0,2,edgeCount
245,149,193,graphml/GtsCe.graphml,2,,clustered,0.4;-0.3,18,18,16,2,0,18,2,18,18,2,0,edgeCount
244,149,193,graphml/GtsCe.graphml,2,,clustered,0.4;-0.3,9,3,3,6,0,3,0,3,3,0,0,edgeCount
243,149,193,graphml/GtsCe.graphml,3,,clustered,0.4;-0.3,9,9,9,0,0,9,0,9,9,0,0,edgeCount
242,149,193,graphml/GtsCe.graphml,2,,clustered,0.4;-0.3,15,15,15,0,4,49,34,15,15,0,4,edgeCount
241,149,193,graphml/GtsCe.graphml,3,,clustered,0.4;-0.3,7,10,7,0,0,7,0,7,7,0,0,edgeCount
240,149,193,graphml/GtsCe.graphml,2,,clustered,0.4;-0.3,18,27,11,7,0,11,0,11,11,0,0,edgeCount
239,149,193,graphml/GtsCe.graphml,2,,clustered,0.4;-0.3,27,9,9,18,2,9,0,9,9,0,2,edgeCount
238,149,193,graphml/GtsCe.graphml,2,,clustered,0.4;-0.3,7,6,6,1,2,6,0,6,6,0,2,edgeCount
237,149,193,graphml/GtsCe.graphml,1,,clustered,0.4;-0.3,12,12,12,0,0,12,0,12,12,0,0,edgeCount
236,149,193,graphml/GtsCe.graphml,1,,clustered,0.4;-0.3,9,11,9,0,2,9,0,9,11,0,2,edgeCount
235,149,193,graphml/GtsCe.graphml,2,,clustered,0.4;-0.3,7,7,7,0,0,7,0,7,7,0,0,edgeCount
234,149,193,graphml/GtsCe.graphml,2,,clustered,0.4;-0.3,15,15,15,0,0,15,0,15,15,0,0,edgeCount
233,149,193,graphml/GtsCe.graphml,2,,clustered,0.4;-0.3,20,19,10,10,0,36,26,36,36,26,0,edgeCount
232,149,193,graphml/GtsCe.graphml,1,,clustered,0.4;-0.3,2,2,2,0,0,2,0,2,2,0,0,edgeCount
231,149,193,graphml/GtsCe.graphml,2,,clustered,0.4;-0.3,9,3,3,6,0,3,0,3,3,0,0,edgeCount
230,149,193,graphml/GtsCe.graphml,1,,clustered,0.4;-0.3,10,10,10,0,0,10,0,10,10,0,0,edgeCount
229,149,193,graphml/GtsCe.graphml,2,,clustered,0.4;-0.3,8,8,8,0,0,8,0,8,8,0,0,edgeCount
228,149,193,graphml/GtsCe.graphml,2,,clustered,0.4;-0.3,11,11,11,0,0,11,0,11,11,0,0,edgeCount
227,149,193,graphml/GtsCe.graphml,2,,clustered,0.4;-0.3,15,29,10,5,0,14,4,14,14,4,0,edgeCount
226,149,193,graphml/GtsCe.graphml,2,,clustered,0.4;-0.3,7,7,7,0,0,7,0,7,7,0,0,edgeCount
225,149,193,graphml/GtsCe.graphml,2,,clustered,0.4;-0.3,16,12,12,4,0,36,24,36,36,24,0,edgeCount
224,149,193,graphml/GtsCe.graphml,2,,clustered,0.4;-0.3,14,13,13,1,0,13,0,13,13,0,0,edgeCount
223,149,193,graphml/GtsCe.graphml,2,,clustered,0.4;-0.3,5,5,5,0,0,5,0,5,5,0,0,edgeCount
222,149,193,graphml/GtsCe.graphml,3,,clustered,0.4;-0.3,7,4,4,3,2,6,2,4,4,0,2,edgeCount
221,149,193,graphml/GtsCe.graphml,1,,clustered,0.4;-0.3,8,8,8,0,2,8,0,8,8,0,2,edgeCount
220,149,193,graphml/GtsCe.graphml,2,,clustered,0.4;-0.3,18,13,10,8,0,13,3,13,13,3,0,edgeCount
219,149,193,graphml/GtsCe.graphml,2,,clustered,0.4;-0.3,-1,-1,-1,0,2,-1,0,-1,-1,0,2,edgeCount
218,149,193,graphml/GtsCe.graphml,2,,clustered,0.4;-0.3,5,5,5,0,0,5,0,5,5,0,0,edgeCount
217,149,193,graphml/GtsCe.graphml,2,,clustered,0.4;-0.3,77,21,13,64,2,-1,-14,57,41,44,2,edgeCount
216,149,193,graphml/GtsCe.graphml,2,,clustered,0.4;-0.3,5,5,5,0,2,19,14,5,5,0,2,edgeCount
215,149,193,graphml/GtsCe.graphml,2,,clustered,0.4;-0.3,17,18,12,5,0,16,4,16,16,4,0,edgeCount
214,149,193,graphml/GtsCe.graphml,2,,clustered,0.4;-0.3,10,10,10,0,0,10,0,10,10,0,0,edgeCount
213,149,193,graphml/GtsCe.graphml,1,,clustered,0.4;-0.3,37,29,16,21,8,-1,-17,37,29,21,8,edgeCount
212,149,193,graphml/GtsCe.graphml,1,,clustered,0.4;-0.3,7,7,7,0,0,7,0,7,7,0,0,edgeCount
211,149,193,graphml/GtsCe.graphml,1,,clustered,0.4;-0.3,8,8,8,0,0,8,0,8,8,0,0,edgeCount
210,149,193,graphml/GtsCe.graphml,2,,clustered,0.4;-0.3,53,13,13,40,6,-1,-14,47,47,34,6,edgeCount
209,149,193,graphml/GtsCe.graphml,2,,clustered,0.4;-0.3,12,10,10,2,0,10,0,10,10,0,0,edgeCount
208,149,193,graphml/GtsCe.graphml,2,,clustered,0.4;-0.3,28,28,18,10,2,57,39,57,57,39,2,edgeCount
207,149,193,graphml/GtsCe.graphml,2,,clustered,0.4;-0.3,12,8,7,5,0,8,1,8,8,1,0,edgeCount
206,149,193,graphml/GtsCe.graphml,1,,clustered,0.4;-0.3,3,3,3,0,0,3,0,3,3,0,0,edgeCount
205,149,193,graphml/GtsCe.graphml,2,,clustered,0.4;-0.3,8,8,8,0,0,8,0,8,8,0,0,edgeCount
204,149,193,graphml/GtsCe.graphml,1,,clustered,0.4;-0.3,21,21,21,0,2,21,0,21,21,0,2,edgeCount
203,149,193,graphml/GtsCe.graphml,2,,clustered,0.4;-0.3,15,15,15,0,0,15,0,15,15,0,0,edgeCount
202,149,193,graphml/GtsCe.graphml,1,,clustered,0.4;-0.3,15,26,15,0,6,15,0,15,26,0,6,edgeCount
201,149,193,graphml/GtsCe.graphml,1,,clustered,0.4;-0.3,8,8,8,0,0,8,0,8,8,0,0,edgeCount
200,149,193,graphml/GtsCe.graphml,3,,clustered,0.4;-0.3,10,48,8,2,4,22,14,23,56,15,4,edgeCount
199,149,193,graphml/GtsCe.graphml,2,,clustered,0.4;-0.3,13,13,13,0,0,13,0,13,13,0,0,edgeCount
198,149,193,graphml/GtsCe.graphml,2,,clustered,0.4;-0.3,12,7,7,5,2,7,0,7,7,0,2,edgeCount
197,149,193,graphml/GtsCe.graphml,2,,clustered,0.4;-0.3,9,9,9,0,2,9,0,9,9,0,2,edgeCount
196,149,193,graphml/GtsCe.graphml,2,,clustered,0.4;-0.3,34,16,9,25,2,-1,-10,36,24,27,2,edgeCount
195,149,193,graphml/GtsCe.graphml,2,,clustered,0.4;-0.3,4,4,4,0,2,4,0,4,4,0,2,edgeCount
194,149,193,graphml/GtsCe.graphml,3,,clustered,0.4;-0.3,103,15,14,89,4,15,1,103,15,89,4,edgeCount
193,149,193,graphml/GtsCe.graphml,2,,clustered,0.4;-0.3,19,3,3,16,6,3,0,3,3,0,6,edgeCount
192,149,193,graphml/GtsCe.graphml,2,,clustered,0.4;-0.3,8,8,8,0,0,8,0,8,8,0,0,edgeCount
191,149,193,graphml/GtsCe.graphml,2,,clustered,0.4;-0.3,12,8,8,4,0,8,0,8,8,0,0,edgeCount
190,149,193,graphml/GtsCe.graphml,2,,clustered,0.4;-0.3,8,29,5,3,8,5,0,5,5,0,8,edgeCount
189,149,193,graphml/GtsCe.graphml,1,,clustered,0.4;-0.3,4,17,4,0,4,4,0,4,17,0,4,edgeCount
188,149,193,graphml/GtsCe.graphml,2,,clustered,0.4;-0.3,6,16,6,0,0,6,0,6,6,0,0,edgeCount
187,149,193,graphml/GtsCe.graphml,2,,clustered,0.4;-0.3,13,9,6,7,0,9,3,9,9,3,0,edgeCount
186,149,193,graphml/GtsCe.graphml,2,,clustered,0.4;-0.3,10,10,10,0,0,10,0,10,10,0,0,edgeCount
185,149,193,graphml/GtsCe.graphml,2,,clustered,0.4;-0.3,8,8,7,1,2,8,1,8,8,1,2,edgeCount
184,149,193,graphml/GtsCe.graphml,2,,clustered,0.4;-0.3,20,20,17,3,2,20,3,20,20,3,2,edgeCount
183,149,193,graphml/GtsCe.graphml,1,,clustered,0.4;-0.3,4,4,4,0,0,4,0,4,4,0,0,edgeCount
182,149,193,graphml/GtsCe.graphml,2,,clustered,0.4;-0.3,12,12,12,0,2,12,0,12,12,0,2,edgeCount
181,149,193,graphml/GtsCe.graphml,3,,clustered,0.4;-0.3,46,14,10,36,6,14,4,14,14,4,6,edgeCount
180,149,193,graphml/GtsCe.graphml,2,,clustered,0.4;-0.3,6,4,4,2,2,4,0,4,4,0,2,edgeCount
179,149,193,graphml/GtsCe.graphml,2,,clustered,0.4;-0.3,9,9,9,0,0,9,0,9,9,0,0,edgeCount
178,149,193,graphml/GtsCe.graphml,1,,clustered,0.4;-0.3,7,7,7,0,0,7,0,7,7,0,0,edgeCount
177,149,193,graphml/GtsCe.graphml,2,,clustered,0.4;-0.3,7,6,6,1,8,6,0,6,6,0,8,edgeCount
176,149,193,graphml/GtsCe.graphml,2,,clustered,0.4;-0.3,5,5,5,0,0,5,0,5,5,0,0,edgeCount
175,149,193,graphml/GtsCe.graphml,2,,clustered,0.4;-0.3,9,10,4,5,0,4,0,4,4,0,0,edgeCount
174,149,193,graphml/GtsCe.graphml,2,,clustered,0.4;-0.3,10,10,9,1,0,10,1,10,10,1,0,edgeCount
173,149,193,graphml/GtsCe.graphml,1,,clustered,0.4;-0.3,16,16,16,0,0,16,0,16,16,0,0,edgeCount
172,149,193,graphml/GtsCe.graphml,2,,clustered,0.4;-0.3,6,10,5,1,4,12,7,12,12,7,4,edgeCount
171,149,193,graphml/GtsCe.graphml,2,,clustered,0.4;-0.3,11,23,9,2,6,31,22,39,17,30,6,edgeCount
170,149,193,graphml/GtsCe.graphml,2,,clustered,0.4;-0.3,18,18,17,1,0,18,1,18,18,1,0,edgeCount
169,149,193,graphml/GtsCe.graphml,1,,clustered,0.4;-0.3,9,9,9,0,0,9,0,9,9,0,0,edgeCount
168,149,193,graphml/GtsCe.graphml,2,,clustered,0.4;-0.3,11,11,11,0,0,11,0,11,11,0,0,edgeCount
167,149,193,graphml/GtsCe.graphml,2,,clustered,0.4;-0.3,58,20,14,44,4,14,0,14,14,0,4,edgeCount
166,149,193,graphml/GtsCe.graphml,3,,clustered,0.4;-0.3,25,25,14,11,2,65,51,65,65,51,2,edgeCount
165,149,193,graphml/GtsCe.graphml,2,,clustered,0.4;-0.3,6,6,6,0,0,6,0,6,6,0,0,edgeCount
164,149,193,graphml/GtsCe.graphml,2,,clustered,0.4;-0.3,14,14,10,4,0,14,4,14,14,4,0,edgeCount
163,149,193,graphml/GtsCe.graphml,2,,clustered,0.4;-0.3,7,7,7,0,0,7,0,7,7,0,0,edgeCount
162,149,193,graphml/GtsCe.graphml,3,,clustered,0.4;-0.3,6,6,5,1,0,6,1,6,6,1,0,edgeCount
161,149,193,graphml/GtsCe.graphml,2,,clustered,0.4;-0.3,14,14,14,0,0,14,0,14,14,0,0,edgeCount
160,149,193,graphml/GtsCe.graphml,2,,clustered,0.4;-0.3,15,15,13,2,0,15,2,15,15,2,0,edgeCount
159,149,193,graphml/GtsCe.graphml,2,,clustered,0.4;-0.3,14,14,14,0,0,14,0,14,14,0,0,edgeCount
158,149,193,graphml/GtsCe.graphml,2,,clustered,0.4;-0.3,6,6,4,2,0,6,2,6,6,2,0,edgeCount
157,149,193,graphml/GtsCe.graphml,2,,clustered,0.4;-0.3,4,4,4,0,0,4,0,4,4,0,0,edgeCount
156,149,193,graphml/GtsCe.graphml,2,,clustered,0.4;-0.3,7,7,7,0,0,7,0,7,7,0,0,edgeCount
155,149,193,graphml/GtsCe.graphml,2,,clustered,0.4;-0.3,8,8,8,0,0,8,0,8,8,0,0,edgeCount
154,149,193,graphml/GtsCe.graphml,2,,clustered,0.4;-0.3,18,18,18,0,0,18,0,18,18,0,0,edgeCount
153,149,193,graphml/GtsCe.graphml,1,,clustered,0.4;-0.3,3,3,3,0,0,3,0,3,3,0,0,edgeCount
152,149,193,graphml/GtsCe.graphml,2,,clustered,0.4;-0.3,15,13,10,5,0,13,3,13,13,3,0,edgeCount
151,149,193,graphml/GtsCe.graphml,1,,clustered,0.4;-0.3,18,18,18,0,0,18,0,18,18,0,0,edgeCount
150,149,193,graphml/GtsCe.graphml,2,,clustered,0.4;-0.3,6,6,6,0,0,6,0,6,6,0,0,edgeCount
149,149,193,graphml/GtsCe.graphml,3,,clustered,0.4;-0.3,14,14,10,4,2,14,4,14,14,4,2,edgeCount
148,149,193,graphml/GtsCe.graphml,2,,clustered,0.4;-0.3,10,10,10,0,0,10,0,10,10,0,0,edgeCount
147,149,193,graphml/GtsCe.graphml,2,,clustered,0.4;-0.3,10,22,4,6,0,4,0,4,4,0,0,edgeCount
146,149,193,graphml/GtsCe.graphml,1,,clustered,0.4;-0.3,17,17,17,0,0,17,0,17,17,0,0,edgeCount
145,149,193,graphml/GtsCe.graphml,2,,clustered,0.4;-0.3,4,4,4,0,0,4,0,4,4,0,0,edgeCount
144,149,193,graphml/GtsCe.graphml,2,,clustered,0.4;-0.3,6,16,6,0,0,6,0,6,6,0,0,edgeCount
143,149,193,graphml/GtsCe.graphml,2,,clustered,0.4;-0.3,8,34,8,0,2,20,12,20,28,12,2,edgeCount
142,149,193,graphml/GtsCe.graphml,2,,clustered,0.4;-0.3,13,13,13,0,0,13,0,13,13,0,0,edgeCount
141,149,193,graphml/GtsCe.graphml,1,,clustered,0.4;-0.3,14,14,14,0,0,14,0,14,14,0,0,edgeCount
140,149,193,graphml/GtsCe.graphml,2,,clustered,0.4;-0.3,18,6,6,12,0,6,0,6,6,0,0,edgeCount
139,149,193,graphml/GtsCe.graphml,2,,clustered,0.4;-0.3,9,4,4,5,0,4,0,4,4,0,0,edgeCount
138,149,193,graphml/GtsCe.graphml,2,,clustered,0.4;-0.3,12,9,9,3,2,9,0,9,9,0,2,edgeCount
137,149,193,graphml/GtsCe.graphml,2,,clustered,0.4;-0.3,45,31,10,35,4,15,5,15,15,5,4,edgeCount
136,149,193,graphml/GtsCe.graphml,1,,clustered,0.4;-0.3,11,11,11,0,0,11,0,11,11,0,0,edgeCount
135,149,193,graphml/GtsCe.graphml,2,,clustered,0.4;-0.3,5,5,5,0,0,5,0,5,5,0,0,edgeCount
134,149,193,graphml/GtsCe.graphml,2,,clustered,0.4;-0.3,17,17,12,5,0,17,5,17,17,5,0,edgeCount
133,149,193,graphml/GtsCe.graphml,1,,clustered,0.4;-0.3,6,6,6,0,0,6,0,6,6,0,0,edgeCount
132,149,193,graphml/GtsCe.graphml,3,,clustered,0.4;-0.3,43,43,11,32,0,45,34,43,43,32,0,edgeCount
131,149,193,graphml/GtsCe.graphml,2,,clustered,0.4;-0.3,5,5,5,0,0,5,0,5,5,0,0,edgeCount
130,149,193,graphml/GtsCe.graphml,1,,clustered,0.4;-0.3,12,12,12,0,0,12,0,12,12,0,0,edgeCount
129,149,193,graphml/GtsCe.graphml,2,,clustered,0.4;-0.3,12,12,9,3,0,12,3,12,12,3,0,edgeCount
128,149,193,graphml/GtsCe.graphml,2,,clustered,0.4;-0.3,13,8,8,5,2,23,15,23,27,15,2,edgeCount
127,149,193,graphml/GtsCe.graphml,2,,clustered,0.4;-0.3,18,18,13,5,0,18,5,18,18,5,0,edgeCount
126,149,193,graphml/GtsCe.graphml,2,,clustered,0.4;-0.3,5,5,5,0,0,5,0,5,5,0,0,edgeCount
125,149,193,graphml/GtsCe.graphml,2,,clustered,0.4;-0.3,4,4,4,0,0,4,0,4,4,0,0,edgeCount
124,149,193,graphml/GtsCe.graphml,2,,clustered,0.4;-0.3,12,12,12,0,0,12,0,12,12,0,0,edgeCount
123,149,193,graphml/GtsCe.graphml,3,,clustered,0.4;-0.3,9,9,7,2,0,21,14,21,21,14,0,edgeCount
122,149,193,graphml/GtsCe.graphml,2,,clustered,0.4;-0.3,19,19,16,3,0,19,3,19,19,3,0,edgeCount
121,149,193,graphml/GtsCe.graphml,2,,clustered,0.4;-0.3,5,5,5,0,0,5,0,5,5,0,0,edgeCount
120,149,193,graphml/GtsCe.graphml,2,,clustered,0.4;-0.3,12,12,10,2,2,12,2,12,12,2,2,edgeCount
119,149,193,graphml/GtsCe.graphml,2,,clustered,0.4;-0.3,18,25,17,1,2,18,1,18,25,1,2,edgeCount
118,149,193,graphml/GtsCe.graphml,2,,clustered,0.4;-0.3,73,17,17,56,2,17,0,17,17,0,2,edgeCount
117,149,193,graphml/GtsCe.graphml,2,,clustered,0.4;-0.3,7,22,5,2,4,7,2,7,22,2,4,edgeCount
116,149,193,graphml/GtsCe.graphml,3,,clustered,0.4;-0.3,20,20,12,8,2,60,48,60,60,48,2,edgeCount
115,149,193,graphml/GtsCe.graphml,1,,clustered,0.4;-0.3,11,21,11,0,2,11,0,11,21,0,2,edgeCount
114,149,193,graphml/GtsCe.graphml,3,,clustered,0.4;-0.3,12,12,9,3,0,12,3,12,12,3,0,edgeCount
113,149,193,graphml/GtsCe.graphml,2,,clustered,0.4;-0.3,17,16,12,5,6,13,1,13,13,1,6,edgeCount
112,149,193,graphml/GtsCe.graphml,3,,clustered,0.4;-0.3,17,17,14,3,0,17,3,17,17,3,0,edgeCount
111,149,193,graphml/GtsCe.graphml,2,,clustered,0.4;-0.3,7,7,7,0,0,7,0,7,7,0,0,edgeCount
110,149,193,graphml/GtsCe.graphml,2,,clustered,0.4;-0.3,15,12,12,3,0,12,0,12,12,0,0,edgeCount
109,149,193,graphml/GtsCe.graphml,2,,clustered,0.4;-0.3,8,8,8,0,0,8,0,8,8,0,0,edgeCount
108,149,193,graphml/GtsCe.graphml,1,,clustered,0.4;-0.3,14,22,14,0,2,14,0,14,22,0,2,edgeCount
107,149,193,graphml/GtsCe.graphml,2,,clustered,0.4;-0.3,15,15,12,3,0,17,5,15,15,3,0,edgeCount
106,149,193,graphml/GtsCe.graphml,2,,clustered,0.4;-0.3,18,9,6,12,6,6,0,6,6,0,6,edgeCount
105,149,193,graphml/GtsCe.graphml,2,,clustered,0.4;-0.3,5,5,5,0,0,5,0,5,5,0,0,edgeCount
104,149,193,graphml/GtsCe.graphml,2,,clustered,0.4;-0.3,6,6,6,0,2,10,4,10,15,4,2,edgeCount
103,149,193,graphml/GtsCe.graphml,2,,clustered,0.4;-0.3,8,8,6,2,0,8,2,8,8,2,0,edgeCount
102,149,193,graphml/GtsCe.graphml,2,,clustered,0.4;-0.3,5,5,5,0,0,5,0,5,5,0,0,edgeCount
101,149,193,graphml/GtsCe.graphml,2,,clustered,0.4;-0.3,8,6,5,3,0,6,1,6,6,1,0,edgeCount
100,149,193,graphml/GtsCe.graphml,2,,clustered,0.4;-0.3,11,11,11,0,0,11,0,11,11,0,0,edgeCount
99,149,193,graphml/GtsCe.graphml,1,,clustered,0.4;-0.3,3,3,3,0,0,3,0,3,3,0,0,edgeCount
98,149,193,graphml/GtsCe.graphml,2,,clustered,0.4;-0.3,19,31,9,10,2,9,0,9,9,0,2,edgeCount
97,149,193,graphml/GtsCe.graphml,2,,clustered,0.4;-0.3,16,16,16,0,0,16,0,16,16,0,0,edgeCount
96,149,193,graphml/GtsCe.graphml,2,,clustered,0.4;-0.3,6,6,6,0,0,6,0,6,6,0,0,edgeCount
95,149,193,graphml/GtsCe.graphml,2,,clustered,0.4;-0.3,41,11,10,31,2,11,1,11,11,1,2,edgeCount
94,149,193,graphml/GtsCe.graphml,2,,clustered,0.4;-0.3,5,5,5,0,2,5,0,5,5,0,2,edgeCount
93,149,193,graphml/GtsCe.graphml,1,,clustered,0.4;-0.3,11,11,11,0,2,11,0,11,11,0,2,edgeCount
92,149,193,graphml/GtsCe.graphml,1,,clustered,0.4;-0.3,20,20,17,3,4,-1,-18,20,20,3,4,edgeCount
91,149,193,graphml/GtsCe.graphml,2,,clustered,0.4;-0.3,42,21,10,32,2,10,0,10,10,0,2,edgeCount
90,149,193,graphml/GtsCe.graphml,2,,clustered,0.4;-0.3,8,11,8,0,0,8,0,8,8,0,0,edgeCount
89,149,193,graphml/GtsCe.graphml,1,,clustered,0.4;-0.3,12,30,12,0,8,12,0,12,30,0,8,edgeCount
88,149,193,graphml/GtsCe.graphml,3,,clustered,0.4;-0.3,16,6,6,10,0,14,8,14,6,8,0,edgeCount
87,149,193,graphml/GtsCe.graphml,2,,clustered,0.4;-0.3,3,3,2,1,0,2,0,2,2,0,0,edgeCount
86,149,193,graphml/GtsCe.graphml,2,,clustered,0.4;-0.3,5,17,5,0,2,11,6,11,33,6,2,edgeCount
85,149,193,graphml/GtsCe.graphml,2,,clustered,0.4;-0.3,2,2,2,0,0,2,0,2,2,0,0,edgeCount
84,149,193,graphml/GtsCe.graphml,2,,clustered,0.4;-0.3,24,41,14,10,2,14,0,14,14,0,2,edgeCount
83,149,193,graphml/GtsCe.graphml,2,,clustered,0.4;-0.3,15,15,14,1,0,15,1,15,15,1,0,edgeCount
82,149,193,graphml/GtsCe.graphml,2,,clustered,0.4;-0.3,14,23,11,3,2,28,17,28,28,17,2,edgeCount
81,149,193,graphml/GtsCe.graphml,2,,clustered,0.4;-0.3,8,6,5,3,0,18,13,18,18,13,0,edgeCount
80,149,193,graphml/GtsCe.graphml,2,,clustered,0.4;-0.3,15,15,11,4,4,-1,-12,15,15,4,4,edgeCount
79,149,193,graphml/GtsCe.graphml,2,,clustered,0.4;-0.3,8,5,5,3,0,5,0,5,5,0,0,edgeCount
78,149,193,graphml/GtsCe.graphml,2,,clustered,0.4;-0.3,2,2,2,0,0,2,0,2,2,0,0,edgeCount
77,149,193,graphml/GtsCe.graphml,2,,clustered,0.4;-0.3,22,4,4,18,6,4,0,4,4,0,6,edgeCount
76,149,193,graphml/GtsCe.graphml,2,,clustered,0.4;-0.3,15,15,12,3,0,15,3,15,15,3,0,edgeCount
75,149,193,graphml/GtsCe.graphml,2,,clustered,0.4;-0.3,12,12,12,0,0,12,0,12,12,0,0,edgeCount
74,149,193,graphml/GtsCe.graphml,2,,clustered,0.4;-0.3,56,56,19,37,0,56,37,56,56,37,0,edgeCount
73,149,193,graphml/GtsCe.graphml,1,,clustered,0.4;-0.3,10,10,10,0,0,10,0,10,10,0,0,edgeCount
72,149,193,graphml/GtsCe.graphml,1,,clustered,0.4;-0.3,7,15,7,0,2,7,0,7,15,0,2,edgeCount
71,149,193,graphml/GtsCe.graphml,2,,clustered,0.4;-0.3,2,2,2,0,0,2,0,2,2,0,0,edgeCount
70,149,193,graphml/GtsCe.graphml,2,,clustered,0.4;-0.3,5,5,5,0,0,5,0,5,5,0,0,edgeCount
69,149,193,graphml/GtsCe.graphml,2,,clustered,0.4;-0.3,9,9,6,3,0,9,3,9,9,3,0,edgeCount
68,149,193,graphml/GtsCe.graphml,2,,clustered,0.4;-0.3,26,18,15,11,0,19,4,19,19,4,0,edgeCount
67,149,193,graphml/GtsCe.graphml,2,,clustered,0.4;-0.3,70,21,16,54,2,16,0,16,16,0,2,edgeCount
66,149,193,graphml/GtsCe.graphml,2,,clustered,0.4;-0.3,10,18,7,3,2,18,11,18,18,11,2,edgeCount
65,149,193,graphml/GtsCe.graphml,2,,clustered,0.4;-0.3,2,2,2,0,0,2,0,2,2,0,0,edgeCount
64,149,193,graphml/GtsCe.graphml,2,,clustered,0.4;-0.3,10,19,6,4,0,6,0,6,6,0,0,edgeCount
63,149,193,graphml/GtsCe.graphml,2,,clustered,0.4;-0.3,9,9,8,1,0,9,1,9,9,1,0,edgeCount
62,149,193,graphml/GtsCe.graphml,2,,clustered,0.4;-0.3,13,36,8,5,2,9,1,9,9,1,2,edgeCount
61,149,193,graphml/GtsCe.graphml,2,,clustered,0.4;-0.3,13,13,13,0,0,13,0,13,13,0,0,edgeCount
60,149,193,graphml/GtsCe.graphml,2,,clustered,0.4;-0.3,7,7,7,0,0,7,0,7,7,0,0,edgeCount
59,149,193,graphml/GtsCe.graphml,2,,clustered,0.4;-0.3,9,17,9,0,2,21,12,21,21,12,2,edgeCount
58,149,193,graphml/GtsCe.graphml,2,,clustered,0.4;-0.3,8,8,8,0,0,8,0,8,8,0,0,edgeCount
57,149,193,graphml/GtsCe.graphml,2,,clustered,0.4;-0.3,2,2,2,0,0,2,0,2,2,0,0,edgeCount
56,149,193,graphml/GtsCe.graphml,1,,clustered,0.4;-0.3,11,11,11,0,0,11,0,11,11,0,0,edgeCount
55,149,193,graphml/GtsCe.graphml,2,,clustered,0.4;-0.3,15,27,12,3,2,27,15,27,27,15,2,edgeCount
54,149,193,graphml/GtsCe.graphml,1,,clustered,0.4;-0.3,2,2,2,0,0,2,0,2,2,0,0,edgeCount
53,149,193,graphml/GtsCe.graphml,2,,clustered,0.4;-0.3,7,7,7,0,0,7,0,7,7,0,0,edgeCount
52,149,193,graphml/GtsCe.graphml,2,,clustered,0.4;-0.3,15,16,8,7,0,15,7,15,15,7,0,edgeCount
51,149,193,graphml/GtsCe.graphml,2,,clustered,0.4;-0.3,13,13,11,2,2,13,2,13,13,2,2,edgeCount
50,149,193,graphml/GtsCe.graphml,2,,clustered,0.4;-0.3,3,6,3,0,0,3,0,3,3,0,0,edgeCount
49,149,193,graphml/GtsCe.graphml,2,,clustered,0.4;-0.3,13,13,13,0,0,13,0,13,13,0,0,edgeCount
48,149,193,graphml/GtsCe.graphml,2,,clustered,0.4;-0.3,13,13,13,0,0,13,0,13,13,0,0,edgeCount
47,149,193,graphml/GtsCe.graphml,2,,clustered,0.4;-0.3,5,5,3,2,0,5,2,5,5,2,0,edgeCount
46,149,193,graphml/GtsCe.graphml,2,,clustered,0.4;-0.3,8,8,6,2,0,8,2,8,8,2,0,edgeCount
45,149,193,graphml/GtsCe.graphml,1,,clustered,0.4;-0.3,3,3,3,0,0,3,0,3,3,0,0,edgeCount
44,149,193,graphml/GtsCe.graphml,3,,clustered,0.4;-0.3,29,7,7,22,2,7,0,29,7,22,2,edgeCount
43,149,193,graphml/GtsCe.graphml,2,,clustered,0.4;-0.3,16,24,15,1,0,16,1,16,16,1,0,edgeCount
42,149,193,graphml/GtsCe.graphml,1,,clustered,0.4;-0.3,10,15,10,0,2,10,0,10,15,0,2,edgeCount
41,149,193,graphml/GtsCe.graphml,2,,clustered,0.4;-0.3,4,4,4,0,0,4,0,4,4,0,0,edgeCount
40,149,193,graphml/GtsCe.graphml,2,,clustered,0.4;-0.3,10,20,6,4,0,6,0,6,6,0,0,edgeCount
39,149,193,graphml/GtsCe.graphml,2,,clustered,0.4;-0.3,15,15,13,2,0,15,2,15,15,2,0,edgeCount
38,149,193,graphml/GtsCe.graphml,2,,clustered,0.4;-0.3,20,17,12,8,0,12,0,12,12,0,0,edgeCount
37,149,193,graphml/GtsCe.graphml,2,,clustered,0.4;-0.3,12,12,12,0,0,12,0,12,12,0,0,edgeCount
36,149,193,graphml/GtsCe.graphml,2,,clustered,0.4;-0.3,13,13,12,1,0,14,2,13,13,1,0,edgeCount
35,149,193,graphml/GtsCe.graphml,2,,clustered,0.4;-0.3,13,13,13,0,0,13,0,13,13,0,0,edgeCount
34,149,193,graphml/GtsCe.graphml,2,,clustered,0.4;-0.3,15,12,12,3,0,12,0,12,12,0,0,edgeCount
33,149,193,graphml/GtsCe.graphml,2,,clustered,0.4;-0.3,6,5,5,1,0,5,0,5,5,0,0,edgeCount
32,149,193,graphml/GtsCe.graphml,3,,clustered,0.4;-0.3,2,2,2,0,6,2,0,2,2,0,6,edgeCount
31,149,193,graphml/GtsCe.graphml,2,,clustered,0.4;-0.3,22,15,13,9,2,15,2,15,15,2,2,edgeCount
30,149,193,graphml/GtsCe.graphml,2,,clustered,0.4;-0.3,9,9,9,0,0,9,0,9,9,0,0,edgeCount
29,149,193,graphml/GtsCe.graphml,2,,clustered,0.4;-0.3,6,6,6,0,6,6,0,6,6,0,6,edgeCount
28,149,193,graphml/GtsCe.graphml,2,,clustered,0.4;-0.3,6,6,2,4,4,2,0,2,2,0,4,edgeCount
27,149,193,graphml/GtsCe.graphml,2,,clustered,0.4;-0.3,30,21,16,14,2,60,44,21,21,5,2,edgeCount
26,149,193,graphml/GtsCe.graphml,2,,clustered,0.4;-0.3,9,15,5,4,0,5,0,5,5,0,0,edgeCount
25,149,193,graphml/GtsCe.graphml,2,,clustered,0.4;-0.3,25,25,11,14,0,25,14,25,25,14,0,edgeCount
24,149,193,graphml/GtsCe.graphml,2,,clustered,0.4;-0.3,13,13,10,3,0,13,3,13,13,3,0,edgeCount
23,149,193,graphml/GtsCe.graphml,3,,clustered,0.4;-0.3,3,3,3,0,0,5,2,3,5,0,0,edgeCount
22,149,193,graphml/GtsCe.graphml,1,,clustered,0.4;-0.3,9,16,9,0,4,9,0,9,16,0,4,edgeCount
21,149,193,graphml/GtsCe.graphml,2,,clustered,0.4;-0.3,9,17,9,0,2,21,12,9,17,0,2,edgeCount
20,149,193,graphml/GtsCe.graphml,2,,clustered,0.4;-0.3,10,9,9,1,0,9,0,9,9,0,0,edgeCount
19,149,193,graphml/GtsCe.graphml,2,,clustered,0.4;-0.3,15,18,11,4,6,11,0,11,11,0,6,edgeCount
18,149,193,graphml/GtsCe.graphml,2,,clustered,0.4;-0.3,5,10,4,1,0,4,0,4,4,0,0,edgeCount
17,149,193,graphml/GtsCe.graphml,2,,clustered,0.4;-0.3,5,5,5,0,0,5,0,5,5,0,0,edgeCount
16,149,193,graphml/GtsCe.graphml,2,,clustered,0.4;-0.3,6,6,6,0,0,7,1,6,6,0,0,edgeCount
15,149,193,graphml/GtsCe.graphml,2,,clustered,0.4;-0.3,14,14,11,3,0,14,3,14,14,3,0,edgeCount
14,149,193,graphml/GtsCe.graphml,2,,clustered,0.4;-0.3,15,15,15,0,0,15,0,15,15,0,0,edgeCount
13,149,193,graphml/GtsCe.graphml,2,,clustered,0.4;-0.3,12,22,4,8,2,4,0,4,4,0,2,edgeCount
12,149,193,graphml/GtsCe.graphml,2,,clustered,0.4;-0.3,20,12,12,8,2,12,0,20,12,8,2,edgeCount
11,149,193,graphml/GtsCe.graphml,1,,clustered,0.4;-0.3,15,27,15,0,2,15,0,15,27,0,2,edgeCount
10,149,193,graphml/GtsCe.graphml,2,,clustered,0.4;-0.3,13,13,9,4,4,27,18,27,33,18,4,edgeCount
9,149,193,graphml/GtsCe.graphml,3,,clustered,0.4;-0.3,14,14,10,4,4,14,4,14,14,4,4,edgeCount
8,149,193,graphml/GtsCe.graphml,2,,clustered,0.4;-0.3,13,13,11,2,0,13,2,13,13,2,0,edgeCount
7,149,193,graphml/GtsCe.graphml,2,,clustered,0.4;-0.3,25,53,18,7,8,59,41,59,63,41,8,edgeCount
6,149,193,graphml/GtsCe.graphml,2,,clustered,0.4;-0.3,8,8,6,2,0,6,0,6,6,0,0,edgeCount
5,149,193,graphml/GtsCe.graphml,2,,clustered,0.4;-0.3,6,6,6,0,0,6,0,6,6,0,0,edgeCount
4,149,193,graphml/GtsCe.graphml,3,,clustered,0.4;-0.3,8,4,4,4,0,4,0,4,4,0,0,edgeCount
3,149,193,graphml/GtsCe.graphml,1,,clustered,0.4;-0.3,10,10,10,0,0,10,0,10,10,0,0,edgeCount
2,149,193,graphml/GtsCe.graphml,2,,clustered,0.4;-0.3,15,15,15,0,0,15,0,15,15,0,0,edgeCount
1,149,193,graphml/GtsCe.graphml,2,,clustered,0.4;-0.3,18,18,18,0,0,18,0,18,18,0,0,edgeCount
