rep,nrNodes,nrEdges,edgeProb,nrPaths,nrFails,failureModel,failurePercent,hopsRanked,hopsUnranked,spLength,stretch_mult,nodeAdditions,hopsPath,stretch_path,hopsRankedOne,hopsUnrankedOne,stretch_one,overallNodeAdditionsOne,treeChoice
1000,149,193,graphml/GtsCe.graphml,1,,clustered,0.5;-0.3,13,13,13,0,2,13,0,13,13,0,2,edgeCount
999,149,193,graphml/GtsCe.graphml,2,,clustered,0.5;-0.3,13,3,3,10,0,3,0,3,3,0,0,edgeCount
998,149,193,graphml/GtsCe.graphml,2,,clustered,0.5;-0.3,14,14,14,0,0,14,0,14,14,0,0,edgeCount
997,149,193,graphml/GtsCe.graphml,2,,clustered,0.5;-0.3,42,42,16,26,2,42,26,42,42,26,2,edgeCount
996,149,193,graphml/GtsCe.graphml,2,,clustered,0.5;-0.3,50,50,16,34,0,50,34,50,50,34,0,edgeCount
995,149,193,graphml/GtsCe.graphml,3,,clustered,0.5;-0.3,73,73,15,58,0,73,58,73,73,58,0,edgeCount
994,149,193,graphml/GtsCe.graphml,2,,clustered,0.5;-0.3,42,34,11,31,0,14,3,14,14,3,0,edgeCount
993,149,193,graphml/GtsCe.graphml,2,,clustered,0.5;-0.3,7,13,5,2,2,5,0,7,13,2,2,edgeCount
992,149,193,graphml/GtsCe.graphml,1,,clustered,0.5;-0.3,-1,-1,-1,0,2,-1,0,-1,-1,0,2,edgeCount
991,149,193,graphml/GtsCe.graphml,2,,clustered,0.5;-0.3,21,23,13,8,2,39,26,39,71,26,2,edgeCount
990,149,193,graphml/GtsCe.graphml,2,,clustered,0.5;-0.3,17,17,17,0,0,17,0,17,17,0,0,edgeCount
989,149,193,graphml/GtsCe.graphml,2,,clustered,0.5;-0.3,17,13,10,7,0,14,4,14,14,4,0,edgeCount
988,149,193,graphml/GtsCe.graphml,2,,clustered,0.5;-0.3,11,11,11,0,0,11,0,11,11,0,0,edgeCount
987,149,193,graphml/GtsCe.graphml,2,,clustered,0.5;-0.3,41,41,13,28,0,41,28,41,41,28,0,edgeCount
986,149,193,graphml/GtsCe.graphml,2,,clustered,0.5;-0.3,62,62,20,42,0,62,42,62,62,42,0,edgeCount
985,149,193,graphml/GtsCe.graphml,1,,clustered,0.5;-0.3,8,22,8,0,2,8,0,8,22,0,2,edgeCount
984,149,193,graphml/GtsCe.graphml,2,,clustered,0.5;-0.3,20,20,8,12,0,20,12,20,20,12,0,edgeCount
983,149,193,graphml/GtsCe.graphml,2,,clustered,0.5;-0.3,34,26,6,28,2,6,0,6,6,0,2,edgeCount
982,149,193,graphml/GtsCe.graphml,2,,clustered,0.5;-0.3,3,3,3,0,0,3,0,3,3,0,0,edgeCount
981,149,193,graphml/GtsCe.graphml,1,,clustered,0.5;-0.3,7,7,7,0,0,7,0,7,7,0,0,edgeCount
980,149,193,graphml/GtsCe.graphml,2,,clustered,0.5;-0.3,14,14,14,0,0,14,0,14,14,0,0,edgeCount
979,149,193,graphml/GtsCe.graphml,2,,clustered,0.5;-0.3,16,23,10,6,6,34,24,34,34,24,6,edgeCount
978,149,193,graphml/GtsCe.graphml,2,,clustered,0.5;-0.3,11,11,11,0,0,11,0,11,11,0,0,edgeCount
977,149,193,graphml/GtsCe.graphml,2,,clustered,0.5;-0.3,3,3,3,0,0,3,0,3,3,0,0,edgeCount
976,149,193,graphml/GtsCe.graphml,3,,clustered,0.5;-0.3,114,114,17,97,4,-1,-18,114,114,97,4,edgeCount
975,149,193,graphml/GtsCe.graphml,3,,clustered,0.5;-0.3,10,16,7,3,2,38,31,38,69,31,2,edgeCount
974,149,193,graphml/GtsCe.graphml,2,,clustered,0.5;-0.3,-1,-1,8,-9,0,-1,-9,-1,-1,-9,0,edgeCount
973,149,193,graphml/GtsCe.graphml,3,,clustered,0.5;-0.3,50,18,6,44,4,-1,-7,12,6,6,4,edgeCount
972,149,193,graphml/GtsCe.graphml,2,,clustered,0.5;-0.3,16,16,11,5,0,36,25,36,36,25,0,edgeCount
971,149,193,graphml/GtsCe.graphml,2,,clustered,0.5;-0.3,9,9,9,0,0,9,0,9,9,0,0,edgeCount
970,149,193,graphml/GtsCe.graphml,2,,clustered,0.5;-0.3,5,5,4,1,0,7,3,7,7,3,0,edgeCount
969,149,193,graphml/GtsCe.graphml,2,,clustered,0.5;-0.3,15,9,9,6,0,15,6,15,9,6,0,edgeCount
968,149,193,graphml/GtsCe.graphml,1,,clustered,0.5;-0.3,27,43,11,16,4,-1,-12,27,43,16,4,edgeCount
967,149,193,graphml/GtsCe.graphml,3,,clustered,0.5;-0.3,61,61,15,46,0,57,42,57,57,42,0,edgeCount
966,149,193,graphml/GtsCe.graphml,2,,clustered,0.5;-0.3,6,26,6,0,0,6,0,6,6,0,0,edgeCount
965,149,193,graphml/GtsCe.graphml,2,,clustered,0.5;-0.3,47,47,16,31,0,47,31,47,47,31,0,edgeCount
964,149,193,graphml/GtsCe.graphml,2,,clustered,0.5;-0.3,44,44,11,33,0,44,33,44,44,33,0,edgeCount
963,149,193,graphml/GtsCe.graphml,2,,clustered,0.5;-0.3,22,22,10,12,0,22,12,22,22,12,0,edgeCount
962,149,193,graphml/GtsCe.graphml,2,,clustered,0.5;-0.3,56,56,19,37,0,56,37,56,56,37,0,edgeCount
961,149,193,graphml/GtsCe.graphml,3,,clustered,0.5;-0.3,3,3,3,0,0,3,0,3,3,0,0,edgeCount
960,149,193,graphml/GtsCe.graphml,2,,clustered,0.5;-0.3,7,7,7,0,0,7,0,7,7,0,0,edgeCount
959,149,193,graphml/GtsCe.graphml,2,,clustered,0.5;-0.3,35,11,11,24,0,11,0,11,11,0,0,edgeCount
958,149,193,graphml/GtsCe.graphml,2,,clustered,0.5;-0.3,5,5,5,0,0,5,0,5,5,0,0,edgeCount
957,149,193,graphml/GtsCe.graphml,2,,clustered,0.5;-0.3,36,36,15,21,0,36,21,36,36,21,0,edgeCount
956,149,193,graphml/GtsCe.graphml,2,,clustered,0.5;-0.3,44,44,18,26,0,44,26,44,44,26,0,edgeCount
955,149,193,graphml/GtsCe.graphml,2,,clustered,0.5;-0.3,28,34,5,23,0,6,1,6,6,1,0,edgeCount
954,149,193,graphml/GtsCe.graphml,2,,clustered,0.5;-0.3,10,10,10,0,0,10,0,10,10,0,0,edgeCount
953,149,193,graphml/GtsCe.graphml,2,,clustered,0.5;-0.3,10,10,10,0,0,10,0,10,10,0,0,edgeCount
952,149,193,graphml/GtsCe.graphml,2,,clustered,0.5;-0.3,10,10,10,0,0,10,0,10,10,0,0,edgeCount
951,149,193,graphml/GtsCe.graphml,2,,clustered,0.5;-0.3,-1,-1,10,-11,0,-1,-11,-1,-1,-11,0,edgeCount
950,149,193,graphml/GtsCe.graphml,2,,clustered,0.5;-0.3,10,38,10,0,0,10,0,10,10,0,0,edgeCount
949,149,193,graphml/GtsCe.graphml,2,,clustered,0.5;-0.3,9,9,9,0,0,9,0,9,9,0,0,edgeCount
948,149,193,graphml/GtsCe.graphml,2,,clustered,0.5;-0.3,22,22,4,18,2,4,0,4,4,0,2,edgeCount
947,149,193,graphml/GtsCe.graphml,3,,clustered,0.5;-0.3,20,6,6,14,2,41,35,41,41,35,2,edgeCount
946,149,193,graphml/GtsCe.graphml,2,,clustered,0.5;-0.3,-1,-1,-1,0,0,-1,0,-1,-1,0,0,edgeCount
945,149,193,graphml/GtsCe.graphml,2,,clustered,0.5;-0.3,13,3,3,10,0,3,0,3,3,0,0,edgeCount
944,149,193,graphml/GtsCe.graphml,2,,clustered,0.5;-0.3,-1,-1,-1,0,0,-1,0,-1,-1,0,0,edgeCount
943,149,193,graphml/GtsCe.graphml,3,,clustered,0.5;-0.3,2,14,2,0,0,25,23,6,6,4,0,edgeCount
942,149,193,graphml/GtsCe.graphml,1,,clustered,0.5;-0.3,17,17,17,0,0,17,0,17,17,0,0,edgeCount
941,149,193,graphml/GtsCe.graphml,2,,clustered,0.5;-0.3,53,53,14,39,0,53,39,53,53,39,0,edgeCount
940,149,193,graphml/GtsCe.graphml,2,,clustered,0.5;-0.3,12,12,8,4,0,12,4,12,12,4,0,edgeCount
939,149,193,graphml/GtsCe.graphml,2,,clustered,0.5;-0.3,7,7,7,0,0,7,0,7,7,0,0,edgeCount
938,149,193,graphml/GtsCe.graphml,2,,clustered,0.5;-0.3,6,6,6,0,0,6,0,6,6,0,0,edgeCount
937,149,193,graphml/GtsCe.graphml,2,,clustered,0.5;-0.3,7,7,7,0,0,7,0,7,7,0,0,edgeCount
936,149,193,graphml/GtsCe.graphml,2,,clustered,0.5;-0.3,24,21,13,11,2,14,1,14,14,1,2,edgeCount
935,149,193,graphml/GtsCe.graphml,2,,clustered,0.5;-0.3,9,15,3,6,0,3,0,3,3,0,0,edgeCount
934,149,193,graphml/GtsCe.graphml,2,,clustered,0.5;-0.3,11,47,7,4,2,27,20,27,27,20,2,edgeCount
933,149,193,graphml/GtsCe.graphml,2,,clustered,0.5;-0.3,23,37,5,18,2,5,0,5,5,0,2,edgeCount
932,149,193,graphml/GtsCe.graphml,2,,clustered,0.5;-0.3,10,52,10,0,2,26,16,26,42,16,2,edgeCount
931,149,193,graphml/GtsCe.graphml,2,,clustered,0.5;-0.3,48,48,15,33,0,48,33,48,48,33,0,edgeCount
930,149,193,graphml/GtsCe.graphml,2,,clustered,0.5;-0.3,-1,-1,-1,0,0,-1,0,-1,-1,0,0,edgeCount
929,149,193,graphml/GtsCe.graphml,2,,clustered,0.5;-0.3,17,17,15,2,0,49,34,17,17,2,0,edgeCount
928,149,193,graphml/GtsCe.graphml,1,,clustered,0.5;-0.3,14,14,14,0,0,14,0,14,14,0,0,edgeCount
927,149,193,graphml/GtsCe.graphml,2,,clustered,0.5;-0.3,30,10,10,20,0,10,0,10,10,0,0,edgeCount
926,149,193,graphml/GtsCe.graphml,2,,clustered,0.5;-0.3,9,9,9,0,0,9,0,9,9,0,0,edgeCount
925,149,193,graphml/GtsCe.graphml,2,,clustered,0.5;-0.3,27,27,11,16,0,27,16,27,27,16,0,edgeCount
924,149,193,graphml/GtsCe.graphml,2,,clustered,0.5;-0.3,-1,-1,-1,0,0,-1,0,-1,-1,0,0,edgeCount
923,149,193,graphml/GtsCe.graphml,2,,clustered,0.5;-0.3,64,18,15,49,2,18,3,18,18,3,2,edgeCount
922,149,193,graphml/GtsCe.graphml,2,,clustered,0.5;-0.3,-1,-1,-1,0,0,-1,0,-1,-1,0,0,edgeCount
921,149,193,graphml/GtsCe.graphml,1,,clustered,0.5;-0.3,34,34,10,24,4,-1,-11,34,34,24,4,edgeCount
920,149,193,graphml/GtsCe.graphml,2,,clustered,0.5;-0.3,7,39,7,0,2,7,0,7,7,0,2,edgeCount
919,149,193,graphml/GtsCe.graphml,2,,clustered,0.5;-0.3,14,20,14,0,0,22,8,22,22,8,0,edgeCount
918,149,193,graphml/GtsCe.graphml,1,,clustered,0.5;-0.3,13,13,13,0,0,13,0,13,13,0,0,edgeCount
917,149,193,graphml/GtsCe.graphml,1,,clustered,0.5;-0.3,13,13,13,0,0,13,0,13,13,0,0,edgeCount
916,149,193,graphml/GtsCe.graphml,1,,clustered,0.5;-0.3,-1,-1,-1,0,0,-1,0,-1,-1,0,0,edgeCount
915,149,193,graphml/GtsCe.graphml,1,,clustered,0.5;-0.3,3,3,3,0,0,3,0,3,3,0,0,edgeCount
914,149,193,graphml/GtsCe.graphml,1,,clustered,0.5;-0.3,13,13,13,0,0,13,0,13,13,0,0,edgeCount
913,149,193,graphml/GtsCe.graphml,2,,clustered,0.5;-0.3,-1,-1,10,-11,0,-1,-11,-1,-1,-11,0,edgeCount
912,149,193,graphml/GtsCe.graphml,3,,clustered,0.5;-0.3,6,6,6,0,2,41,35,6,6,0,2,edgeCount
911,149,193,graphml/GtsCe.graphml,2,,clustered,0.5;-0.3,50,50,14,36,0,50,36,50,50,36,0,edgeCount
910,149,193,graphml/GtsCe.graphml,2,,clustered,0.5;-0.3,-1,-1,-1,0,0,-1,0,-1,-1,0,0,edgeCount
909,149,193,graphml/GtsCe.graphml,1,,clustered,0.5;-0.3,24,24,10,14,2,-1,-11,24,24,14,2,edgeCount
908,149,193,graphml/GtsCe.graphml,2,,clustered,0.5;-0.3,69,53,19,50,0,19,0,19,19,0,0,edgeCount
907,149,193,graphml/GtsCe.graphml,1,,clustered,0.5;-0.3,-1,-1,-1,0,0,-1,0,-1,-1,0,0,edgeCount
906,149,193,graphml/GtsCe.graphml,1,,clustered,0.5;-0.3,8,8,8,0,0,8,0,8,8,0,0,edgeCount
905,149,193,graphml/GtsCe.graphml,2,,clustered,0.5;-0.3,24,26,9,15,0,24,15,24,24,15,0,edgeCount
904,149,193,graphml/GtsCe.graphml,2,,clustered,0.5;-0.3,11,11,11,0,0,11,0,11,11,0,0,edgeCount
903,149,193,graphml/GtsCe.graphml,2,,clustered,0.5;-0.3,4,4,4,0,4,4,0,4,4,0,4,edgeCount
902,149,193,graphml/GtsCe.graphml,2,,clustered,0.5;-0.3,11,41,10,1,6,23,13,23,30,13,6,edgeCount
901,149,193,graphml/GtsCe.graphml,2,,clustered,0.5;-0.3,5,18,4,1,4,9,5,9,9,5,4,edgeCount
900,149,193,graphml/GtsCe.graphml,2,,clustered,0.5;-0.3,-1,-1,-1,0,0,-1,0,-1,-1,0,0,edgeCount
899,149,193,graphml/GtsCe.graphml,2,,clustered,0.5;-0.3,14,14,14,0,0,14,0,14,14,0,0,edgeCount
898,149,193,graphml/GtsCe.graphml,1,,clustered,0.5;-0.3,13,13,13,0,0,13,0,13,13,0,0,edgeCount
897,149,193,graphml/GtsCe.graphml,2,,clustered,0.5;-0.3,28,33,21,7,2,58,37,58,61,37,2,edgeCount
896,149,193,graphml/GtsCe.graphml,2,,clustered,0.5;-0.3,21,35,7,14,4,-1,-8,-1,-1,-8,4,edgeCount
895,149,193,graphml/GtsCe.graphml,2,,clustered,0.5;-0.3,7,7,7,0,0,7,0,7,7,0,0,edgeCount
894,149,193,graphml/GtsCe.graphml,1,,clustered,0.5;-0.3,4,14,4,0,4,4,0,4,14,0,4,edgeCount
893,149,193,graphml/GtsCe.graphml,2,,clustered,0.5;-0.3,10,10,10,0,0,-1,-11,-1,-1,-11,0,edgeCount
892,149,193,graphml/GtsCe.graphml,2,,clustered,0.5;-0.3,24,12,10,14,0,22,12,22,22,12,0,edgeCount
891,149,193,graphml/GtsCe.graphml,2,,clustered,0.5;-0.3,-1,-1,14,-15,0,-1,-15,-1,-1,-15,0,edgeCount
890,149,193,graphml/GtsCe.graphml,1,,clustered,0.5;-0.3,6,6,6,0,0,6,0,6,6,0,0,edgeCount
889,149,193,graphml/GtsCe.graphml,2,,clustered,0.5;-0.3,-1,-1,13,-14,4,-1,-14,-1,-1,-14,4,edgeCount
888,149,193,graphml/GtsCe.graphml,2,,clustered,0.5;-0.3,45,37,13,32,2,-1,-14,41,33,28,2,edgeCount
887,149,193,graphml/GtsCe.graphml,3,,clustered,0.5;-0.3,57,13,11,46,0,-1,-12,-1,-1,-12,0,edgeCount
886,149,193,graphml/GtsCe.graphml,2,,clustered,0.5;-0.3,8,32,8,0,0,8,0,8,8,0,0,edgeCount
885,149,193,graphml/GtsCe.graphml,2,,clustered,0.5;-0.3,9,9,9,0,0,-1,-10,9,9,0,0,edgeCount
884,149,193,graphml/GtsCe.graphml,3,,clustered,0.5;-0.3,16,16,6,10,4,6,0,6,6,0,4,edgeCount
883,149,193,graphml/GtsCe.graphml,2,,clustered,0.5;-0.3,-1,-1,-1,0,0,-1,0,-1,-1,0,0,edgeCount
882,149,193,graphml/GtsCe.graphml,1,,clustered,0.5;-0.3,2,2,2,0,2,2,0,2,2,0,2,edgeCount
881,149,193,graphml/GtsCe.graphml,2,,clustered,0.5;-0.3,49,49,16,33,0,49,33,49,49,33,0,edgeCount
880,149,193,graphml/GtsCe.graphml,3,,clustered,0.5;-0.3,22,13,11,11,4,15,4,13,13,2,4,edgeCount
879,149,193,graphml/GtsCe.graphml,2,,clustered,0.5;-0.3,61,23,17,44,0,-1,-18,-1,-1,-18,0,edgeCount
878,149,193,graphml/GtsCe.graphml,1,,clustered,0.5;-0.3,10,10,10,0,0,10,0,10,10,0,0,edgeCount
877,149,193,graphml/GtsCe.graphml,2,,clustered,0.5;-0.3,17,17,15,2,0,17,2,17,17,2,0,edgeCount
876,149,193,graphml/GtsCe.graphml,2,,clustered,0.5;-0.3,36,22,15,21,2,-1,-16,36,22,21,2,edgeCount
875,149,193,graphml/GtsCe.graphml,2,,clustered,0.5;-0.3,-1,-1,-1,0,0,-1,0,-1,-1,0,0,edgeCount
874,149,193,graphml/GtsCe.graphml,2,,clustered,0.5;-0.3,9,9,7,2,0,23,16,23,23,16,0,edgeCount
873,149,193,graphml/GtsCe.graphml,2,,clustered,0.5;-0.3,18,18,10,8,0,18,8,18,18,8,0,edgeCount
872,149,193,graphml/GtsCe.graphml,2,,clustered,0.5;-0.3,8,8,8,0,0,8,0,8,8,0,0,edgeCount
871,149,193,graphml/GtsCe.graphml,2,,clustered,0.5;-0.3,27,9,9,18,2,9,0,9,9,0,2,edgeCount
870,149,193,graphml/GtsCe.graphml,2,,clustered,0.5;-0.3,54,18,15,39,0,18,3,18,18,3,0,edgeCount
869,149,193,graphml/GtsCe.graphml,2,,clustered,0.5;-0.3,10,10,10,0,0,10,0,10,10,0,0,edgeCount
868,149,193,graphml/GtsCe.graphml,2,,clustered,0.5;-0.3,3,3,3,0,0,3,0,3,3,0,0,edgeCount
867,149,193,graphml/GtsCe.graphml,1,,clustered,0.5;-0.3,7,7,5,2,2,-1,-6,7,7,2,2,edgeCount
866,149,193,graphml/GtsCe.graphml,2,,clustered,0.5;-0.3,6,6,6,0,0,6,0,6,6,0,0,edgeCount
865,149,193,graphml/GtsCe.graphml,2,,clustered,0.5;-0.3,15,15,15,0,0,15,0,15,15,0,0,edgeCount
864,149,193,graphml/GtsCe.graphml,3,,clustered,0.5;-0.3,10,7,7,3,4,7,0,10,7,3,4,edgeCount
863,149,193,graphml/GtsCe.graphml,1,,clustered,0.5;-0.3,13,13,13,0,0,13,0,13,13,0,0,edgeCount
862,149,193,graphml/GtsCe.graphml,2,,clustered,0.5;-0.3,26,6,6,20,0,6,0,6,6,0,0,edgeCount
861,149,193,graphml/GtsCe.graphml,1,,clustered,0.5;-0.3,-1,-1,-1,0,0,-1,0,-1,-1,0,0,edgeCount
860,149,193,graphml/GtsCe.graphml,2,,clustered,0.5;-0.3,11,30,5,6,8,5,0,5,5,0,6,edgeCount
859,149,193,graphml/GtsCe.graphml,2,,clustered,0.5;-0.3,9,9,9,0,0,9,0,9,9,0,0,edgeCount
858,149,193,graphml/GtsCe.graphml,2,,clustered,0.5;-0.3,5,27,5,0,4,5,0,5,5,0,4,edgeCount
857,149,193,graphml/GtsCe.graphml,2,,clustered,0.5;-0.3,23,17,10,13,2,-1,-11,16,14,6,2,edgeCount
856,149,193,graphml/GtsCe.graphml,1,,clustered,0.5;-0.3,5,30,5,0,4,5,0,5,30,0,4,edgeCount
855,149,193,graphml/GtsCe.graphml,2,,clustered,0.5;-0.3,18,58,14,4,0,18,4,18,18,4,0,edgeCount
854,149,193,graphml/GtsCe.graphml,1,,clustered,0.5;-0.3,5,5,5,0,0,5,0,5,5,0,0,edgeCount
853,149,193,graphml/GtsCe.graphml,2,,clustered,0.5;-0.3,36,20,8,28,8,8,0,8,8,0,8,edgeCount
852,149,193,graphml/GtsCe.graphml,2,,clustered,0.5;-0.3,7,7,7,0,0,7,0,7,7,0,0,edgeCount
851,149,193,graphml/GtsCe.graphml,3,,clustered,0.5;-0.3,12,15,7,5,4,7,0,7,7,0,4,edgeCount
850,149,193,graphml/GtsCe.graphml,2,,clustered,0.5;-0.3,68,20,19,49,0,20,1,20,20,1,0,edgeCount
849,149,193,graphml/GtsCe.graphml,2,,clustered,0.5;-0.3,32,19,8,24,2,8,0,8,8,0,2,edgeCount
848,149,193,graphml/GtsCe.graphml,2,,clustered,0.5;-0.3,5,5,5,0,0,5,0,5,5,0,0,edgeCount
847,149,193,graphml/GtsCe.graphml,2,,clustered,0.5;-0.3,12,12,11,1,6,12,1,12,12,1,6,edgeCount
846,149,193,graphml/GtsCe.graphml,2,,clustered,0.5;-0.3,29,29,11,18,0,29,18,29,29,18,0,edgeCount
845,149,193,graphml/GtsCe.graphml,2,,clustered,0.5;-0.3,40,20,10,30,4,-1,-11,24,24,14,4,edgeCount
844,149,193,graphml/GtsCe.graphml,2,,clustered,0.5;-0.3,79,37,20,59,6,-1,-21,71,65,51,6,edgeCount
843,149,193,graphml/GtsCe.graphml,2,,clustered,0.5;-0.3,-1,-1,15,-16,2,-1,-16,-1,-1,-16,2,edgeCount
842,149,193,graphml/GtsCe.graphml,3,,clustered,0.5;-0.3,5,27,5,0,0,13,8,5,19,0,0,edgeCount
841,149,193,graphml/GtsCe.graphml,2,,clustered,0.5;-0.3,21,19,14,7,0,46,32,46,46,32,0,edgeCount
840,149,193,graphml/GtsCe.graphml,2,,clustered,0.5;-0.3,-1,-1,-1,0,4,-1,0,-1,-1,0,4,edgeCount
839,149,193,graphml/GtsCe.graphml,2,,clustered,0.5;-0.3,54,54,13,41,0,-1,-14,-1,-1,-14,0,edgeCount
838,149,193,graphml/GtsCe.graphml,1,,clustered,0.5;-0.3,6,14,6,0,8,6,0,6,14,0,8,edgeCount
837,149,193,graphml/GtsCe.graphml,1,,clustered,0.5;-0.3,10,10,10,0,0,10,0,10,10,0,0,edgeCount
836,149,193,graphml/GtsCe.graphml,3,,clustered,0.5;-0.3,6,6,6,0,0,17,11,6,6,0,0,edgeCount
835,149,193,graphml/GtsCe.graphml,2,,clustered,0.5;-0.3,-1,-1,-1,0,0,-1,0,-1,-1,0,0,edgeCount
834,149,193,graphml/GtsCe.graphml,1,,clustered,0.5;-0.3,4,4,4,0,0,4,0,4,4,0,0,edgeCount
833,149,193,graphml/GtsCe.graphml,2,,clustered,0.5;-0.3,37,37,15,22,0,37,22,37,37,22,0,edgeCount
832,149,193,graphml/GtsCe.graphml,1,,clustered,0.5;-0.3,52,28,21,31,2,-1,-22,52,28,31,2,edgeCount
831,149,193,graphml/GtsCe.graphml,2,,clustered,0.5;-0.3,-1,-1,-1,0,0,-1,0,-1,-1,0,0,edgeCount
830,149,193,graphml/GtsCe.graphml,2,,clustered,0.5;-0.3,-1,-1,-1,0,6,-1,0,-1,-1,0,6,edgeCount
829,149,193,graphml/GtsCe.graphml,2,,clustered,0.5;-0.3,10,10,10,0,0,10,0,10,10,0,0,edgeCount
828,149,193,graphml/GtsCe.graphml,2,,clustered,0.5;-0.3,32,32,10,22,0,32,22,32,32,22,0,edgeCount
827,149,193,graphml/GtsCe.graphml,2,,clustered,0.5;-0.3,26,26,12,14,2,26,14,26,26,14,2,edgeCount
826,149,193,graphml/GtsCe.graphml,3,,clustered,0.5;-0.3,17,2,2,15,0,2,0,2,2,0,0,edgeCount
825,149,193,graphml/GtsCe.graphml,1,,clustered,0.5;-0.3,-1,-1,11,-12,6,-1,-12,-1,-1,-12,6,edgeCount
824,149,193,graphml/GtsCe.graphml,2,,clustered,0.5;-0.3,-1,-1,-1,0,0,-1,0,-1,-1,0,0,edgeCount
823,149,193,graphml/GtsCe.graphml,3,,clustered,0.5;-0.3,18,22,10,8,2,-1,-11,44,44,34,2,edgeCount
822,149,193,graphml/GtsCe.graphml,2,,clustered,0.5;-0.3,43,43,11,32,0,43,32,43,43,32,0,edgeCount
821,149,193,graphml/GtsCe.graphml,2,,clustered,0.5;-0.3,-1,-1,9,-10,0,-1,-10,-1,-1,-10,0,edgeCount
820,149,193,graphml/GtsCe.graphml,2,,clustered,0.5;-0.3,22,6,6,16,0,6,0,6,6,0,0,edgeCount
819,149,193,graphml/GtsCe.graphml,2,,clustered,0.5;-0.3,-1,-1,-1,0,0,-1,0,-1,-1,0,0,edgeCount
818,149,193,graphml/GtsCe.graphml,2,,clustered,0.5;-0.3,10,20,4,6,2,4,0,4,4,0,2,edgeCount
817,149,193,graphml/GtsCe.graphml,3,,clustered,0.5;-0.3,52,52,10,42,0,40,30,40,40,30,0,edgeCount
816,149,193,graphml/GtsCe.graphml,2,,clustered,0.5;-0.3,16,16,16,0,0,16,0,16,16,0,0,edgeCount
815,149,193,graphml/GtsCe.graphml,2,,clustered,0.5;-0.3,4,4,4,0,0,4,0,4,4,0,0,edgeCount
814,149,193,graphml/GtsCe.graphml,1,,clustered,0.5;-0.3,2,2,2,0,0,2,0,2,2,0,0,edgeCount
813,149,193,graphml/GtsCe.graphml,2,,clustered,0.5;-0.3,-1,-1,-1,0,0,-1,0,-1,-1,0,0,edgeCount
812,149,193,graphml/GtsCe.graphml,2,,clustered,0.5;-0.3,3,3,3,0,0,3,0,3,3,0,0,edgeCount
811,149,193,graphml/GtsCe.graphml,2,,clustered,0.5;-0.3,16,16,16,0,0,16,0,16,16,0,0,edgeCount
810,149,193,graphml/GtsCe.graphml,1,,clustered,0.5;-0.3,33,23,9,24,4,-1,-10,33,23,24,4,edgeCount
809,149,193,graphml/GtsCe.graphml,3,,clustered,0.5;-0.3,57,57,19,38,2,58,39,58,58,39,2,edgeCount
808,149,193,graphml/GtsCe.graphml,2,,clustered,0.5;-0.3,23,7,7,16,2,-1,-8,-1,-1,-8,2,edgeCount
807,149,193,graphml/GtsCe.graphml,2,,clustered,0.5;-0.3,63,63,18,45,0,63,45,63,63,45,0,edgeCount
806,149,193,graphml/GtsCe.graphml,1,,clustered,0.5;-0.3,-1,-1,-1,0,2,-1,0,-1,-1,0,2,edgeCount
805,149,193,graphml/GtsCe.graphml,2,,clustered,0.5;-0.3,-1,-1,-1,0,0,-1,0,-1,-1,0,0,edgeCount
804,149,193,graphml/GtsCe.graphml,2,,clustered,0.5;-0.3,17,17,12,5,0,17,5,17,17,5,0,edgeCount
803,149,193,graphml/GtsCe.graphml,2,,clustered,0.5;-0.3,-1,-1,-1,0,0,-1,0,-1,-1,0,0,edgeCount
802,149,193,graphml/GtsCe.graphml,2,,clustered,0.5;-0.3,29,27,7,22,4,7,0,7,7,0,4,edgeCount
801,149,193,graphml/GtsCe.graphml,1,,clustered,0.5;-0.3,-1,-1,-1,0,2,-1,0,-1,-1,0,2,edgeCount
800,149,193,graphml/GtsCe.graphml,2,,clustered,0.5;-0.3,4,4,4,0,0,4,0,4,4,0,0,edgeCount
799,149,193,graphml/GtsCe.graphml,2,,clustered,0.5;-0.3,11,21,11,0,0,11,0,11,11,0,0,edgeCount
798,149,193,graphml/GtsCe.graphml,2,,clustered,0.5;-0.3,14,10,10,4,2,10,0,10,10,0,2,edgeCount
797,149,193,graphml/GtsCe.graphml,2,,clustered,0.5;-0.3,20,20,15,5,2,20,5,20,20,5,2,edgeCount
796,149,193,graphml/GtsCe.graphml,2,,clustered,0.5;-0.3,-1,-1,-1,0,0,-1,0,-1,-1,0,0,edgeCount
795,149,193,graphml/GtsCe.graphml,2,,clustered,0.5;-0.3,-1,-1,-1,0,2,-1,0,-1,-1,0,2,edgeCount
794,149,193,graphml/GtsCe.graphml,2,,clustered,0.5;-0.3,10,10,10,0,0,10,0,10,10,0,0,edgeCount
793,149,193,graphml/GtsCe.graphml,2,,clustered,0.5;-0.3,39,31,11,28,0,-1,-12,-1,-1,-12,0,edgeCount
792,149,193,graphml/GtsCe.graphml,2,,clustered,0.5;-0.3,21,21,7,14,0,21,14,21,21,14,0,edgeCount
791,149,193,graphml/GtsCe.graphml,2,,clustered,0.5;-0.3,5,5,5,0,0,5,0,5,5,0,0,edgeCount
790,149,193,graphml/GtsCe.graphml,2,,clustered,0.5;-0.3,17,25,10,7,2,29,19,35,35,25,2,edgeCount
789,149,193,graphml/GtsCe.graphml,2,,clustered,0.5;-0.3,38,12,12,26,0,12,0,12,12,0,0,edgeCount
788,149,193,graphml/GtsCe.graphml,1,,clustered,0.5;-0.3,-1,-1,8,-9,0,-1,-9,-1,-1,-9,0,edgeCount
787,149,193,graphml/GtsCe.graphml,2,,clustered,0.5;-0.3,50,50,16,34,0,50,34,50,50,34,0,edgeCount
786,149,193,graphml/GtsCe.graphml,2,,clustered,0.5;-0.3,46,14,14,32,0,14,0,14,14,0,0,edgeCount
785,149,193,graphml/GtsCe.graphml,2,,clustered,0.5;-0.3,7,19,7,0,0,19,12,19,19,12,0,edgeCount
784,149,193,graphml/GtsCe.graphml,2,,clustered,0.5;-0.3,-1,-1,8,-9,0,-1,-9,-1,-1,-9,0,edgeCount
783,149,193,graphml/GtsCe.graphml,2,,clustered,0.5;-0.3,19,5,5,14,0,5,0,5,5,0,0,edgeCount
782,149,193,graphml/GtsCe.graphml,2,,clustered,0.5;-0.3,9,11,9,0,4,11,2,11,11,2,4,edgeCount
781,149,193,graphml/GtsCe.graphml,2,,clustered,0.5;-0.3,9,9,9,0,0,9,0,9,9,0,0,edgeCount
780,149,193,graphml/GtsCe.graphml,2,,clustered,0.5;-0.3,10,10,10,0,0,10,0,10,10,0,0,edgeCount
779,149,193,graphml/GtsCe.graphml,4,,clustered,0.5;-0.3,30,28,8,22,2,38,30,30,28,22,2,edgeCount
778,149,193,graphml/GtsCe.graphml,2,,clustered,0.5;-0.3,29,29,12,17,0,29,17,29,29,17,0,edgeCount
777,149,193,graphml/GtsCe.graphml,2,,clustered,0.5;-0.3,19,28,11,8,8,-1,-12,19,34,8,8,edgeCount
776,149,193,graphml/GtsCe.graphml,1,,clustered,0.5;-0.3,-1,-1,-1,0,2,-1,0,-1,-1,0,2,edgeCount
775,149,193,graphml/GtsCe.graphml,2,,clustered,0.5;-0.3,8,8,7,1,0,-1,-8,-1,-1,-8,0,edgeCount
774,149,193,graphml/GtsCe.graphml,2,,clustered,0.5;-0.3,47,47,14,33,0,47,33,47,47,33,0,edgeCount
773,149,193,graphml/GtsCe.graphml,1,,clustered,0.5;-0.3,-1,-1,-1,0,2,-1,0,-1,-1,0,2,edgeCount
772,149,193,graphml/GtsCe.graphml,2,,clustered,0.5;-0.3,6,24,6,0,0,6,0,6,6,0,0,edgeCount
771,149,193,graphml/GtsCe.graphml,2,,clustered,0.5;-0.3,11,43,7,4,2,21,14,21,37,14,2,edgeCount
770,149,193,graphml/GtsCe.graphml,2,,clustered,0.5;-0.3,16,16,16,0,0,16,0,16,16,0,0,edgeCount
769,149,193,graphml/GtsCe.graphml,2,,clustered,0.5;-0.3,15,75,15,0,6,35,20,35,71,20,6,edgeCount
768,149,193,graphml/GtsCe.graphml,2,,clustered,0.5;-0.3,10,10,10,0,0,10,0,10,10,0,0,edgeCount
767,149,193,graphml/GtsCe.graphml,2,,clustered,0.5;-0.3,21,21,9,12,0,21,12,21,21,12,0,edgeCount
766,149,193,graphml/GtsCe.graphml,2,,clustered,0.5;-0.3,14,6,6,8,2,6,0,14,6,8,2,edgeCount
765,149,193,graphml/GtsCe.graphml,2,,clustered,0.5;-0.3,9,11,3,6,8,3,0,3,3,0,8,edgeCount
764,149,193,graphml/GtsCe.graphml,2,,clustered,0.5;-0.3,25,25,11,14,2,-1,-12,25,25,14,2,edgeCount
763,149,193,graphml/GtsCe.graphml,1,,clustered,0.5;-0.3,9,18,9,0,8,9,0,9,18,0,8,edgeCount
762,149,193,graphml/GtsCe.graphml,2,,clustered,0.5;-0.3,16,16,16,0,0,16,0,16,16,0,0,edgeCount
761,149,193,graphml/GtsCe.graphml,2,,clustered,0.5;-0.3,-1,-1,-1,0,0,-1,0,-1,-1,0,0,edgeCount
760,149,193,graphml/GtsCe.graphml,1,,clustered,0.5;-0.3,20,16,12,8,8,-1,-13,20,16,8,8,edgeCount
759,149,193,graphml/GtsCe.graphml,2,,clustered,0.5;-0.3,20,20,19,1,0,20,1,20,20,1,0,edgeCount
758,149,193,graphml/GtsCe.graphml,2,,clustered,0.5;-0.3,82,28,18,64,0,-1,-19,-1,-1,-19,0,edgeCount
757,149,193,graphml/GtsCe.graphml,2,,clustered,0.5;-0.3,43,43,15,28,0,43,28,43,43,28,0,edgeCount
756,149,193,graphml/GtsCe.graphml,1,,clustered,0.5;-0.3,13,13,13,0,2,13,0,13,13,0,2,edgeCount
755,149,193,graphml/GtsCe.graphml,2,,clustered,0.5;-0.3,39,39,15,24,0,39,24,39,39,24,0,edgeCount
754,149,193,graphml/GtsCe.graphml,2,,clustered,0.5;-0.3,-1,-1,-1,0,0,-1,0,-1,-1,0,0,edgeCount
753,149,193,graphml/GtsCe.graphml,2,,clustered,0.5;-0.3,25,25,8,17,0,9,1,25,25,17,0,edgeCount
752,149,193,graphml/GtsCe.graphml,2,,clustered,0.5;-0.3,58,58,17,41,0,20,3,58,58,41,0,edgeCount
751,149,193,graphml/GtsCe.graphml,2,,clustered,0.5;-0.3,14,22,9,5,0,14,5,14,14,5,0,edgeCount
750,149,193,graphml/GtsCe.graphml,1,,clustered,0.5;-0.3,51,21,18,33,2,-1,-19,51,21,33,2,edgeCount
749,149,193,graphml/GtsCe.graphml,2,,clustered,0.5;-0.3,15,15,14,1,0,15,1,15,15,1,0,edgeCount
748,149,193,graphml/GtsCe.graphml,2,,clustered,0.5;-0.3,36,36,11,25,0,36,25,36,36,25,0,edgeCount
747,149,193,graphml/GtsCe.graphml,2,,clustered,0.5;-0.3,30,30,12,18,0,30,18,30,30,18,0,edgeCount
746,149,193,graphml/GtsCe.graphml,3,,clustered,0.5;-0.3,117,117,17,100,0,117,100,117,117,100,0,edgeCount
745,149,193,graphml/GtsCe.graphml,2,,clustered,0.5;-0.3,9,6,6,3,2,6,0,9,6,3,2,edgeCount
744,149,193,graphml/GtsCe.graphml,1,,clustered,0.5;-0.3,2,2,2,0,0,2,0,2,2,0,0,edgeCount
743,149,193,graphml/GtsCe.graphml,2,,clustered,0.5;-0.3,13,13,13,0,0,13,0,13,13,0,0,edgeCount
742,149,193,graphml/GtsCe.graphml,2,,clustered,0.5;-0.3,15,24,12,3,0,15,3,15,15,3,0,edgeCount
741,149,193,graphml/GtsCe.graphml,1,,clustered,0.5;-0.3,8,8,8,0,0,8,0,8,8,0,0,edgeCount
740,149,193,graphml/GtsCe.graphml,2,,clustered,0.5;-0.3,34,34,10,24,0,34,24,34,34,24,0,edgeCount
739,149,193,graphml/GtsCe.graphml,1,,clustered,0.5;-0.3,18,18,18,0,0,18,0,18,18,0,0,edgeCount
738,149,193,graphml/GtsCe.graphml,2,,clustered,0.5;-0.3,19,19,16,3,0,19,3,19,19,3,0,edgeCount
737,149,193,graphml/GtsCe.graphml,2,,clustered,0.5;-0.3,13,12,7,6,2,12,5,12,12,5,2,edgeCount
736,149,193,graphml/GtsCe.graphml,1,,clustered,0.5;-0.3,38,38,22,16,2,-1,-23,38,38,16,2,edgeCount
735,149,193,graphml/GtsCe.graphml,2,,clustered,0.5;-0.3,60,60,22,38,0,60,38,60,60,38,0,edgeCount
734,149,193,graphml/GtsCe.graphml,1,,clustered,0.5;-0.3,7,7,7,0,0,7,0,7,7,0,0,edgeCount
733,149,193,graphml/GtsCe.graphml,2,,clustered,0.5;-0.3,35,35,14,21,0,35,21,35,35,21,0,edgeCount
732,149,193,graphml/GtsCe.graphml,2,,clustered,0.5;-0.3,5,5,5,0,0,5,0,5,5,0,0,edgeCount
731,149,193,graphml/GtsCe.graphml,2,,clustered,0.5;-0.3,-1,-1,-1,0,8,-1,0,-1,-1,0,8,edgeCount
730,149,193,graphml/GtsCe.graphml,2,,clustered,0.5;-0.3,-1,-1,-1,0,0,-1,0,-1,-1,0,0,edgeCount
729,149,193,graphml/GtsCe.graphml,1,,clustered,0.5;-0.3,21,21,10,11,10,-1,-11,21,21,11,10,edgeCount
728,149,193,graphml/GtsCe.graphml,2,,clustered,0.5;-0.3,9,9,9,0,0,9,0,9,9,0,0,edgeCount
727,149,193,graphml/GtsCe.graphml,2,,clustered,0.5;-0.3,33,16,9,24,2,9,0,9,9,0,2,edgeCount
726,149,193,graphml/GtsCe.graphml,3,,clustered,0.5;-0.3,14,70,11,3,0,74,63,74,74,63,0,edgeCount
725,149,193,graphml/GtsCe.graphml,2,,clustered,0.5;-0.3,37,37,13,24,0,37,24,37,37,24,0,edgeCount
724,149,193,graphml/GtsCe.graphml,3,,clustered,0.5;-0.3,53,17,10,43,0,17,7,17,17,7,0,edgeCount
723,149,193,graphml/GtsCe.graphml,2,,clustered,0.5;-0.3,11,41,7,4,2,17,10,17,33,10,2,edgeCount
722,149,193,graphml/GtsCe.graphml,2,,clustered,0.5;-0.3,10,6,6,4,2,18,12,6,6,0,2,edgeCount
721,149,193,graphml/GtsCe.graphml,1,,clustered,0.5;-0.3,18,18,18,0,0,18,0,18,18,0,0,edgeCount
720,149,193,graphml/GtsCe.graphml,2,,clustered,0.5;-0.3,-1,-1,11,-12,0,-1,-12,-1,-1,-12,0,edgeCount
719,149,193,graphml/GtsCe.graphml,2,,clustered,0.5;-0.3,10,22,4,6,2,4,0,10,22,6,2,edgeCount
718,149,193,graphml/GtsCe.graphml,2,,clustered,0.5;-0.3,66,66,18,48,0,62,44,62,62,44,0,edgeCount
717,149,193,graphml/GtsCe.graphml,2,,clustered,0.5;-0.3,10,10,10,0,0,10,0,10,10,0,0,edgeCount
716,149,193,graphml/GtsCe.graphml,2,,clustered,0.5;-0.3,26,20,16,10,0,52,36,52,52,36,0,edgeCount
715,149,193,graphml/GtsCe.graphml,2,,clustered,0.5;-0.3,9,25,9,0,0,9,0,9,9,0,0,edgeCount
714,149,193,graphml/GtsCe.graphml,2,,clustered,0.5;-0.3,-1,-1,-1,0,0,-1,0,-1,-1,0,0,edgeCount
713,149,193,graphml/GtsCe.graphml,1,,clustered,0.5;-0.3,16,16,16,0,8,16,0,16,16,0,8,edgeCount
712,149,193,graphml/GtsCe.graphml,2,,clustered,0.5;-0.3,5,5,5,0,2,5,0,5,5,0,2,edgeCount
711,149,193,graphml/GtsCe.graphml,1,,clustered,0.5;-0.3,5,5,5,0,0,5,0,5,5,0,0,edgeCount
710,149,193,graphml/GtsCe.graphml,2,,clustered,0.5;-0.3,-1,-1,-1,0,8,-1,0,-1,-1,0,8,edgeCount
709,149,193,graphml/GtsCe.graphml,2,,clustered,0.5;-0.3,46,46,12,34,0,46,34,46,46,34,0,edgeCount
708,149,193,graphml/GtsCe.graphml,3,,clustered,0.5;-0.3,26,19,10,16,0,32,22,32,32,22,0,edgeCount
707,149,193,graphml/GtsCe.graphml,1,,clustered,0.5;-0.3,10,10,10,0,0,10,0,10,10,0,0,edgeCount
706,149,193,graphml/GtsCe.graphml,3,,clustered,0.5;-0.3,-1,-1,12,-13,2,-1,-13,-1,-1,-13,2,edgeCount
705,149,193,graphml/GtsCe.graphml,2,,clustered,0.5;-0.3,-1,-1,-1,0,0,-1,0,-1,-1,0,0,edgeCount
704,149,193,graphml/GtsCe.graphml,2,,clustered,0.5;-0.3,32,30,10,22,0,10,0,10,10,0,0,edgeCount
703,149,193,graphml/GtsCe.graphml,2,,clustered,0.5;-0.3,11,11,10,1,6,12,2,12,13,2,6,edgeCount
702,149,193,graphml/GtsCe.graphml,2,,clustered,0.5;-0.3,5,10,5,0,0,11,6,11,11,6,0,edgeCount
701,149,193,graphml/GtsCe.graphml,2,,clustered,0.5;-0.3,5,5,5,0,0,5,0,5,5,0,0,edgeCount
700,149,193,graphml/GtsCe.graphml,2,,clustered,0.5;-0.3,29,9,9,20,0,9,0,9,9,0,0,edgeCount
699,149,193,graphml/GtsCe.graphml,3,,clustered,0.5;-0.3,15,15,14,1,0,15,1,15,15,1,0,edgeCount
698,149,193,graphml/GtsCe.graphml,2,,clustered,0.5;-0.3,-1,-1,-1,0,0,-1,0,-1,-1,0,0,edgeCount
697,149,193,graphml/GtsCe.graphml,2,,clustered,0.5;-0.3,-1,-1,-1,0,0,-1,0,-1,-1,0,0,edgeCount
696,149,193,graphml/GtsCe.graphml,2,,clustered,0.5;-0.3,-1,-1,-1,0,0,-1,0,-1,-1,0,0,edgeCount
695,149,193,graphml/GtsCe.graphml,3,,clustered,0.5;-0.3,7,47,5,2,0,5,0,5,5,0,0,edgeCount
694,149,193,graphml/GtsCe.graphml,2,,clustered,0.5;-0.3,-1,-1,-1,0,0,-1,0,-1,-1,0,0,edgeCount
693,149,193,graphml/GtsCe.graphml,2,,clustered,0.5;-0.3,65,47,11,54,4,-1,-12,-1,-1,-12,4,edgeCount
692,149,193,graphml/GtsCe.graphml,2,,clustered,0.5;-0.3,15,24,14,1,2,27,13,27,30,13,2,edgeCount
691,149,193,graphml/GtsCe.graphml,2,,clustered,0.5;-0.3,33,33,8,25,0,33,25,33,33,25,0,edgeCount
690,149,193,graphml/GtsCe.graphml,1,,clustered,0.5;-0.3,9,9,9,0,0,9,0,9,9,0,0,edgeCount
689,149,193,graphml/GtsCe.graphml,2,,clustered,0.5;-0.3,20,30,6,14,0,6,0,6,6,0,0,edgeCount
688,149,193,graphml/GtsCe.graphml,2,,clustered,0.5;-0.3,12,12,12,0,0,12,0,12,12,0,0,edgeCount
687,149,193,graphml/GtsCe.graphml,2,,clustered,0.5;-0.3,29,29,11,18,6,29,18,29,29,18,6,edgeCount
686,149,193,graphml/GtsCe.graphml,2,,clustered,0.5;-0.3,43,43,14,29,0,43,29,43,43,29,0,edgeCount
685,149,193,graphml/GtsCe.graphml,1,,clustered,0.5;-0.3,25,17,14,11,8,-1,-15,25,17,11,8,edgeCount
684,149,193,graphml/GtsCe.graphml,2,,clustered,0.5;-0.3,20,32,6,14,2,6,0,6,6,0,2,edgeCount
683,149,193,graphml/GtsCe.graphml,2,,clustered,0.5;-0.3,4,12,4,0,0,4,0,4,4,0,0,edgeCount
682,149,193,graphml/GtsCe.graphml,1,,clustered,0.5;-0.3,37,21,14,23,4,-1,-15,37,21,23,4,edgeCount
681,149,193,graphml/GtsCe.graphml,2,,clustered,0.5;-0.3,33,33,12,21,0,33,21,33,33,21,0,edgeCount
680,149,193,graphml/GtsCe.graphml,1,,clustered,0.5;-0.3,-1,-1,-1,0,2,-1,0,-1,-1,0,2,edgeCount
679,149,193,graphml/GtsCe.graphml,2,,clustered,0.5;-0.3,-1,-1,-1,0,0,-1,0,-1,-1,0,0,edgeCount
678,149,193,graphml/GtsCe.graphml,4,,clustered,0.5;-0.3,2,2,2,0,0,2,0,2,2,0,0,edgeCount
677,149,193,graphml/GtsCe.graphml,2,,clustered,0.5;-0.3,54,14,14,40,0,14,0,14,14,0,0,edgeCount
676,149,193,graphml/GtsCe.graphml,2,,clustered,0.5;-0.3,57,21,14,43,2,-1,-15,38,38,24,2,edgeCount
675,149,193,graphml/GtsCe.graphml,2,,clustered,0.5;-0.3,-1,-1,-1,0,0,-1,0,-1,-1,0,0,edgeCount
674,149,193,graphml/GtsCe.graphml,2,,clustered,0.5;-0.3,10,28,9,1,0,26,17,26,26,17,0,edgeCount
673,149,193,graphml/GtsCe.graphml,2,,clustered,0.5;-0.3,23,52,13,10,4,14,1,14,14,1,4,edgeCount
672,149,193,graphml/GtsCe.graphml,1,,clustered,0.5;-0.3,10,10,10,0,0,10,0,10,10,0,0,edgeCount
671,149,193,graphml/GtsCe.graphml,2,,clustered,0.5;-0.3,4,4,4,0,0,4,0,4,4,0,0,edgeCount
670,149,193,graphml/GtsCe.graphml,2,,clustered,0.5;-0.3,6,6,6,0,0,6,0,6,6,0,0,edgeCount
669,149,193,graphml/GtsCe.graphml,2,,clustered,0.5;-0.3,25,25,12,13,0,25,13,25,25,13,0,edgeCount
668,149,193,graphml/GtsCe.graphml,2,,clustered,0.5;-0.3,12,10,4,8,2,4,0,12,10,8,2,edgeCount
667,149,193,graphml/GtsCe.graphml,2,,clustered,0.5;-0.3,28,28,11,17,0,28,17,28,28,17,0,edgeCount
666,149,193,graphml/GtsCe.graphml,3,,clustered,0.5;-0.3,43,7,7,36,0,7,0,7,7,0,0,edgeCount
665,149,193,graphml/GtsCe.graphml,2,,clustered,0.5;-0.3,55,55,14,41,0,55,41,55,55,41,0,edgeCount
664,149,193,graphml/GtsCe.graphml,2,,clustered,0.5;-0.3,22,66,14,8,4,-1,-15,48,48,34,4,edgeCount
663,149,193,graphml/GtsCe.graphml,3,,clustered,0.5;-0.3,15,39,5,10,2,21,16,21,21,16,2,edgeCount
662,149,193,graphml/GtsCe.graphml,2,,clustered,0.5;-0.3,18,18,8,10,0,18,10,18,18,10,0,edgeCount
661,149,193,graphml/GtsCe.graphml,2,,clustered,0.5;-0.3,5,5,5,0,0,5,0,5,5,0,0,edgeCount
660,149,193,graphml/GtsCe.graphml,2,,clustered,0.5;-0.3,17,17,14,3,0,17,3,17,17,3,0,edgeCount
659,149,193,graphml/GtsCe.graphml,2,,clustered,0.5;-0.3,4,4,4,0,2,4,0,4,4,0,2,edgeCount
658,149,193,graphml/GtsCe.graphml,3,,clustered,0.5;-0.3,4,24,4,0,4,10,6,20,10,16,4,edgeCount
657,149,193,graphml/GtsCe.graphml,2,,clustered,0.5;-0.3,66,20,15,51,2,-1,-16,60,60,45,2,edgeCount
656,149,193,graphml/GtsCe.graphml,2,,clustered,0.5;-0.3,18,18,18,0,0,18,0,18,18,0,0,edgeCount
655,149,193,graphml/GtsCe.graphml,2,,clustered,0.5;-0.3,10,10,10,0,2,10,0,10,10,0,2,edgeCount
654,149,193,graphml/GtsCe.graphml,1,,clustered,0.5;-0.3,8,20,8,0,8,8,0,8,20,0,8,edgeCount
653,149,193,graphml/GtsCe.graphml,2,,clustered,0.5;-0.3,9,9,9,0,0,9,0,9,9,0,0,edgeCount
652,149,193,graphml/GtsCe.graphml,2,,clustered,0.5;-0.3,12,12,12,0,0,12,0,12,12,0,0,edgeCount
651,149,193,graphml/GtsCe.graphml,2,,clustered,0.5;-0.3,-1,-1,-1,0,0,-1,0,-1,-1,0,0,edgeCount
650,149,193,graphml/GtsCe.graphml,2,,clustered,0.5;-0.3,17,14,11,6,0,39,28,39,39,28,0,edgeCount
649,149,193,graphml/GtsCe.graphml,2,,clustered,0.5;-0.3,23,23,9,14,0,23,14,23,23,14,0,edgeCount
648,149,193,graphml/GtsCe.graphml,2,,clustered,0.5;-0.3,19,17,16,3,2,35,19,35,35,19,2,edgeCount
647,149,193,graphml/GtsCe.graphml,2,,clustered,0.5;-0.3,45,45,21,24,0,45,24,45,45,24,0,edgeCount
646,149,193,graphml/GtsCe.graphml,2,,clustered,0.5;-0.3,11,11,10,1,0,11,1,11,11,1,0,edgeCount
645,149,193,graphml/GtsCe.graphml,3,,clustered,0.5;-0.3,4,4,4,0,0,4,0,4,4,0,0,edgeCount
644,149,193,graphml/GtsCe.graphml,2,,clustered,0.5;-0.3,12,7,7,5,2,18,11,18,18,11,2,edgeCount
643,149,193,graphml/GtsCe.graphml,2,,clustered,0.5;-0.3,57,15,15,42,2,15,0,15,15,0,2,edgeCount
642,149,193,graphml/GtsCe.graphml,2,,clustered,0.5;-0.3,20,27,18,2,6,42,24,42,53,24,6,edgeCount
641,149,193,graphml/GtsCe.graphml,2,,clustered,0.5;-0.3,42,42,15,27,0,42,27,42,42,27,0,edgeCount
640,149,193,graphml/GtsCe.graphml,3,,clustered,0.5;-0.3,29,67,9,20,4,41,32,23,75,14,4,edgeCount
639,149,193,graphml/GtsCe.graphml,2,,clustered,0.5;-0.3,-1,-1,-1,0,0,-1,0,-1,-1,0,0,edgeCount
638,149,193,graphml/GtsCe.graphml,3,,clustered,0.5;-0.3,12,7,7,5,0,7,0,7,7,0,0,edgeCount
637,149,193,graphml/GtsCe.graphml,2,,clustered,0.5;-0.3,12,12,10,2,0,12,2,12,12,2,0,edgeCount
636,149,193,graphml/GtsCe.graphml,2,,clustered,0.5;-0.3,16,16,6,10,0,16,10,16,16,10,0,edgeCount
635,149,193,graphml/GtsCe.graphml,2,,clustered,0.5;-0.3,9,18,8,1,0,21,13,21,21,13,0,edgeCount
634,149,193,graphml/GtsCe.graphml,2,,clustered,0.5;-0.3,11,11,11,0,0,11,0,11,11,0,0,edgeCount
633,149,193,graphml/GtsCe.graphml,2,,clustered,0.5;-0.3,-1,-1,-1,0,0,-1,0,-1,-1,0,0,edgeCount
632,149,193,graphml/GtsCe.graphml,1,,clustered,0.5;-0.3,27,27,19,8,2,-1,-20,27,27,8,2,edgeCount
631,149,193,graphml/GtsCe.graphml,2,,clustered,0.5;-0.3,41,43,9,32,4,9,0,9,9,0,4,edgeCount
630,149,193,graphml/GtsCe.graphml,2,,clustered,0.5;-0.3,12,8,8,4,0,21,13,21,21,13,0,edgeCount
629,149,193,graphml/GtsCe.graphml,1,,clustered,0.5;-0.3,13,13,13,0,0,13,0,13,13,0,0,edgeCount
628,149,193,graphml/GtsCe.graphml,2,,clustered,0.5;-0.3,27,21,7,20,0,7,0,7,7,0,0,edgeCount
627,149,193,graphml/GtsCe.graphml,2,,clustered,0.5;-0.3,12,8,8,4,4,30,22,34,34,26,4,edgeCount
626,149,193,graphml/GtsCe.graphml,1,,clustered,0.5;-0.3,6,6,6,0,2,6,0,6,6,0,2,edgeCount
625,149,193,graphml/GtsCe.graphml,2,,clustered,0.5;-0.3,8,8,8,0,0,8,0,8,8,0,0,edgeCount
624,149,193,graphml/GtsCe.graphml,2,,clustered,0.5;-0.3,11,11,11,0,0,11,0,11,11,0,0,edgeCount
623,149,193,graphml/GtsCe.graphml,2,,clustered,0.5;-0.3,9,9,9,0,0,9,0,9,9,0,0,edgeCount
622,149,193,graphml/GtsCe.graphml,2,,clustered,0.5;-0.3,-1,-1,-1,0,0,-1,0,-1,-1,0,0,edgeCount
621,149,193,graphml/GtsCe.graphml,2,,clustered,0.5;-0.3,91,31,20,71,4,-1,-21,78,64,58,4,edgeCount
620,149,193,graphml/GtsCe.graphml,2,,clustered,0.5;-0.3,6,6,6,0,6,6,0,6,6,0,6,edgeCount
619,149,193,graphml/GtsCe.graphml,2,,clustered,0.5;-0.3,10,10,8,2,0,10,2,10,10,2,0,edgeCount
618,149,193,graphml/GtsCe.graphml,2,,clustered,0.5;-0.3,33,33,12,21,0,33,21,33,33,21,0,edgeCount
617,149,193,graphml/GtsCe.graphml,2,,clustered,0.5;-0.3,34,34,14,20,0,34,20,34,34,20,0,edgeCount
616,149,193,graphml/GtsCe.graphml,1,,clustered,0.5;-0.3,10,10,10,0,6,10,0,10,10,0,6,edgeCount
615,149,193,graphml/GtsCe.graphml,2,,clustered,0.5;-0.3,23,11,9,14,2,11,2,11,11,2,2,edgeCount
614,149,193,graphml/GtsCe.graphml,3,,clustered,0.5;-0.3,11,11,5,6,0,-1,-6,11,11,6,0,edgeCount
613,149,193,graphml/GtsCe.graphml,2,,clustered,0.5;-0.3,10,16,5,5,6,14,9,14,36,9,6,edgeCount
612,149,193,graphml/GtsCe.graphml,2,,clustered,0.5;-0.3,33,33,8,25,0,33,25,33,33,25,0,edgeCount
611,149,193,graphml/GtsCe.graphml,2,,clustered,0.5;-0.3,9,29,7,2,2,7,0,7,7,0,2,edgeCount
610,149,193,graphml/GtsCe.graphml,2,,clustered,0.5;-0.3,-1,-1,-1,0,0,-1,0,-1,-1,0,0,edgeCount
609,149,193,graphml/GtsCe.graphml,2,,clustered,0.5;-0.3,13,13,13,0,0,13,0,13,13,0,0,edgeCount
608,149,193,graphml/GtsCe.graphml,2,,clustered,0.5;-0.3,6,6,6,0,0,6,0,6,6,0,0,edgeCount
607,149,193,graphml/GtsCe.graphml,1,,clustered,0.5;-0.3,19,19,19,0,0,19,0,19,19,0,0,edgeCount
606,149,193,graphml/GtsCe.graphml,2,,clustered,0.5;-0.3,9,9,9,0,0,9,0,9,9,0,0,edgeCount
605,149,193,graphml/GtsCe.graphml,2,,clustered,0.5;-0.3,22,18,5,17,2,6,1,6,6,1,2,edgeCount
604,149,193,graphml/GtsCe.graphml,2,,clustered,0.5;-0.3,-1,-1,11,-12,0,-1,-12,-1,-1,-12,0,edgeCount
603,149,193,graphml/GtsCe.graphml,1,,clustered,0.5;-0.3,11,11,11,0,0,11,0,11,11,0,0,edgeCount
602,149,193,graphml/GtsCe.graphml,2,,clustered,0.5;-0.3,20,4,4,16,0,4,0,4,4,0,0,edgeCount
601,149,193,graphml/GtsCe.graphml,2,,clustered,0.5;-0.3,8,8,8,0,0,8,0,8,8,0,0,edgeCount
600,149,193,graphml/GtsCe.graphml,2,,clustered,0.5;-0.3,-1,-1,14,-15,0,-1,-15,-1,-1,-15,0,edgeCount
599,149,193,graphml/GtsCe.graphml,1,,clustered,0.5;-0.3,11,63,11,0,4,11,0,11,63,0,4,edgeCount
598,149,193,graphml/GtsCe.graphml,2,,clustered,0.5;-0.3,11,11,11,0,0,11,0,11,11,0,0,edgeCount
597,149,193,graphml/GtsCe.graphml,2,,clustered,0.5;-0.3,5,5,5,0,2,5,0,5,5,0,2,edgeCount
596,149,193,graphml/GtsCe.graphml,2,,clustered,0.5;-0.3,25,25,9,16,2,25,16,25,25,16,2,edgeCount
595,149,193,graphml/GtsCe.graphml,1,,clustered,0.5;-0.3,-1,-1,-1,0,4,-1,0,-1,-1,0,4,edgeCount
594,149,193,graphml/GtsCe.graphml,2,,clustered,0.5;-0.3,9,9,9,0,0,19,10,19,9,10,0,edgeCount
593,149,193,graphml/GtsCe.graphml,2,,clustered,0.5;-0.3,-1,-1,-1,0,0,-1,0,-1,-1,0,0,edgeCount
592,149,193,graphml/GtsCe.graphml,2,,clustered,0.5;-0.3,18,38,8,10,2,-1,-9,18,10,10,2,edgeCount
591,149,193,graphml/GtsCe.graphml,2,,clustered,0.5;-0.3,23,31,16,7,2,37,21,37,39,21,2,edgeCount
590,149,193,graphml/GtsCe.graphml,1,,clustered,0.5;-0.3,18,18,10,8,2,-1,-11,18,18,8,2,edgeCount
589,149,193,graphml/GtsCe.graphml,3,,clustered,0.5;-0.3,13,7,6,7,0,8,2,7,7,1,0,edgeCount
588,149,193,graphml/GtsCe.graphml,2,,clustered,0.5;-0.3,2,2,2,0,2,2,0,2,2,0,2,edgeCount
587,149,193,graphml/GtsCe.graphml,2,,clustered,0.5;-0.3,8,8,8,0,0,8,0,8,8,0,0,edgeCount
586,149,193,graphml/GtsCe.graphml,2,,clustered,0.5;-0.3,-1,-1,-1,0,0,-1,0,-1,-1,0,0,edgeCount
585,149,193,graphml/GtsCe.graphml,2,,clustered,0.5;-0.3,53,53,13,40,0,53,40,53,53,40,0,edgeCount
584,149,193,graphml/GtsCe.graphml,2,,clustered,0.5;-0.3,25,25,19,6,0,42,23,42,42,23,0,edgeCount
583,149,193,graphml/GtsCe.graphml,2,,clustered,0.5;-0.3,7,7,7,0,0,7,0,7,7,0,0,edgeCount
582,149,193,graphml/GtsCe.graphml,2,,clustered,0.5;-0.3,64,18,15,49,0,-1,-16,-1,-1,-16,0,edgeCount
581,149,193,graphml/GtsCe.graphml,2,,clustered,0.5;-0.3,-1,-1,-1,0,0,-1,0,-1,-1,0,0,edgeCount
580,149,193,graphml/GtsCe.graphml,2,,clustered,0.5;-0.3,16,16,13,3,4,19,6,19,16,6,4,edgeCount
579,149,193,graphml/GtsCe.graphml,2,,clustered,0.5;-0.3,-1,-1,-1,0,0,-1,0,-1,-1,0,0,edgeCount
578,149,193,graphml/GtsCe.graphml,2,,clustered,0.5;-0.3,19,19,17,2,0,19,2,19,19,2,0,edgeCount
577,149,193,graphml/GtsCe.graphml,1,,clustered,0.5;-0.3,-1,-1,-1,0,2,-1,0,-1,-1,0,2,edgeCount
576,149,193,graphml/GtsCe.graphml,3,,clustered,0.5;-0.3,24,28,12,12,0,24,12,24,24,12,0,edgeCount
575,149,193,graphml/GtsCe.graphml,1,,clustered,0.5;-0.3,5,5,5,0,0,5,0,5,5,0,0,edgeCount
574,149,193,graphml/GtsCe.graphml,2,,clustered,0.5;-0.3,69,45,13,56,2,13,0,13,13,0,2,edgeCount
573,149,193,graphml/GtsCe.graphml,2,,clustered,0.5;-0.3,20,20,10,10,0,20,10,20,20,10,0,edgeCount
572,149,193,graphml/GtsCe.graphml,2,,clustered,0.5;-0.3,8,8,8,0,0,-1,-9,-1,-1,-9,0,edgeCount
571,149,193,graphml/GtsCe.graphml,2,,clustered,0.5;-0.3,4,4,4,0,0,4,0,4,4,0,0,edgeCount
570,149,193,graphml/GtsCe.graphml,2,,clustered,0.5;-0.3,14,18,9,5,6,12,3,12,12,3,6,edgeCount
569,149,193,graphml/GtsCe.graphml,1,,clustered,0.5;-0.3,10,10,10,0,0,10,0,10,10,0,0,edgeCount
568,149,193,graphml/GtsCe.graphml,2,,clustered,0.5;-0.3,23,7,7,16,0,-1,-8,-1,-1,-8,0,edgeCount
567,149,193,graphml/GtsCe.graphml,2,,clustered,0.5;-0.3,-1,-1,-1,0,0,-1,0,-1,-1,0,0,edgeCount
566,149,193,graphml/GtsCe.graphml,2,,clustered,0.5;-0.3,43,41,15,28,0,41,26,41,41,26,0,edgeCount
565,149,193,graphml/GtsCe.graphml,2,,clustered,0.5;-0.3,20,20,6,14,0,20,14,20,20,14,0,edgeCount
564,149,193,graphml/GtsCe.graphml,1,,clustered,0.5;-0.3,18,34,18,0,4,18,0,18,34,0,4,edgeCount
563,149,193,graphml/GtsCe.graphml,2,,clustered,0.5;-0.3,25,25,11,14,0,25,14,25,25,14,0,edgeCount
562,149,193,graphml/GtsCe.graphml,3,,clustered,0.5;-0.3,13,11,8,5,4,11,3,13,11,5,4,edgeCount
561,149,193,graphml/GtsCe.graphml,2,,clustered,0.5;-0.3,28,28,11,17,0,28,17,28,28,17,0,edgeCount
560,149,193,graphml/GtsCe.graphml,2,,clustered,0.5;-0.3,53,53,24,29,0,53,29,53,53,29,0,edgeCount
559,149,193,graphml/GtsCe.graphml,2,,clustered,0.5;-0.3,-1,-1,7,-8,0,-1,-8,-1,-1,-8,0,edgeCount
558,149,193,graphml/GtsCe.graphml,2,,clustered,0.5;-0.3,13,9,9,4,0,13,4,13,13,4,0,edgeCount
557,149,193,graphml/GtsCe.graphml,2,,clustered,0.5;-0.3,6,12,6,0,0,14,8,14,14,8,0,edgeCount
556,149,193,graphml/GtsCe.graphml,2,,clustered,0.5;-0.3,8,8,6,2,0,-1,-7,-1,-1,-7,0,edgeCount
555,149,193,graphml/GtsCe.graphml,1,,clustered,0.5;-0.3,13,13,13,0,10,13,0,13,13,0,10,edgeCount
554,149,193,graphml/GtsCe.graphml,2,,clustered,0.5;-0.3,61,61,15,46,0,61,46,61,61,46,0,edgeCount
553,149,193,graphml/GtsCe.graphml,2,,clustered,0.5;-0.3,6,6,5,1,0,6,1,6,6,1,0,edgeCount
552,149,193,graphml/GtsCe.graphml,2,,clustered,0.5;-0.3,3,3,3,0,0,6,3,6,3,3,0,edgeCount
551,149,193,graphml/GtsCe.graphml,2,,clustered,0.5;-0.3,32,17,9,23,2,10,1,32,17,23,2,edgeCount
550,149,193,graphml/GtsCe.graphml,1,,clustered,0.5;-0.3,26,12,11,15,4,-1,-12,26,12,15,4,edgeCount
549,149,193,graphml/GtsCe.graphml,1,,clustered,0.5;-0.3,8,8,8,0,0,8,0,8,8,0,0,edgeCount
548,149,193,graphml/GtsCe.graphml,2,,clustered,0.5;-0.3,11,11,10,1,0,11,1,11,11,1,0,edgeCount
547,149,193,graphml/GtsCe.graphml,2,,clustered,0.5;-0.3,40,48,10,30,0,10,0,10,10,0,0,edgeCount
546,149,193,graphml/GtsCe.graphml,2,,clustered,0.5;-0.3,16,16,10,6,0,32,22,32,32,22,0,edgeCount
545,149,193,graphml/GtsCe.graphml,2,,clustered,0.5;-0.3,66,70,14,52,6,60,46,66,66,52,6,edgeCount
544,149,193,graphml/GtsCe.graphml,2,,clustered,0.5;-0.3,14,21,12,2,4,36,24,18,21,6,4,edgeCount
543,149,193,graphml/GtsCe.graphml,2,,clustered,0.5;-0.3,43,13,12,31,0,13,1,13,13,1,0,edgeCount
542,149,193,graphml/GtsCe.graphml,2,,clustered,0.5;-0.3,23,23,6,17,0,23,17,23,23,17,0,edgeCount
541,149,193,graphml/GtsCe.graphml,3,,clustered,0.5;-0.3,4,4,3,1,0,4,1,4,4,1,0,edgeCount
540,149,193,graphml/GtsCe.graphml,1,,clustered,0.5;-0.3,9,9,9,0,0,9,0,9,9,0,0,edgeCount
539,149,193,graphml/GtsCe.graphml,1,,clustered,0.5;-0.3,19,19,19,0,0,19,0,19,19,0,0,edgeCount
538,149,193,graphml/GtsCe.graphml,2,,clustered,0.5;-0.3,-1,-1,-1,0,0,-1,0,-1,-1,0,0,edgeCount
537,149,193,graphml/GtsCe.graphml,3,,clustered,0.5;-0.3,23,40,6,17,6,33,27,33,33,27,6,edgeCount
536,149,193,graphml/GtsCe.graphml,2,,clustered,0.5;-0.3,11,11,5,6,0,11,6,11,11,6,0,edgeCount
535,149,193,graphml/GtsCe.graphml,1,,clustered,0.5;-0.3,4,4,4,0,0,4,0,4,4,0,0,edgeCount
534,149,193,graphml/GtsCe.graphml,2,,clustered,0.5;-0.3,12,12,12,0,4,-1,-13,12,12,0,4,edgeCount
533,149,193,graphml/GtsCe.graphml,2,,clustered,0.5;-0.3,72,72,21,51,0,72,51,72,72,51,0,edgeCount
532,149,193,graphml/GtsCe.graphml,3,,clustered,0.5;-0.3,61,42,11,50,2,18,7,18,18,7,2,edgeCount
531,149,193,graphml/GtsCe.graphml,2,,clustered,0.5;-0.3,17,17,16,1,0,17,1,17,17,1,0,edgeCount
530,149,193,graphml/GtsCe.graphml,2,,clustered,0.5;-0.3,67,45,13,54,8,-1,-14,53,59,40,8,edgeCount
529,149,193,graphml/GtsCe.graphml,2,,clustered,0.5;-0.3,-1,-1,11,-12,0,-1,-12,-1,-1,-12,0,edgeCount
528,149,193,graphml/GtsCe.graphml,3,,clustered,0.5;-0.3,5,5,5,0,0,5,0,5,5,0,0,edgeCount
527,149,193,graphml/GtsCe.graphml,2,,clustered,0.5;-0.3,32,32,12,20,0,32,20,32,32,20,0,edgeCount
526,149,193,graphml/GtsCe.graphml,1,,clustered,0.5;-0.3,5,5,5,0,0,5,0,5,5,0,0,edgeCount
525,149,193,graphml/GtsCe.graphml,2,,clustered,0.5;-0.3,50,14,14,36,2,14,0,50,14,36,2,edgeCount
524,149,193,graphml/GtsCe.graphml,2,,clustered,0.5;-0.3,6,6,5,1,0,6,1,6,6,1,0,edgeCount
523,149,193,graphml/GtsCe.graphml,1,,clustered,0.5;-0.3,-1,-1,-1,0,0,-1,0,-1,-1,0,0,edgeCount
522,149,193,graphml/GtsCe.graphml,2,,clustered,0.5;-0.3,9,9,9,0,2,9,0,9,9,0,2,edgeCount
521,149,193,graphml/GtsCe.graphml,2,,clustered,0.5;-0.3,54,54,20,34,0,54,34,54,54,34,0,edgeCount
520,149,193,graphml/GtsCe.graphml,2,,clustered,0.5;-0.3,18,20,15,3,2,44,29,18,20,3,2,edgeCount
519,149,193,graphml/GtsCe.graphml,3,,clustered,0.5;-0.3,18,18,15,3,0,18,3,18,18,3,0,edgeCount
518,149,193,graphml/GtsCe.graphml,2,,clustered,0.5;-0.3,-1,-1,-1,0,0,-1,0,-1,-1,0,0,edgeCount
517,149,193,graphml/GtsCe.graphml,2,,clustered,0.5;-0.3,37,37,15,22,0,37,22,37,37,22,0,edgeCount
516,149,193,graphml/GtsCe.graphml,2,,clustered,0.5;-0.3,13,13,11,2,0,13,2,13,13,2,0,edgeCount
515,149,193,graphml/GtsCe.graphml,2,,clustered,0.5;-0.3,-1,-1,-1,0,0,-1,0,-1,-1,0,0,edgeCount
514,149,193,graphml/GtsCe.graphml,1,,clustered,0.5;-0.3,12,12,12,0,0,12,0,12,12,0,0,edgeCount
513,149,193,graphml/GtsCe.graphml,2,,clustered,0.5;-0.3,18,18,18,0,0,18,0,18,18,0,0,edgeCount
512,149,193,graphml/GtsCe.graphml,2,,clustered,0.5;-0.3,3,3,3,0,2,3,0,3,3,0,2,edgeCount
511,149,193,graphml/GtsCe.graphml,2,,clustered,0.5;-0.3,43,30,13,30,2,13,0,13,13,0,2,edgeCount
510,149,193,graphml/GtsCe.graphml,1,,clustered,0.5;-0.3,8,8,8,0,0,8,0,8,8,0,0,edgeCount
509,149,193,graphml/GtsCe.graphml,3,,clustered,0.5;-0.3,8,6,6,2,0,21,15,21,21,15,0,edgeCount
508,149,193,graphml/GtsCe.graphml,2,,clustered,0.5;-0.3,7,7,6,1,0,7,1,7,7,1,0,edgeCount
507,149,193,graphml/GtsCe.graphml,2,,clustered,0.5;-0.3,9,23,9,0,0,23,14,23,23,14,0,edgeCount
506,149,193,graphml/GtsCe.graphml,2,,clustered,0.5;-0.3,18,26,13,5,4,42,29,42,68,29,4,edgeCount
505,149,193,graphml/GtsCe.graphml,2,,clustered,0.5;-0.3,20,20,9,11,0,20,11,20,20,11,0,edgeCount
504,149,193,graphml/GtsCe.graphml,2,,clustered,0.5;-0.3,24,26,6,18,2,-1,-7,6,6,0,2,edgeCount
503,149,193,graphml/GtsCe.graphml,1,,clustered,0.5;-0.3,6,6,6,0,0,6,0,6,6,0,0,edgeCount
502,149,193,graphml/GtsCe.graphml,2,,clustered,0.5;-0.3,15,15,15,0,0,15,0,15,15,0,0,edgeCount
501,149,193,graphml/GtsCe.graphml,3,,clustered,0.5;-0.3,24,8,8,16,4,8,0,24,8,16,4,edgeCount
500,149,193,graphml/GtsCe.graphml,3,,clustered,0.5;-0.3,4,6,3,1,0,5,2,4,6,1,0,edgeCount
499,149,193,graphml/GtsCe.graphml,2,,clustered,0.5;-0.3,37,13,5,32,0,-1,-6,-1,-1,-6,0,edgeCount
498,149,193,graphml/GtsCe.graphml,1,,clustered,0.5;-0.3,11,11,11,0,0,11,0,11,11,0,0,edgeCount
497,149,193,graphml/GtsCe.graphml,2,,clustered,0.5;-0.3,10,6,4,6,4,-1,-5,19,15,15,4,edgeCount
496,149,193,graphml/GtsCe.graphml,2,,clustered,0.5;-0.3,11,11,10,1,0,11,1,11,11,1,0,edgeCount
495,149,193,graphml/GtsCe.graphml,2,,clustered,0.5;-0.3,7,7,7,0,0,7,0,7,7,0,0,edgeCount
494,149,193,graphml/GtsCe.graphml,2,,clustered,0.5;-0.3,22,22,12,10,0,22,10,22,22,10,0,edgeCount
493,149,193,graphml/GtsCe.graphml,2,,clustered,0.5;-0.3,9,17,6,3,2,21,15,21,21,15,2,edgeCount
492,149,193,graphml/GtsCe.graphml,2,,clustered,0.5;-0.3,19,19,10,9,0,19,9,19,19,9,0,edgeCount
491,149,193,graphml/GtsCe.graphml,2,,clustered,0.5;-0.3,54,24,15,39,0,-1,-16,-1,-1,-16,0,edgeCount
490,149,193,graphml/GtsCe.graphml,2,,clustered,0.5;-0.3,12,12,10,2,0,12,2,12,12,2,0,edgeCount
489,149,193,graphml/GtsCe.graphml,1,,clustered,0.5;-0.3,17,21,6,11,6,-1,-7,17,21,11,6,edgeCount
488,149,193,graphml/GtsCe.graphml,2,,clustered,0.5;-0.3,38,20,7,31,0,-1,-8,-1,-1,-8,0,edgeCount
487,149,193,graphml/GtsCe.graphml,1,,clustered,0.5;-0.3,4,4,4,0,0,4,0,4,4,0,0,edgeCount
486,149,193,graphml/GtsCe.graphml,2,,clustered,0.5;-0.3,5,10,4,1,0,11,7,11,11,7,0,edgeCount
485,149,193,graphml/GtsCe.graphml,1,,clustered,0.5;-0.3,6,6,6,0,0,6,0,6,6,0,0,edgeCount
484,149,193,graphml/GtsCe.graphml,2,,clustered,0.5;-0.3,63,23,16,47,0,21,5,21,21,5,0,edgeCount
483,149,193,graphml/GtsCe.graphml,2,,clustered,0.5;-0.3,17,30,13,4,0,41,28,41,41,28,0,edgeCount
482,149,193,graphml/GtsCe.graphml,2,,clustered,0.5;-0.3,18,23,11,7,0,26,15,26,26,15,0,edgeCount
481,149,193,graphml/GtsCe.graphml,2,,clustered,0.5;-0.3,11,17,8,3,2,27,19,27,33,19,2,edgeCount
480,149,193,graphml/GtsCe.graphml,2,,clustered,0.5;-0.3,15,15,9,6,0,15,6,15,15,6,0,edgeCount
479,149,193,graphml/GtsCe.graphml,1,,clustered,0.5;-0.3,8,8,8,0,0,8,0,8,8,0,0,edgeCount
478,149,193,graphml/GtsCe.graphml,2,,clustered,0.5;-0.3,-1,-1,10,-11,0,-1,-11,-1,-1,-11,0,edgeCount
477,149,193,graphml/GtsCe.graphml,2,,clustered,0.5;-0.3,12,12,10,2,0,10,0,10,10,0,0,edgeCount
476,149,193,graphml/GtsCe.graphml,2,,clustered,0.5;-0.3,77,31,19,58,4,-1,-20,65,49,46,4,edgeCount
475,149,193,graphml/GtsCe.graphml,2,,clustered,0.5;-0.3,15,15,13,2,0,15,2,15,15,2,0,edgeCount
474,149,193,graphml/GtsCe.graphml,2,,clustered,0.5;-0.3,72,32,21,51,2,-1,-22,58,50,37,2,edgeCount
473,149,193,graphml/GtsCe.graphml,2,,clustered,0.5;-0.3,17,17,14,3,0,17,3,17,17,3,0,edgeCount
472,149,193,graphml/GtsCe.graphml,2,,clustered,0.5;-0.3,-1,-1,-1,0,0,-1,0,-1,-1,0,0,edgeCount
471,149,193,graphml/GtsCe.graphml,3,,clustered,0.5;-0.3,-1,-1,-1,0,0,-1,0,-1,-1,0,0,edgeCount
470,149,193,graphml/GtsCe.graphml,2,,clustered,0.5;-0.3,15,13,13,2,0,29,16,29,29,16,0,edgeCount
469,149,193,graphml/GtsCe.graphml,4,,clustered,0.5;-0.3,72,72,10,62,0,70,60,70,70,60,0,edgeCount
468,149,193,graphml/GtsCe.graphml,1,,clustered,0.5;-0.3,11,41,11,0,2,11,0,11,41,0,2,edgeCount
467,149,193,graphml/GtsCe.graphml,2,,clustered,0.5;-0.3,42,44,9,33,2,12,3,12,12,3,2,edgeCount
466,149,193,graphml/GtsCe.graphml,2,,clustered,0.5;-0.3,27,34,19,8,2,63,44,63,63,44,2,edgeCount
465,149,193,graphml/GtsCe.graphml,2,,clustered,0.5;-0.3,3,3,3,0,0,3,0,3,3,0,0,edgeCount
464,149,193,graphml/GtsCe.graphml,2,,clustered,0.5;-0.3,61,67,11,50,4,-1,-12,44,76,33,4,edgeCount
463,149,193,graphml/GtsCe.graphml,1,,clustered,0.5;-0.3,8,8,8,0,0,8,0,8,8,0,0,edgeCount
462,149,193,graphml/GtsCe.graphml,2,,clustered,0.5;-0.3,21,20,13,8,0,57,44,57,57,44,0,edgeCount
461,149,193,graphml/GtsCe.graphml,2,,clustered,0.5;-0.3,21,45,7,14,8,-1,-8,21,45,14,8,edgeCount
460,149,193,graphml/GtsCe.graphml,2,,clustered,0.5;-0.3,58,20,14,44,0,20,6,20,20,6,0,edgeCount
459,149,193,graphml/GtsCe.graphml,1,,clustered,0.5;-0.3,13,13,13,0,0,13,0,13,13,0,0,edgeCount
458,149,193,graphml/GtsCe.graphml,2,,clustered,0.5;-0.3,22,4,4,18,0,4,0,4,4,0,0,edgeCount
457,149,193,graphml/GtsCe.graphml,2,,clustered,0.5;-0.3,34,26,7,27,2,8,1,8,8,1,2,edgeCount
456,149,193,graphml/GtsCe.graphml,1,,clustered,0.5;-0.3,7,25,7,0,2,7,0,7,25,0,2,edgeCount
455,149,193,graphml/GtsCe.graphml,2,,clustered,0.5;-0.3,21,23,15,6,0,31,16,31,31,16,0,edgeCount
454,149,193,graphml/GtsCe.graphml,2,,clustered,0.5;-0.3,13,13,13,0,8,13,0,13,13,0,8,edgeCount
453,149,193,graphml/GtsCe.graphml,2,,clustered,0.5;-0.3,39,39,13,26,0,39,26,39,39,26,0,edgeCount
452,149,193,graphml/GtsCe.graphml,1,,clustered,0.5;-0.3,10,10,10,0,0,10,0,10,10,0,0,edgeCount
451,149,193,graphml/GtsCe.graphml,2,,clustered,0.5;-0.3,35,5,5,30,6,5,0,5,5,0,6,edgeCount
450,149,193,graphml/GtsCe.graphml,2,,clustered,0.5;-0.3,21,27,15,6,0,49,34,49,49,34,0,edgeCount
449,149,193,graphml/GtsCe.graphml,2,,clustered,0.5;-0.3,4,4,4,0,0,4,0,4,4,0,0,edgeCount
448,149,193,graphml/GtsCe.graphml,2,,clustered,0.5;-0.3,64,56,14,50,6,-1,-15,26,26,12,6,edgeCount
447,149,193,graphml/GtsCe.graphml,2,,clustered,0.5;-0.3,7,7,7,0,0,7,0,7,7,0,0,edgeCount
446,149,193,graphml/GtsCe.graphml,1,,clustered,0.5;-0.3,12,12,12,0,0,12,0,12,12,0,0,edgeCount
445,149,193,graphml/GtsCe.graphml,1,,clustered,0.5;-0.3,12,12,12,0,0,12,0,12,12,0,0,edgeCount
444,149,193,graphml/GtsCe.graphml,2,,clustered,0.5;-0.3,7,7,7,0,0,7,0,7,7,0,0,edgeCount
443,149,193,graphml/GtsCe.graphml,1,,clustered,0.5;-0.3,13,13,13,0,4,13,0,13,13,0,4,edgeCount
442,149,193,graphml/GtsCe.graphml,2,,clustered,0.5;-0.3,44,36,12,32,0,12,0,12,12,0,0,edgeCount
441,149,193,graphml/GtsCe.graphml,1,,clustered,0.5;-0.3,-1,-1,-1,0,2,-1,0,-1,-1,0,2,edgeCount
440,149,193,graphml/GtsCe.graphml,2,,clustered,0.5;-0.3,-1,-1,-1,0,0,-1,0,-1,-1,0,0,edgeCount
439,149,193,graphml/GtsCe.graphml,2,,clustered,0.5;-0.3,8,8,8,0,0,8,0,8,8,0,0,edgeCount
438,149,193,graphml/GtsCe.graphml,2,,clustered,0.5;-0.3,5,5,5,0,0,5,0,5,5,0,0,edgeCount
437,149,193,graphml/GtsCe.graphml,1,,clustered,0.5;-0.3,20,20,20,0,0,20,0,20,20,0,0,edgeCount
436,149,193,graphml/GtsCe.graphml,1,,clustered,0.5;-0.3,26,16,16,10,2,-1,-17,26,16,10,2,edgeCount
435,149,193,graphml/GtsCe.graphml,2,,clustered,0.5;-0.3,12,12,9,3,6,12,3,12,12,3,6,edgeCount
434,149,193,graphml/GtsCe.graphml,2,,clustered,0.5;-0.3,31,11,10,21,2,11,1,31,11,21,2,edgeCount
433,149,193,graphml/GtsCe.graphml,2,,clustered,0.5;-0.3,49,49,17,32,0,49,32,49,49,32,0,edgeCount
432,149,193,graphml/GtsCe.graphml,2,,clustered,0.5;-0.3,27,27,9,18,2,-1,-10,27,27,18,2,edgeCount
431,149,193,graphml/GtsCe.graphml,2,,clustered,0.5;-0.3,15,15,14,1,0,15,1,15,15,1,0,edgeCount
430,149,193,graphml/GtsCe.graphml,2,,clustered,0.5;-0.3,40,40,12,28,0,40,28,40,40,28,0,edgeCount
429,149,193,graphml/GtsCe.graphml,2,,clustered,0.5;-0.3,-1,-1,8,-9,0,-1,-9,-1,-1,-9,0,edgeCount
428,149,193,graphml/GtsCe.graphml,2,,clustered,0.5;-0.3,15,15,15,0,0,15,0,15,15,0,0,edgeCount
427,149,193,graphml/GtsCe.graphml,2,,clustered,0.5;-0.3,35,41,9,26,0,9,0,9,9,0,0,edgeCount
426,149,193,graphml/GtsCe.graphml,2,,clustered,0.5;-0.3,7,7,7,0,0,7,0,7,7,0,0,edgeCount
425,149,193,graphml/GtsCe.graphml,2,,clustered,0.5;-0.3,14,14,14,0,0,14,0,14,14,0,0,edgeCount
424,149,193,graphml/GtsCe.graphml,2,,clustered,0.5;-0.3,27,9,7,20,2,9,2,9,9,2,2,edgeCount
423,149,193,graphml/GtsCe.graphml,2,,clustered,0.5;-0.3,13,15,8,5,0,21,13,21,21,13,0,edgeCount
422,149,193,graphml/GtsCe.graphml,1,,clustered,0.5;-0.3,54,26,21,33,2,-1,-22,54,26,33,2,edgeCount
421,149,193,graphml/GtsCe.graphml,2,,clustered,0.5;-0.3,62,62,20,42,0,62,42,62,62,42,0,edgeCount
420,149,193,graphml/GtsCe.graphml,2,,clustered,0.5;-0.3,17,5,5,12,0,5,0,5,5,0,0,edgeCount
419,149,193,graphml/GtsCe.graphml,1,,clustered,0.5;-0.3,10,10,10,0,0,10,0,10,10,0,0,edgeCount
418,149,193,graphml/GtsCe.graphml,2,,clustered,0.5;-0.3,22,18,15,7,2,54,39,18,18,3,2,edgeCount
417,149,193,graphml/GtsCe.graphml,1,,clustered,0.5;-0.3,19,19,19,0,0,19,0,19,19,0,0,edgeCount
416,149,193,graphml/GtsCe.graphml,1,,clustered,0.5;-0.3,6,6,6,0,0,6,0,6,6,0,0,edgeCount
415,149,193,graphml/GtsCe.graphml,2,,clustered,0.5;-0.3,-1,-1,-1,0,0,-1,0,-1,-1,0,0,edgeCount
414,149,193,graphml/GtsCe.graphml,2,,clustered,0.5;-0.3,12,13,10,2,2,32,22,32,36,22,2,edgeCount
413,149,193,graphml/GtsCe.graphml,2,,clustered,0.5;-0.3,8,8,8,0,2,8,0,8,8,0,2,edgeCount
412,149,193,graphml/GtsCe.graphml,2,,clustered,0.5;-0.3,-1,-1,-1,0,0,-1,0,-1,-1,0,0,edgeCount
411,149,193,graphml/GtsCe.graphml,2,,clustered,0.5;-0.3,-1,-1,11,-12,0,-1,-12,-1,-1,-12,0,edgeCount
410,149,193,graphml/GtsCe.graphml,2,,clustered,0.5;-0.3,57,57,15,42,0,57,42,57,57,42,0,edgeCount
409,149,193,graphml/GtsCe.graphml,1,,clustered,0.5;-0.3,4,4,4,0,0,4,0,4,4,0,0,edgeCount
408,149,193,graphml/GtsCe.graphml,1,,clustered,0.5;-0.3,43,41,13,30,4,-1,-14,43,41,30,4,edgeCount
407,149,193,graphml/GtsCe.graphml,1,,clustered,0.5;-0.3,10,10,10,0,0,10,0,10,10,0,0,edgeCount
406,149,193,graphml/GtsCe.graphml,2,,clustered,0.5;-0.3,19,19,11,8,0,19,8,19,19,8,0,edgeCount
405,149,193,graphml/GtsCe.graphml,3,,clustered,0.5;-0.3,88,20,13,75,2,-1,-14,85,81,72,2,edgeCount
404,149,193,graphml/GtsCe.graphml,1,,clustered,0.5;-0.3,13,13,13,0,0,13,0,13,13,0,0,edgeCount
403,149,193,graphml/GtsCe.graphml,2,,clustered,0.5;-0.3,22,22,9,13,0,22,13,22,22,13,0,edgeCount
402,149,193,graphml/GtsCe.graphml,2,,clustered,0.5;-0.3,10,28,8,2,2,20,12,20,20,12,2,edgeCount
401,149,193,graphml/GtsCe.graphml,2,,clustered,0.5;-0.3,18,18,7,11,0,18,11,18,18,11,0,edgeCount
400,149,193,graphml/GtsCe.graphml,2,,clustered,0.5;-0.3,-1,-1,-1,0,0,-1,0,-1,-1,0,0,edgeCount
399,149,193,graphml/GtsCe.graphml,1,,clustered,0.5;-0.3,17,17,17,0,0,17,0,17,17,0,0,edgeCount
398,149,193,graphml/GtsCe.graphml,2,,clustered,0.5;-0.3,-1,-1,-1,0,0,-1,0,-1,-1,0,0,edgeCount
397,149,193,graphml/GtsCe.graphml,2,,clustered,0.5;-0.3,7,7,7,0,0,7,0,7,7,0,0,edgeCount
396,149,193,graphml/GtsCe.graphml,2,,clustered,0.5;-0.3,7,7,7,0,6,7,0,7,7,0,6,edgeCount
395,149,193,graphml/GtsCe.graphml,2,,clustered,0.5;-0.3,10,10,10,0,0,10,0,10,10,0,0,edgeCount
394,149,193,graphml/GtsCe.graphml,2,,clustered,0.5;-0.3,8,30,6,2,2,6,0,6,6,0,2,edgeCount
393,149,193,graphml/GtsCe.graphml,1,,clustered,0.5;-0.3,-1,-1,12,-13,2,-1,-13,-1,-1,-13,2,edgeCount
392,149,193,graphml/GtsCe.graphml,2,,clustered,0.5;-0.3,27,9,9,18,2,9,0,9,9,0,2,edgeCount
391,149,193,graphml/GtsCe.graphml,2,,clustered,0.5;-0.3,66,66,19,47,0,66,47,66,66,47,0,edgeCount
390,149,193,graphml/GtsCe.graphml,2,,clustered,0.5;-0.3,-1,-1,-1,0,0,-1,0,-1,-1,0,0,edgeCount
389,149,193,graphml/GtsCe.graphml,2,,clustered,0.5;-0.3,57,57,16,41,0,57,41,57,57,41,0,edgeCount
388,149,193,graphml/GtsCe.graphml,2,,clustered,0.5;-0.3,22,8,8,14,2,8,0,8,34,0,2,edgeCount
387,149,193,graphml/GtsCe.graphml,1,,clustered,0.5;-0.3,36,20,19,17,4,-1,-20,36,20,17,4,edgeCount
386,149,193,graphml/GtsCe.graphml,2,,clustered,0.5;-0.3,14,14,14,0,0,14,0,14,14,0,0,edgeCount
385,149,193,graphml/GtsCe.graphml,1,,clustered,0.5;-0.3,6,6,6,0,0,6,0,6,6,0,0,edgeCount
384,149,193,graphml/GtsCe.graphml,2,,clustered,0.5;-0.3,9,9,8,1,0,9,1,9,9,1,0,edgeCount
383,149,193,graphml/GtsCe.graphml,2,,clustered,0.5;-0.3,22,19,16,6,0,56,40,56,56,40,0,edgeCount
382,149,193,graphml/GtsCe.graphml,2,,clustered,0.5;-0.3,23,23,9,14,0,23,14,23,23,14,0,edgeCount
381,149,193,graphml/GtsCe.graphml,2,,clustered,0.5;-0.3,18,17,14,4,6,17,3,18,17,4,6,edgeCount
380,149,193,graphml/GtsCe.graphml,2,,clustered,0.5;-0.3,40,28,10,30,4,-1,-11,14,14,4,4,edgeCount
379,149,193,graphml/GtsCe.graphml,2,,clustered,0.5;-0.3,15,15,14,1,0,15,1,15,15,1,0,edgeCount
378,149,193,graphml/GtsCe.graphml,1,,clustered,0.5;-0.3,6,6,6,0,0,6,0,6,6,0,0,edgeCount
377,149,193,graphml/GtsCe.graphml,2,,clustered,0.5;-0.3,7,23,7,0,0,7,0,7,7,0,0,edgeCount
376,149,193,graphml/GtsCe.graphml,3,,clustered,0.5;-0.3,65,31,14,51,2,-1,-15,99,109,85,2,edgeCount
375,149,193,graphml/GtsCe.graphml,2,,clustered,0.5;-0.3,5,5,5,0,0,5,0,5,5,0,0,edgeCount
374,149,193,graphml/GtsCe.graphml,1,,clustered,0.5;-0.3,-1,-1,-1,0,0,-1,0,-1,-1,0,0,edgeCount
373,149,193,graphml/GtsCe.graphml,2,,clustered,0.5;-0.3,-1,-1,-1,0,0,-1,0,-1,-1,0,0,edgeCount
372,149,193,graphml/GtsCe.graphml,1,,clustered,0.5;-0.3,17,17,17,0,0,17,0,17,17,0,0,edgeCount
371,149,193,graphml/GtsCe.graphml,2,,clustered,0.5;-0.3,52,18,17,35,0,18,1,18,18,1,0,edgeCount
370,149,193,graphml/GtsCe.graphml,2,,clustered,0.5;-0.3,18,20,13,5,0,38,25,38,38,25,0,edgeCount
369,149,193,graphml/GtsCe.graphml,2,,clustered,0.5;-0.3,58,58,17,41,0,58,41,58,58,41,0,edgeCount
368,149,193,graphml/GtsCe.graphml,2,,clustered,0.5;-0.3,15,15,14,1,0,15,1,15,15,1,0,edgeCount
367,149,193,graphml/GtsCe.graphml,2,,clustered,0.5;-0.3,9,8,7,2,2,8,1,8,8,1,2,edgeCount
366,149,193,graphml/GtsCe.graphml,2,,clustered,0.5;-0.3,9,12,9,0,2,15,6,15,19,6,2,edgeCount
365,149,193,graphml/GtsCe.graphml,2,,clustered,0.5;-0.3,30,18,10,20,2,-1,-11,18,18,8,2,edgeCount
364,149,193,graphml/GtsCe.graphml,2,,clustered,0.5;-0.3,-1,-1,-1,0,0,-1,0,-1,-1,0,0,edgeCount
363,149,193,graphml/GtsCe.graphml,2,,clustered,0.5;-0.3,5,5,5,0,0,5,0,5,5,0,0,edgeCount
362,149,193,graphml/GtsCe.graphml,2,,clustered,0.5;-0.3,64,64,16,48,0,64,48,64,64,48,0,edgeCount
361,149,193,graphml/GtsCe.graphml,2,,clustered,0.5;-0.3,22,16,6,16,0,6,0,6,6,0,0,edgeCount
360,149,193,graphml/GtsCe.graphml,3,,clustered,0.5;-0.3,2,3,2,0,0,3,1,3,3,1,0,edgeCount
359,149,193,graphml/GtsCe.graphml,1,,clustered,0.5;-0.3,4,4,4,0,0,4,0,4,4,0,0,edgeCount
358,149,193,graphml/GtsCe.graphml,3,,clustered,0.5;-0.3,9,3,3,6,0,3,0,3,3,0,0,edgeCount
357,149,193,graphml/GtsCe.graphml,1,,clustered,0.5;-0.3,7,7,7,0,0,7,0,7,7,0,0,edgeCount
356,149,193,graphml/GtsCe.graphml,2,,clustered,0.5;-0.3,7,7,7,0,0,7,0,7,7,0,0,edgeCount
355,149,193,graphml/GtsCe.graphml,2,,clustered,0.5;-0.3,58,26,19,39,4,-1,-20,62,26,43,4,edgeCount
354,149,193,graphml/GtsCe.graphml,2,,clustered,0.5;-0.3,12,12,10,2,0,12,2,12,12,2,0,edgeCount
353,149,193,graphml/GtsCe.graphml,2,,clustered,0.5;-0.3,13,13,5,8,0,13,8,13,13,8,0,edgeCount
352,149,193,graphml/GtsCe.graphml,2,,clustered,0.5;-0.3,10,10,10,0,0,10,0,10,10,0,0,edgeCount
351,149,193,graphml/GtsCe.graphml,2,,clustered,0.5;-0.3,7,7,7,0,2,7,0,7,7,0,2,edgeCount
350,149,193,graphml/GtsCe.graphml,2,,clustered,0.5;-0.3,9,9,7,2,6,9,2,9,9,2,6,edgeCount
349,149,193,graphml/GtsCe.graphml,2,,clustered,0.5;-0.3,-1,-1,14,-15,2,-1,-15,42,42,28,2,edgeCount
348,149,193,graphml/GtsCe.graphml,2,,clustered,0.5;-0.3,23,13,7,16,2,7,0,7,7,0,2,edgeCount
347,149,193,graphml/GtsCe.graphml,2,,clustered,0.5;-0.3,11,11,11,0,0,-1,-12,-1,-1,-12,0,edgeCount
346,149,193,graphml/GtsCe.graphml,2,,clustered,0.5;-0.3,8,8,8,0,0,8,0,8,8,0,0,edgeCount
345,149,193,graphml/GtsCe.graphml,3,,clustered,0.5;-0.3,6,6,6,0,0,6,0,6,6,0,0,edgeCount
344,149,193,graphml/GtsCe.graphml,2,,clustered,0.5;-0.3,8,8,4,4,0,8,4,8,8,4,0,edgeCount
343,149,193,graphml/GtsCe.graphml,2,,clustered,0.5;-0.3,12,12,12,0,0,12,0,12,12,0,0,edgeCount
342,149,193,graphml/GtsCe.graphml,1,,clustered,0.5;-0.3,15,25,15,0,4,15,0,15,25,0,4,edgeCount
341,149,193,graphml/GtsCe.graphml,2,,clustered,0.5;-0.3,14,14,13,1,0,14,1,14,14,1,0,edgeCount
340,149,193,graphml/GtsCe.graphml,2,,clustered,0.5;-0.3,3,3,3,0,0,3,0,3,3,0,0,edgeCount
339,149,193,graphml/GtsCe.graphml,1,,clustered,0.5;-0.3,17,17,17,0,4,17,0,17,17,0,4,edgeCount
338,149,193,graphml/GtsCe.graphml,2,,clustered,0.5;-0.3,10,10,10,0,0,10,0,10,10,0,0,edgeCount
337,149,193,graphml/GtsCe.graphml,3,,clustered,0.5;-0.3,15,15,12,3,0,49,37,15,15,3,0,edgeCount
336,149,193,graphml/GtsCe.graphml,1,,clustered,0.5;-0.3,8,8,8,0,0,8,0,8,8,0,0,edgeCount
335,149,193,graphml/GtsCe.graphml,2,,clustered,0.5;-0.3,9,29,4,5,4,17,13,17,17,13,4,edgeCount
334,149,193,graphml/GtsCe.graphml,2,,clustered,0.5;-0.3,23,23,9,14,0,23,14,23,23,14,0,edgeCount
333,149,193,graphml/GtsCe.graphml,2,,clustered,0.5;-0.3,7,7,7,0,0,7,0,7,7,0,0,edgeCount
332,149,193,graphml/GtsCe.graphml,2,,clustered,0.5;-0.3,26,10,10,16,2,10,0,10,20,0,2,edgeCount
331,149,193,graphml/GtsCe.graphml,2,,clustered,0.5;-0.3,8,31,3,5,2,3,0,3,3,0,2,edgeCount
330,149,193,graphml/GtsCe.graphml,1,,clustered,0.5;-0.3,4,4,4,0,0,4,0,4,4,0,0,edgeCount
329,149,193,graphml/GtsCe.graphml,2,,clustered,0.5;-0.3,-1,-1,-1,0,0,-1,0,-1,-1,0,0,edgeCount
328,149,193,graphml/GtsCe.graphml,1,,clustered,0.5;-0.3,9,9,9,0,0,9,0,9,9,0,0,edgeCount
327,149,193,graphml/GtsCe.graphml,1,,clustered,0.5;-0.3,17,71,17,0,4,17,0,17,71,0,4,edgeCount
326,149,193,graphml/GtsCe.graphml,1,,clustered,0.5;-0.3,8,8,8,0,2,8,0,8,8,0,2,edgeCount
325,149,193,graphml/GtsCe.graphml,2,,clustered,0.5;-0.3,23,30,15,8,2,15,0,15,15,0,2,edgeCount
324,149,193,graphml/GtsCe.graphml,2,,clustered,0.5;-0.3,11,11,11,0,0,11,0,11,11,0,0,edgeCount
323,149,193,graphml/GtsCe.graphml,2,,clustered,0.5;-0.3,-1,-1,-1,0,0,-1,0,-1,-1,0,0,edgeCount
322,149,193,graphml/GtsCe.graphml,2,,clustered,0.5;-0.3,13,13,13,0,0,13,0,13,13,0,0,edgeCount
321,149,193,graphml/GtsCe.graphml,1,,clustered,0.5;-0.3,10,10,10,0,0,10,0,10,10,0,0,edgeCount
320,149,193,graphml/GtsCe.graphml,1,,clustered,0.5;-0.3,26,26,16,10,2,16,0,26,26,10,2,edgeCount
319,149,193,graphml/GtsCe.graphml,2,,clustered,0.5;-0.3,10,10,7,3,0,22,15,22,22,15,0,edgeCount
318,149,193,graphml/GtsCe.graphml,2,,clustered,0.5;-0.3,42,30,12,30,2,12,0,42,30,30,2,edgeCount
317,149,193,graphml/GtsCe.graphml,3,,clustered,0.5;-0.3,53,53,10,43,4,-1,-11,53,53,43,4,edgeCount
316,149,193,graphml/GtsCe.graphml,2,,clustered,0.5;-0.3,17,17,14,3,0,35,21,35,35,21,0,edgeCount
315,149,193,graphml/GtsCe.graphml,1,,clustered,0.5;-0.3,-1,-1,-1,0,0,-1,0,-1,-1,0,0,edgeCount
314,149,193,graphml/GtsCe.graphml,2,,clustered,0.5;-0.3,24,24,8,16,0,24,16,24,24,16,0,edgeCount
313,149,193,graphml/GtsCe.graphml,2,,clustered,0.5;-0.3,16,16,8,8,0,16,8,16,16,8,0,edgeCount
312,149,193,graphml/GtsCe.graphml,1,,clustered,0.5;-0.3,5,5,5,0,0,5,0,5,5,0,0,edgeCount
311,149,193,graphml/GtsCe.graphml,3,,clustered,0.5;-0.3,23,34,11,12,2,20,9,20,20,9,2,edgeCount
310,149,193,graphml/GtsCe.graphml,2,,clustered,0.5;-0.3,24,12,7,17,0,-1,-8,-1,-1,-8,0,edgeCount
309,149,193,graphml/GtsCe.graphml,1,,clustered,0.5;-0.3,15,15,15,0,0,15,0,15,15,0,0,edgeCount
308,149,193,graphml/GtsCe.graphml,1,,clustered,0.5;-0.3,9,9,9,0,0,9,0,9,9,0,0,edgeCount
307,149,193,graphml/GtsCe.graphml,2,,clustered,0.5;-0.3,-1,-1,-1,0,0,-1,0,-1,-1,0,0,edgeCount
306,149,193,graphml/GtsCe.graphml,2,,clustered,0.5;-0.3,10,10,10,0,0,10,0,10,10,0,0,edgeCount
305,149,193,graphml/GtsCe.graphml,2,,clustered,0.5;-0.3,14,14,12,2,4,-1,-13,14,14,2,4,edgeCount
304,149,193,graphml/GtsCe.graphml,2,,clustered,0.5;-0.3,18,14,6,12,6,6,0,6,6,0,6,edgeCount
303,149,193,graphml/GtsCe.graphml,2,,clustered,0.5;-0.3,40,14,14,26,8,14,0,14,14,0,8,edgeCount
302,149,193,graphml/GtsCe.graphml,2,,clustered,0.5;-0.3,19,7,7,12,0,7,0,7,7,0,0,edgeCount
301,149,193,graphml/GtsCe.graphml,2,,clustered,0.5;-0.3,20,20,16,4,0,36,20,36,36,20,0,edgeCount
300,149,193,graphml/GtsCe.graphml,2,,clustered,0.5;-0.3,-1,-1,12,-13,0,-1,-13,-1,-1,-13,0,edgeCount
299,149,193,graphml/GtsCe.graphml,2,,clustered,0.5;-0.3,9,9,9,0,0,9,0,9,9,0,0,edgeCount
298,149,193,graphml/GtsCe.graphml,2,,clustered,0.5;-0.3,6,6,6,0,0,6,0,6,6,0,0,edgeCount
297,149,193,graphml/GtsCe.graphml,2,,clustered,0.5;-0.3,42,13,11,31,6,-1,-12,42,13,31,6,edgeCount
296,149,193,graphml/GtsCe.graphml,2,,clustered,0.5;-0.3,6,14,6,0,0,14,8,14,14,8,0,edgeCount
295,149,193,graphml/GtsCe.graphml,2,,clustered,0.5;-0.3,11,11,11,0,0,11,0,11,11,0,0,edgeCount
294,149,193,graphml/GtsCe.graphml,2,,clustered,0.5;-0.3,7,34,7,0,0,19,12,19,19,12,0,edgeCount
293,149,193,graphml/GtsCe.graphml,2,,clustered,0.5;-0.3,6,6,6,0,0,-1,-7,6,6,0,0,edgeCount
292,149,193,graphml/GtsCe.graphml,2,,clustered,0.5;-0.3,10,10,10,0,0,10,0,10,10,0,0,edgeCount
291,149,193,graphml/GtsCe.graphml,2,,clustered,0.5;-0.3,12,12,12,0,0,12,0,12,12,0,0,edgeCount
290,149,193,graphml/GtsCe.graphml,2,,clustered,0.5;-0.3,28,26,8,20,2,26,18,26,26,18,2,edgeCount
289,149,193,graphml/GtsCe.graphml,2,,clustered,0.5;-0.3,23,43,16,7,0,53,37,53,53,37,0,edgeCount
288,149,193,graphml/GtsCe.graphml,2,,clustered,0.5;-0.3,19,19,17,2,0,19,2,19,19,2,0,edgeCount
287,149,193,graphml/GtsCe.graphml,2,,clustered,0.5;-0.3,31,31,11,20,0,31,20,31,31,20,0,edgeCount
286,149,193,graphml/GtsCe.graphml,2,,clustered,0.5;-0.3,29,37,9,20,2,9,0,29,9,20,2,edgeCount
285,149,193,graphml/GtsCe.graphml,1,,clustered,0.5;-0.3,2,2,2,0,0,2,0,2,2,0,0,edgeCount
284,149,193,graphml/GtsCe.graphml,2,,clustered,0.5;-0.3,13,26,8,5,4,10,2,10,10,2,4,edgeCount
283,149,193,graphml/GtsCe.graphml,2,,clustered,0.5;-0.3,15,15,15,0,0,15,0,15,15,0,0,edgeCount
282,149,193,graphml/GtsCe.graphml,2,,clustered,0.5;-0.3,14,14,14,0,0,14,0,14,14,0,0,edgeCount
281,149,193,graphml/GtsCe.graphml,2,,clustered,0.5;-0.3,55,55,18,37,0,55,37,55,55,37,0,edgeCount
280,149,193,graphml/GtsCe.graphml,2,,clustered,0.5;-0.3,11,47,8,3,2,25,17,25,53,17,2,edgeCount
279,149,193,graphml/GtsCe.graphml,2,,clustered,0.5;-0.3,-1,-1,6,-7,0,-1,-7,-1,-1,-7,0,edgeCount
278,149,193,graphml/GtsCe.graphml,2,,clustered,0.5;-0.3,-1,-1,-1,0,0,-1,0,-1,-1,0,0,edgeCount
277,149,193,graphml/GtsCe.graphml,1,,clustered,0.5;-0.3,6,6,6,0,0,6,0,6,6,0,0,edgeCount
276,149,193,graphml/GtsCe.graphml,2,,clustered,0.5;-0.3,14,14,14,0,0,14,0,14,14,0,0,edgeCount
275,149,193,graphml/GtsCe.graphml,2,,clustered,0.5;-0.3,21,21,19,2,0,21,2,21,21,2,0,edgeCount
274,149,193,graphml/GtsCe.graphml,2,,clustered,0.5;-0.3,21,9,9,12,2,-1,-10,38,34,29,2,edgeCount
273,149,193,graphml/GtsCe.graphml,2,,clustered,0.5;-0.3,16,22,15,1,0,40,25,40,40,25,0,edgeCount
272,149,193,graphml/GtsCe.graphml,2,,clustered,0.5;-0.3,18,19,13,5,2,38,25,18,54,5,2,edgeCount
271,149,193,graphml/GtsCe.graphml,1,,clustered,0.5;-0.3,19,19,19,0,0,19,0,19,19,0,0,edgeCount
270,149,193,graphml/GtsCe.graphml,2,,clustered,0.5;-0.3,50,20,15,35,2,-1,-16,43,43,28,2,edgeCount
269,149,193,graphml/GtsCe.graphml,1,,clustered,0.5;-0.3,-1,-1,-1,0,2,-1,0,-1,-1,0,2,edgeCount
268,149,193,graphml/GtsCe.graphml,2,,clustered,0.5;-0.3,14,14,12,2,2,-1,-13,41,41,29,2,edgeCount
267,149,193,graphml/GtsCe.graphml,2,,clustered,0.5;-0.3,34,34,9,25,0,10,1,10,10,1,0,edgeCount
266,149,193,graphml/GtsCe.graphml,2,,clustered,0.5;-0.3,9,3,3,6,0,3,0,3,3,0,0,edgeCount
265,149,193,graphml/GtsCe.graphml,1,,clustered,0.5;-0.3,21,15,15,6,2,-1,-16,21,15,6,2,edgeCount
264,149,193,graphml/GtsCe.graphml,3,,clustered,0.5;-0.3,12,43,9,3,6,27,18,27,33,18,6,edgeCount
263,149,193,graphml/GtsCe.graphml,2,,clustered,0.5;-0.3,-1,-1,12,-13,0,-1,-13,-1,-1,-13,0,edgeCount
262,149,193,graphml/GtsCe.graphml,2,,clustered,0.5;-0.3,46,54,10,36,0,10,0,10,10,0,0,edgeCount
261,149,193,graphml/GtsCe.graphml,2,,clustered,0.5;-0.3,18,26,15,3,6,48,33,18,66,3,6,edgeCount
260,149,193,graphml/GtsCe.graphml,1,,clustered,0.5;-0.3,18,21,10,8,4,-1,-11,18,21,8,4,edgeCount
259,149,193,graphml/GtsCe.graphml,2,,clustered,0.5;-0.3,-1,-1,-1,0,0,-1,0,-1,-1,0,0,edgeCount
258,149,193,graphml/GtsCe.graphml,1,,clustered,0.5;-0.3,9,9,9,0,0,9,0,9,9,0,0,edgeCount
257,149,193,graphml/GtsCe.graphml,2,,clustered,0.5;-0.3,25,21,5,20,4,-1,-6,9,5,4,4,edgeCount
256,149,193,graphml/GtsCe.graphml,2,,clustered,0.5;-0.3,38,38,11,27,0,-1,-12,38,38,27,0,edgeCount
255,149,193,graphml/GtsCe.graphml,1,,clustered,0.5;-0.3,13,13,13,0,2,13,0,13,13,0,2,edgeCount
254,149,193,graphml/GtsCe.graphml,2,,clustered,0.5;-0.3,16,20,13,3,2,36,23,36,40,23,2,edgeCount
253,149,193,graphml/GtsCe.graphml,2,,clustered,0.5;-0.3,49,49,15,34,2,15,0,15,15,0,2,edgeCount
252,149,193,graphml/GtsCe.graphml,2,,clustered,0.5;-0.3,11,43,5,6,2,25,20,25,41,20,2,edgeCount
251,149,193,graphml/GtsCe.graphml,2,,clustered,0.5;-0.3,21,16,13,8,0,53,40,53,53,40,0,edgeCount
250,149,193,graphml/GtsCe.graphml,2,,clustered,0.5;-0.3,-1,-1,13,-14,0,-1,-14,-1,-1,-14,0,edgeCount
249,149,193,graphml/GtsCe.graphml,2,,clustered,0.5;-0.3,8,16,8,0,6,16,8,16,16,8,6,edgeCount
248,149,193,graphml/GtsCe.graphml,3,,clustered,0.5;-0.3,32,16,12,20,0,28,16,28,28,16,0,edgeCount
247,149,193,graphml/GtsCe.graphml,2,,clustered,0.5;-0.3,-1,-1,-1,0,0,-1,0,-1,-1,0,0,edgeCount
246,149,193,graphml/GtsCe.graphml,2,,clustered,0.5;-0.3,15,15,15,0,0,15,0,15,15,0,0,edgeCount
245,149,193,graphml/GtsCe.graphml,2,,clustered,0.5;-0.3,-1,-1,-1,0,2,-1,0,-1,-1,0,2,edgeCount
244,149,193,graphml/GtsCe.graphml,3,,clustered,0.5;-0.3,10,10,9,1,0,10,1,10,10,1,0,edgeCount
243,149,193,graphml/GtsCe.graphml,2,,clustered,0.5;-0.3,37,37,14,23,0,37,23,37,37,23,0,edgeCount
242,149,193,graphml/GtsCe.graphml,2,,clustered,0.5;-0.3,40,40,12,28,0,40,28,40,40,28,0,edgeCount
241,149,193,graphml/GtsCe.graphml,2,,clustered,0.5;-0.3,40,40,11,29,0,40,29,40,40,29,0,edgeCount
240,149,193,graphml/GtsCe.graphml,2,,clustered,0.5;-0.3,-1,-1,14,-15,0,-1,-15,-1,-1,-15,0,edgeCount
239,149,193,graphml/GtsCe.graphml,2,,clustered,0.5;-0.3,-1,-1,-1,0,0,-1,0,-1,-1,0,0,edgeCount
238,149,193,graphml/GtsCe.graphml,2,,clustered,0.5;-0.3,30,22,9,21,0,10,1,10,10,1,0,edgeCount
237,149,193,graphml/GtsCe.graphml,2,,clustered,0.5;-0.3,16,31,11,5,0,36,25,36,36,25,0,edgeCount
236,149,193,graphml/GtsCe.graphml,2,,clustered,0.5;-0.3,10,15,9,1,2,16,7,16,22,7,2,edgeCount
235,149,193,graphml/GtsCe.graphml,2,,clustered,0.5;-0.3,12,12,11,1,6,12,1,12,12,1,6,edgeCount
234,149,193,graphml/GtsCe.graphml,2,,clustered,0.5;-0.3,23,23,8,15,0,23,15,23,23,15,0,edgeCount
233,149,193,graphml/GtsCe.graphml,2,,clustered,0.5;-0.3,11,7,6,5,0,7,1,7,7,1,0,edgeCount
232,149,193,graphml/GtsCe.graphml,2,,clustered,0.5;-0.3,5,5,5,0,0,5,0,5,5,0,0,edgeCount
231,149,193,graphml/GtsCe.graphml,2,,clustered,0.5;-0.3,12,12,12,0,0,12,0,12,12,0,0,edgeCount
230,149,193,graphml/GtsCe.graphml,2,,clustered,0.5;-0.3,3,3,3,0,0,3,0,3,3,0,0,edgeCount
229,149,193,graphml/GtsCe.graphml,2,,clustered,0.5;-0.3,20,14,13,7,0,14,1,14,14,1,0,edgeCount
228,149,193,graphml/GtsCe.graphml,2,,clustered,0.5;-0.3,25,9,9,16,6,-1,-10,24,22,15,6,edgeCount
227,149,193,graphml/GtsCe.graphml,2,,clustered,0.5;-0.3,27,31,5,22,2,5,0,27,31,22,2,edgeCount
226,149,193,graphml/GtsCe.graphml,2,,clustered,0.5;-0.3,-1,-1,-1,0,0,-1,0,-1,-1,0,0,edgeCount
225,149,193,graphml/GtsCe.graphml,2,,clustered,0.5;-0.3,22,22,20,2,0,22,2,22,22,2,0,edgeCount
224,149,193,graphml/GtsCe.graphml,1,,clustered,0.5;-0.3,14,14,14,0,0,14,0,14,14,0,0,edgeCount
223,149,193,graphml/GtsCe.graphml,2,,clustered,0.5;-0.3,4,4,4,0,0,4,0,4,4,0,0,edgeCount
222,149,193,graphml/GtsCe.graphml,2,,clustered,0.5;-0.3,30,12,11,19,2,-1,-12,37,23,26,2,edgeCount
221,149,193,graphml/GtsCe.graphml,2,,clustered,0.5;-0.3,20,20,10,10,0,20,10,20,20,10,0,edgeCount
220,149,193,graphml/GtsCe.graphml,2,,clustered,0.5;-0.3,28,28,11,17,2,28,17,28,28,17,2,edgeCount
219,149,193,graphml/GtsCe.graphml,4,,clustered,0.5;-0.3,6,6,4,2,2,6,2,4,6,0,2,edgeCount
218,149,193,graphml/GtsCe.graphml,2,,clustered,0.5;-0.3,6,18,5,1,0,6,1,6,6,1,0,edgeCount
217,149,193,graphml/GtsCe.graphml,2,,clustered,0.5;-0.3,56,56,17,39,0,56,39,56,56,39,0,edgeCount
216,149,193,graphml/GtsCe.graphml,2,,clustered,0.5;-0.3,19,19,8,11,0,19,11,19,19,11,0,edgeCount
215,149,193,graphml/GtsCe.graphml,3,,clustered,0.5;-0.3,17,2,2,15,0,2,0,2,2,0,0,edgeCount
214,149,193,graphml/GtsCe.graphml,2,,clustered,0.5;-0.3,-1,-1,-1,0,0,-1,0,-1,-1,0,0,edgeCount
213,149,193,graphml/GtsCe.graphml,1,,clustered,0.5;-0.3,8,44,8,0,2,8,0,8,44,0,2,edgeCount
212,149,193,graphml/GtsCe.graphml,2,,clustered,0.5;-0.3,49,23,11,38,0,-1,-12,-1,-1,-12,0,edgeCount
211,149,193,graphml/GtsCe.graphml,1,,clustered,0.5;-0.3,16,64,16,0,2,16,0,16,64,0,2,edgeCount
210,149,193,graphml/GtsCe.graphml,2,,clustered,0.5;-0.3,-1,-1,15,-16,0,-1,-16,-1,-1,-16,0,edgeCount
209,149,193,graphml/GtsCe.graphml,2,,clustered,0.5;-0.3,4,2,2,2,2,-1,-3,2,2,0,2,edgeCount
208,149,193,graphml/GtsCe.graphml,2,,clustered,0.5;-0.3,14,14,14,0,0,14,0,14,14,0,0,edgeCount
207,149,193,graphml/GtsCe.graphml,2,,clustered,0.5;-0.3,29,61,7,22,4,7,0,9,9,2,4,edgeCount
206,149,193,graphml/GtsCe.graphml,2,,clustered,0.5;-0.3,47,47,14,33,0,47,33,47,47,33,0,edgeCount
205,149,193,graphml/GtsCe.graphml,2,,clustered,0.5;-0.3,13,13,12,1,0,41,29,41,41,29,0,edgeCount
204,149,193,graphml/GtsCe.graphml,2,,clustered,0.5;-0.3,2,2,2,0,0,2,0,2,2,0,0,edgeCount
203,149,193,graphml/GtsCe.graphml,2,,clustered,0.5;-0.3,24,26,8,16,2,24,16,24,24,16,2,edgeCount
202,149,193,graphml/GtsCe.graphml,2,,clustered,0.5;-0.3,8,8,8,0,0,8,0,8,8,0,0,edgeCount
201,149,193,graphml/GtsCe.graphml,4,,clustered,0.5;-0.3,9,23,5,4,2,27,22,15,15,10,2,edgeCount
200,149,193,graphml/GtsCe.graphml,2,,clustered,0.5;-0.3,42,42,14,28,0,30,16,30,30,16,0,edgeCount
199,149,193,graphml/GtsCe.graphml,2,,clustered,0.5;-0.3,29,29,11,18,2,27,16,29,29,18,2,edgeCount
198,149,193,graphml/GtsCe.graphml,2,,clustered,0.5;-0.3,12,24,4,8,0,4,0,4,4,0,0,edgeCount
197,149,193,graphml/GtsCe.graphml,2,,clustered,0.5;-0.3,17,17,17,0,0,17,0,17,17,0,0,edgeCount
196,149,193,graphml/GtsCe.graphml,2,,clustered,0.5;-0.3,60,60,21,39,2,-1,-22,60,60,39,2,edgeCount
195,149,193,graphml/GtsCe.graphml,1,,clustered,0.5;-0.3,16,50,16,0,2,16,0,16,50,0,2,edgeCount
194,149,193,graphml/GtsCe.graphml,2,,clustered,0.5;-0.3,6,6,6,0,0,6,0,6,6,0,0,edgeCount
193,149,193,graphml/GtsCe.graphml,2,,clustered,0.5;-0.3,13,13,13,0,0,13,0,13,13,0,0,edgeCount
192,149,193,graphml/GtsCe.graphml,2,,clustered,0.5;-0.3,-1,-1,-1,0,0,-1,0,-1,-1,0,0,edgeCount
191,149,193,graphml/GtsCe.graphml,2,,clustered,0.5;-0.3,21,67,16,5,0,51,35,51,51,35,0,edgeCount
190,149,193,graphml/GtsCe.graphml,1,,clustered,0.5;-0.3,5,5,5,0,2,5,0,5,5,0,2,edgeCount
189,149,193,graphml/GtsCe.graphml,1,,clustered,0.5;-0.3,14,14,14,0,0,14,0,14,14,0,0,edgeCount
188,149,193,graphml/GtsCe.graphml,1,,clustered,0.5;-0.3,8,8,8,0,0,8,0,8,8,0,0,edgeCount
187,149,193,graphml/GtsCe.graphml,2,,clustered,0.5;-0.3,18,15,13,5,6,40,27,40,48,27,6,edgeCount
186,149,193,graphml/GtsCe.graphml,2,,clustered,0.5;-0.3,29,29,11,18,2,29,18,29,29,18,2,edgeCount
185,149,193,graphml/GtsCe.graphml,1,,clustered,0.5;-0.3,13,13,7,6,4,-1,-8,13,13,6,4,edgeCount
184,149,193,graphml/GtsCe.graphml,2,,clustered,0.5;-0.3,15,15,15,0,0,15,0,15,15,0,0,edgeCount
183,149,193,graphml/GtsCe.graphml,3,,clustered,0.5;-0.3,5,5,5,0,0,7,2,7,7,2,0,edgeCount
182,149,193,graphml/GtsCe.graphml,2,,clustered,0.5;-0.3,26,26,10,16,2,26,16,26,26,16,2,edgeCount
181,149,193,graphml/GtsCe.graphml,2,,clustered,0.5;-0.3,23,19,7,16,0,7,0,7,7,0,0,edgeCount
180,149,193,graphml/GtsCe.graphml,2,,clustered,0.5;-0.3,11,11,11,0,0,-1,-12,-1,-1,-12,0,edgeCount
179,149,193,graphml/GtsCe.graphml,1,,clustered,0.5;-0.3,8,8,8,0,0,8,0,8,8,0,0,edgeCount
178,149,193,graphml/GtsCe.graphml,2,,clustered,0.5;-0.3,10,10,8,2,0,10,2,10,10,2,0,edgeCount
177,149,193,graphml/GtsCe.graphml,2,,clustered,0.5;-0.3,35,33,12,23,0,33,21,33,33,21,0,edgeCount
176,149,193,graphml/GtsCe.graphml,2,,clustered,0.5;-0.3,53,53,15,38,0,53,38,53,53,38,0,edgeCount
175,149,193,graphml/GtsCe.graphml,2,,clustered,0.5;-0.3,19,19,9,10,0,19,10,19,19,10,0,edgeCount
174,149,193,graphml/GtsCe.graphml,2,,clustered,0.5;-0.3,53,53,18,35,0,53,35,53,53,35,0,edgeCount
173,149,193,graphml/GtsCe.graphml,2,,clustered,0.5;-0.3,-1,-1,-1,0,0,-1,0,-1,-1,0,0,edgeCount
172,149,193,graphml/GtsCe.graphml,2,,clustered,0.5;-0.3,45,45,8,37,0,31,23,31,31,23,0,edgeCount
171,149,193,graphml/GtsCe.graphml,2,,clustered,0.5;-0.3,98,42,22,76,0,24,2,24,24,2,0,edgeCount
170,149,193,graphml/GtsCe.graphml,1,,clustered,0.5;-0.3,14,14,14,0,0,14,0,14,14,0,0,edgeCount
169,149,193,graphml/GtsCe.graphml,2,,clustered,0.5;-0.3,10,10,10,0,0,10,0,10,10,0,0,edgeCount
168,149,193,graphml/GtsCe.graphml,2,,clustered,0.5;-0.3,-1,-1,-1,0,0,-1,0,-1,-1,0,0,edgeCount
167,149,193,graphml/GtsCe.graphml,2,,clustered,0.5;-0.3,35,35,11,24,0,35,24,35,35,24,0,edgeCount
166,149,193,graphml/GtsCe.graphml,1,,clustered,0.5;-0.3,9,9,9,0,0,9,0,9,9,0,0,edgeCount
165,149,193,graphml/GtsCe.graphml,1,,clustered,0.5;-0.3,32,22,9,23,2,-1,-10,32,22,23,2,edgeCount
164,149,193,graphml/GtsCe.graphml,2,,clustered,0.5;-0.3,13,13,13,0,0,13,0,13,13,0,0,edgeCount
163,149,193,graphml/GtsCe.graphml,2,,clustered,0.5;-0.3,-1,-1,-1,0,2,-1,0,-1,-1,0,2,edgeCount
162,149,193,graphml/GtsCe.graphml,2,,clustered,0.5;-0.3,17,33,14,3,0,17,3,17,17,3,0,edgeCount
161,149,193,graphml/GtsCe.graphml,1,,clustered,0.5;-0.3,10,10,10,0,0,10,0,10,10,0,0,edgeCount
160,149,193,graphml/GtsCe.graphml,1,,clustered,0.5;-0.3,9,9,5,4,2,-1,-6,9,9,4,2,edgeCount
159,149,193,graphml/GtsCe.graphml,1,,clustered,0.5;-0.3,42,22,18,24,10,-1,-19,42,22,24,10,edgeCount
158,149,193,graphml/GtsCe.graphml,2,,clustered,0.5;-0.3,30,30,12,18,2,12,0,12,30,0,2,edgeCount
157,149,193,graphml/GtsCe.graphml,2,,clustered,0.5;-0.3,44,21,6,38,4,6,0,6,6,0,4,edgeCount
156,149,193,graphml/GtsCe.graphml,2,,clustered,0.5;-0.3,16,16,16,0,2,16,0,16,16,0,2,edgeCount
155,149,193,graphml/GtsCe.graphml,2,,clustered,0.5;-0.3,6,6,6,0,0,6,0,6,6,0,0,edgeCount
154,149,193,graphml/GtsCe.graphml,2,,clustered,0.5;-0.3,63,63,22,41,2,-1,-23,63,63,41,2,edgeCount
153,149,193,graphml/GtsCe.graphml,2,,clustered,0.5;-0.3,-1,-1,-1,0,8,-1,0,-1,-1,0,8,edgeCount
152,149,193,graphml/GtsCe.graphml,2,,clustered,0.5;-0.3,9,7,6,3,2,17,11,9,21,3,2,edgeCount
151,149,193,graphml/GtsCe.graphml,3,,clustered,0.5;-0.3,15,15,15,0,0,17,2,17,17,2,0,edgeCount
150,149,193,graphml/GtsCe.graphml,1,,clustered,0.5;-0.3,16,16,16,0,0,16,0,16,16,0,0,edgeCount
149,149,193,graphml/GtsCe.graphml,1,,clustered,0.5;-0.3,56,20,15,41,6,-1,-16,56,20,41,6,edgeCount
148,149,193,graphml/GtsCe.graphml,2,,clustered,0.5;-0.3,5,5,4,1,0,5,1,5,5,1,0,edgeCount
147,149,193,graphml/GtsCe.graphml,2,,clustered,0.5;-0.3,10,10,9,1,0,28,19,28,28,19,0,edgeCount
146,149,193,graphml/GtsCe.graphml,2,,clustered,0.5;-0.3,5,5,5,0,2,5,0,5,5,0,2,edgeCount
145,149,193,graphml/GtsCe.graphml,1,,clustered,0.5;-0.3,46,46,17,29,2,-1,-18,46,46,29,2,edgeCount
144,149,193,graphml/GtsCe.graphml,2,,clustered,0.5;-0.3,22,22,7,15,0,22,15,22,22,15,0,edgeCount
143,149,193,graphml/GtsCe.graphml,1,,clustered,0.5;-0.3,9,35,9,0,2,9,0,9,35,0,2,edgeCount
142,149,193,graphml/GtsCe.graphml,2,,clustered,0.5;-0.3,17,67,15,2,2,37,22,37,47,22,2,edgeCount
141,149,193,graphml/GtsCe.graphml,1,,clustered,0.5;-0.3,16,62,16,0,2,16,0,16,62,0,2,edgeCount
140,149,193,graphml/GtsCe.graphml,2,,clustered,0.5;-0.3,-1,-1,-1,0,0,-1,0,-1,-1,0,0,edgeCount
139,149,193,graphml/GtsCe.graphml,2,,clustered,0.5;-0.3,23,11,7,16,4,-1,-8,23,11,16,4,edgeCount
138,149,193,graphml/GtsCe.graphml,3,,clustered,0.5;-0.3,9,24,6,3,4,15,9,15,29,9,4,edgeCount
137,149,193,graphml/GtsCe.graphml,2,,clustered,0.5;-0.3,12,28,11,1,0,-1,-12,-1,-1,-12,0,edgeCount
136,149,193,graphml/GtsCe.graphml,1,,clustered,0.5;-0.3,6,6,6,0,0,6,0,6,6,0,0,edgeCount
135,149,193,graphml/GtsCe.graphml,2,,clustered,0.5;-0.3,9,9,9,0,2,9,0,9,9,0,2,edgeCount
134,149,193,graphml/GtsCe.graphml,1,,clustered,0.5;-0.3,17,17,17,0,0,17,0,17,17,0,0,edgeCount
133,149,193,graphml/GtsCe.graphml,2,,clustered,0.5;-0.3,-1,-1,-1,0,0,-1,0,-1,-1,0,0,edgeCount
132,149,193,graphml/GtsCe.graphml,2,,clustered,0.5;-0.3,32,16,14,18,2,-1,-15,38,30,24,2,edgeCount
131,149,193,graphml/GtsCe.graphml,1,,clustered,0.5;-0.3,18,18,18,0,0,18,0,18,18,0,0,edgeCount
130,149,193,graphml/GtsCe.graphml,3,,clustered,0.5;-0.3,15,15,6,9,0,15,9,15,15,9,0,edgeCount
129,149,193,graphml/GtsCe.graphml,2,,clustered,0.5;-0.3,-1,-1,-1,0,0,-1,0,-1,-1,0,0,edgeCount
128,149,193,graphml/GtsCe.graphml,1,,clustered,0.5;-0.3,10,10,10,0,0,10,0,10,10,0,0,edgeCount
127,149,193,graphml/GtsCe.graphml,2,,clustered,0.5;-0.3,-1,-1,-1,0,0,-1,0,-1,-1,0,0,edgeCount
126,149,193,graphml/GtsCe.graphml,2,,clustered,0.5;-0.3,27,27,9,18,2,23,14,27,27,18,2,edgeCount
125,149,193,graphml/GtsCe.graphml,2,,clustered,0.5;-0.3,4,4,4,0,0,4,0,4,4,0,0,edgeCount
124,149,193,graphml/GtsCe.graphml,2,,clustered,0.5;-0.3,24,24,10,14,0,24,14,24,24,14,0,edgeCount
123,149,193,graphml/GtsCe.graphml,2,,clustered,0.5;-0.3,36,36,6,30,4,6,0,6,6,0,4,edgeCount
122,149,193,graphml/GtsCe.graphml,2,,clustered,0.5;-0.3,-1,-1,-1,0,0,-1,0,-1,-1,0,0,edgeCount
121,149,193,graphml/GtsCe.graphml,1,,clustered,0.5;-0.3,22,10,10,12,6,-1,-11,22,10,12,6,edgeCount
120,149,193,graphml/GtsCe.graphml,2,,clustered,0.5;-0.3,7,7,7,0,0,7,0,7,7,0,0,edgeCount
119,149,193,graphml/GtsCe.graphml,2,,clustered,0.5;-0.3,23,34,16,7,2,63,47,23,34,7,2,edgeCount
118,149,193,graphml/GtsCe.graphml,2,,clustered,0.5;-0.3,-1,-1,-1,0,0,-1,0,-1,-1,0,0,edgeCount
117,149,193,graphml/GtsCe.graphml,2,,clustered,0.5;-0.3,14,43,12,2,8,13,1,13,21,1,8,edgeCount
116,149,193,graphml/GtsCe.graphml,2,,clustered,0.5;-0.3,8,18,8,0,8,16,8,16,22,8,8,edgeCount
115,149,193,graphml/GtsCe.graphml,2,,clustered,0.5;-0.3,8,8,8,0,2,8,0,8,8,0,2,edgeCount
114,149,193,graphml/GtsCe.graphml,2,,clustered,0.5;-0.3,4,4,4,0,0,4,0,4,4,0,0,edgeCount
113,149,193,graphml/GtsCe.graphml,2,,clustered,0.5;-0.3,8,8,8,0,0,8,0,8,8,0,0,edgeCount
112,149,193,graphml/GtsCe.graphml,1,,clustered,0.5;-0.3,12,8,7,5,2,-1,-8,12,8,5,2,edgeCount
111,149,193,graphml/GtsCe.graphml,2,,clustered,0.5;-0.3,4,4,4,0,4,11,7,11,11,7,4,edgeCount
110,149,193,graphml/GtsCe.graphml,2,,clustered,0.5;-0.3,18,18,9,9,0,18,9,18,18,9,0,edgeCount
109,149,193,graphml/GtsCe.graphml,2,,clustered,0.5;-0.3,-1,-1,14,-15,0,-1,-15,-1,-1,-15,0,edgeCount
108,149,193,graphml/GtsCe.graphml,3,,clustered,0.5;-0.3,12,12,6,6,0,10,4,10,10,4,0,edgeCount
107,149,193,graphml/GtsCe.graphml,2,,clustered,0.5;-0.3,28,10,9,19,8,10,1,10,10,1,8,edgeCount
106,149,193,graphml/GtsCe.graphml,2,,clustered,0.5;-0.3,14,14,13,1,0,14,1,14,14,1,0,edgeCount
105,149,193,graphml/GtsCe.graphml,2,,clustered,0.5;-0.3,8,19,5,3,6,5,0,5,5,0,6,edgeCount
104,149,193,graphml/GtsCe.graphml,2,,clustered,0.5;-0.3,6,6,5,1,0,6,1,6,6,1,0,edgeCount
103,149,193,graphml/GtsCe.graphml,3,,clustered,0.5;-0.3,3,3,3,0,0,4,1,4,3,1,0,edgeCount
102,149,193,graphml/GtsCe.graphml,1,,clustered,0.5;-0.3,23,15,15,8,2,-1,-16,23,15,8,2,edgeCount
101,149,193,graphml/GtsCe.graphml,2,,clustered,0.5;-0.3,58,58,14,44,0,58,44,58,58,44,0,edgeCount
100,149,193,graphml/GtsCe.graphml,2,,clustered,0.5;-0.3,16,52,10,6,0,28,18,28,28,18,0,edgeCount
99,149,193,graphml/GtsCe.graphml,2,,clustered,0.5;-0.3,7,13,7,0,2,15,8,15,15,8,2,edgeCount
98,149,193,graphml/GtsCe.graphml,2,,clustered,0.5;-0.3,48,16,15,33,0,-1,-16,-1,-1,-16,0,edgeCount
97,149,193,graphml/GtsCe.graphml,2,,clustered,0.5;-0.3,11,11,11,0,2,11,0,11,11,0,2,edgeCount
96,149,193,graphml/GtsCe.graphml,2,,clustered,0.5;-0.3,3,9,3,0,0,3,0,3,3,0,0,edgeCount
95,149,193,graphml/GtsCe.graphml,2,,clustered,0.5;-0.3,32,32,4,28,2,4,0,4,4,0,2,edgeCount
94,149,193,graphml/GtsCe.graphml,3,,clustered,0.5;-0.3,21,28,16,5,0,47,31,47,47,31,0,edgeCount
93,149,193,graphml/GtsCe.graphml,2,,clustered,0.5;-0.3,65,19,16,49,2,-1,-17,-1,-1,-17,2,edgeCount
92,149,193,graphml/GtsCe.graphml,2,,clustered,0.5;-0.3,15,5,5,10,2,5,0,15,5,10,2,edgeCount
91,149,193,graphml/GtsCe.graphml,2,,clustered,0.5;-0.3,-1,-1,-1,0,0,-1,0,-1,-1,0,0,edgeCount
90,149,193,graphml/GtsCe.graphml,1,,clustered,0.5;-0.3,41,43,15,26,8,-1,-16,41,43,26,8,edgeCount
89,149,193,graphml/GtsCe.graphml,1,,clustered,0.5;-0.3,-1,-1,14,-15,4,-1,-15,-1,-1,-15,4,edgeCount
88,149,193,graphml/GtsCe.graphml,1,,clustered,0.5;-0.3,7,7,7,0,0,7,0,7,7,0,0,edgeCount
87,149,193,graphml/GtsCe.graphml,1,,clustered,0.5;-0.3,8,8,8,0,0,8,0,8,8,0,0,edgeCount
86,149,193,graphml/GtsCe.graphml,1,,clustered,0.5;-0.3,6,6,6,0,0,6,0,6,6,0,0,edgeCount
85,149,193,graphml/GtsCe.graphml,3,,clustered,0.5;-0.3,9,9,8,1,0,9,1,9,9,1,0,edgeCount
84,149,193,graphml/GtsCe.graphml,1,,clustered,0.5;-0.3,25,17,17,8,2,-1,-18,25,17,8,2,edgeCount
83,149,193,graphml/GtsCe.graphml,2,,clustered,0.5;-0.3,-1,-1,-1,0,0,-1,0,-1,-1,0,0,edgeCount
82,149,193,graphml/GtsCe.graphml,2,,clustered,0.5;-0.3,36,12,12,24,0,12,0,12,12,0,0,edgeCount
81,149,193,graphml/GtsCe.graphml,2,,clustered,0.5;-0.3,16,9,9,7,2,9,0,9,9,0,2,edgeCount
80,149,193,graphml/GtsCe.graphml,1,,clustered,0.5;-0.3,-1,-1,-1,0,2,-1,0,-1,-1,0,2,edgeCount
79,149,193,graphml/GtsCe.graphml,2,,clustered,0.5;-0.3,12,12,6,6,0,12,6,12,12,6,0,edgeCount
78,149,193,graphml/GtsCe.graphml,2,,clustered,0.5;-0.3,17,17,12,5,0,17,5,17,17,5,0,edgeCount
77,149,193,graphml/GtsCe.graphml,2,,clustered,0.5;-0.3,12,12,12,0,2,12,0,12,12,0,2,edgeCount
76,149,193,graphml/GtsCe.graphml,2,,clustered,0.5;-0.3,13,13,13,0,0,13,0,13,13,0,0,edgeCount
75,149,193,graphml/GtsCe.graphml,2,,clustered,0.5;-0.3,23,20,10,13,2,37,27,37,69,27,2,edgeCount
74,149,193,graphml/GtsCe.graphml,2,,clustered,0.5;-0.3,15,15,14,1,0,15,1,15,15,1,0,edgeCount
73,149,193,graphml/GtsCe.graphml,3,,clustered,0.5;-0.3,7,7,6,1,0,7,1,7,7,1,0,edgeCount
72,149,193,graphml/GtsCe.graphml,2,,clustered,0.5;-0.3,14,14,13,1,0,14,1,14,14,1,0,edgeCount
71,149,193,graphml/GtsCe.graphml,2,,clustered,0.5;-0.3,20,20,10,10,0,20,10,20,20,10,0,edgeCount
70,149,193,graphml/GtsCe.graphml,2,,clustered,0.5;-0.3,-1,-1,-1,0,0,-1,0,-1,-1,0,0,edgeCount
69,149,193,graphml/GtsCe.graphml,2,,clustered,0.5;-0.3,7,7,7,0,0,7,0,7,7,0,0,edgeCount
68,149,193,graphml/GtsCe.graphml,2,,clustered,0.5;-0.3,4,3,3,1,2,3,0,3,3,0,2,edgeCount
67,149,193,graphml/GtsCe.graphml,1,,clustered,0.5;-0.3,10,10,10,0,0,10,0,10,10,0,0,edgeCount
66,149,193,graphml/GtsCe.graphml,2,,clustered,0.5;-0.3,36,36,17,19,0,36,19,36,36,19,0,edgeCount
65,149,193,graphml/GtsCe.graphml,2,,clustered,0.5;-0.3,14,5,4,10,8,-1,-5,4,4,0,8,edgeCount
64,149,193,graphml/GtsCe.graphml,2,,clustered,0.5;-0.3,91,45,21,70,0,23,2,23,23,2,0,edgeCount
63,149,193,graphml/GtsCe.graphml,2,,clustered,0.5;-0.3,10,10,10,0,0,10,0,10,10,0,0,edgeCount
62,149,193,graphml/GtsCe.graphml,2,,clustered,0.5;-0.3,26,26,10,16,0,26,16,26,26,16,0,edgeCount
61,149,193,graphml/GtsCe.graphml,2,,clustered,0.5;-0.3,15,15,15,0,0,15,0,15,15,0,0,edgeCount
60,149,193,graphml/GtsCe.graphml,2,,clustered,0.5;-0.3,39,23,10,29,0,-1,-11,-1,-1,-11,0,edgeCount
59,149,193,graphml/GtsCe.graphml,1,,clustered,0.5;-0.3,38,38,13,25,2,-1,-14,38,38,25,2,edgeCount
58,149,193,graphml/GtsCe.graphml,2,,clustered,0.5;-0.3,2,2,2,0,0,2,0,2,2,0,0,edgeCount
57,149,193,graphml/GtsCe.graphml,1,,clustered,0.5;-0.3,14,30,14,0,6,14,0,14,30,0,6,edgeCount
56,149,193,graphml/GtsCe.graphml,2,,clustered,0.5;-0.3,33,23,7,26,0,7,0,7,7,0,0,edgeCount
55,149,193,graphml/GtsCe.graphml,2,,clustered,0.5;-0.3,-1,-1,-1,0,0,-1,0,-1,-1,0,0,edgeCount
54,149,193,graphml/GtsCe.graphml,2,,clustered,0.5;-0.3,12,7,7,5,0,12,5,12,7,5,0,edgeCount
53,149,193,graphml/GtsCe.graphml,2,,clustered,0.5;-0.3,17,17,9,8,2,17,8,17,17,8,2,edgeCount
52,149,193,graphml/GtsCe.graphml,2,,clustered,0.5;-0.3,21,9,7,14,4,-1,-8,26,26,19,4,edgeCount
51,149,193,graphml/GtsCe.graphml,2,,clustered,0.5;-0.3,9,5,5,4,6,5,0,5,5,0,6,edgeCount
50,149,193,graphml/GtsCe.graphml,2,,clustered,0.5;-0.3,12,32,8,4,0,8,0,8,8,0,0,edgeCount
49,149,193,graphml/GtsCe.graphml,2,,clustered,0.5;-0.3,41,41,14,27,0,41,27,41,41,27,0,edgeCount
48,149,193,graphml/GtsCe.graphml,2,,clustered,0.5;-0.3,9,9,9,0,0,9,0,9,9,0,0,edgeCount
47,149,193,graphml/GtsCe.graphml,1,,clustered,0.5;-0.3,18,18,18,0,0,18,0,18,18,0,0,edgeCount
46,149,193,graphml/GtsCe.graphml,2,,clustered,0.5;-0.3,24,41,19,5,6,52,33,52,74,33,6,edgeCount
45,149,193,graphml/GtsCe.graphml,1,,clustered,0.5;-0.3,11,11,11,0,0,11,0,11,11,0,0,edgeCount
44,149,193,graphml/GtsCe.graphml,2,,clustered,0.5;-0.3,16,16,11,5,0,16,5,16,16,5,0,edgeCount
43,149,193,graphml/GtsCe.graphml,2,,clustered,0.5;-0.3,-1,-1,-1,0,0,-1,0,-1,-1,0,0,edgeCount
42,149,193,graphml/GtsCe.graphml,2,,clustered,0.5;-0.3,29,29,9,20,0,11,2,29,29,20,0,edgeCount
41,149,193,graphml/GtsCe.graphml,2,,clustered,0.5;-0.3,-1,-1,-1,0,0,-1,0,-1,-1,0,0,edgeCount
40,149,193,graphml/GtsCe.graphml,3,,clustered,0.5;-0.3,18,18,14,4,2,47,33,47,47,33,2,edgeCount
39,149,193,graphml/GtsCe.graphml,1,,clustered,0.5;-0.3,16,16,16,0,2,16,0,16,16,0,2,edgeCount
38,149,193,graphml/GtsCe.graphml,2,,clustered,0.5;-0.3,64,32,14,50,0,14,0,14,14,0,0,edgeCount
37,149,193,graphml/GtsCe.graphml,2,,clustered,0.5;-0.3,38,38,16,22,2,-1,-17,38,38,22,2,edgeCount
36,149,193,graphml/GtsCe.graphml,3,,clustered,0.5;-0.3,63,9,7,56,4,9,2,9,9,2,4,edgeCount
35,149,193,graphml/GtsCe.graphml,1,,clustered,0.5;-0.3,15,15,15,0,0,15,0,15,15,0,0,edgeCount
34,149,193,graphml/GtsCe.graphml,2,,clustered,0.5;-0.3,18,23,13,5,2,40,27,40,52,27,2,edgeCount
33,149,193,graphml/GtsCe.graphml,2,,clustered,0.5;-0.3,30,20,8,22,0,-1,-9,-1,-1,-9,0,edgeCount
32,149,193,graphml/GtsCe.graphml,3,,clustered,0.5;-0.3,5,5,5,0,2,5,0,5,5,0,2,edgeCount
31,149,193,graphml/GtsCe.graphml,3,,clustered,0.5;-0.3,7,7,7,0,6,8,1,7,7,0,6,edgeCount
30,149,193,graphml/GtsCe.graphml,2,,clustered,0.5;-0.3,3,3,3,0,0,3,0,3,3,0,0,edgeCount
29,149,193,graphml/GtsCe.graphml,2,,clustered,0.5;-0.3,14,14,11,3,0,14,3,14,14,3,0,edgeCount
28,149,193,graphml/GtsCe.graphml,2,,clustered,0.5;-0.3,17,17,17,0,0,17,0,17,17,0,0,edgeCount
27,149,193,graphml/GtsCe.graphml,2,,clustered,0.5;-0.3,-1,-1,-1,0,0,-1,0,-1,-1,0,0,edgeCount
26,149,193,graphml/GtsCe.graphml,2,,clustered,0.5;-0.3,-1,-1,-1,0,0,-1,0,-1,-1,0,0,edgeCount
25,149,193,graphml/GtsCe.graphml,2,,clustered,0.5;-0.3,-1,-1,12,-13,0,-1,-13,-1,-1,-13,0,edgeCount
24,149,193,graphml/GtsCe.graphml,2,,clustered,0.5;-0.3,16,16,12,4,0,16,4,16,16,4,0,edgeCount
23,149,193,graphml/GtsCe.graphml,1,,clustered,0.5;-0.3,9,9,9,0,0,9,0,9,9,0,0,edgeCount
22,149,193,graphml/GtsCe.graphml,2,,clustered,0.5;-0.3,23,23,9,14,2,23,14,23,23,14,2,edgeCount
21,149,193,graphml/GtsCe.graphml,2,,clustered,0.5;-0.3,19,21,7,12,2,7,0,7,21,0,2,edgeCount
20,149,193,graphml/GtsCe.graphml,2,,clustered,0.5;-0.3,-1,-1,-1,0,0,-1,0,-1,-1,0,0,edgeCount
19,149,193,graphml/GtsCe.graphml,2,,clustered,0.5;-0.3,-1,-1,12,-13,0,-1,-13,-1,-1,-13,0,edgeCount
18,149,193,graphml/GtsCe.graphml,2,,clustered,0.5;-0.3,17,17,17,0,0,17,0,17,17,0,0,edgeCount
17,149,193,graphml/GtsCe.graphml,2,,clustered,0.5;-0.3,-1,-1,-1,0,0,-1,0,-1,-1,0,0,edgeCount
16,149,193,graphml/GtsCe.graphml,2,,clustered,0.5;-0.3,24,24,8,16,2,-1,-9,24,24,16,2,edgeCount
15,149,193,graphml/GtsCe.graphml,2,,clustered,0.5;-0.3,13,13,13,0,0,13,0,13,13,0,0,edgeCount
14,149,193,graphml/GtsCe.graphml,2,,clustered,0.5;-0.3,17,17,13,4,0,17,4,17,17,4,0,edgeCount
13,149,193,graphml/GtsCe.graphml,2,,clustered,0.5;-0.3,-1,-1,-1,0,0,-1,0,-1,-1,0,0,edgeCount
12,149,193,graphml/GtsCe.graphml,2,,clustered,0.5;-0.3,7,7,7,0,0,7,0,7,7,0,0,edgeCount
11,149,193,graphml/GtsCe.graphml,2,,clustered,0.5;-0.3,-1,-1,-1,0,0,-1,0,-1,-1,0,0,edgeCount
10,149,193,graphml/GtsCe.graphml,2,,clustered,0.5;-0.3,7,7,7,0,0,7,0,7,7,0,0,edgeCount
9,149,193,graphml/GtsCe.graphml,1,,clustered,0.5;-0.3,-1,-1,-1,0,2,-1,0,-1,-1,0,2,edgeCount
8,149,193,graphml/GtsCe.graphml,1,,clustered,0.5;-0.3,9,9,9,0,0,9,0,9,9,0,0,edgeCount
7,149,193,graphml/GtsCe.graphml,2,,clustered,0.5;-0.3,38,38,16,22,0,38,22,38,38,22,0,edgeCount
6,149,193,graphml/GtsCe.graphml,2,,clustered,0.5;-0.3,37,45,10,27,0,13,3,37,37,27,0,edgeCount
5,149,193,graphml/GtsCe.graphml,2,,clustered,0.5;-0.3,3,3,3,0,0,3,0,3,3,0,0,edgeCount
4,149,193,graphml/GtsCe.graphml,2,,clustered,0.5;-0.3,6,6,6,0,0,6,0,6,6,0,0,edgeCount
3,149,193,graphml/GtsCe.graphml,1,,clustered,0.5;-0.3,27,15,12,15,2,-1,-13,27,15,15,2,edgeCount
2,149,193,graphml/GtsCe.graphml,2,,clustered,0.5;-0.3,48,48,14,34,0,48,34,48,48,34,0,edgeCount
1,149,193,graphml/GtsCe.graphml,2,,clustered,0.5;-0.3,-1,-1,-1,0,0,-1,0,-1,-1,0,0,edgeCount
