rep,nrNodes,nrEdges,edgeProb,nrPaths,nrFails,failureModel,failurePercent,hopsRanked,hopsUnranked,spLength,stretch_mult,nodeAdditions,hopsPath,stretch_path,hopsRankedOne,hopsUnrankedOne,stretch_one,overallNodeAdditionsOne,treeChoice
1000,149,193,graphml/GtsCe.graphml,2,,clustered,0.6;-0.3,11,21,11,0,0,19,8,19,19,8,0,edgeCount
999,149,193,graphml/GtsCe.graphml,1,,clustered,0.6;-0.3,-1,-1,-1,0,0,-1,0,-1,-1,0,0,edgeCount
998,149,193,graphml/GtsCe.graphml,2,,clustered,0.6;-0.3,44,36,12,32,0,12,0,12,12,0,0,edgeCount
997,149,193,graphml/GtsCe.graphml,2,,clustered,0.6;-0.3,52,52,19,33,0,52,33,52,52,33,0,edgeCount
996,149,193,graphml/GtsCe.graphml,2,,clustered,0.6;-0.3,-1,-1,-1,0,0,-1,0,-1,-1,0,0,edgeCount
995,149,193,graphml/GtsCe.graphml,2,,clustered,0.6;-0.3,-1,-1,-1,0,0,-1,0,-1,-1,0,0,edgeCount
994,149,193,graphml/GtsCe.graphml,2,,clustered,0.6;-0.3,58,28,16,42,2,-1,-17,46,46,30,2,edgeCount
993,149,193,graphml/GtsCe.graphml,2,,clustered,0.6;-0.3,-1,-1,-1,0,0,-1,0,-1,-1,0,0,edgeCount
992,149,193,graphml/GtsCe.graphml,2,,clustered,0.6;-0.3,17,5,5,12,6,5,0,5,5,0,6,edgeCount
991,149,193,graphml/GtsCe.graphml,2,,clustered,0.6;-0.3,-1,-1,-1,0,4,-1,0,-1,-1,0,4,edgeCount
990,149,193,graphml/GtsCe.graphml,2,,clustered,0.6;-0.3,8,26,7,1,2,18,11,18,18,11,2,edgeCount
989,149,193,graphml/GtsCe.graphml,2,,clustered,0.6;-0.3,14,14,13,1,6,14,1,14,14,1,6,edgeCount
988,149,193,graphml/GtsCe.graphml,2,,clustered,0.6;-0.3,34,34,12,22,0,34,22,34,34,22,0,edgeCount
987,149,193,graphml/GtsCe.graphml,2,,clustered,0.6;-0.3,19,19,7,12,0,17,10,17,17,10,0,edgeCount
986,149,193,graphml/GtsCe.graphml,2,,clustered,0.6;-0.3,-1,-1,15,-16,0,-1,-16,-1,-1,-16,0,edgeCount
985,149,193,graphml/GtsCe.graphml,1,,clustered,0.6;-0.3,49,49,13,36,4,-1,-14,49,49,36,4,edgeCount
984,149,193,graphml/GtsCe.graphml,2,,clustered,0.6;-0.3,-1,-1,-1,0,0,-1,0,-1,-1,0,0,edgeCount
983,149,193,graphml/GtsCe.graphml,1,,clustered,0.6;-0.3,10,10,10,0,0,10,0,10,10,0,0,edgeCount
982,149,193,graphml/GtsCe.graphml,3,,clustered,0.6;-0.3,16,34,8,8,0,24,16,24,8,16,0,edgeCount
981,149,193,graphml/GtsCe.graphml,3,,clustered,0.6;-0.3,21,21,16,5,0,21,5,21,21,5,0,edgeCount
980,149,193,graphml/GtsCe.graphml,2,,clustered,0.6;-0.3,-1,-1,21,-22,0,-1,-22,-1,-1,-22,0,edgeCount
979,149,193,graphml/GtsCe.graphml,2,,clustered,0.6;-0.3,-1,-1,9,-10,0,-1,-10,-1,-1,-10,0,edgeCount
978,149,193,graphml/GtsCe.graphml,2,,clustered,0.6;-0.3,-1,-1,16,-17,0,-1,-17,-1,-1,-17,0,edgeCount
977,149,193,graphml/GtsCe.graphml,2,,clustered,0.6;-0.3,3,3,3,0,0,3,0,3,3,0,0,edgeCount
976,149,193,graphml/GtsCe.graphml,1,,clustered,0.6;-0.3,13,13,13,0,0,13,0,13,13,0,0,edgeCount
975,149,193,graphml/GtsCe.graphml,2,,clustered,0.6;-0.3,20,20,12,8,0,20,8,20,20,8,0,edgeCount
974,149,193,graphml/GtsCe.graphml,2,,clustered,0.6;-0.3,-1,-1,18,-19,4,-1,-19,51,45,33,4,edgeCount
973,149,193,graphml/GtsCe.graphml,2,,clustered,0.6;-0.3,11,11,7,4,0,13,6,13,13,6,0,edgeCount
972,149,193,graphml/GtsCe.graphml,3,,clustered,0.6;-0.3,6,12,5,1,2,12,7,12,12,7,2,edgeCount
971,149,193,graphml/GtsCe.graphml,2,,clustered,0.6;-0.3,34,34,11,23,2,34,23,34,34,23,2,edgeCount
970,149,193,graphml/GtsCe.graphml,2,,clustered,0.6;-0.3,5,5,5,0,0,5,0,5,5,0,0,edgeCount
969,149,193,graphml/GtsCe.graphml,3,,clustered,0.6;-0.3,24,6,6,18,4,6,0,6,6,0,2,edgeCount
968,149,193,graphml/GtsCe.graphml,2,,clustered,0.6;-0.3,55,29,14,41,0,17,3,17,17,3,0,edgeCount
967,149,193,graphml/GtsCe.graphml,2,,clustered,0.6;-0.3,23,5,5,18,0,5,0,5,5,0,0,edgeCount
966,149,193,graphml/GtsCe.graphml,1,,clustered,0.6;-0.3,-1,-1,-1,0,0,-1,0,-1,-1,0,0,edgeCount
965,149,193,graphml/GtsCe.graphml,2,,clustered,0.6;-0.3,-1,-1,-1,0,0,-1,0,-1,-1,0,0,edgeCount
964,149,193,graphml/GtsCe.graphml,2,,clustered,0.6;-0.3,-1,-1,-1,0,0,-1,0,-1,-1,0,0,edgeCount
963,149,193,graphml/GtsCe.graphml,2,,clustered,0.6;-0.3,16,4,4,12,4,4,0,16,4,12,4,edgeCount
962,149,193,graphml/GtsCe.graphml,1,,clustered,0.6;-0.3,4,4,4,0,0,4,0,4,4,0,0,edgeCount
961,149,193,graphml/GtsCe.graphml,2,,clustered,0.6;-0.3,53,27,12,41,6,-1,-13,42,42,30,6,edgeCount
960,149,193,graphml/GtsCe.graphml,2,,clustered,0.6;-0.3,47,47,10,37,0,47,37,47,47,37,0,edgeCount
959,149,193,graphml/GtsCe.graphml,2,,clustered,0.6;-0.3,15,15,11,4,4,26,15,26,44,15,4,edgeCount
958,149,193,graphml/GtsCe.graphml,2,,clustered,0.6;-0.3,-1,-1,-1,0,0,-1,0,-1,-1,0,0,edgeCount
957,149,193,graphml/GtsCe.graphml,2,,clustered,0.6;-0.3,-1,-1,-1,0,0,-1,0,-1,-1,0,0,edgeCount
956,149,193,graphml/GtsCe.graphml,3,,clustered,0.6;-0.3,5,5,4,1,0,31,27,5,5,1,0,edgeCount
955,149,193,graphml/GtsCe.graphml,2,,clustered,0.6;-0.3,26,8,8,18,0,8,0,8,8,0,0,edgeCount
954,149,193,graphml/GtsCe.graphml,1,,clustered,0.6;-0.3,18,18,18,0,0,18,0,18,18,0,0,edgeCount
953,149,193,graphml/GtsCe.graphml,2,,clustered,0.6;-0.3,-1,-1,-1,0,0,-1,0,-1,-1,0,0,edgeCount
952,149,193,graphml/GtsCe.graphml,2,,clustered,0.6;-0.3,12,12,12,0,0,12,0,12,12,0,0,edgeCount
951,149,193,graphml/GtsCe.graphml,2,,clustered,0.6;-0.3,17,20,16,1,0,33,17,33,33,17,0,edgeCount
950,149,193,graphml/GtsCe.graphml,2,,clustered,0.6;-0.3,56,56,17,39,0,56,39,56,56,39,0,edgeCount
949,149,193,graphml/GtsCe.graphml,2,,clustered,0.6;-0.3,-1,-1,-1,0,2,-1,0,-1,-1,0,2,edgeCount
948,149,193,graphml/GtsCe.graphml,2,,clustered,0.6;-0.3,23,21,7,16,8,7,0,7,7,0,8,edgeCount
947,149,193,graphml/GtsCe.graphml,1,,clustered,0.6;-0.3,30,30,14,16,2,-1,-15,30,30,16,2,edgeCount
946,149,193,graphml/GtsCe.graphml,2,,clustered,0.6;-0.3,5,5,5,0,0,5,0,5,5,0,0,edgeCount
945,149,193,graphml/GtsCe.graphml,2,,clustered,0.6;-0.3,10,10,10,0,0,10,0,10,10,0,0,edgeCount
944,149,193,graphml/GtsCe.graphml,2,,clustered,0.6;-0.3,-1,-1,-1,0,0,-1,0,-1,-1,0,0,edgeCount
943,149,193,graphml/GtsCe.graphml,2,,clustered,0.6;-0.3,9,25,9,0,0,9,0,9,9,0,0,edgeCount
942,149,193,graphml/GtsCe.graphml,1,,clustered,0.6;-0.3,7,7,7,0,0,7,0,7,7,0,0,edgeCount
941,149,193,graphml/GtsCe.graphml,2,,clustered,0.6;-0.3,-1,-1,-1,0,0,-1,0,-1,-1,0,0,edgeCount
940,149,193,graphml/GtsCe.graphml,2,,clustered,0.6;-0.3,-1,-1,13,-14,0,-1,-14,-1,-1,-14,0,edgeCount
939,149,193,graphml/GtsCe.graphml,2,,clustered,0.6;-0.3,-1,-1,11,-12,0,-1,-12,-1,-1,-12,0,edgeCount
938,149,193,graphml/GtsCe.graphml,2,,clustered,0.6;-0.3,-1,-1,-1,0,0,-1,0,-1,-1,0,0,edgeCount
937,149,193,graphml/GtsCe.graphml,1,,clustered,0.6;-0.3,13,35,13,0,2,13,0,13,35,0,2,edgeCount
936,149,193,graphml/GtsCe.graphml,3,,clustered,0.6;-0.3,10,32,7,3,0,10,3,10,10,3,0,edgeCount
935,149,193,graphml/GtsCe.graphml,2,,clustered,0.6;-0.3,54,54,14,40,0,54,40,54,54,40,0,edgeCount
934,149,193,graphml/GtsCe.graphml,2,,clustered,0.6;-0.3,-1,-1,-1,0,0,-1,0,-1,-1,0,0,edgeCount
933,149,193,graphml/GtsCe.graphml,1,,clustered,0.6;-0.3,9,9,9,0,2,9,0,9,9,0,2,edgeCount
932,149,193,graphml/GtsCe.graphml,2,,clustered,0.6;-0.3,27,27,14,13,0,15,1,15,15,1,0,edgeCount
931,149,193,graphml/GtsCe.graphml,2,,clustered,0.6;-0.3,-1,-1,-1,0,0,-1,0,-1,-1,0,0,edgeCount
930,149,193,graphml/GtsCe.graphml,2,,clustered,0.6;-0.3,-1,-1,10,-11,0,-1,-11,-1,-1,-11,0,edgeCount
929,149,193,graphml/GtsCe.graphml,2,,clustered,0.6;-0.3,-1,-1,-1,0,0,-1,0,-1,-1,0,0,edgeCount
928,149,193,graphml/GtsCe.graphml,2,,clustered,0.6;-0.3,13,25,10,3,0,31,21,31,31,21,0,edgeCount
927,149,193,graphml/GtsCe.graphml,2,,clustered,0.6;-0.3,-1,-1,-1,0,2,-1,0,-1,-1,0,2,edgeCount
926,149,193,graphml/GtsCe.graphml,2,,clustered,0.6;-0.3,12,12,12,0,0,12,0,12,12,0,0,edgeCount
925,149,193,graphml/GtsCe.graphml,2,,clustered,0.6;-0.3,16,4,4,12,0,4,0,4,4,0,0,edgeCount
924,149,193,graphml/GtsCe.graphml,2,,clustered,0.6;-0.3,-1,-1,-1,0,0,-1,0,-1,-1,0,0,edgeCount
923,149,193,graphml/GtsCe.graphml,2,,clustered,0.6;-0.3,8,40,8,0,8,16,8,16,16,8,8,edgeCount
922,149,193,graphml/GtsCe.graphml,4,,clustered,0.6;-0.3,-1,-1,-1,0,2,-1,0,-1,-1,0,2,edgeCount
921,149,193,graphml/GtsCe.graphml,2,,clustered,0.6;-0.3,14,6,6,8,0,-1,-7,-1,-1,-7,0,edgeCount
920,149,193,graphml/GtsCe.graphml,1,,clustered,0.6;-0.3,13,13,13,0,0,13,0,13,13,0,0,edgeCount
919,149,193,graphml/GtsCe.graphml,2,,clustered,0.6;-0.3,39,11,11,28,0,11,0,11,11,0,0,edgeCount
918,149,193,graphml/GtsCe.graphml,1,,clustered,0.6;-0.3,7,41,7,0,4,7,0,7,41,0,4,edgeCount
917,149,193,graphml/GtsCe.graphml,2,,clustered,0.6;-0.3,-1,-1,13,-14,2,-1,-14,-1,-1,-14,2,edgeCount
916,149,193,graphml/GtsCe.graphml,1,,clustered,0.6;-0.3,-1,-1,-1,0,0,-1,0,-1,-1,0,0,edgeCount
915,149,193,graphml/GtsCe.graphml,1,,clustered,0.6;-0.3,16,16,16,0,0,16,0,16,16,0,0,edgeCount
914,149,193,graphml/GtsCe.graphml,2,,clustered,0.6;-0.3,2,2,2,0,0,2,0,2,2,0,0,edgeCount
913,149,193,graphml/GtsCe.graphml,2,,clustered,0.6;-0.3,12,42,8,4,2,10,2,10,10,2,2,edgeCount
912,149,193,graphml/GtsCe.graphml,1,,clustered,0.6;-0.3,28,72,24,4,4,-1,-25,28,72,4,4,edgeCount
911,149,193,graphml/GtsCe.graphml,2,,clustered,0.6;-0.3,-1,-1,-1,0,0,-1,0,-1,-1,0,0,edgeCount
910,149,193,graphml/GtsCe.graphml,2,,clustered,0.6;-0.3,-1,-1,-1,0,0,-1,0,-1,-1,0,0,edgeCount
909,149,193,graphml/GtsCe.graphml,1,,clustered,0.6;-0.3,-1,-1,-1,0,2,-1,0,-1,-1,0,2,edgeCount
908,149,193,graphml/GtsCe.graphml,2,,clustered,0.6;-0.3,36,36,13,23,0,36,23,36,36,23,0,edgeCount
907,149,193,graphml/GtsCe.graphml,1,,clustered,0.6;-0.3,13,13,13,0,0,13,0,13,13,0,0,edgeCount
906,149,193,graphml/GtsCe.graphml,2,,clustered,0.6;-0.3,40,40,14,26,0,40,26,40,40,26,0,edgeCount
905,149,193,graphml/GtsCe.graphml,2,,clustered,0.6;-0.3,33,21,9,24,0,9,0,9,9,0,0,edgeCount
904,149,193,graphml/GtsCe.graphml,2,,clustered,0.6;-0.3,-1,-1,-1,0,0,-1,0,-1,-1,0,0,edgeCount
903,149,193,graphml/GtsCe.graphml,2,,clustered,0.6;-0.3,53,59,15,38,4,15,0,15,15,0,4,edgeCount
902,149,193,graphml/GtsCe.graphml,1,,clustered,0.6;-0.3,7,7,7,0,0,7,0,7,7,0,0,edgeCount
901,149,193,graphml/GtsCe.graphml,2,,clustered,0.6;-0.3,40,46,12,28,2,12,0,12,12,0,2,edgeCount
900,149,193,graphml/GtsCe.graphml,3,,clustered,0.6;-0.3,-1,-1,13,-14,0,-1,-14,-1,-1,-14,0,edgeCount
899,149,193,graphml/GtsCe.graphml,2,,clustered,0.6;-0.3,-1,-1,-1,0,0,-1,0,-1,-1,0,0,edgeCount
898,149,193,graphml/GtsCe.graphml,2,,clustered,0.6;-0.3,-1,-1,13,-14,0,-1,-14,-1,-1,-14,0,edgeCount
897,149,193,graphml/GtsCe.graphml,2,,clustered,0.6;-0.3,-1,-1,-1,0,0,-1,0,-1,-1,0,0,edgeCount
896,149,193,graphml/GtsCe.graphml,2,,clustered,0.6;-0.3,-1,-1,-1,0,2,-1,0,-1,-1,0,2,edgeCount
895,149,193,graphml/GtsCe.graphml,2,,clustered,0.6;-0.3,-1,-1,-1,0,0,-1,0,-1,-1,0,0,edgeCount
894,149,193,graphml/GtsCe.graphml,3,,clustered,0.6;-0.3,27,53,7,20,0,35,28,35,35,28,0,edgeCount
893,149,193,graphml/GtsCe.graphml,2,,clustered,0.6;-0.3,-1,-1,-1,0,0,-1,0,-1,-1,0,0,edgeCount
892,149,193,graphml/GtsCe.graphml,3,,clustered,0.6;-0.3,22,22,7,15,0,22,15,22,22,15,0,edgeCount
891,149,193,graphml/GtsCe.graphml,2,,clustered,0.6;-0.3,-1,-1,-1,0,2,-1,0,-1,-1,0,2,edgeCount
890,149,193,graphml/GtsCe.graphml,2,,clustered,0.6;-0.3,16,70,13,3,8,40,27,48,48,35,8,edgeCount
889,149,193,graphml/GtsCe.graphml,1,,clustered,0.6;-0.3,-1,-1,-1,0,2,-1,0,-1,-1,0,2,edgeCount
888,149,193,graphml/GtsCe.graphml,2,,clustered,0.6;-0.3,6,6,6,0,0,6,0,6,6,0,0,edgeCount
887,149,193,graphml/GtsCe.graphml,2,,clustered,0.6;-0.3,15,31,15,0,0,15,0,15,15,0,0,edgeCount
886,149,193,graphml/GtsCe.graphml,2,,clustered,0.6;-0.3,13,13,13,0,2,13,0,13,13,0,2,edgeCount
885,149,193,graphml/GtsCe.graphml,3,,clustered,0.6;-0.3,136,22,16,120,2,-1,-17,-1,-1,-17,2,edgeCount
884,149,193,graphml/GtsCe.graphml,2,,clustered,0.6;-0.3,9,9,7,2,0,9,2,9,9,2,0,edgeCount
883,149,193,graphml/GtsCe.graphml,2,,clustered,0.6;-0.3,36,36,16,20,2,36,20,36,36,20,2,edgeCount
882,149,193,graphml/GtsCe.graphml,2,,clustered,0.6;-0.3,53,57,13,40,2,13,0,13,13,0,2,edgeCount
881,149,193,graphml/GtsCe.graphml,1,,clustered,0.6;-0.3,18,18,18,0,0,18,0,18,18,0,0,edgeCount
880,149,193,graphml/GtsCe.graphml,2,,clustered,0.6;-0.3,32,8,8,24,2,-1,-9,40,40,32,2,edgeCount
879,149,193,graphml/GtsCe.graphml,2,,clustered,0.6;-0.3,5,5,4,1,0,5,1,5,5,1,0,edgeCount
878,149,193,graphml/GtsCe.graphml,2,,clustered,0.6;-0.3,-1,-1,-1,0,0,-1,0,-1,-1,0,0,edgeCount
877,149,193,graphml/GtsCe.graphml,2,,clustered,0.6;-0.3,-1,-1,-1,0,6,-1,0,-1,-1,0,6,edgeCount
876,149,193,graphml/GtsCe.graphml,2,,clustered,0.6;-0.3,-1,-1,-1,0,0,-1,0,-1,-1,0,0,edgeCount
875,149,193,graphml/GtsCe.graphml,2,,clustered,0.6;-0.3,71,61,13,58,2,-1,-14,17,17,4,2,edgeCount
874,149,193,graphml/GtsCe.graphml,2,,clustered,0.6;-0.3,-1,-1,10,-11,0,-1,-11,-1,-1,-11,0,edgeCount
873,149,193,graphml/GtsCe.graphml,2,,clustered,0.6;-0.3,9,9,8,1,0,9,1,9,9,1,0,edgeCount
872,149,193,graphml/GtsCe.graphml,2,,clustered,0.6;-0.3,16,16,15,1,0,16,1,16,16,1,0,edgeCount
871,149,193,graphml/GtsCe.graphml,2,,clustered,0.6;-0.3,-1,-1,-1,0,2,-1,0,-1,-1,0,2,edgeCount
870,149,193,graphml/GtsCe.graphml,1,,clustered,0.6;-0.3,-1,-1,-1,0,2,-1,0,-1,-1,0,2,edgeCount
869,149,193,graphml/GtsCe.graphml,1,,clustered,0.6;-0.3,-1,-1,14,-15,2,-1,-15,-1,-1,-15,2,edgeCount
868,149,193,graphml/GtsCe.graphml,1,,clustered,0.6;-0.3,13,13,13,0,2,13,0,13,13,0,2,edgeCount
867,149,193,graphml/GtsCe.graphml,3,,clustered,0.6;-0.3,-1,-1,-1,0,0,-1,0,-1,-1,0,0,edgeCount
866,149,193,graphml/GtsCe.graphml,2,,clustered,0.6;-0.3,-1,-1,-1,0,0,-1,0,-1,-1,0,0,edgeCount
865,149,193,graphml/GtsCe.graphml,2,,clustered,0.6;-0.3,3,3,3,0,0,3,0,3,3,0,0,edgeCount
864,149,193,graphml/GtsCe.graphml,2,,clustered,0.6;-0.3,29,9,9,20,0,9,0,9,9,0,0,edgeCount
863,149,193,graphml/GtsCe.graphml,2,,clustered,0.6;-0.3,-1,-1,15,-16,8,-1,-16,36,36,21,8,edgeCount
862,149,193,graphml/GtsCe.graphml,2,,clustered,0.6;-0.3,-1,-1,-1,0,0,-1,0,-1,-1,0,0,edgeCount
861,149,193,graphml/GtsCe.graphml,2,,clustered,0.6;-0.3,-1,-1,-1,0,2,-1,0,-1,-1,0,2,edgeCount
860,149,193,graphml/GtsCe.graphml,2,,clustered,0.6;-0.3,42,40,10,32,6,10,0,10,10,0,6,edgeCount
859,149,193,graphml/GtsCe.graphml,2,,clustered,0.6;-0.3,30,30,14,16,0,30,16,30,30,16,0,edgeCount
858,149,193,graphml/GtsCe.graphml,2,,clustered,0.6;-0.3,19,7,7,12,4,7,0,7,7,0,4,edgeCount
857,149,193,graphml/GtsCe.graphml,2,,clustered,0.6;-0.3,17,31,16,1,0,17,1,17,17,1,0,edgeCount
856,149,193,graphml/GtsCe.graphml,2,,clustered,0.6;-0.3,32,14,7,25,0,-1,-8,-1,-1,-8,0,edgeCount
855,149,193,graphml/GtsCe.graphml,1,,clustered,0.6;-0.3,11,11,11,0,0,11,0,11,11,0,0,edgeCount
854,149,193,graphml/GtsCe.graphml,1,,clustered,0.6;-0.3,17,17,17,0,0,17,0,17,17,0,0,edgeCount
853,149,193,graphml/GtsCe.graphml,2,,clustered,0.6;-0.3,10,15,9,1,0,16,7,16,16,7,0,edgeCount
852,149,193,graphml/GtsCe.graphml,2,,clustered,0.6;-0.3,-1,-1,-1,0,2,-1,0,-1,-1,0,2,edgeCount
851,149,193,graphml/GtsCe.graphml,2,,clustered,0.6;-0.3,21,41,7,14,2,7,0,7,7,0,2,edgeCount
850,149,193,graphml/GtsCe.graphml,1,,clustered,0.6;-0.3,4,4,4,0,0,4,0,4,4,0,0,edgeCount
849,149,193,graphml/GtsCe.graphml,3,,clustered,0.6;-0.3,44,18,12,32,0,60,48,60,60,48,0,edgeCount
848,149,193,graphml/GtsCe.graphml,2,,clustered,0.6;-0.3,-1,-1,-1,0,2,-1,0,-1,-1,0,2,edgeCount
847,149,193,graphml/GtsCe.graphml,3,,clustered,0.6;-0.3,34,34,10,24,0,34,24,34,34,24,0,edgeCount
846,149,193,graphml/GtsCe.graphml,2,,clustered,0.6;-0.3,-1,-1,-1,0,2,-1,0,-1,-1,0,2,edgeCount
845,149,193,graphml/GtsCe.graphml,2,,clustered,0.6;-0.3,75,19,16,59,2,-1,-17,61,55,45,2,edgeCount
844,149,193,graphml/GtsCe.graphml,2,,clustered,0.6;-0.3,39,39,17,22,0,39,22,39,39,22,0,edgeCount
843,149,193,graphml/GtsCe.graphml,1,,clustered,0.6;-0.3,-1,-1,10,-11,4,-1,-11,-1,-1,-11,4,edgeCount
842,149,193,graphml/GtsCe.graphml,1,,clustered,0.6;-0.3,18,18,18,0,0,18,0,18,18,0,0,edgeCount
841,149,193,graphml/GtsCe.graphml,2,,clustered,0.6;-0.3,-1,-1,-1,0,0,-1,0,-1,-1,0,0,edgeCount
840,149,193,graphml/GtsCe.graphml,2,,clustered,0.6;-0.3,-1,-1,-1,0,0,-1,0,-1,-1,0,0,edgeCount
839,149,193,graphml/GtsCe.graphml,2,,clustered,0.6;-0.3,9,9,9,0,0,9,0,9,9,0,0,edgeCount
838,149,193,graphml/GtsCe.graphml,2,,clustered,0.6;-0.3,-1,-1,-1,0,6,-1,0,-1,-1,0,6,edgeCount
837,149,193,graphml/GtsCe.graphml,3,,clustered,0.6;-0.3,5,5,5,0,0,5,0,5,5,0,0,edgeCount
836,149,193,graphml/GtsCe.graphml,2,,clustered,0.6;-0.3,8,23,5,3,0,5,0,5,5,0,0,edgeCount
835,149,193,graphml/GtsCe.graphml,2,,clustered,0.6;-0.3,-1,-1,16,-17,0,-1,-17,-1,-1,-17,0,edgeCount
834,149,193,graphml/GtsCe.graphml,1,,clustered,0.6;-0.3,-1,-1,-1,0,2,-1,0,-1,-1,0,2,edgeCount
833,149,193,graphml/GtsCe.graphml,2,,clustered,0.6;-0.3,50,50,16,34,0,50,34,50,50,34,0,edgeCount
832,149,193,graphml/GtsCe.graphml,2,,clustered,0.6;-0.3,11,45,8,3,0,19,11,19,19,11,0,edgeCount
831,149,193,graphml/GtsCe.graphml,2,,clustered,0.6;-0.3,4,4,4,0,0,4,0,4,4,0,0,edgeCount
830,149,193,graphml/GtsCe.graphml,2,,clustered,0.6;-0.3,14,14,14,0,0,14,0,14,14,0,0,edgeCount
829,149,193,graphml/GtsCe.graphml,2,,clustered,0.6;-0.3,14,12,12,2,2,12,0,14,12,2,2,edgeCount
828,149,193,graphml/GtsCe.graphml,2,,clustered,0.6;-0.3,12,12,12,0,0,12,0,12,12,0,0,edgeCount
827,149,193,graphml/GtsCe.graphml,1,,clustered,0.6;-0.3,9,61,9,0,4,9,0,9,61,0,4,edgeCount
826,149,193,graphml/GtsCe.graphml,2,,clustered,0.6;-0.3,10,10,9,1,0,46,37,46,46,37,0,edgeCount
825,149,193,graphml/GtsCe.graphml,2,,clustered,0.6;-0.3,-1,-1,-1,0,2,-1,0,-1,-1,0,2,edgeCount
824,149,193,graphml/GtsCe.graphml,2,,clustered,0.6;-0.3,16,16,16,0,0,16,0,16,16,0,0,edgeCount
823,149,193,graphml/GtsCe.graphml,2,,clustered,0.6;-0.3,35,35,13,22,0,35,22,35,35,22,0,edgeCount
822,149,193,graphml/GtsCe.graphml,1,,clustered,0.6;-0.3,16,16,16,0,0,16,0,16,16,0,0,edgeCount
821,149,193,graphml/GtsCe.graphml,2,,clustered,0.6;-0.3,10,32,9,1,0,24,15,24,24,15,0,edgeCount
820,149,193,graphml/GtsCe.graphml,2,,clustered,0.6;-0.3,13,13,13,0,0,13,0,13,13,0,0,edgeCount
819,149,193,graphml/GtsCe.graphml,2,,clustered,0.6;-0.3,28,28,9,19,0,28,19,28,28,19,0,edgeCount
818,149,193,graphml/GtsCe.graphml,2,,clustered,0.6;-0.3,24,24,12,12,0,24,12,24,24,12,0,edgeCount
817,149,193,graphml/GtsCe.graphml,2,,clustered,0.6;-0.3,-1,-1,-1,0,0,-1,0,-1,-1,0,0,edgeCount
816,149,193,graphml/GtsCe.graphml,2,,clustered,0.6;-0.3,-1,-1,-1,0,6,-1,0,-1,-1,0,6,edgeCount
815,149,193,graphml/GtsCe.graphml,2,,clustered,0.6;-0.3,-1,-1,-1,0,0,-1,0,-1,-1,0,0,edgeCount
814,149,193,graphml/GtsCe.graphml,2,,clustered,0.6;-0.3,-1,-1,-1,0,0,-1,0,-1,-1,0,0,edgeCount
813,149,193,graphml/GtsCe.graphml,2,,clustered,0.6;-0.3,11,37,9,2,4,27,18,27,27,18,4,edgeCount
812,149,193,graphml/GtsCe.graphml,1,,clustered,0.6;-0.3,21,21,21,0,0,21,0,21,21,0,0,edgeCount
811,149,193,graphml/GtsCe.graphml,3,,clustered,0.6;-0.3,31,31,8,23,0,31,23,31,31,23,0,edgeCount
810,149,193,graphml/GtsCe.graphml,2,,clustered,0.6;-0.3,-1,-1,14,-15,0,-1,-15,-1,-1,-15,0,edgeCount
809,149,193,graphml/GtsCe.graphml,2,,clustered,0.6;-0.3,22,33,16,6,0,52,36,52,52,36,0,edgeCount
808,149,193,graphml/GtsCe.graphml,2,,clustered,0.6;-0.3,-1,-1,-1,0,2,-1,0,-1,-1,0,2,edgeCount
807,149,193,graphml/GtsCe.graphml,2,,clustered,0.6;-0.3,-1,-1,9,-10,0,-1,-10,-1,-1,-10,0,edgeCount
806,149,193,graphml/GtsCe.graphml,2,,clustered,0.6;-0.3,-1,-1,-1,0,0,-1,0,-1,-1,0,0,edgeCount
805,149,193,graphml/GtsCe.graphml,1,,clustered,0.6;-0.3,5,5,5,0,0,5,0,5,5,0,0,edgeCount
804,149,193,graphml/GtsCe.graphml,2,,clustered,0.6;-0.3,13,13,13,0,0,13,0,13,13,0,0,edgeCount
803,149,193,graphml/GtsCe.graphml,2,,clustered,0.6;-0.3,-1,-1,-1,0,0,-1,0,-1,-1,0,0,edgeCount
802,149,193,graphml/GtsCe.graphml,2,,clustered,0.6;-0.3,20,14,14,6,0,14,0,14,14,0,0,edgeCount
801,149,193,graphml/GtsCe.graphml,2,,clustered,0.6;-0.3,-1,-1,-1,0,0,-1,0,-1,-1,0,0,edgeCount
800,149,193,graphml/GtsCe.graphml,2,,clustered,0.6;-0.3,66,66,22,44,0,66,44,66,66,44,0,edgeCount
799,149,193,graphml/GtsCe.graphml,2,,clustered,0.6;-0.3,4,4,4,0,2,4,0,4,4,0,2,edgeCount
798,149,193,graphml/GtsCe.graphml,2,,clustered,0.6;-0.3,51,51,17,34,0,51,34,51,51,34,0,edgeCount
797,149,193,graphml/GtsCe.graphml,2,,clustered,0.6;-0.3,41,41,10,31,6,-1,-11,41,41,31,6,edgeCount
796,149,193,graphml/GtsCe.graphml,2,,clustered,0.6;-0.3,-1,-1,-1,0,0,-1,0,-1,-1,0,0,edgeCount
795,149,193,graphml/GtsCe.graphml,2,,clustered,0.6;-0.3,76,18,17,59,0,18,1,18,18,1,0,edgeCount
794,149,193,graphml/GtsCe.graphml,2,,clustered,0.6;-0.3,15,15,14,1,2,15,1,15,15,1,2,edgeCount
793,149,193,graphml/GtsCe.graphml,2,,clustered,0.6;-0.3,11,33,5,6,2,-1,-6,29,21,24,2,edgeCount
792,149,193,graphml/GtsCe.graphml,2,,clustered,0.6;-0.3,20,34,5,15,0,6,1,6,6,1,0,edgeCount
791,149,193,graphml/GtsCe.graphml,2,,clustered,0.6;-0.3,37,11,11,26,2,11,0,37,11,26,2,edgeCount
790,149,193,graphml/GtsCe.graphml,2,,clustered,0.6;-0.3,-1,-1,15,-16,0,-1,-16,-1,-1,-16,0,edgeCount
789,149,193,graphml/GtsCe.graphml,2,,clustered,0.6;-0.3,54,54,20,34,0,54,34,54,54,34,0,edgeCount
788,149,193,graphml/GtsCe.graphml,3,,clustered,0.6;-0.3,49,5,5,44,0,-1,-6,5,5,0,0,edgeCount
787,149,193,graphml/GtsCe.graphml,2,,clustered,0.6;-0.3,5,5,5,0,0,5,0,5,5,0,0,edgeCount
786,149,193,graphml/GtsCe.graphml,2,,clustered,0.6;-0.3,12,12,12,0,2,12,0,12,12,0,2,edgeCount
785,149,193,graphml/GtsCe.graphml,2,,clustered,0.6;-0.3,32,32,14,18,0,32,18,32,32,18,0,edgeCount
784,149,193,graphml/GtsCe.graphml,2,,clustered,0.6;-0.3,13,13,9,4,0,13,4,13,13,4,0,edgeCount
783,149,193,graphml/GtsCe.graphml,2,,clustered,0.6;-0.3,-1,-1,-1,0,0,-1,0,-1,-1,0,0,edgeCount
782,149,193,graphml/GtsCe.graphml,2,,clustered,0.6;-0.3,25,23,9,16,0,-1,-10,-1,-1,-10,0,edgeCount
781,149,193,graphml/GtsCe.graphml,2,,clustered,0.6;-0.3,58,26,15,43,6,16,1,16,16,1,6,edgeCount
780,149,193,graphml/GtsCe.graphml,2,,clustered,0.6;-0.3,-1,-1,-1,0,0,-1,0,-1,-1,0,0,edgeCount
779,149,193,graphml/GtsCe.graphml,2,,clustered,0.6;-0.3,52,24,19,33,2,-1,-20,-1,-1,-20,2,edgeCount
778,149,193,graphml/GtsCe.graphml,2,,clustered,0.6;-0.3,7,7,7,0,0,7,0,7,7,0,0,edgeCount
777,149,193,graphml/GtsCe.graphml,2,,clustered,0.6;-0.3,-1,-1,-1,0,0,-1,0,-1,-1,0,0,edgeCount
776,149,193,graphml/GtsCe.graphml,1,,clustered,0.6;-0.3,25,25,9,16,8,-1,-10,25,25,16,8,edgeCount
775,149,193,graphml/GtsCe.graphml,2,,clustered,0.6;-0.3,5,5,5,0,0,5,0,5,5,0,0,edgeCount
774,149,193,graphml/GtsCe.graphml,1,,clustered,0.6;-0.3,-1,-1,-1,0,2,-1,0,-1,-1,0,2,edgeCount
773,149,193,graphml/GtsCe.graphml,2,,clustered,0.6;-0.3,-1,-1,-1,0,0,-1,0,-1,-1,0,0,edgeCount
772,149,193,graphml/GtsCe.graphml,2,,clustered,0.6;-0.3,22,16,15,7,2,16,1,16,16,1,2,edgeCount
771,149,193,graphml/GtsCe.graphml,2,,clustered,0.6;-0.3,-1,-1,-1,0,0,-1,0,-1,-1,0,0,edgeCount
770,149,193,graphml/GtsCe.graphml,2,,clustered,0.6;-0.3,22,22,20,2,0,22,2,22,22,2,0,edgeCount
769,149,193,graphml/GtsCe.graphml,2,,clustered,0.6;-0.3,9,37,9,0,0,21,12,21,21,12,0,edgeCount
768,149,193,graphml/GtsCe.graphml,1,,clustered,0.6;-0.3,2,2,2,0,0,2,0,2,2,0,0,edgeCount
767,149,193,graphml/GtsCe.graphml,1,,clustered,0.6;-0.3,17,17,17,0,0,17,0,17,17,0,0,edgeCount
766,149,193,graphml/GtsCe.graphml,2,,clustered,0.6;-0.3,-1,-1,-1,0,0,-1,0,-1,-1,0,0,edgeCount
765,149,193,graphml/GtsCe.graphml,1,,clustered,0.6;-0.3,10,10,10,0,0,10,0,10,10,0,0,edgeCount
764,149,193,graphml/GtsCe.graphml,2,,clustered,0.6;-0.3,6,6,2,4,0,2,0,6,2,4,0,edgeCount
763,149,193,graphml/GtsCe.graphml,2,,clustered,0.6;-0.3,8,38,8,0,2,20,12,20,8,12,2,edgeCount
762,149,193,graphml/GtsCe.graphml,2,,clustered,0.6;-0.3,-1,-1,-1,0,0,-1,0,-1,-1,0,0,edgeCount
761,149,193,graphml/GtsCe.graphml,2,,clustered,0.6;-0.3,-1,-1,-1,0,0,-1,0,-1,-1,0,0,edgeCount
760,149,193,graphml/GtsCe.graphml,2,,clustered,0.6;-0.3,-1,-1,16,-17,0,-1,-17,-1,-1,-17,0,edgeCount
759,149,193,graphml/GtsCe.graphml,1,,clustered,0.6;-0.3,3,3,3,0,4,3,0,3,3,0,4,edgeCount
758,149,193,graphml/GtsCe.graphml,2,,clustered,0.6;-0.3,17,15,5,12,0,5,0,5,5,0,0,edgeCount
757,149,193,graphml/GtsCe.graphml,2,,clustered,0.6;-0.3,-1,-1,-1,0,0,-1,0,-1,-1,0,0,edgeCount
756,149,193,graphml/GtsCe.graphml,2,,clustered,0.6;-0.3,-1,-1,-1,0,0,-1,0,-1,-1,0,0,edgeCount
755,149,193,graphml/GtsCe.graphml,2,,clustered,0.6;-0.3,-1,-1,-1,0,0,-1,0,-1,-1,0,0,edgeCount
754,149,193,graphml/GtsCe.graphml,2,,clustered,0.6;-0.3,9,9,9,0,0,9,0,9,9,0,0,edgeCount
753,149,193,graphml/GtsCe.graphml,2,,clustered,0.6;-0.3,9,9,9,0,0,9,0,9,9,0,0,edgeCount
752,149,193,graphml/GtsCe.graphml,2,,clustered,0.6;-0.3,27,29,13,14,4,45,32,45,52,32,4,edgeCount
751,149,193,graphml/GtsCe.graphml,1,,clustered,0.6;-0.3,12,12,12,0,0,12,0,12,12,0,0,edgeCount
750,149,193,graphml/GtsCe.graphml,2,,clustered,0.6;-0.3,14,14,13,1,0,14,1,14,14,1,0,edgeCount
749,149,193,graphml/GtsCe.graphml,2,,clustered,0.6;-0.3,10,36,4,6,0,4,0,10,10,6,0,edgeCount
748,149,193,graphml/GtsCe.graphml,2,,clustered,0.6;-0.3,-1,-1,10,-11,0,-1,-11,-1,-1,-11,0,edgeCount
747,149,193,graphml/GtsCe.graphml,2,,clustered,0.6;-0.3,9,9,9,0,0,9,0,9,9,0,0,edgeCount
746,149,193,graphml/GtsCe.graphml,1,,clustered,0.6;-0.3,7,7,7,0,0,7,0,7,7,0,0,edgeCount
745,149,193,graphml/GtsCe.graphml,2,,clustered,0.6;-0.3,7,7,7,0,0,7,0,7,7,0,0,edgeCount
744,149,193,graphml/GtsCe.graphml,2,,clustered,0.6;-0.3,13,13,12,1,0,13,1,13,13,1,0,edgeCount
743,149,193,graphml/GtsCe.graphml,2,,clustered,0.6;-0.3,-1,-1,-1,0,0,-1,0,-1,-1,0,0,edgeCount
742,149,193,graphml/GtsCe.graphml,2,,clustered,0.6;-0.3,4,4,4,0,2,4,0,4,4,0,2,edgeCount
741,149,193,graphml/GtsCe.graphml,2,,clustered,0.6;-0.3,13,19,3,10,0,3,0,3,3,0,0,edgeCount
740,149,193,graphml/GtsCe.graphml,2,,clustered,0.6;-0.3,-1,-1,-1,0,0,-1,0,-1,-1,0,0,edgeCount
739,149,193,graphml/GtsCe.graphml,2,,clustered,0.6;-0.3,43,23,14,29,2,-1,-15,43,35,29,2,edgeCount
738,149,193,graphml/GtsCe.graphml,2,,clustered,0.6;-0.3,-1,-1,-1,0,0,-1,0,-1,-1,0,0,edgeCount
737,149,193,graphml/GtsCe.graphml,2,,clustered,0.6;-0.3,6,6,6,0,0,23,17,6,6,0,0,edgeCount
736,149,193,graphml/GtsCe.graphml,2,,clustered,0.6;-0.3,-1,-1,-1,0,0,-1,0,-1,-1,0,0,edgeCount
735,149,193,graphml/GtsCe.graphml,2,,clustered,0.6;-0.3,6,6,6,0,2,6,0,6,6,0,2,edgeCount
734,149,193,graphml/GtsCe.graphml,1,,clustered,0.6;-0.3,13,13,13,0,0,13,0,13,13,0,0,edgeCount
733,149,193,graphml/GtsCe.graphml,2,,clustered,0.6;-0.3,15,61,10,5,0,37,27,37,37,27,0,edgeCount
732,149,193,graphml/GtsCe.graphml,2,,clustered,0.6;-0.3,20,20,8,12,0,20,12,20,20,12,0,edgeCount
731,149,193,graphml/GtsCe.graphml,2,,clustered,0.6;-0.3,14,14,13,1,0,14,1,14,14,1,0,edgeCount
730,149,193,graphml/GtsCe.graphml,4,,clustered,0.6;-0.3,7,7,5,2,2,7,2,7,7,2,2,edgeCount
729,149,193,graphml/GtsCe.graphml,2,,clustered,0.6;-0.3,-1,-1,-1,0,0,-1,0,-1,-1,0,0,edgeCount
728,149,193,graphml/GtsCe.graphml,2,,clustered,0.6;-0.3,-1,-1,10,-11,0,-1,-11,-1,-1,-11,0,edgeCount
727,149,193,graphml/GtsCe.graphml,2,,clustered,0.6;-0.3,-1,-1,-1,0,6,-1,0,-1,-1,0,6,edgeCount
726,149,193,graphml/GtsCe.graphml,2,,clustered,0.6;-0.3,11,11,7,4,0,11,4,11,11,4,0,edgeCount
725,149,193,graphml/GtsCe.graphml,2,,clustered,0.6;-0.3,-1,-1,9,-10,0,-1,-10,-1,-1,-10,0,edgeCount
724,149,193,graphml/GtsCe.graphml,1,,clustered,0.6;-0.3,47,21,15,32,2,-1,-16,47,21,32,2,edgeCount
723,149,193,graphml/GtsCe.graphml,2,,clustered,0.6;-0.3,53,39,8,45,6,-1,-9,40,36,32,6,edgeCount
722,149,193,graphml/GtsCe.graphml,2,,clustered,0.6;-0.3,11,11,11,0,0,11,0,11,11,0,0,edgeCount
721,149,193,graphml/GtsCe.graphml,2,,clustered,0.6;-0.3,34,34,12,22,0,34,22,34,34,22,0,edgeCount
720,149,193,graphml/GtsCe.graphml,2,,clustered,0.6;-0.3,43,22,14,29,8,-1,-15,34,33,20,8,edgeCount
719,149,193,graphml/GtsCe.graphml,2,,clustered,0.6;-0.3,-1,-1,-1,0,0,-1,0,-1,-1,0,0,edgeCount
718,149,193,graphml/GtsCe.graphml,2,,clustered,0.6;-0.3,-1,-1,-1,0,0,-1,0,-1,-1,0,0,edgeCount
717,149,193,graphml/GtsCe.graphml,2,,clustered,0.6;-0.3,-1,-1,-1,0,0,-1,0,-1,-1,0,0,edgeCount
716,149,193,graphml/GtsCe.graphml,1,,clustered,0.6;-0.3,-1,-1,-1,0,0,-1,0,-1,-1,0,0,edgeCount
715,149,193,graphml/GtsCe.graphml,2,,clustered,0.6;-0.3,-1,-1,-1,0,0,-1,0,-1,-1,0,0,edgeCount
714,149,193,graphml/GtsCe.graphml,2,,clustered,0.6;-0.3,-1,-1,-1,0,0,-1,0,-1,-1,0,0,edgeCount
713,149,193,graphml/GtsCe.graphml,3,,clustered,0.6;-0.3,-1,-1,-1,0,4,-1,0,-1,-1,0,4,edgeCount
712,149,193,graphml/GtsCe.graphml,2,,clustered,0.6;-0.3,-1,-1,-1,0,0,-1,0,-1,-1,0,0,edgeCount
711,149,193,graphml/GtsCe.graphml,2,,clustered,0.6;-0.3,32,24,9,23,8,-1,-10,32,12,23,8,edgeCount
710,149,193,graphml/GtsCe.graphml,2,,clustered,0.6;-0.3,47,23,10,37,0,-1,-11,-1,-1,-11,0,edgeCount
709,149,193,graphml/GtsCe.graphml,1,,clustered,0.6;-0.3,-1,-1,-1,0,8,-1,0,-1,-1,0,8,edgeCount
708,149,193,graphml/GtsCe.graphml,1,,clustered,0.6;-0.3,13,13,13,0,0,13,0,13,13,0,0,edgeCount
707,149,193,graphml/GtsCe.graphml,2,,clustered,0.6;-0.3,13,55,13,0,2,25,12,25,41,12,2,edgeCount
706,149,193,graphml/GtsCe.graphml,2,,clustered,0.6;-0.3,36,12,12,24,0,12,0,12,12,0,0,edgeCount
705,149,193,graphml/GtsCe.graphml,2,,clustered,0.6;-0.3,-1,-1,-1,0,0,-1,0,-1,-1,0,0,edgeCount
704,149,193,graphml/GtsCe.graphml,2,,clustered,0.6;-0.3,20,10,10,10,0,34,24,34,34,24,0,edgeCount
703,149,193,graphml/GtsCe.graphml,2,,clustered,0.6;-0.3,15,16,15,0,0,43,28,43,43,28,0,edgeCount
702,149,193,graphml/GtsCe.graphml,2,,clustered,0.6;-0.3,-1,-1,-1,0,0,-1,0,-1,-1,0,0,edgeCount
701,149,193,graphml/GtsCe.graphml,2,,clustered,0.6;-0.3,22,110,15,7,4,-1,-16,52,52,37,4,edgeCount
700,149,193,graphml/GtsCe.graphml,1,,clustered,0.6;-0.3,3,21,3,0,2,3,0,3,21,0,2,edgeCount
699,149,193,graphml/GtsCe.graphml,2,,clustered,0.6;-0.3,32,10,10,22,2,-1,-11,10,10,0,2,edgeCount
698,149,193,graphml/GtsCe.graphml,2,,clustered,0.6;-0.3,-1,-1,-1,0,0,-1,0,-1,-1,0,0,edgeCount
697,149,193,graphml/GtsCe.graphml,2,,clustered,0.6;-0.3,11,25,9,2,2,19,10,19,19,10,2,edgeCount
696,149,193,graphml/GtsCe.graphml,2,,clustered,0.6;-0.3,16,6,6,10,0,6,0,6,6,0,0,edgeCount
695,149,193,graphml/GtsCe.graphml,2,,clustered,0.6;-0.3,18,18,13,5,0,62,49,62,62,49,0,edgeCount
694,149,193,graphml/GtsCe.graphml,2,,clustered,0.6;-0.3,4,4,3,1,2,4,1,4,4,1,2,edgeCount
693,149,193,graphml/GtsCe.graphml,2,,clustered,0.6;-0.3,-1,-1,-1,0,0,-1,0,-1,-1,0,0,edgeCount
692,149,193,graphml/GtsCe.graphml,2,,clustered,0.6;-0.3,-1,-1,-1,0,0,-1,0,-1,-1,0,0,edgeCount
691,149,193,graphml/GtsCe.graphml,2,,clustered,0.6;-0.3,21,7,7,14,2,7,0,21,7,14,2,edgeCount
690,149,193,graphml/GtsCe.graphml,2,,clustered,0.6;-0.3,33,33,10,23,0,33,23,33,33,23,0,edgeCount
689,149,193,graphml/GtsCe.graphml,2,,clustered,0.6;-0.3,-1,-1,-1,0,0,-1,0,-1,-1,0,0,edgeCount
688,149,193,graphml/GtsCe.graphml,3,,clustered,0.6;-0.3,35,35,14,21,0,35,21,35,35,21,0,edgeCount
687,149,193,graphml/GtsCe.graphml,2,,clustered,0.6;-0.3,20,20,8,12,0,20,12,20,20,12,0,edgeCount
686,149,193,graphml/GtsCe.graphml,2,,clustered,0.6;-0.3,-1,-1,-1,0,0,-1,0,-1,-1,0,0,edgeCount
685,149,193,graphml/GtsCe.graphml,2,,clustered,0.6;-0.3,-1,-1,-1,0,0,-1,0,-1,-1,0,0,edgeCount
684,149,193,graphml/GtsCe.graphml,2,,clustered,0.6;-0.3,17,17,17,0,4,17,0,17,17,0,4,edgeCount
683,149,193,graphml/GtsCe.graphml,1,,clustered,0.6;-0.3,19,19,19,0,2,19,0,19,19,0,2,edgeCount
682,149,193,graphml/GtsCe.graphml,2,,clustered,0.6;-0.3,13,13,13,0,0,35,22,13,13,0,0,edgeCount
681,149,193,graphml/GtsCe.graphml,2,,clustered,0.6;-0.3,16,16,14,2,0,16,2,16,16,2,0,edgeCount
680,149,193,graphml/GtsCe.graphml,2,,clustered,0.6;-0.3,-1,-1,-1,0,0,-1,0,-1,-1,0,0,edgeCount
679,149,193,graphml/GtsCe.graphml,2,,clustered,0.6;-0.3,7,7,7,0,0,7,0,7,7,0,0,edgeCount
678,149,193,graphml/GtsCe.graphml,2,,clustered,0.6;-0.3,-1,-1,-1,0,0,-1,0,-1,-1,0,0,edgeCount
677,149,193,graphml/GtsCe.graphml,2,,clustered,0.6;-0.3,54,54,18,36,0,54,36,54,54,36,0,edgeCount
676,149,193,graphml/GtsCe.graphml,2,,clustered,0.6;-0.3,-1,-1,-1,0,0,-1,0,-1,-1,0,0,edgeCount
675,149,193,graphml/GtsCe.graphml,1,,clustered,0.6;-0.3,8,8,8,0,0,8,0,8,8,0,0,edgeCount
674,149,193,graphml/GtsCe.graphml,2,,clustered,0.6;-0.3,11,11,11,0,0,11,0,11,11,0,0,edgeCount
673,149,193,graphml/GtsCe.graphml,2,,clustered,0.6;-0.3,10,12,9,1,0,16,7,16,16,7,0,edgeCount
672,149,193,graphml/GtsCe.graphml,1,,clustered,0.6;-0.3,13,13,13,0,0,13,0,13,13,0,0,edgeCount
671,149,193,graphml/GtsCe.graphml,2,,clustered,0.6;-0.3,31,11,10,21,0,11,1,11,11,1,0,edgeCount
670,149,193,graphml/GtsCe.graphml,1,,clustered,0.6;-0.3,10,10,10,0,4,10,0,10,10,0,4,edgeCount
669,149,193,graphml/GtsCe.graphml,2,,clustered,0.6;-0.3,38,30,10,28,0,10,0,10,10,0,0,edgeCount
668,149,193,graphml/GtsCe.graphml,2,,clustered,0.6;-0.3,82,34,18,64,0,18,0,18,18,0,0,edgeCount
667,149,193,graphml/GtsCe.graphml,2,,clustered,0.6;-0.3,-1,-1,-1,0,0,-1,0,-1,-1,0,0,edgeCount
666,149,193,graphml/GtsCe.graphml,2,,clustered,0.6;-0.3,-1,-1,-1,0,0,-1,0,-1,-1,0,0,edgeCount
665,149,193,graphml/GtsCe.graphml,3,,clustered,0.6;-0.3,7,8,6,1,0,6,0,6,6,0,0,edgeCount
664,149,193,graphml/GtsCe.graphml,2,,clustered,0.6;-0.3,11,29,11,0,0,11,0,11,11,0,0,edgeCount
663,149,193,graphml/GtsCe.graphml,2,,clustered,0.6;-0.3,-1,-1,-1,0,2,-1,0,-1,-1,0,2,edgeCount
662,149,193,graphml/GtsCe.graphml,2,,clustered,0.6;-0.3,7,6,6,1,4,6,0,6,6,0,4,edgeCount
661,149,193,graphml/GtsCe.graphml,3,,clustered,0.6;-0.3,47,47,11,36,0,47,36,47,47,36,0,edgeCount
660,149,193,graphml/GtsCe.graphml,1,,clustered,0.6;-0.3,37,23,14,23,2,-1,-15,37,23,23,2,edgeCount
659,149,193,graphml/GtsCe.graphml,2,,clustered,0.6;-0.3,-1,-1,-1,0,0,-1,0,-1,-1,0,0,edgeCount
658,149,193,graphml/GtsCe.graphml,2,,clustered,0.6;-0.3,-1,-1,-1,0,0,-1,0,-1,-1,0,0,edgeCount
657,149,193,graphml/GtsCe.graphml,2,,clustered,0.6;-0.3,-1,-1,-1,0,0,-1,0,-1,-1,0,0,edgeCount
656,149,193,graphml/GtsCe.graphml,2,,clustered,0.6;-0.3,70,26,16,54,2,-1,-17,70,26,54,2,edgeCount
655,149,193,graphml/GtsCe.graphml,1,,clustered,0.6;-0.3,-1,-1,-1,0,2,-1,0,-1,-1,0,2,edgeCount
654,149,193,graphml/GtsCe.graphml,2,,clustered,0.6;-0.3,16,46,12,4,6,24,12,24,46,12,6,edgeCount
653,149,193,graphml/GtsCe.graphml,2,,clustered,0.6;-0.3,-1,-1,13,-14,2,-1,-14,54,44,41,2,edgeCount
652,149,193,graphml/GtsCe.graphml,2,,clustered,0.6;-0.3,7,7,5,2,0,7,2,7,7,2,0,edgeCount
651,149,193,graphml/GtsCe.graphml,3,,clustered,0.6;-0.3,5,15,4,1,2,13,9,5,15,1,2,edgeCount
650,149,193,graphml/GtsCe.graphml,2,,clustered,0.6;-0.3,7,7,7,0,0,7,0,7,7,0,0,edgeCount
649,149,193,graphml/GtsCe.graphml,2,,clustered,0.6;-0.3,28,28,11,17,0,28,17,28,28,17,0,edgeCount
648,149,193,graphml/GtsCe.graphml,2,,clustered,0.6;-0.3,-1,-1,-1,0,0,-1,0,-1,-1,0,0,edgeCount
647,149,193,graphml/GtsCe.graphml,1,,clustered,0.6;-0.3,-1,-1,-1,0,2,-1,0,-1,-1,0,2,edgeCount
646,149,193,graphml/GtsCe.graphml,2,,clustered,0.6;-0.3,-1,-1,-1,0,0,-1,0,-1,-1,0,0,edgeCount
645,149,193,graphml/GtsCe.graphml,2,,clustered,0.6;-0.3,13,26,6,7,0,33,27,33,33,27,0,edgeCount
644,149,193,graphml/GtsCe.graphml,2,,clustered,0.6;-0.3,-1,-1,-1,0,0,-1,0,-1,-1,0,0,edgeCount
643,149,193,graphml/GtsCe.graphml,3,,clustered,0.6;-0.3,13,13,13,0,0,13,0,13,13,0,0,edgeCount
642,149,193,graphml/GtsCe.graphml,2,,clustered,0.6;-0.3,28,22,9,19,0,10,1,10,10,1,0,edgeCount
641,149,193,graphml/GtsCe.graphml,2,,clustered,0.6;-0.3,4,4,4,0,0,4,0,4,4,0,0,edgeCount
640,149,193,graphml/GtsCe.graphml,1,,clustered,0.6;-0.3,-1,-1,17,-18,0,-1,-18,-1,-1,-18,0,edgeCount
639,149,193,graphml/GtsCe.graphml,2,,clustered,0.6;-0.3,17,61,16,1,2,33,17,33,61,17,2,edgeCount
638,149,193,graphml/GtsCe.graphml,2,,clustered,0.6;-0.3,18,4,4,14,0,4,0,4,4,0,0,edgeCount
637,149,193,graphml/GtsCe.graphml,2,,clustered,0.6;-0.3,7,49,7,0,0,7,0,7,7,0,0,edgeCount
636,149,193,graphml/GtsCe.graphml,2,,clustered,0.6;-0.3,13,13,12,1,2,13,1,13,13,1,2,edgeCount
635,149,193,graphml/GtsCe.graphml,2,,clustered,0.6;-0.3,48,48,13,35,0,48,35,48,48,35,0,edgeCount
634,149,193,graphml/GtsCe.graphml,2,,clustered,0.6;-0.3,30,10,10,20,0,10,0,10,10,0,0,edgeCount
633,149,193,graphml/GtsCe.graphml,2,,clustered,0.6;-0.3,28,51,14,14,4,15,1,15,15,1,4,edgeCount
632,149,193,graphml/GtsCe.graphml,1,,clustered,0.6;-0.3,-1,-1,17,-18,4,-1,-18,-1,-1,-18,4,edgeCount
631,149,193,graphml/GtsCe.graphml,1,,clustered,0.6;-0.3,19,19,19,0,4,19,0,19,19,0,4,edgeCount
630,149,193,graphml/GtsCe.graphml,3,,clustered,0.6;-0.3,5,5,3,2,0,5,2,5,5,2,0,edgeCount
629,149,193,graphml/GtsCe.graphml,2,,clustered,0.6;-0.3,11,13,11,0,0,17,6,17,17,6,0,edgeCount
628,149,193,graphml/GtsCe.graphml,2,,clustered,0.6;-0.3,35,35,15,20,0,35,20,35,35,20,0,edgeCount
627,149,193,graphml/GtsCe.graphml,2,,clustered,0.6;-0.3,-1,-1,-1,0,0,-1,0,-1,-1,0,0,edgeCount
626,149,193,graphml/GtsCe.graphml,1,,clustered,0.6;-0.3,9,9,9,0,2,9,0,9,9,0,2,edgeCount
625,149,193,graphml/GtsCe.graphml,1,,clustered,0.6;-0.3,31,21,14,17,2,-1,-15,31,21,17,2,edgeCount
624,149,193,graphml/GtsCe.graphml,2,,clustered,0.6;-0.3,-1,-1,-1,0,0,-1,0,-1,-1,0,0,edgeCount
623,149,193,graphml/GtsCe.graphml,3,,clustered,0.6;-0.3,61,7,7,54,0,7,0,7,7,0,0,edgeCount
622,149,193,graphml/GtsCe.graphml,1,,clustered,0.6;-0.3,-1,-1,-1,0,2,-1,0,-1,-1,0,2,edgeCount
621,149,193,graphml/GtsCe.graphml,2,,clustered,0.6;-0.3,9,31,7,2,2,7,0,7,7,0,2,edgeCount
620,149,193,graphml/GtsCe.graphml,3,,clustered,0.6;-0.3,-1,-1,6,-7,2,-1,-7,-1,-1,-7,2,edgeCount
619,149,193,graphml/GtsCe.graphml,2,,clustered,0.6;-0.3,-1,-1,-1,0,0,-1,0,-1,-1,0,0,edgeCount
618,149,193,graphml/GtsCe.graphml,2,,clustered,0.6;-0.3,-1,-1,-1,0,0,-1,0,-1,-1,0,0,edgeCount
617,149,193,graphml/GtsCe.graphml,1,,clustered,0.6;-0.3,-1,-1,10,-11,0,-1,-11,-1,-1,-11,0,edgeCount
616,149,193,graphml/GtsCe.graphml,2,,clustered,0.6;-0.3,-1,-1,-1,0,0,-1,0,-1,-1,0,0,edgeCount
615,149,193,graphml/GtsCe.graphml,2,,clustered,0.6;-0.3,27,31,7,20,0,-1,-8,-1,-1,-8,0,edgeCount
614,149,193,graphml/GtsCe.graphml,2,,clustered,0.6;-0.3,13,13,9,4,0,13,4,13,13,4,0,edgeCount
613,149,193,graphml/GtsCe.graphml,2,,clustered,0.6;-0.3,8,8,8,0,0,8,0,8,8,0,0,edgeCount
612,149,193,graphml/GtsCe.graphml,2,,clustered,0.6;-0.3,64,20,16,48,0,-1,-17,-1,-1,-17,0,edgeCount
611,149,193,graphml/GtsCe.graphml,2,,clustered,0.6;-0.3,3,3,3,0,0,3,0,3,3,0,0,edgeCount
610,149,193,graphml/GtsCe.graphml,2,,clustered,0.6;-0.3,6,6,6,0,0,6,0,6,6,0,0,edgeCount
609,149,193,graphml/GtsCe.graphml,2,,clustered,0.6;-0.3,-1,-1,-1,0,0,-1,0,-1,-1,0,0,edgeCount
608,149,193,graphml/GtsCe.graphml,2,,clustered,0.6;-0.3,-1,-1,-1,0,0,-1,0,-1,-1,0,0,edgeCount
607,149,193,graphml/GtsCe.graphml,2,,clustered,0.6;-0.3,22,6,6,16,2,6,0,6,6,0,2,edgeCount
606,149,193,graphml/GtsCe.graphml,2,,clustered,0.6;-0.3,31,17,12,19,2,-1,-13,30,22,18,2,edgeCount
605,149,193,graphml/GtsCe.graphml,1,,clustered,0.6;-0.3,6,10,6,0,4,6,0,6,10,0,4,edgeCount
604,149,193,graphml/GtsCe.graphml,1,,clustered,0.6;-0.3,42,50,16,26,4,-1,-17,42,50,26,4,edgeCount
603,149,193,graphml/GtsCe.graphml,1,,clustered,0.6;-0.3,-1,-1,10,-11,2,-1,-11,-1,-1,-11,2,edgeCount
602,149,193,graphml/GtsCe.graphml,2,,clustered,0.6;-0.3,28,24,6,22,0,6,0,6,6,0,0,edgeCount
601,149,193,graphml/GtsCe.graphml,2,,clustered,0.6;-0.3,33,41,9,24,2,9,0,9,9,0,2,edgeCount
600,149,193,graphml/GtsCe.graphml,2,,clustered,0.6;-0.3,66,66,18,48,0,66,48,66,66,48,0,edgeCount
599,149,193,graphml/GtsCe.graphml,2,,clustered,0.6;-0.3,35,35,14,21,0,35,21,35,35,21,0,edgeCount
598,149,193,graphml/GtsCe.graphml,2,,clustered,0.6;-0.3,9,35,8,1,2,15,7,9,35,1,2,edgeCount
597,149,193,graphml/GtsCe.graphml,2,,clustered,0.6;-0.3,-1,-1,-1,0,0,-1,0,-1,-1,0,0,edgeCount
596,149,193,graphml/GtsCe.graphml,2,,clustered,0.6;-0.3,25,9,9,16,0,9,0,9,9,0,0,edgeCount
595,149,193,graphml/GtsCe.graphml,2,,clustered,0.6;-0.3,-1,-1,-1,0,0,-1,0,-1,-1,0,0,edgeCount
594,149,193,graphml/GtsCe.graphml,2,,clustered,0.6;-0.3,-1,-1,11,-12,0,-1,-12,-1,-1,-12,0,edgeCount
593,149,193,graphml/GtsCe.graphml,2,,clustered,0.6;-0.3,58,58,17,41,0,58,41,58,58,41,0,edgeCount
592,149,193,graphml/GtsCe.graphml,2,,clustered,0.6;-0.3,13,13,13,0,0,13,0,13,13,0,0,edgeCount
591,149,193,graphml/GtsCe.graphml,2,,clustered,0.6;-0.3,-1,-1,-1,0,0,-1,0,-1,-1,0,0,edgeCount
590,149,193,graphml/GtsCe.graphml,2,,clustered,0.6;-0.3,8,8,8,0,0,8,0,8,8,0,0,edgeCount
589,149,193,graphml/GtsCe.graphml,3,,clustered,0.6;-0.3,39,73,10,29,0,39,29,39,73,29,0,edgeCount
588,149,193,graphml/GtsCe.graphml,2,,clustered,0.6;-0.3,-1,-1,-1,0,0,-1,0,-1,-1,0,0,edgeCount
587,149,193,graphml/GtsCe.graphml,2,,clustered,0.6;-0.3,-1,-1,-1,0,0,-1,0,-1,-1,0,0,edgeCount
586,149,193,graphml/GtsCe.graphml,3,,clustered,0.6;-0.3,31,26,8,23,0,26,18,26,26,18,0,edgeCount
585,149,193,graphml/GtsCe.graphml,3,,clustered,0.6;-0.3,9,29,9,0,0,9,0,9,9,0,0,edgeCount
584,149,193,graphml/GtsCe.graphml,2,,clustered,0.6;-0.3,23,7,7,16,8,7,0,7,7,0,8,edgeCount
583,149,193,graphml/GtsCe.graphml,2,,clustered,0.6;-0.3,83,27,15,68,4,-1,-16,64,48,49,4,edgeCount
582,149,193,graphml/GtsCe.graphml,4,,clustered,0.6;-0.3,-1,-1,10,-11,0,-1,-11,-1,-1,-11,0,edgeCount
581,149,193,graphml/GtsCe.graphml,1,,clustered,0.6;-0.3,-1,-1,-1,0,0,-1,0,-1,-1,0,0,edgeCount
580,149,193,graphml/GtsCe.graphml,2,,clustered,0.6;-0.3,10,12,10,0,2,16,6,16,16,6,2,edgeCount
579,149,193,graphml/GtsCe.graphml,1,,clustered,0.6;-0.3,5,17,5,0,2,5,0,5,17,0,2,edgeCount
578,149,193,graphml/GtsCe.graphml,2,,clustered,0.6;-0.3,96,46,18,78,2,-1,-19,-1,-1,-19,2,edgeCount
577,149,193,graphml/GtsCe.graphml,2,,clustered,0.6;-0.3,47,47,14,33,0,47,33,47,47,33,0,edgeCount
576,149,193,graphml/GtsCe.graphml,3,,clustered,0.6;-0.3,103,43,11,92,0,-1,-12,-1,-1,-12,0,edgeCount
575,149,193,graphml/GtsCe.graphml,2,,clustered,0.6;-0.3,19,19,10,9,0,-1,-11,-1,-1,-11,0,edgeCount
574,149,193,graphml/GtsCe.graphml,1,,clustered,0.6;-0.3,5,5,5,0,0,5,0,5,5,0,0,edgeCount
573,149,193,graphml/GtsCe.graphml,1,,clustered,0.6;-0.3,5,23,5,0,2,5,0,5,23,0,2,edgeCount
572,149,193,graphml/GtsCe.graphml,2,,clustered,0.6;-0.3,-1,-1,-1,0,0,-1,0,-1,-1,0,0,edgeCount
571,149,193,graphml/GtsCe.graphml,3,,clustered,0.6;-0.3,14,16,4,10,2,16,12,8,6,4,2,edgeCount
570,149,193,graphml/GtsCe.graphml,2,,clustered,0.6;-0.3,15,15,6,9,0,15,9,15,15,9,0,edgeCount
569,149,193,graphml/GtsCe.graphml,2,,clustered,0.6;-0.3,-1,-1,-1,0,0,-1,0,-1,-1,0,0,edgeCount
568,149,193,graphml/GtsCe.graphml,3,,clustered,0.6;-0.3,-1,-1,-1,0,2,-1,0,-1,-1,0,2,edgeCount
567,149,193,graphml/GtsCe.graphml,2,,clustered,0.6;-0.3,31,31,13,18,0,31,18,31,31,18,0,edgeCount
566,149,193,graphml/GtsCe.graphml,2,,clustered,0.6;-0.3,24,24,12,12,0,24,12,24,24,12,0,edgeCount
565,149,193,graphml/GtsCe.graphml,2,,clustered,0.6;-0.3,4,8,4,0,0,8,4,8,8,4,0,edgeCount
564,149,193,graphml/GtsCe.graphml,1,,clustered,0.6;-0.3,8,8,8,0,0,8,0,8,8,0,0,edgeCount
563,149,193,graphml/GtsCe.graphml,2,,clustered,0.6;-0.3,42,22,9,33,4,-1,-10,19,19,10,4,edgeCount
562,149,193,graphml/GtsCe.graphml,2,,clustered,0.6;-0.3,-1,-1,-1,0,0,-1,0,-1,-1,0,0,edgeCount
561,149,193,graphml/GtsCe.graphml,2,,clustered,0.6;-0.3,3,3,3,0,0,3,0,3,3,0,0,edgeCount
560,149,193,graphml/GtsCe.graphml,2,,clustered,0.6;-0.3,30,8,7,23,0,-1,-8,-1,-1,-8,0,edgeCount
559,149,193,graphml/GtsCe.graphml,2,,clustered,0.6;-0.3,46,46,14,32,0,46,32,46,46,32,0,edgeCount
558,149,193,graphml/GtsCe.graphml,1,,clustered,0.6;-0.3,35,17,13,22,4,-1,-14,35,17,22,4,edgeCount
557,149,193,graphml/GtsCe.graphml,2,,clustered,0.6;-0.3,14,14,14,0,0,51,37,14,14,0,0,edgeCount
556,149,193,graphml/GtsCe.graphml,2,,clustered,0.6;-0.3,-1,-1,-1,0,0,-1,0,-1,-1,0,0,edgeCount
555,149,193,graphml/GtsCe.graphml,2,,clustered,0.6;-0.3,17,17,17,0,0,17,0,17,17,0,0,edgeCount
554,149,193,graphml/GtsCe.graphml,2,,clustered,0.6;-0.3,26,15,8,18,2,8,0,8,8,0,2,edgeCount
553,149,193,graphml/GtsCe.graphml,2,,clustered,0.6;-0.3,12,28,12,0,0,12,0,12,12,0,0,edgeCount
552,149,193,graphml/GtsCe.graphml,2,,clustered,0.6;-0.3,-1,-1,-1,0,0,-1,0,-1,-1,0,0,edgeCount
551,149,193,graphml/GtsCe.graphml,2,,clustered,0.6;-0.3,-1,-1,-1,0,0,-1,0,-1,-1,0,0,edgeCount
550,149,193,graphml/GtsCe.graphml,2,,clustered,0.6;-0.3,36,36,13,23,0,36,23,36,36,23,0,edgeCount
549,149,193,graphml/GtsCe.graphml,2,,clustered,0.6;-0.3,32,32,19,13,0,32,13,32,32,13,0,edgeCount
548,149,193,graphml/GtsCe.graphml,3,,clustered,0.6;-0.3,5,5,5,0,0,5,0,5,5,0,0,edgeCount
547,149,193,graphml/GtsCe.graphml,1,,clustered,0.6;-0.3,24,24,16,8,2,16,0,24,24,8,2,edgeCount
546,149,193,graphml/GtsCe.graphml,2,,clustered,0.6;-0.3,-1,-1,-1,0,0,-1,0,-1,-1,0,0,edgeCount
545,149,193,graphml/GtsCe.graphml,2,,clustered,0.6;-0.3,8,16,8,0,8,16,8,16,16,8,8,edgeCount
544,149,193,graphml/GtsCe.graphml,2,,clustered,0.6;-0.3,-1,-1,-1,0,0,-1,0,-1,-1,0,0,edgeCount
543,149,193,graphml/GtsCe.graphml,2,,clustered,0.6;-0.3,-1,-1,17,-18,0,-1,-18,-1,-1,-18,0,edgeCount
542,149,193,graphml/GtsCe.graphml,2,,clustered,0.6;-0.3,-1,-1,-1,0,0,-1,0,-1,-1,0,0,edgeCount
541,149,193,graphml/GtsCe.graphml,2,,clustered,0.6;-0.3,18,30,13,5,4,44,31,44,76,31,4,edgeCount
540,149,193,graphml/GtsCe.graphml,1,,clustered,0.6;-0.3,-1,-1,-1,0,2,-1,0,-1,-1,0,2,edgeCount
539,149,193,graphml/GtsCe.graphml,1,,clustered,0.6;-0.3,-1,-1,13,-14,0,-1,-14,-1,-1,-14,0,edgeCount
538,149,193,graphml/GtsCe.graphml,3,,clustered,0.6;-0.3,55,105,13,42,4,87,74,55,105,42,4,edgeCount
537,149,193,graphml/GtsCe.graphml,1,,clustered,0.6;-0.3,-1,-1,-1,0,0,-1,0,-1,-1,0,0,edgeCount
536,149,193,graphml/GtsCe.graphml,2,,clustered,0.6;-0.3,8,8,8,0,0,-1,-9,-1,-1,-9,0,edgeCount
535,149,193,graphml/GtsCe.graphml,2,,clustered,0.6;-0.3,-1,-1,-1,0,0,-1,0,-1,-1,0,0,edgeCount
534,149,193,graphml/GtsCe.graphml,2,,clustered,0.6;-0.3,8,8,8,0,0,8,0,8,8,0,0,edgeCount
533,149,193,graphml/GtsCe.graphml,2,,clustered,0.6;-0.3,12,13,10,2,6,12,2,12,13,2,6,edgeCount
532,149,193,graphml/GtsCe.graphml,2,,clustered,0.6;-0.3,10,10,8,2,0,10,2,10,10,2,0,edgeCount
531,149,193,graphml/GtsCe.graphml,3,,clustered,0.6;-0.3,-1,-1,-1,0,4,-1,0,-1,-1,0,2,edgeCount
530,149,193,graphml/GtsCe.graphml,2,,clustered,0.6;-0.3,65,21,18,47,2,21,3,65,21,47,2,edgeCount
529,149,193,graphml/GtsCe.graphml,2,,clustered,0.6;-0.3,6,6,6,0,0,6,0,6,6,0,0,edgeCount
528,149,193,graphml/GtsCe.graphml,3,,clustered,0.6;-0.3,16,16,11,5,0,16,5,16,16,5,0,edgeCount
527,149,193,graphml/GtsCe.graphml,2,,clustered,0.6;-0.3,14,14,14,0,2,14,0,14,14,0,2,edgeCount
526,149,193,graphml/GtsCe.graphml,2,,clustered,0.6;-0.3,7,21,7,0,0,19,12,19,19,12,0,edgeCount
525,149,193,graphml/GtsCe.graphml,2,,clustered,0.6;-0.3,10,56,6,4,4,18,12,10,38,4,2,edgeCount
524,149,193,graphml/GtsCe.graphml,2,,clustered,0.6;-0.3,24,12,11,13,2,-1,-12,24,24,13,2,edgeCount
523,149,193,graphml/GtsCe.graphml,2,,clustered,0.6;-0.3,-1,-1,-1,0,0,-1,0,-1,-1,0,0,edgeCount
522,149,193,graphml/GtsCe.graphml,2,,clustered,0.6;-0.3,-1,-1,8,-9,0,-1,-9,-1,-1,-9,0,edgeCount
521,149,193,graphml/GtsCe.graphml,2,,clustered,0.6;-0.3,22,8,8,14,8,-1,-9,48,24,40,8,edgeCount
520,149,193,graphml/GtsCe.graphml,2,,clustered,0.6;-0.3,40,40,8,32,0,8,0,8,8,0,0,edgeCount
519,149,193,graphml/GtsCe.graphml,2,,clustered,0.6;-0.3,13,13,13,0,0,13,0,13,13,0,0,edgeCount
518,149,193,graphml/GtsCe.graphml,2,,clustered,0.6;-0.3,34,23,11,23,2,-1,-12,31,15,20,2,edgeCount
517,149,193,graphml/GtsCe.graphml,2,,clustered,0.6;-0.3,-1,-1,-1,0,0,-1,0,-1,-1,0,0,edgeCount
516,149,193,graphml/GtsCe.graphml,2,,clustered,0.6;-0.3,49,49,15,34,0,49,34,49,49,34,0,edgeCount
515,149,193,graphml/GtsCe.graphml,2,,clustered,0.6;-0.3,11,11,11,0,0,11,0,11,11,0,0,edgeCount
514,149,193,graphml/GtsCe.graphml,2,,clustered,0.6;-0.3,10,8,7,3,2,8,1,8,8,1,2,edgeCount
513,149,193,graphml/GtsCe.graphml,2,,clustered,0.6;-0.3,20,13,13,7,2,13,0,13,13,0,2,edgeCount
512,149,193,graphml/GtsCe.graphml,2,,clustered,0.6;-0.3,71,71,16,55,2,55,39,71,71,55,2,edgeCount
511,149,193,graphml/GtsCe.graphml,2,,clustered,0.6;-0.3,-1,-1,-1,0,0,-1,0,-1,-1,0,0,edgeCount
510,149,193,graphml/GtsCe.graphml,2,,clustered,0.6;-0.3,6,6,6,0,0,6,0,6,6,0,0,edgeCount
509,149,193,graphml/GtsCe.graphml,2,,clustered,0.6;-0.3,33,15,13,20,0,31,18,31,31,18,0,edgeCount
508,149,193,graphml/GtsCe.graphml,2,,clustered,0.6;-0.3,21,15,5,16,0,5,0,5,5,0,0,edgeCount
507,149,193,graphml/GtsCe.graphml,2,,clustered,0.6;-0.3,18,26,10,8,4,10,0,10,10,0,4,edgeCount
506,149,193,graphml/GtsCe.graphml,2,,clustered,0.6;-0.3,31,65,11,20,8,11,0,11,65,0,8,edgeCount
505,149,193,graphml/GtsCe.graphml,2,,clustered,0.6;-0.3,10,7,7,3,2,7,0,7,7,0,2,edgeCount
504,149,193,graphml/GtsCe.graphml,2,,clustered,0.6;-0.3,11,11,11,0,0,11,0,11,11,0,0,edgeCount
503,149,193,graphml/GtsCe.graphml,2,,clustered,0.6;-0.3,18,52,12,6,2,40,28,18,52,6,2,edgeCount
502,149,193,graphml/GtsCe.graphml,2,,clustered,0.6;-0.3,-1,-1,-1,0,0,-1,0,-1,-1,0,0,edgeCount
501,149,193,graphml/GtsCe.graphml,2,,clustered,0.6;-0.3,-1,-1,-1,0,0,-1,0,-1,-1,0,0,edgeCount
500,149,193,graphml/GtsCe.graphml,2,,clustered,0.6;-0.3,18,18,15,3,0,30,15,30,30,15,0,edgeCount
499,149,193,graphml/GtsCe.graphml,2,,clustered,0.6;-0.3,-1,-1,-1,0,0,-1,0,-1,-1,0,0,edgeCount
498,149,193,graphml/GtsCe.graphml,2,,clustered,0.6;-0.3,18,44,15,3,2,36,21,36,42,21,2,edgeCount
497,149,193,graphml/GtsCe.graphml,3,,clustered,0.6;-0.3,88,88,12,76,2,78,66,78,88,66,2,edgeCount
496,149,193,graphml/GtsCe.graphml,2,,clustered,0.6;-0.3,-1,-1,-1,0,0,-1,0,-1,-1,0,0,edgeCount
495,149,193,graphml/GtsCe.graphml,2,,clustered,0.6;-0.3,-1,-1,19,-20,2,-1,-20,-1,-1,-20,2,edgeCount
494,149,193,graphml/GtsCe.graphml,2,,clustered,0.6;-0.3,-1,-1,-1,0,0,-1,0,-1,-1,0,0,edgeCount
493,149,193,graphml/GtsCe.graphml,2,,clustered,0.6;-0.3,12,12,12,0,0,12,0,12,12,0,0,edgeCount
492,149,193,graphml/GtsCe.graphml,2,,clustered,0.6;-0.3,9,9,9,0,0,9,0,9,9,0,0,edgeCount
491,149,193,graphml/GtsCe.graphml,2,,clustered,0.6;-0.3,-1,-1,-1,0,2,-1,0,-1,-1,0,2,edgeCount
490,149,193,graphml/GtsCe.graphml,2,,clustered,0.6;-0.3,-1,-1,-1,0,0,-1,0,-1,-1,0,0,edgeCount
489,149,193,graphml/GtsCe.graphml,3,,clustered,0.6;-0.3,2,2,2,0,0,2,0,2,2,0,0,edgeCount
488,149,193,graphml/GtsCe.graphml,2,,clustered,0.6;-0.3,16,14,13,3,0,-1,-14,-1,-1,-14,0,edgeCount
487,149,193,graphml/GtsCe.graphml,2,,clustered,0.6;-0.3,27,41,7,20,4,-1,-8,11,11,4,4,edgeCount
486,149,193,graphml/GtsCe.graphml,2,,clustered,0.6;-0.3,9,9,9,0,0,9,0,9,9,0,0,edgeCount
485,149,193,graphml/GtsCe.graphml,2,,clustered,0.6;-0.3,20,20,11,9,0,20,9,20,20,9,0,edgeCount
484,149,193,graphml/GtsCe.graphml,2,,clustered,0.6;-0.3,39,39,12,27,0,39,27,39,39,27,0,edgeCount
483,149,193,graphml/GtsCe.graphml,2,,clustered,0.6;-0.3,8,8,8,0,0,8,0,8,8,0,0,edgeCount
482,149,193,graphml/GtsCe.graphml,2,,clustered,0.6;-0.3,-1,-1,-1,0,0,-1,0,-1,-1,0,0,edgeCount
481,149,193,graphml/GtsCe.graphml,3,,clustered,0.6;-0.3,-1,-1,-1,0,0,-1,0,-1,-1,0,0,edgeCount
480,149,193,graphml/GtsCe.graphml,2,,clustered,0.6;-0.3,40,40,18,22,0,40,22,40,40,22,0,edgeCount
479,149,193,graphml/GtsCe.graphml,2,,clustered,0.6;-0.3,-1,-1,13,-14,0,-1,-14,-1,-1,-14,0,edgeCount
478,149,193,graphml/GtsCe.graphml,2,,clustered,0.6;-0.3,73,33,13,60,2,13,0,13,13,0,2,edgeCount
477,149,193,graphml/GtsCe.graphml,2,,clustered,0.6;-0.3,38,38,11,27,0,36,25,36,36,25,0,edgeCount
476,149,193,graphml/GtsCe.graphml,2,,clustered,0.6;-0.3,6,6,6,0,0,6,0,6,6,0,0,edgeCount
475,149,193,graphml/GtsCe.graphml,2,,clustered,0.6;-0.3,6,6,6,0,0,6,0,6,6,0,0,edgeCount
474,149,193,graphml/GtsCe.graphml,2,,clustered,0.6;-0.3,-1,-1,-1,0,0,-1,0,-1,-1,0,0,edgeCount
473,149,193,graphml/GtsCe.graphml,2,,clustered,0.6;-0.3,12,12,8,4,0,12,4,12,12,4,0,edgeCount
472,149,193,graphml/GtsCe.graphml,3,,clustered,0.6;-0.3,66,42,9,57,0,12,3,12,42,3,0,edgeCount
471,149,193,graphml/GtsCe.graphml,3,,clustered,0.6;-0.3,-1,-1,16,-17,6,-1,-17,91,85,75,6,edgeCount
470,149,193,graphml/GtsCe.graphml,3,,clustered,0.6;-0.3,-1,-1,-1,0,0,-1,0,-1,-1,0,0,edgeCount
469,149,193,graphml/GtsCe.graphml,2,,clustered,0.6;-0.3,-1,-1,-1,0,0,-1,0,-1,-1,0,0,edgeCount
468,149,193,graphml/GtsCe.graphml,2,,clustered,0.6;-0.3,-1,-1,-1,0,0,-1,0,-1,-1,0,0,edgeCount
467,149,193,graphml/GtsCe.graphml,2,,clustered,0.6;-0.3,62,24,17,45,2,-1,-18,-1,-1,-18,2,edgeCount
466,149,193,graphml/GtsCe.graphml,2,,clustered,0.6;-0.3,24,24,15,9,0,24,9,24,24,9,0,edgeCount
465,149,193,graphml/GtsCe.graphml,2,,clustered,0.6;-0.3,27,13,10,17,4,-1,-11,27,13,17,4,edgeCount
464,149,193,graphml/GtsCe.graphml,3,,clustered,0.6;-0.3,33,77,8,25,0,45,37,45,45,37,0,edgeCount
463,149,193,graphml/GtsCe.graphml,1,,clustered,0.6;-0.3,-1,-1,-1,0,0,-1,0,-1,-1,0,0,edgeCount
462,149,193,graphml/GtsCe.graphml,2,,clustered,0.6;-0.3,-1,-1,-1,0,0,-1,0,-1,-1,0,0,edgeCount
461,149,193,graphml/GtsCe.graphml,2,,clustered,0.6;-0.3,36,36,16,20,0,36,20,36,36,20,0,edgeCount
460,149,193,graphml/GtsCe.graphml,2,,clustered,0.6;-0.3,2,2,2,0,0,2,0,2,2,0,0,edgeCount
459,149,193,graphml/GtsCe.graphml,1,,clustered,0.6;-0.3,6,6,6,0,0,6,0,6,6,0,0,edgeCount
458,149,193,graphml/GtsCe.graphml,2,,clustered,0.6;-0.3,-1,-1,-1,0,0,-1,0,-1,-1,0,0,edgeCount
457,149,193,graphml/GtsCe.graphml,1,,clustered,0.6;-0.3,10,10,10,0,4,10,0,10,10,0,4,edgeCount
456,149,193,graphml/GtsCe.graphml,2,,clustered,0.6;-0.3,11,11,7,4,0,9,2,9,9,2,0,edgeCount
455,149,193,graphml/GtsCe.graphml,1,,clustered,0.6;-0.3,-1,-1,8,-9,0,-1,-9,-1,-1,-9,0,edgeCount
454,149,193,graphml/GtsCe.graphml,2,,clustered,0.6;-0.3,-1,-1,-1,0,0,-1,0,-1,-1,0,0,edgeCount
453,149,193,graphml/GtsCe.graphml,2,,clustered,0.6;-0.3,5,5,5,0,0,5,0,5,5,0,0,edgeCount
452,149,193,graphml/GtsCe.graphml,2,,clustered,0.6;-0.3,-1,-1,-1,0,0,-1,0,-1,-1,0,0,edgeCount
451,149,193,graphml/GtsCe.graphml,1,,clustered,0.6;-0.3,36,36,16,20,2,-1,-17,36,36,20,2,edgeCount
450,149,193,graphml/GtsCe.graphml,1,,clustered,0.6;-0.3,11,11,11,0,0,11,0,11,11,0,0,edgeCount
449,149,193,graphml/GtsCe.graphml,3,,clustered,0.6;-0.3,10,10,8,2,0,10,2,10,10,2,0,edgeCount
448,149,193,graphml/GtsCe.graphml,2,,clustered,0.6;-0.3,-1,-1,10,-11,2,-1,-11,-1,-1,-11,2,edgeCount
447,149,193,graphml/GtsCe.graphml,1,,clustered,0.6;-0.3,4,24,4,0,4,4,0,4,24,0,4,edgeCount
446,149,193,graphml/GtsCe.graphml,2,,clustered,0.6;-0.3,-1,-1,-1,0,0,-1,0,-1,-1,0,0,edgeCount
445,149,193,graphml/GtsCe.graphml,2,,clustered,0.6;-0.3,25,25,18,7,2,-1,-19,25,25,7,2,edgeCount
444,149,193,graphml/GtsCe.graphml,2,,clustered,0.6;-0.3,20,4,4,16,4,4,0,4,4,0,4,edgeCount
443,149,193,graphml/GtsCe.graphml,2,,clustered,0.6;-0.3,18,12,6,12,2,-1,-7,12,6,6,2,edgeCount
442,149,193,graphml/GtsCe.graphml,2,,clustered,0.6;-0.3,19,19,17,2,0,17,0,17,17,0,0,edgeCount
441,149,193,graphml/GtsCe.graphml,2,,clustered,0.6;-0.3,17,17,11,6,0,17,6,17,17,6,0,edgeCount
440,149,193,graphml/GtsCe.graphml,2,,clustered,0.6;-0.3,-1,-1,-1,0,2,-1,0,-1,-1,0,2,edgeCount
439,149,193,graphml/GtsCe.graphml,2,,clustered,0.6;-0.3,29,29,11,18,0,29,18,29,29,18,0,edgeCount
438,149,193,graphml/GtsCe.graphml,2,,clustered,0.6;-0.3,-1,-1,-1,0,0,-1,0,-1,-1,0,0,edgeCount
437,149,193,graphml/GtsCe.graphml,2,,clustered,0.6;-0.3,41,41,19,22,0,41,22,41,41,22,0,edgeCount
436,149,193,graphml/GtsCe.graphml,2,,clustered,0.6;-0.3,18,18,16,2,0,50,34,18,18,2,0,edgeCount
435,149,193,graphml/GtsCe.graphml,2,,clustered,0.6;-0.3,15,15,9,6,0,15,6,15,15,6,0,edgeCount
434,149,193,graphml/GtsCe.graphml,1,,clustered,0.6;-0.3,-1,-1,-1,0,0,-1,0,-1,-1,0,0,edgeCount
433,149,193,graphml/GtsCe.graphml,1,,clustered,0.6;-0.3,40,20,16,24,2,-1,-17,40,20,24,2,edgeCount
432,149,193,graphml/GtsCe.graphml,2,,clustered,0.6;-0.3,19,81,12,7,2,39,27,39,67,27,2,edgeCount
431,149,193,graphml/GtsCe.graphml,2,,clustered,0.6;-0.3,-1,-1,-1,0,2,-1,0,-1,-1,0,2,edgeCount
430,149,193,graphml/GtsCe.graphml,2,,clustered,0.6;-0.3,57,22,9,48,4,9,0,9,9,0,4,edgeCount
429,149,193,graphml/GtsCe.graphml,2,,clustered,0.6;-0.3,-1,-1,-1,0,2,-1,0,-1,-1,0,2,edgeCount
428,149,193,graphml/GtsCe.graphml,2,,clustered,0.6;-0.3,-1,-1,-1,0,0,-1,0,-1,-1,0,0,edgeCount
427,149,193,graphml/GtsCe.graphml,3,,clustered,0.6;-0.3,58,28,12,46,0,-1,-13,58,28,46,0,edgeCount
426,149,193,graphml/GtsCe.graphml,2,,clustered,0.6;-0.3,-1,-1,-1,0,0,-1,0,-1,-1,0,0,edgeCount
425,149,193,graphml/GtsCe.graphml,3,,clustered,0.6;-0.3,3,3,3,0,4,3,0,3,3,0,4,edgeCount
424,149,193,graphml/GtsCe.graphml,2,,clustered,0.6;-0.3,14,28,10,4,6,28,18,28,66,18,6,edgeCount
423,149,193,graphml/GtsCe.graphml,2,,clustered,0.6;-0.3,16,16,12,4,0,16,4,16,16,4,0,edgeCount
422,149,193,graphml/GtsCe.graphml,3,,clustered,0.6;-0.3,58,20,17,41,4,-1,-18,53,53,36,4,edgeCount
421,149,193,graphml/GtsCe.graphml,2,,clustered,0.6;-0.3,-1,-1,-1,0,0,-1,0,-1,-1,0,0,edgeCount
420,149,193,graphml/GtsCe.graphml,2,,clustered,0.6;-0.3,-1,-1,-1,0,0,-1,0,-1,-1,0,0,edgeCount
419,149,193,graphml/GtsCe.graphml,3,,clustered,0.6;-0.3,16,13,8,8,0,20,12,20,20,12,0,edgeCount
418,149,193,graphml/GtsCe.graphml,1,,clustered,0.6;-0.3,-1,-1,-1,0,8,-1,0,-1,-1,0,8,edgeCount
417,149,193,graphml/GtsCe.graphml,2,,clustered,0.6;-0.3,63,19,16,47,2,-1,-17,59,59,43,2,edgeCount
416,149,193,graphml/GtsCe.graphml,1,,clustered,0.6;-0.3,18,18,18,0,0,18,0,18,18,0,0,edgeCount
415,149,193,graphml/GtsCe.graphml,2,,clustered,0.6;-0.3,7,7,7,0,0,7,0,7,7,0,0,edgeCount
414,149,193,graphml/GtsCe.graphml,2,,clustered,0.6;-0.3,12,12,10,2,0,12,2,12,12,2,0,edgeCount
413,149,193,graphml/GtsCe.graphml,2,,clustered,0.6;-0.3,-1,-1,-1,0,0,-1,0,-1,-1,0,0,edgeCount
412,149,193,graphml/GtsCe.graphml,2,,clustered,0.6;-0.3,-1,-1,-1,0,0,-1,0,-1,-1,0,0,edgeCount
411,149,193,graphml/GtsCe.graphml,2,,clustered,0.6;-0.3,11,22,9,2,0,23,14,23,23,14,0,edgeCount
410,149,193,graphml/GtsCe.graphml,2,,clustered,0.6;-0.3,49,49,17,32,0,49,32,49,49,32,0,edgeCount
409,149,193,graphml/GtsCe.graphml,1,,clustered,0.6;-0.3,14,14,14,0,2,-1,-15,14,14,0,2,edgeCount
408,149,193,graphml/GtsCe.graphml,2,,clustered,0.6;-0.3,7,7,7,0,0,7,0,7,7,0,0,edgeCount
407,149,193,graphml/GtsCe.graphml,1,,clustered,0.6;-0.3,-1,-1,-1,0,4,-1,0,-1,-1,0,4,edgeCount
406,149,193,graphml/GtsCe.graphml,2,,clustered,0.6;-0.3,6,14,6,0,0,12,6,12,12,6,0,edgeCount
405,149,193,graphml/GtsCe.graphml,2,,clustered,0.6;-0.3,29,29,12,17,0,29,17,29,29,17,0,edgeCount
404,149,193,graphml/GtsCe.graphml,2,,clustered,0.6;-0.3,-1,-1,6,-7,2,-1,-7,15,19,9,2,edgeCount
403,149,193,graphml/GtsCe.graphml,2,,clustered,0.6;-0.3,21,20,13,8,0,57,44,57,57,44,0,edgeCount
402,149,193,graphml/GtsCe.graphml,2,,clustered,0.6;-0.3,19,18,15,4,2,43,28,43,43,28,2,edgeCount
401,149,193,graphml/GtsCe.graphml,1,,clustered,0.6;-0.3,18,18,18,0,0,18,0,18,18,0,0,edgeCount
400,149,193,graphml/GtsCe.graphml,1,,clustered,0.6;-0.3,13,13,13,0,0,13,0,13,13,0,0,edgeCount
399,149,193,graphml/GtsCe.graphml,1,,clustered,0.6;-0.3,-1,-1,13,-14,2,-1,-14,-1,-1,-14,2,edgeCount
398,149,193,graphml/GtsCe.graphml,1,,clustered,0.6;-0.3,-1,-1,-1,0,2,-1,0,-1,-1,0,2,edgeCount
397,149,193,graphml/GtsCe.graphml,2,,clustered,0.6;-0.3,50,50,19,31,0,50,31,50,50,31,0,edgeCount
396,149,193,graphml/GtsCe.graphml,3,,clustered,0.6;-0.3,22,24,9,13,4,34,25,34,34,25,4,edgeCount
395,149,193,graphml/GtsCe.graphml,2,,clustered,0.6;-0.3,-1,-1,7,-8,0,-1,-8,-1,-1,-8,0,edgeCount
394,149,193,graphml/GtsCe.graphml,2,,clustered,0.6;-0.3,45,47,11,34,2,-1,-12,36,36,25,2,edgeCount
393,149,193,graphml/GtsCe.graphml,2,,clustered,0.6;-0.3,54,56,10,44,4,10,0,10,10,0,4,edgeCount
392,149,193,graphml/GtsCe.graphml,2,,clustered,0.6;-0.3,-1,-1,8,-9,0,-1,-9,-1,-1,-9,0,edgeCount
391,149,193,graphml/GtsCe.graphml,2,,clustered,0.6;-0.3,3,3,3,0,0,3,0,3,3,0,0,edgeCount
390,149,193,graphml/GtsCe.graphml,2,,clustered,0.6;-0.3,54,24,12,42,6,-1,-13,54,24,42,6,edgeCount
389,149,193,graphml/GtsCe.graphml,3,,clustered,0.6;-0.3,36,14,7,29,6,12,5,34,12,27,6,edgeCount
388,149,193,graphml/GtsCe.graphml,2,,clustered,0.6;-0.3,11,11,7,4,2,-1,-8,40,40,33,2,edgeCount
387,149,193,graphml/GtsCe.graphml,1,,clustered,0.6;-0.3,7,7,7,0,0,7,0,7,7,0,0,edgeCount
386,149,193,graphml/GtsCe.graphml,2,,clustered,0.6;-0.3,-1,-1,-1,0,4,-1,0,-1,-1,0,4,edgeCount
385,149,193,graphml/GtsCe.graphml,1,,clustered,0.6;-0.3,-1,-1,-1,0,0,-1,0,-1,-1,0,0,edgeCount
384,149,193,graphml/GtsCe.graphml,1,,clustered,0.6;-0.3,10,10,10,0,0,10,0,10,10,0,0,edgeCount
383,149,193,graphml/GtsCe.graphml,2,,clustered,0.6;-0.3,44,18,16,28,6,-1,-17,41,37,25,6,edgeCount
382,149,193,graphml/GtsCe.graphml,2,,clustered,0.6;-0.3,-1,-1,-1,0,0,-1,0,-1,-1,0,0,edgeCount
381,149,193,graphml/GtsCe.graphml,3,,clustered,0.6;-0.3,-1,-1,12,-13,2,-1,-13,-1,-1,-13,2,edgeCount
380,149,193,graphml/GtsCe.graphml,3,,clustered,0.6;-0.3,65,65,17,48,0,65,48,65,65,48,0,edgeCount
379,149,193,graphml/GtsCe.graphml,2,,clustered,0.6;-0.3,-1,-1,-1,0,0,-1,0,-1,-1,0,0,edgeCount
378,149,193,graphml/GtsCe.graphml,2,,clustered,0.6;-0.3,52,52,14,38,0,52,38,52,52,38,0,edgeCount
377,149,193,graphml/GtsCe.graphml,1,,clustered,0.6;-0.3,16,16,16,0,0,16,0,16,16,0,0,edgeCount
376,149,193,graphml/GtsCe.graphml,1,,clustered,0.6;-0.3,47,47,13,34,2,-1,-14,47,47,34,2,edgeCount
375,149,193,graphml/GtsCe.graphml,2,,clustered,0.6;-0.3,-1,-1,17,-18,0,-1,-18,-1,-1,-18,0,edgeCount
374,149,193,graphml/GtsCe.graphml,2,,clustered,0.6;-0.3,-1,-1,-1,0,0,-1,0,-1,-1,0,0,edgeCount
373,149,193,graphml/GtsCe.graphml,1,,clustered,0.6;-0.3,-1,-1,-1,0,0,-1,0,-1,-1,0,0,edgeCount
372,149,193,graphml/GtsCe.graphml,1,,clustered,0.6;-0.3,5,5,5,0,0,5,0,5,5,0,0,edgeCount
371,149,193,graphml/GtsCe.graphml,2,,clustered,0.6;-0.3,14,12,9,5,2,-1,-10,38,38,29,2,edgeCount
370,149,193,graphml/GtsCe.graphml,2,,clustered,0.6;-0.3,40,26,12,28,0,-1,-13,-1,-1,-13,0,edgeCount
369,149,193,graphml/GtsCe.graphml,2,,clustered,0.6;-0.3,-1,-1,-1,0,0,-1,0,-1,-1,0,0,edgeCount
368,149,193,graphml/GtsCe.graphml,2,,clustered,0.6;-0.3,-1,-1,-1,0,2,-1,0,-1,-1,0,2,edgeCount
367,149,193,graphml/GtsCe.graphml,2,,clustered,0.6;-0.3,7,11,4,3,0,11,7,11,11,7,0,edgeCount
366,149,193,graphml/GtsCe.graphml,1,,clustered,0.6;-0.3,-1,-1,22,-23,0,-1,-23,-1,-1,-23,0,edgeCount
365,149,193,graphml/GtsCe.graphml,3,,clustered,0.6;-0.3,21,21,7,14,0,21,14,21,21,14,0,edgeCount
364,149,193,graphml/GtsCe.graphml,2,,clustered,0.6;-0.3,-1,-1,-1,0,0,-1,0,-1,-1,0,0,edgeCount
363,149,193,graphml/GtsCe.graphml,2,,clustered,0.6;-0.3,-1,-1,-1,0,0,-1,0,-1,-1,0,0,edgeCount
362,149,193,graphml/GtsCe.graphml,2,,clustered,0.6;-0.3,10,24,10,0,0,42,32,42,42,32,0,edgeCount
361,149,193,graphml/GtsCe.graphml,1,,clustered,0.6;-0.3,-1,-1,-1,0,8,-1,0,-1,-1,0,8,edgeCount
360,149,193,graphml/GtsCe.graphml,1,,clustered,0.6;-0.3,7,7,7,0,0,7,0,7,7,0,0,edgeCount
359,149,193,graphml/GtsCe.graphml,2,,clustered,0.6;-0.3,-1,-1,-1,0,0,-1,0,-1,-1,0,0,edgeCount
358,149,193,graphml/GtsCe.graphml,1,,clustered,0.6;-0.3,12,12,12,0,0,12,0,12,12,0,0,edgeCount
357,149,193,graphml/GtsCe.graphml,2,,clustered,0.6;-0.3,27,27,7,20,0,7,0,7,7,0,0,edgeCount
356,149,193,graphml/GtsCe.graphml,2,,clustered,0.6;-0.3,-1,-1,9,-10,0,-1,-10,-1,-1,-10,0,edgeCount
355,149,193,graphml/GtsCe.graphml,2,,clustered,0.6;-0.3,97,31,21,76,2,-1,-22,-1,-1,-22,2,edgeCount
354,149,193,graphml/GtsCe.graphml,2,,clustered,0.6;-0.3,-1,-1,-1,0,0,-1,0,-1,-1,0,0,edgeCount
353,149,193,graphml/GtsCe.graphml,2,,clustered,0.6;-0.3,13,22,6,7,2,6,0,13,22,7,2,edgeCount
352,149,193,graphml/GtsCe.graphml,2,,clustered,0.6;-0.3,19,19,10,9,2,19,9,19,19,9,2,edgeCount
351,149,193,graphml/GtsCe.graphml,2,,clustered,0.6;-0.3,7,7,7,0,0,7,0,7,7,0,0,edgeCount
350,149,193,graphml/GtsCe.graphml,2,,clustered,0.6;-0.3,91,33,28,63,6,-1,-29,-1,-1,-29,6,edgeCount
349,149,193,graphml/GtsCe.graphml,2,,clustered,0.6;-0.3,-1,-1,-1,0,6,-1,0,-1,-1,0,6,edgeCount
348,149,193,graphml/GtsCe.graphml,3,,clustered,0.6;-0.3,-1,-1,15,-16,6,-1,-16,-1,-1,-16,6,edgeCount
347,149,193,graphml/GtsCe.graphml,2,,clustered,0.6;-0.3,-1,-1,-1,0,0,-1,0,-1,-1,0,0,edgeCount
346,149,193,graphml/GtsCe.graphml,2,,clustered,0.6;-0.3,77,27,17,60,2,-1,-18,-1,-1,-18,2,edgeCount
345,149,193,graphml/GtsCe.graphml,2,,clustered,0.6;-0.3,23,26,18,5,0,55,37,55,55,37,0,edgeCount
344,149,193,graphml/GtsCe.graphml,2,,clustered,0.6;-0.3,-1,-1,5,-6,0,-1,-6,-1,-1,-6,0,edgeCount
343,149,193,graphml/GtsCe.graphml,2,,clustered,0.6;-0.3,-1,-1,-1,0,0,-1,0,-1,-1,0,0,edgeCount
342,149,193,graphml/GtsCe.graphml,2,,clustered,0.6;-0.3,-1,-1,-1,0,0,-1,0,-1,-1,0,0,edgeCount
341,149,193,graphml/GtsCe.graphml,2,,clustered,0.6;-0.3,12,12,12,0,0,12,0,12,12,0,0,edgeCount
340,149,193,graphml/GtsCe.graphml,1,,clustered,0.6;-0.3,3,3,3,0,0,3,0,3,3,0,0,edgeCount
339,149,193,graphml/GtsCe.graphml,2,,clustered,0.6;-0.3,20,30,6,14,0,6,0,6,6,0,0,edgeCount
338,149,193,graphml/GtsCe.graphml,2,,clustered,0.6;-0.3,-1,-1,-1,0,0,-1,0,-1,-1,0,0,edgeCount
337,149,193,graphml/GtsCe.graphml,2,,clustered,0.6;-0.3,6,6,6,0,0,6,0,6,6,0,0,edgeCount
336,149,193,graphml/GtsCe.graphml,2,,clustered,0.6;-0.3,-1,-1,-1,0,0,-1,0,-1,-1,0,0,edgeCount
335,149,193,graphml/GtsCe.graphml,2,,clustered,0.6;-0.3,-1,-1,-1,0,0,-1,0,-1,-1,0,0,edgeCount
334,149,193,graphml/GtsCe.graphml,2,,clustered,0.6;-0.3,18,20,8,10,0,18,10,18,18,10,0,edgeCount
333,149,193,graphml/GtsCe.graphml,2,,clustered,0.6;-0.3,11,11,11,0,0,11,0,11,11,0,0,edgeCount
332,149,193,graphml/GtsCe.graphml,3,,clustered,0.6;-0.3,21,19,14,7,0,19,5,19,19,5,0,edgeCount
331,149,193,graphml/GtsCe.graphml,2,,clustered,0.6;-0.3,36,36,16,20,2,-1,-17,36,36,20,2,edgeCount
330,149,193,graphml/GtsCe.graphml,2,,clustered,0.6;-0.3,-1,-1,-1,0,2,-1,0,-1,-1,0,2,edgeCount
329,149,193,graphml/GtsCe.graphml,2,,clustered,0.6;-0.3,69,69,18,51,0,69,51,69,69,51,0,edgeCount
328,149,193,graphml/GtsCe.graphml,2,,clustered,0.6;-0.3,4,19,4,0,0,8,4,8,8,4,0,edgeCount
327,149,193,graphml/GtsCe.graphml,2,,clustered,0.6;-0.3,-1,-1,-1,0,2,-1,0,-1,-1,0,2,edgeCount
326,149,193,graphml/GtsCe.graphml,2,,clustered,0.6;-0.3,8,8,8,0,0,8,0,8,8,0,0,edgeCount
325,149,193,graphml/GtsCe.graphml,2,,clustered,0.6;-0.3,26,40,8,18,4,8,0,8,8,0,4,edgeCount
324,149,193,graphml/GtsCe.graphml,2,,clustered,0.6;-0.3,-1,-1,-1,0,0,-1,0,-1,-1,0,0,edgeCount
323,149,193,graphml/GtsCe.graphml,2,,clustered,0.6;-0.3,17,17,17,0,0,17,0,17,17,0,0,edgeCount
322,149,193,graphml/GtsCe.graphml,2,,clustered,0.6;-0.3,-1,-1,-1,0,0,-1,0,-1,-1,0,0,edgeCount
321,149,193,graphml/GtsCe.graphml,2,,clustered,0.6;-0.3,28,23,6,22,8,-1,-7,12,14,6,8,edgeCount
320,149,193,graphml/GtsCe.graphml,2,,clustered,0.6;-0.3,-1,-1,-1,0,0,-1,0,-1,-1,0,0,edgeCount
319,149,193,graphml/GtsCe.graphml,1,,clustered,0.6;-0.3,20,12,7,13,2,-1,-8,20,12,13,2,edgeCount
318,149,193,graphml/GtsCe.graphml,1,,clustered,0.6;-0.3,13,37,13,0,2,13,0,13,37,0,2,edgeCount
317,149,193,graphml/GtsCe.graphml,1,,clustered,0.6;-0.3,-1,-1,17,-18,0,-1,-18,-1,-1,-18,0,edgeCount
316,149,193,graphml/GtsCe.graphml,2,,clustered,0.6;-0.3,10,10,9,1,2,10,1,10,10,1,2,edgeCount
315,149,193,graphml/GtsCe.graphml,2,,clustered,0.6;-0.3,12,21,7,5,2,20,13,20,25,13,2,edgeCount
314,149,193,graphml/GtsCe.graphml,2,,clustered,0.6;-0.3,-1,-1,-1,0,0,-1,0,-1,-1,0,0,edgeCount
313,149,193,graphml/GtsCe.graphml,2,,clustered,0.6;-0.3,-1,-1,-1,0,0,-1,0,-1,-1,0,0,edgeCount
312,149,193,graphml/GtsCe.graphml,2,,clustered,0.6;-0.3,26,12,8,18,4,-1,-9,26,12,18,4,edgeCount
311,149,193,graphml/GtsCe.graphml,2,,clustered,0.6;-0.3,40,14,14,26,8,-1,-15,22,14,8,8,edgeCount
310,149,193,graphml/GtsCe.graphml,2,,clustered,0.6;-0.3,-1,-1,-1,0,0,-1,0,-1,-1,0,0,edgeCount
309,149,193,graphml/GtsCe.graphml,2,,clustered,0.6;-0.3,35,7,7,28,2,-1,-8,7,7,0,2,edgeCount
308,149,193,graphml/GtsCe.graphml,2,,clustered,0.6;-0.3,9,17,3,6,0,3,0,3,3,0,0,edgeCount
307,149,193,graphml/GtsCe.graphml,3,,clustered,0.6;-0.3,12,14,8,4,0,30,22,30,30,22,0,edgeCount
306,149,193,graphml/GtsCe.graphml,2,,clustered,0.6;-0.3,14,30,14,0,0,14,0,14,14,0,0,edgeCount
305,149,193,graphml/GtsCe.graphml,1,,clustered,0.6;-0.3,11,27,11,0,4,11,0,11,27,0,4,edgeCount
304,149,193,graphml/GtsCe.graphml,2,,clustered,0.6;-0.3,40,26,6,34,2,6,0,6,6,0,2,edgeCount
303,149,193,graphml/GtsCe.graphml,2,,clustered,0.6;-0.3,-1,-1,-1,0,0,-1,0,-1,-1,0,0,edgeCount
302,149,193,graphml/GtsCe.graphml,2,,clustered,0.6;-0.3,11,11,11,0,2,11,0,11,11,0,2,edgeCount
301,149,193,graphml/GtsCe.graphml,1,,clustered,0.6;-0.3,-1,-1,7,-8,0,-1,-8,-1,-1,-8,0,edgeCount
300,149,193,graphml/GtsCe.graphml,3,,clustered,0.6;-0.3,-1,-1,-1,0,0,-1,0,-1,-1,0,0,edgeCount
299,149,193,graphml/GtsCe.graphml,2,,clustered,0.6;-0.3,20,4,4,16,0,4,0,4,4,0,0,edgeCount
298,149,193,graphml/GtsCe.graphml,2,,clustered,0.6;-0.3,8,15,6,2,0,6,0,6,6,0,0,edgeCount
297,149,193,graphml/GtsCe.graphml,1,,clustered,0.6;-0.3,16,16,16,0,0,16,0,16,16,0,0,edgeCount
296,149,193,graphml/GtsCe.graphml,2,,clustered,0.6;-0.3,-1,-1,-1,0,0,-1,0,-1,-1,0,0,edgeCount
295,149,193,graphml/GtsCe.graphml,1,,clustered,0.6;-0.3,-1,-1,-1,0,0,-1,0,-1,-1,0,0,edgeCount
294,149,193,graphml/GtsCe.graphml,2,,clustered,0.6;-0.3,28,20,7,21,0,-1,-8,-1,-1,-8,0,edgeCount
293,149,193,graphml/GtsCe.graphml,2,,clustered,0.6;-0.3,7,35,7,0,0,15,8,15,15,8,0,edgeCount
292,149,193,graphml/GtsCe.graphml,2,,clustered,0.6;-0.3,-1,-1,-1,0,0,-1,0,-1,-1,0,0,edgeCount
291,149,193,graphml/GtsCe.graphml,1,,clustered,0.6;-0.3,13,11,11,2,2,-1,-12,13,11,2,2,edgeCount
290,149,193,graphml/GtsCe.graphml,2,,clustered,0.6;-0.3,13,13,11,2,2,13,2,13,13,2,2,edgeCount
289,149,193,graphml/GtsCe.graphml,2,,clustered,0.6;-0.3,57,53,16,41,0,17,1,17,17,1,0,edgeCount
288,149,193,graphml/GtsCe.graphml,3,,clustered,0.6;-0.3,7,7,7,0,0,7,0,7,7,0,0,edgeCount
287,149,193,graphml/GtsCe.graphml,2,,clustered,0.6;-0.3,-1,-1,8,-9,2,-1,-9,32,26,24,2,edgeCount
286,149,193,graphml/GtsCe.graphml,3,,clustered,0.6;-0.3,38,38,12,26,6,30,18,38,38,26,6,edgeCount
285,149,193,graphml/GtsCe.graphml,2,,clustered,0.6;-0.3,46,46,18,28,0,46,28,46,46,28,0,edgeCount
284,149,193,graphml/GtsCe.graphml,1,,clustered,0.6;-0.3,-1,-1,-1,0,2,-1,0,-1,-1,0,2,edgeCount
283,149,193,graphml/GtsCe.graphml,2,,clustered,0.6;-0.3,-1,-1,-1,0,0,-1,0,-1,-1,0,0,edgeCount
282,149,193,graphml/GtsCe.graphml,2,,clustered,0.6;-0.3,-1,-1,-1,0,0,-1,0,-1,-1,0,0,edgeCount
281,149,193,graphml/GtsCe.graphml,2,,clustered,0.6;-0.3,7,7,7,0,0,7,0,7,7,0,0,edgeCount
280,149,193,graphml/GtsCe.graphml,3,,clustered,0.6;-0.3,21,5,5,16,6,5,0,5,5,0,6,edgeCount
279,149,193,graphml/GtsCe.graphml,1,,clustered,0.6;-0.3,19,16,13,6,4,-1,-14,19,16,6,4,edgeCount
278,149,193,graphml/GtsCe.graphml,2,,clustered,0.6;-0.3,16,16,16,0,0,16,0,16,16,0,0,edgeCount
277,149,193,graphml/GtsCe.graphml,2,,clustered,0.6;-0.3,20,8,7,13,0,-1,-8,-1,-1,-8,0,edgeCount
276,149,193,graphml/GtsCe.graphml,2,,clustered,0.6;-0.3,-1,-1,-1,0,0,-1,0,-1,-1,0,0,edgeCount
275,149,193,graphml/GtsCe.graphml,1,,clustered,0.6;-0.3,7,7,7,0,0,7,0,7,7,0,0,edgeCount
274,149,193,graphml/GtsCe.graphml,2,,clustered,0.6;-0.3,7,22,4,3,2,4,0,4,4,0,2,edgeCount
273,149,193,graphml/GtsCe.graphml,2,,clustered,0.6;-0.3,12,37,8,4,2,26,18,26,26,18,2,edgeCount
272,149,193,graphml/GtsCe.graphml,2,,clustered,0.6;-0.3,24,24,11,13,0,24,13,24,24,13,0,edgeCount
271,149,193,graphml/GtsCe.graphml,2,,clustered,0.6;-0.3,27,27,9,18,6,19,10,19,19,10,6,edgeCount
270,149,193,graphml/GtsCe.graphml,1,,clustered,0.6;-0.3,-1,-1,14,-15,0,-1,-15,-1,-1,-15,0,edgeCount
269,149,193,graphml/GtsCe.graphml,2,,clustered,0.6;-0.3,-1,-1,-1,0,0,-1,0,-1,-1,0,0,edgeCount
268,149,193,graphml/GtsCe.graphml,2,,clustered,0.6;-0.3,10,10,10,0,2,10,0,10,10,0,2,edgeCount
267,149,193,graphml/GtsCe.graphml,2,,clustered,0.6;-0.3,-1,-1,-1,0,0,-1,0,-1,-1,0,0,edgeCount
266,149,193,graphml/GtsCe.graphml,2,,clustered,0.6;-0.3,14,29,9,5,0,38,29,14,14,5,0,edgeCount
265,149,193,graphml/GtsCe.graphml,1,,clustered,0.6;-0.3,-1,-1,-1,0,0,-1,0,-1,-1,0,0,edgeCount
264,149,193,graphml/GtsCe.graphml,1,,clustered,0.6;-0.3,8,8,8,0,0,8,0,8,8,0,0,edgeCount
263,149,193,graphml/GtsCe.graphml,2,,clustered,0.6;-0.3,-1,-1,-1,0,0,-1,0,-1,-1,0,0,edgeCount
262,149,193,graphml/GtsCe.graphml,1,,clustered,0.6;-0.3,-1,-1,-1,0,8,-1,0,-1,-1,0,8,edgeCount
261,149,193,graphml/GtsCe.graphml,2,,clustered,0.6;-0.3,16,16,8,8,0,16,8,16,16,8,0,edgeCount
260,149,193,graphml/GtsCe.graphml,2,,clustered,0.6;-0.3,16,16,16,0,0,16,0,16,16,0,0,edgeCount
259,149,193,graphml/GtsCe.graphml,1,,clustered,0.6;-0.3,7,7,7,0,0,7,0,7,7,0,0,edgeCount
258,149,193,graphml/GtsCe.graphml,2,,clustered,0.6;-0.3,-1,-1,-1,0,0,-1,0,-1,-1,0,0,edgeCount
257,149,193,graphml/GtsCe.graphml,1,,clustered,0.6;-0.3,5,5,5,0,0,5,0,5,5,0,0,edgeCount
256,149,193,graphml/GtsCe.graphml,2,,clustered,0.6;-0.3,24,66,20,4,2,48,28,48,48,28,2,edgeCount
255,149,193,graphml/GtsCe.graphml,2,,clustered,0.6;-0.3,38,10,10,28,0,10,0,10,10,0,0,edgeCount
254,149,193,graphml/GtsCe.graphml,2,,clustered,0.6;-0.3,13,13,12,1,0,13,1,13,13,1,0,edgeCount
253,149,193,graphml/GtsCe.graphml,2,,clustered,0.6;-0.3,34,34,12,22,0,34,22,34,34,22,0,edgeCount
252,149,193,graphml/GtsCe.graphml,2,,clustered,0.6;-0.3,-1,-1,-1,0,0,-1,0,-1,-1,0,0,edgeCount
251,149,193,graphml/GtsCe.graphml,2,,clustered,0.6;-0.3,49,69,9,40,6,9,0,9,9,0,6,edgeCount
250,149,193,graphml/GtsCe.graphml,2,,clustered,0.6;-0.3,10,10,10,0,0,10,0,10,10,0,0,edgeCount
249,149,193,graphml/GtsCe.graphml,2,,clustered,0.6;-0.3,-1,-1,-1,0,0,-1,0,-1,-1,0,0,edgeCount
248,149,193,graphml/GtsCe.graphml,2,,clustered,0.6;-0.3,53,53,16,37,2,-1,-17,53,53,37,2,edgeCount
247,149,193,graphml/GtsCe.graphml,2,,clustered,0.6;-0.3,-1,-1,-1,0,0,-1,0,-1,-1,0,0,edgeCount
246,149,193,graphml/GtsCe.graphml,3,,clustered,0.6;-0.3,9,11,8,1,0,27,19,27,27,19,0,edgeCount
245,149,193,graphml/GtsCe.graphml,2,,clustered,0.6;-0.3,-1,-1,-1,0,0,-1,0,-1,-1,0,0,edgeCount
244,149,193,graphml/GtsCe.graphml,2,,clustered,0.6;-0.3,6,5,5,1,2,5,0,6,5,1,2,edgeCount
243,149,193,graphml/GtsCe.graphml,2,,clustered,0.6;-0.3,12,14,12,0,0,-1,-13,-1,-1,-13,0,edgeCount
242,149,193,graphml/GtsCe.graphml,1,,clustered,0.6;-0.3,13,61,13,0,6,13,0,13,61,0,6,edgeCount
241,149,193,graphml/GtsCe.graphml,1,,clustered,0.6;-0.3,5,5,5,0,0,5,0,5,5,0,0,edgeCount
240,149,193,graphml/GtsCe.graphml,1,,clustered,0.6;-0.3,16,16,16,0,0,16,0,16,16,0,0,edgeCount
239,149,193,graphml/GtsCe.graphml,2,,clustered,0.6;-0.3,46,20,14,32,4,-1,-15,41,35,27,4,edgeCount
238,149,193,graphml/GtsCe.graphml,2,,clustered,0.6;-0.3,8,13,8,0,0,14,6,14,14,6,0,edgeCount
237,149,193,graphml/GtsCe.graphml,2,,clustered,0.6;-0.3,20,84,15,5,2,56,41,20,72,5,2,edgeCount
236,149,193,graphml/GtsCe.graphml,2,,clustered,0.6;-0.3,19,19,18,1,2,19,1,19,19,1,2,edgeCount
235,149,193,graphml/GtsCe.graphml,2,,clustered,0.6;-0.3,16,16,10,6,0,16,6,16,16,6,0,edgeCount
234,149,193,graphml/GtsCe.graphml,2,,clustered,0.6;-0.3,9,18,9,0,0,17,8,17,17,8,0,edgeCount
233,149,193,graphml/GtsCe.graphml,2,,clustered,0.6;-0.3,16,24,16,0,0,42,26,42,42,26,0,edgeCount
232,149,193,graphml/GtsCe.graphml,1,,clustered,0.6;-0.3,11,11,11,0,0,11,0,11,11,0,0,edgeCount
231,149,193,graphml/GtsCe.graphml,2,,clustered,0.6;-0.3,-1,-1,17,-18,0,-1,-18,-1,-1,-18,0,edgeCount
230,149,193,graphml/GtsCe.graphml,2,,clustered,0.6;-0.3,-1,-1,-1,0,0,-1,0,-1,-1,0,0,edgeCount
229,149,193,graphml/GtsCe.graphml,2,,clustered,0.6;-0.3,30,30,10,20,0,30,20,30,30,20,0,edgeCount
228,149,193,graphml/GtsCe.graphml,1,,clustered,0.6;-0.3,10,24,10,0,2,10,0,10,24,0,2,edgeCount
227,149,193,graphml/GtsCe.graphml,2,,clustered,0.6;-0.3,-1,-1,4,-5,0,-1,-5,-1,-1,-5,0,edgeCount
226,149,193,graphml/GtsCe.graphml,1,,clustered,0.6;-0.3,9,9,9,0,0,9,0,9,9,0,0,edgeCount
225,149,193,graphml/GtsCe.graphml,2,,clustered,0.6;-0.3,21,15,7,14,4,-1,-8,22,20,15,4,edgeCount
224,149,193,graphml/GtsCe.graphml,2,,clustered,0.6;-0.3,35,16,9,26,2,-1,-10,32,32,23,2,edgeCount
223,149,193,graphml/GtsCe.graphml,2,,clustered,0.6;-0.3,25,25,13,12,0,25,12,25,25,12,0,edgeCount
222,149,193,graphml/GtsCe.graphml,2,,clustered,0.6;-0.3,20,100,14,6,4,44,30,44,74,30,4,edgeCount
221,149,193,graphml/GtsCe.graphml,2,,clustered,0.6;-0.3,6,6,4,2,0,6,2,6,6,2,0,edgeCount
220,149,193,graphml/GtsCe.graphml,2,,clustered,0.6;-0.3,9,9,9,0,0,9,0,9,9,0,0,edgeCount
219,149,193,graphml/GtsCe.graphml,2,,clustered,0.6;-0.3,58,32,11,47,2,-1,-12,39,37,28,2,edgeCount
218,149,193,graphml/GtsCe.graphml,2,,clustered,0.6;-0.3,12,12,8,4,0,12,4,12,12,4,0,edgeCount
217,149,193,graphml/GtsCe.graphml,2,,clustered,0.6;-0.3,27,27,11,16,2,27,16,27,27,16,2,edgeCount
216,149,193,graphml/GtsCe.graphml,2,,clustered,0.6;-0.3,-1,-1,7,-8,6,-1,-8,19,29,12,6,edgeCount
215,149,193,graphml/GtsCe.graphml,2,,clustered,0.6;-0.3,19,11,11,8,0,34,23,34,34,23,0,edgeCount
214,149,193,graphml/GtsCe.graphml,1,,clustered,0.6;-0.3,8,8,8,0,0,8,0,8,8,0,0,edgeCount
213,149,193,graphml/GtsCe.graphml,2,,clustered,0.6;-0.3,30,12,6,24,2,-1,-7,30,12,24,2,edgeCount
212,149,193,graphml/GtsCe.graphml,2,,clustered,0.6;-0.3,54,32,14,40,2,-1,-15,-1,-1,-15,2,edgeCount
211,149,193,graphml/GtsCe.graphml,2,,clustered,0.6;-0.3,-1,-1,18,-19,6,-1,-19,-1,-1,-19,6,edgeCount
210,149,193,graphml/GtsCe.graphml,2,,clustered,0.6;-0.3,21,21,8,13,0,-1,-9,21,21,13,0,edgeCount
209,149,193,graphml/GtsCe.graphml,2,,clustered,0.6;-0.3,10,18,4,6,2,4,0,4,4,0,2,edgeCount
208,149,193,graphml/GtsCe.graphml,1,,clustered,0.6;-0.3,10,10,10,0,0,10,0,10,10,0,0,edgeCount
207,149,193,graphml/GtsCe.graphml,2,,clustered,0.6;-0.3,-1,-1,-1,0,0,-1,0,-1,-1,0,0,edgeCount
206,149,193,graphml/GtsCe.graphml,2,,clustered,0.6;-0.3,67,67,15,52,0,53,38,53,53,38,0,edgeCount
205,149,193,graphml/GtsCe.graphml,2,,clustered,0.6;-0.3,6,6,6,0,0,6,0,6,6,0,0,edgeCount
204,149,193,graphml/GtsCe.graphml,2,,clustered,0.6;-0.3,-1,-1,-1,0,0,-1,0,-1,-1,0,0,edgeCount
203,149,193,graphml/GtsCe.graphml,2,,clustered,0.6;-0.3,-1,-1,-1,0,0,-1,0,-1,-1,0,0,edgeCount
202,149,193,graphml/GtsCe.graphml,1,,clustered,0.6;-0.3,20,18,18,2,2,-1,-19,20,18,2,2,edgeCount
201,149,193,graphml/GtsCe.graphml,1,,clustered,0.6;-0.3,24,24,11,13,2,-1,-12,24,24,13,2,edgeCount
200,149,193,graphml/GtsCe.graphml,1,,clustered,0.6;-0.3,-1,-1,10,-11,0,-1,-11,-1,-1,-11,0,edgeCount
199,149,193,graphml/GtsCe.graphml,1,,clustered,0.6;-0.3,-1,-1,7,-8,0,-1,-8,-1,-1,-8,0,edgeCount
198,149,193,graphml/GtsCe.graphml,1,,clustered,0.6;-0.3,14,14,14,0,0,14,0,14,14,0,0,edgeCount
197,149,193,graphml/GtsCe.graphml,2,,clustered,0.6;-0.3,18,18,16,2,2,18,2,18,18,2,2,edgeCount
196,149,193,graphml/GtsCe.graphml,1,,clustered,0.6;-0.3,22,14,14,8,2,-1,-15,22,14,8,2,edgeCount
195,149,193,graphml/GtsCe.graphml,3,,clustered,0.6;-0.3,6,5,4,2,0,12,8,12,5,8,0,edgeCount
194,149,193,graphml/GtsCe.graphml,2,,clustered,0.6;-0.3,-1,-1,-1,0,2,-1,0,-1,-1,0,2,edgeCount
193,149,193,graphml/GtsCe.graphml,2,,clustered,0.6;-0.3,20,20,15,5,0,48,33,48,48,33,0,edgeCount
192,149,193,graphml/GtsCe.graphml,2,,clustered,0.6;-0.3,19,63,16,3,0,43,27,43,43,27,0,edgeCount
191,149,193,graphml/GtsCe.graphml,2,,clustered,0.6;-0.3,13,13,12,1,2,13,1,13,13,1,2,edgeCount
190,149,193,graphml/GtsCe.graphml,1,,clustered,0.6;-0.3,13,13,13,0,0,13,0,13,13,0,0,edgeCount
189,149,193,graphml/GtsCe.graphml,3,,clustered,0.6;-0.3,15,15,7,8,0,15,8,15,15,8,0,edgeCount
188,149,193,graphml/GtsCe.graphml,2,,clustered,0.6;-0.3,36,36,12,24,0,36,24,36,36,24,0,edgeCount
187,149,193,graphml/GtsCe.graphml,2,,clustered,0.6;-0.3,-1,-1,-1,0,0,-1,0,-1,-1,0,0,edgeCount
186,149,193,graphml/GtsCe.graphml,1,,clustered,0.6;-0.3,17,17,17,0,4,17,0,17,17,0,4,edgeCount
185,149,193,graphml/GtsCe.graphml,2,,clustered,0.6;-0.3,-1,-1,-1,0,0,-1,0,-1,-1,0,0,edgeCount
184,149,193,graphml/GtsCe.graphml,1,,clustered,0.6;-0.3,6,6,6,0,0,6,0,6,6,0,0,edgeCount
183,149,193,graphml/GtsCe.graphml,2,,clustered,0.6;-0.3,21,61,10,11,8,29,19,29,47,19,8,edgeCount
182,149,193,graphml/GtsCe.graphml,2,,clustered,0.6;-0.3,7,7,7,0,0,7,0,7,7,0,0,edgeCount
181,149,193,graphml/GtsCe.graphml,2,,clustered,0.6;-0.3,11,15,9,2,0,25,16,25,25,16,0,edgeCount
180,149,193,graphml/GtsCe.graphml,1,,clustered,0.6;-0.3,18,18,14,4,10,-1,-15,18,18,4,10,edgeCount
179,149,193,graphml/GtsCe.graphml,2,,clustered,0.6;-0.3,17,5,5,12,6,5,0,5,5,0,6,edgeCount
178,149,193,graphml/GtsCe.graphml,3,,clustered,0.6;-0.3,25,9,8,17,0,9,1,23,23,15,0,edgeCount
177,149,193,graphml/GtsCe.graphml,2,,clustered,0.6;-0.3,27,17,11,16,2,-1,-12,21,19,10,2,edgeCount
176,149,193,graphml/GtsCe.graphml,2,,clustered,0.6;-0.3,24,24,10,14,0,24,14,24,24,14,0,edgeCount
175,149,193,graphml/GtsCe.graphml,2,,clustered,0.6;-0.3,11,11,9,2,0,11,2,11,11,2,0,edgeCount
174,149,193,graphml/GtsCe.graphml,2,,clustered,0.6;-0.3,-1,-1,-1,0,0,-1,0,-1,-1,0,0,edgeCount
173,149,193,graphml/GtsCe.graphml,2,,clustered,0.6;-0.3,-1,-1,-1,0,2,-1,0,-1,-1,0,2,edgeCount
172,149,193,graphml/GtsCe.graphml,1,,clustered,0.6;-0.3,20,20,20,0,0,20,0,20,20,0,0,edgeCount
171,149,193,graphml/GtsCe.graphml,2,,clustered,0.6;-0.3,52,18,13,39,8,18,5,18,18,5,8,edgeCount
170,149,193,graphml/GtsCe.graphml,2,,clustered,0.6;-0.3,12,24,12,0,2,45,33,47,47,35,2,edgeCount
169,149,193,graphml/GtsCe.graphml,2,,clustered,0.6;-0.3,4,4,4,0,0,4,0,4,4,0,0,edgeCount
168,149,193,graphml/GtsCe.graphml,2,,clustered,0.6;-0.3,26,26,10,16,0,26,16,26,26,16,0,edgeCount
167,149,193,graphml/GtsCe.graphml,2,,clustered,0.6;-0.3,-1,-1,-1,0,0,-1,0,-1,-1,0,0,edgeCount
166,149,193,graphml/GtsCe.graphml,2,,clustered,0.6;-0.3,-1,-1,-1,0,2,-1,0,-1,-1,0,2,edgeCount
165,149,193,graphml/GtsCe.graphml,1,,clustered,0.6;-0.3,36,22,15,21,4,-1,-16,36,22,21,4,edgeCount
164,149,193,graphml/GtsCe.graphml,3,,clustered,0.6;-0.3,19,13,7,12,0,19,12,19,13,12,0,edgeCount
163,149,193,graphml/GtsCe.graphml,2,,clustered,0.6;-0.3,65,37,12,53,2,-1,-13,47,45,35,2,edgeCount
162,149,193,graphml/GtsCe.graphml,2,,clustered,0.6;-0.3,59,59,22,37,0,59,37,59,59,37,0,edgeCount
161,149,193,graphml/GtsCe.graphml,2,,clustered,0.6;-0.3,34,34,9,25,0,34,25,34,34,25,0,edgeCount
160,149,193,graphml/GtsCe.graphml,2,,clustered,0.6;-0.3,-1,-1,7,-8,0,-1,-8,-1,-1,-8,0,edgeCount
159,149,193,graphml/GtsCe.graphml,1,,clustered,0.6;-0.3,-1,-1,-1,0,0,-1,0,-1,-1,0,0,edgeCount
158,149,193,graphml/GtsCe.graphml,2,,clustered,0.6;-0.3,-1,-1,-1,0,0,-1,0,-1,-1,0,0,edgeCount
157,149,193,graphml/GtsCe.graphml,2,,clustered,0.6;-0.3,-1,-1,-1,0,0,-1,0,-1,-1,0,0,edgeCount
156,149,193,graphml/GtsCe.graphml,1,,clustered,0.6;-0.3,12,12,12,0,2,-1,-13,12,12,0,2,edgeCount
155,149,193,graphml/GtsCe.graphml,2,,clustered,0.6;-0.3,-1,-1,-1,0,0,-1,0,-1,-1,0,0,edgeCount
154,149,193,graphml/GtsCe.graphml,2,,clustered,0.6;-0.3,13,13,12,1,0,13,1,13,13,1,0,edgeCount
153,149,193,graphml/GtsCe.graphml,2,,clustered,0.6;-0.3,24,24,14,10,0,24,10,24,24,10,0,edgeCount
152,149,193,graphml/GtsCe.graphml,3,,clustered,0.6;-0.3,9,9,8,1,0,9,1,9,9,1,0,edgeCount
151,149,193,graphml/GtsCe.graphml,2,,clustered,0.6;-0.3,36,10,10,26,2,10,0,10,10,0,2,edgeCount
150,149,193,graphml/GtsCe.graphml,2,,clustered,0.6;-0.3,12,12,10,2,0,12,2,12,12,2,0,edgeCount
149,149,193,graphml/GtsCe.graphml,2,,clustered,0.6;-0.3,13,22,10,3,2,10,0,10,10,0,2,edgeCount
148,149,193,graphml/GtsCe.graphml,1,,clustered,0.6;-0.3,12,12,12,0,4,12,0,12,12,0,4,edgeCount
147,149,193,graphml/GtsCe.graphml,1,,clustered,0.6;-0.3,16,16,16,0,2,16,0,16,16,0,2,edgeCount
146,149,193,graphml/GtsCe.graphml,2,,clustered,0.6;-0.3,41,41,14,27,0,41,27,41,41,27,0,edgeCount
145,149,193,graphml/GtsCe.graphml,2,,clustered,0.6;-0.3,8,8,8,0,0,8,0,8,8,0,0,edgeCount
144,149,193,graphml/GtsCe.graphml,2,,clustered,0.6;-0.3,16,36,8,8,2,12,4,12,12,4,2,edgeCount
143,149,193,graphml/GtsCe.graphml,3,,clustered,0.6;-0.3,59,59,11,48,0,59,48,59,59,48,0,edgeCount
142,149,193,graphml/GtsCe.graphml,2,,clustered,0.6;-0.3,-1,-1,-1,0,2,-1,0,-1,-1,0,2,edgeCount
141,149,193,graphml/GtsCe.graphml,2,,clustered,0.6;-0.3,-1,-1,-1,0,2,-1,0,-1,-1,0,2,edgeCount
140,149,193,graphml/GtsCe.graphml,2,,clustered,0.6;-0.3,4,4,4,0,0,4,0,4,4,0,0,edgeCount
139,149,193,graphml/GtsCe.graphml,2,,clustered,0.6;-0.3,66,34,15,51,6,-1,-16,55,51,40,6,edgeCount
138,149,193,graphml/GtsCe.graphml,2,,clustered,0.6;-0.3,22,10,7,15,0,-1,-8,-1,-1,-8,0,edgeCount
137,149,193,graphml/GtsCe.graphml,2,,clustered,0.6;-0.3,-1,-1,-1,0,0,-1,0,-1,-1,0,0,edgeCount
136,149,193,graphml/GtsCe.graphml,2,,clustered,0.6;-0.3,10,40,8,2,2,14,6,14,30,6,2,edgeCount
135,149,193,graphml/GtsCe.graphml,2,,clustered,0.6;-0.3,-1,-1,-1,0,0,-1,0,-1,-1,0,0,edgeCount
134,149,193,graphml/GtsCe.graphml,2,,clustered,0.6;-0.3,-1,-1,-1,0,0,-1,0,-1,-1,0,0,edgeCount
133,149,193,graphml/GtsCe.graphml,2,,clustered,0.6;-0.3,-1,-1,-1,0,0,-1,0,-1,-1,0,0,edgeCount
132,149,193,graphml/GtsCe.graphml,2,,clustered,0.6;-0.3,30,30,10,20,0,30,20,30,30,20,0,edgeCount
131,149,193,graphml/GtsCe.graphml,2,,clustered,0.6;-0.3,13,13,9,4,0,13,4,13,13,4,0,edgeCount
130,149,193,graphml/GtsCe.graphml,2,,clustered,0.6;-0.3,-1,-1,-1,0,0,-1,0,-1,-1,0,0,edgeCount
129,149,193,graphml/GtsCe.graphml,2,,clustered,0.6;-0.3,9,9,9,0,2,9,0,9,9,0,2,edgeCount
128,149,193,graphml/GtsCe.graphml,2,,clustered,0.6;-0.3,35,15,9,26,2,-1,-10,35,35,26,2,edgeCount
127,149,193,graphml/GtsCe.graphml,1,,clustered,0.6;-0.3,7,5,5,2,2,-1,-6,7,5,2,2,edgeCount
126,149,193,graphml/GtsCe.graphml,2,,clustered,0.6;-0.3,52,52,17,35,0,52,35,52,52,35,0,edgeCount
125,149,193,graphml/GtsCe.graphml,2,,clustered,0.6;-0.3,12,12,12,0,0,12,0,12,12,0,0,edgeCount
124,149,193,graphml/GtsCe.graphml,2,,clustered,0.6;-0.3,-1,-1,-1,0,0,-1,0,-1,-1,0,0,edgeCount
123,149,193,graphml/GtsCe.graphml,2,,clustered,0.6;-0.3,-1,-1,-1,0,0,-1,0,-1,-1,0,0,edgeCount
122,149,193,graphml/GtsCe.graphml,1,,clustered,0.6;-0.3,-1,-1,10,-11,4,-1,-11,-1,-1,-11,4,edgeCount
121,149,193,graphml/GtsCe.graphml,1,,clustered,0.6;-0.3,21,13,13,8,2,-1,-14,21,13,8,2,edgeCount
120,149,193,graphml/GtsCe.graphml,2,,clustered,0.6;-0.3,-1,-1,-1,0,0,-1,0,-1,-1,0,0,edgeCount
119,149,193,graphml/GtsCe.graphml,1,,clustered,0.6;-0.3,-1,-1,-1,0,6,-1,0,-1,-1,0,6,edgeCount
118,149,193,graphml/GtsCe.graphml,1,,clustered,0.6;-0.3,13,13,13,0,0,13,0,13,13,0,0,edgeCount
117,149,193,graphml/GtsCe.graphml,1,,clustered,0.6;-0.3,13,13,13,0,0,13,0,13,13,0,0,edgeCount
116,149,193,graphml/GtsCe.graphml,2,,clustered,0.6;-0.3,16,12,12,4,0,38,26,38,38,26,0,edgeCount
115,149,193,graphml/GtsCe.graphml,2,,clustered,0.6;-0.3,10,10,10,0,0,10,0,10,10,0,0,edgeCount
114,149,193,graphml/GtsCe.graphml,2,,clustered,0.6;-0.3,38,38,14,24,0,38,24,38,38,24,0,edgeCount
113,149,193,graphml/GtsCe.graphml,2,,clustered,0.6;-0.3,-1,-1,12,-13,0,-1,-13,-1,-1,-13,0,edgeCount
112,149,193,graphml/GtsCe.graphml,2,,clustered,0.6;-0.3,34,12,10,24,0,12,2,12,12,2,0,edgeCount
111,149,193,graphml/GtsCe.graphml,2,,clustered,0.6;-0.3,45,19,18,27,0,-1,-19,-1,-1,-19,0,edgeCount
110,149,193,graphml/GtsCe.graphml,2,,clustered,0.6;-0.3,43,21,15,28,0,-1,-16,-1,-1,-16,0,edgeCount
109,149,193,graphml/GtsCe.graphml,1,,clustered,0.6;-0.3,-1,-1,-1,0,2,-1,0,-1,-1,0,2,edgeCount
108,149,193,graphml/GtsCe.graphml,2,,clustered,0.6;-0.3,-1,-1,-1,0,0,-1,0,-1,-1,0,0,edgeCount
107,149,193,graphml/GtsCe.graphml,2,,clustered,0.6;-0.3,19,19,16,3,0,69,53,69,69,53,0,edgeCount
106,149,193,graphml/GtsCe.graphml,2,,clustered,0.6;-0.3,19,7,7,12,0,7,0,7,7,0,0,edgeCount
105,149,193,graphml/GtsCe.graphml,2,,clustered,0.6;-0.3,25,29,6,19,0,9,3,9,9,3,0,edgeCount
104,149,193,graphml/GtsCe.graphml,2,,clustered,0.6;-0.3,-1,-1,-1,0,0,-1,0,-1,-1,0,0,edgeCount
103,149,193,graphml/GtsCe.graphml,2,,clustered,0.6;-0.3,-1,-1,-1,0,0,-1,0,-1,-1,0,0,edgeCount
102,149,193,graphml/GtsCe.graphml,2,,clustered,0.6;-0.3,-1,-1,-1,0,0,-1,0,-1,-1,0,0,edgeCount
101,149,193,graphml/GtsCe.graphml,2,,clustered,0.6;-0.3,8,14,6,2,0,8,2,8,8,2,0,edgeCount
100,149,193,graphml/GtsCe.graphml,1,,clustered,0.6;-0.3,-1,-1,-1,0,4,-1,0,-1,-1,0,4,edgeCount
99,149,193,graphml/GtsCe.graphml,2,,clustered,0.6;-0.3,26,26,12,14,0,26,14,26,26,14,0,edgeCount
98,149,193,graphml/GtsCe.graphml,2,,clustered,0.6;-0.3,20,6,6,14,6,6,0,6,6,0,6,edgeCount
97,149,193,graphml/GtsCe.graphml,2,,clustered,0.6;-0.3,22,4,4,18,0,4,0,4,4,0,0,edgeCount
96,149,193,graphml/GtsCe.graphml,2,,clustered,0.6;-0.3,47,25,16,31,2,-1,-17,26,26,10,2,edgeCount
95,149,193,graphml/GtsCe.graphml,2,,clustered,0.6;-0.3,32,32,10,22,0,32,22,32,32,22,0,edgeCount
94,149,193,graphml/GtsCe.graphml,2,,clustered,0.6;-0.3,-1,-1,-1,0,0,-1,0,-1,-1,0,0,edgeCount
93,149,193,graphml/GtsCe.graphml,2,,clustered,0.6;-0.3,12,12,11,1,0,16,5,16,16,5,0,edgeCount
92,149,193,graphml/GtsCe.graphml,2,,clustered,0.6;-0.3,-1,-1,-1,0,0,-1,0,-1,-1,0,0,edgeCount
91,149,193,graphml/GtsCe.graphml,2,,clustered,0.6;-0.3,37,17,14,23,2,-1,-15,33,33,19,2,edgeCount
90,149,193,graphml/GtsCe.graphml,4,,clustered,0.6;-0.3,51,51,11,40,0,51,40,51,51,40,0,edgeCount
89,149,193,graphml/GtsCe.graphml,2,,clustered,0.6;-0.3,-1,-1,-1,0,0,-1,0,-1,-1,0,0,edgeCount
88,149,193,graphml/GtsCe.graphml,2,,clustered,0.6;-0.3,14,14,12,2,0,14,2,14,14,2,0,edgeCount
87,149,193,graphml/GtsCe.graphml,2,,clustered,0.6;-0.3,-1,-1,-1,0,0,-1,0,-1,-1,0,0,edgeCount
86,149,193,graphml/GtsCe.graphml,2,,clustered,0.6;-0.3,24,24,10,14,0,24,14,24,24,14,0,edgeCount
85,149,193,graphml/GtsCe.graphml,2,,clustered,0.6;-0.3,-1,-1,-1,0,0,-1,0,-1,-1,0,0,edgeCount
84,149,193,graphml/GtsCe.graphml,1,,clustered,0.6;-0.3,10,10,10,0,0,10,0,10,10,0,0,edgeCount
83,149,193,graphml/GtsCe.graphml,1,,clustered,0.6;-0.3,-1,-1,-1,0,2,-1,0,-1,-1,0,2,edgeCount
82,149,193,graphml/GtsCe.graphml,2,,clustered,0.6;-0.3,22,12,6,16,2,6,0,6,6,0,2,edgeCount
81,149,193,graphml/GtsCe.graphml,2,,clustered,0.6;-0.3,9,9,9,0,0,9,0,9,9,0,0,edgeCount
80,149,193,graphml/GtsCe.graphml,2,,clustered,0.6;-0.3,37,37,11,26,0,23,12,23,23,12,0,edgeCount
79,149,193,graphml/GtsCe.graphml,2,,clustered,0.6;-0.3,72,22,17,55,2,-1,-18,51,51,34,2,edgeCount
78,149,193,graphml/GtsCe.graphml,2,,clustered,0.6;-0.3,41,9,9,32,0,9,0,9,9,0,0,edgeCount
77,149,193,graphml/GtsCe.graphml,2,,clustered,0.6;-0.3,-1,-1,-1,0,0,-1,0,-1,-1,0,0,edgeCount
76,149,193,graphml/GtsCe.graphml,3,,clustered,0.6;-0.3,3,3,3,0,0,3,0,3,3,0,0,edgeCount
75,149,193,graphml/GtsCe.graphml,2,,clustered,0.6;-0.3,-1,-1,-1,0,0,-1,0,-1,-1,0,0,edgeCount
74,149,193,graphml/GtsCe.graphml,2,,clustered,0.6;-0.3,13,17,7,6,2,21,14,21,55,14,2,edgeCount
73,149,193,graphml/GtsCe.graphml,1,,clustered,0.6;-0.3,6,18,6,0,2,6,0,6,18,0,2,edgeCount
72,149,193,graphml/GtsCe.graphml,2,,clustered,0.6;-0.3,8,8,8,0,0,8,0,8,8,0,0,edgeCount
71,149,193,graphml/GtsCe.graphml,1,,clustered,0.6;-0.3,35,15,13,22,2,-1,-14,35,15,22,2,edgeCount
70,149,193,graphml/GtsCe.graphml,2,,clustered,0.6;-0.3,-1,-1,11,-12,0,-1,-12,-1,-1,-12,0,edgeCount
69,149,193,graphml/GtsCe.graphml,1,,clustered,0.6;-0.3,19,19,19,0,0,19,0,19,19,0,0,edgeCount
68,149,193,graphml/GtsCe.graphml,1,,clustered,0.6;-0.3,-1,-1,-1,0,0,-1,0,-1,-1,0,0,edgeCount
67,149,193,graphml/GtsCe.graphml,2,,clustered,0.6;-0.3,4,4,4,0,0,4,0,4,4,0,0,edgeCount
66,149,193,graphml/GtsCe.graphml,2,,clustered,0.6;-0.3,25,7,7,18,0,-1,-8,-1,-1,-8,0,edgeCount
65,149,193,graphml/GtsCe.graphml,2,,clustered,0.6;-0.3,-1,-1,-1,0,0,-1,0,-1,-1,0,0,edgeCount
64,149,193,graphml/GtsCe.graphml,2,,clustered,0.6;-0.3,43,23,11,32,2,13,2,13,13,2,2,edgeCount
63,149,193,graphml/GtsCe.graphml,1,,clustered,0.6;-0.3,-1,-1,-1,0,2,-1,0,-1,-1,0,2,edgeCount
62,149,193,graphml/GtsCe.graphml,2,,clustered,0.6;-0.3,18,18,18,0,0,18,0,18,18,0,0,edgeCount
61,149,193,graphml/GtsCe.graphml,2,,clustered,0.6;-0.3,19,7,7,12,0,7,0,19,7,12,0,edgeCount
60,149,193,graphml/GtsCe.graphml,2,,clustered,0.6;-0.3,27,24,18,9,4,61,43,61,61,43,4,edgeCount
59,149,193,graphml/GtsCe.graphml,3,,clustered,0.6;-0.3,23,67,15,8,2,65,50,65,65,50,2,edgeCount
58,149,193,graphml/GtsCe.graphml,1,,clustered,0.6;-0.3,21,21,21,0,0,21,0,21,21,0,0,edgeCount
57,149,193,graphml/GtsCe.graphml,2,,clustered,0.6;-0.3,6,6,6,0,0,6,0,6,6,0,0,edgeCount
56,149,193,graphml/GtsCe.graphml,1,,clustered,0.6;-0.3,11,11,11,0,0,11,0,11,11,0,0,edgeCount
55,149,193,graphml/GtsCe.graphml,2,,clustered,0.6;-0.3,60,60,21,39,0,60,39,60,60,39,0,edgeCount
54,149,193,graphml/GtsCe.graphml,2,,clustered,0.6;-0.3,22,22,16,6,4,-1,-17,-1,-1,-17,4,edgeCount
53,149,193,graphml/GtsCe.graphml,2,,clustered,0.6;-0.3,11,11,11,0,0,11,0,11,11,0,0,edgeCount
52,149,193,graphml/GtsCe.graphml,2,,clustered,0.6;-0.3,32,10,10,22,2,-1,-11,28,28,18,2,edgeCount
51,149,193,graphml/GtsCe.graphml,2,,clustered,0.6;-0.3,19,19,10,9,2,19,9,19,19,9,2,edgeCount
50,149,193,graphml/GtsCe.graphml,2,,clustered,0.6;-0.3,27,9,9,18,0,9,0,9,9,0,0,edgeCount
49,149,193,graphml/GtsCe.graphml,2,,clustered,0.6;-0.3,4,8,4,0,2,8,4,4,8,0,2,edgeCount
48,149,193,graphml/GtsCe.graphml,2,,clustered,0.6;-0.3,63,63,18,45,0,63,45,63,63,45,0,edgeCount
47,149,193,graphml/GtsCe.graphml,2,,clustered,0.6;-0.3,-1,-1,-1,0,0,-1,0,-1,-1,0,0,edgeCount
46,149,193,graphml/GtsCe.graphml,2,,clustered,0.6;-0.3,14,14,8,6,0,14,6,14,14,6,0,edgeCount
45,149,193,graphml/GtsCe.graphml,2,,clustered,0.6;-0.3,58,20,17,41,2,-1,-18,-1,-1,-18,2,edgeCount
44,149,193,graphml/GtsCe.graphml,2,,clustered,0.6;-0.3,69,65,17,52,4,-1,-18,-1,-1,-18,4,edgeCount
43,149,193,graphml/GtsCe.graphml,2,,clustered,0.6;-0.3,10,10,10,0,0,10,0,10,10,0,0,edgeCount
42,149,193,graphml/GtsCe.graphml,2,,clustered,0.6;-0.3,-1,-1,-1,0,0,-1,0,-1,-1,0,0,edgeCount
41,149,193,graphml/GtsCe.graphml,2,,clustered,0.6;-0.3,-1,-1,-1,0,0,-1,0,-1,-1,0,0,edgeCount
40,149,193,graphml/GtsCe.graphml,2,,clustered,0.6;-0.3,-1,-1,7,-8,0,-1,-8,-1,-1,-8,0,edgeCount
39,149,193,graphml/GtsCe.graphml,2,,clustered,0.6;-0.3,5,5,5,0,0,5,0,5,5,0,0,edgeCount
38,149,193,graphml/GtsCe.graphml,1,,clustered,0.6;-0.3,13,13,13,0,0,13,0,13,13,0,0,edgeCount
37,149,193,graphml/GtsCe.graphml,1,,clustered,0.6;-0.3,18,18,18,0,2,18,0,18,18,0,2,edgeCount
36,149,193,graphml/GtsCe.graphml,2,,clustered,0.6;-0.3,-1,-1,15,-16,0,-1,-16,-1,-1,-16,0,edgeCount
35,149,193,graphml/GtsCe.graphml,1,,clustered,0.6;-0.3,50,50,16,34,2,-1,-17,50,50,34,2,edgeCount
34,149,193,graphml/GtsCe.graphml,3,,clustered,0.6;-0.3,6,6,5,1,2,6,1,6,6,1,2,edgeCount
33,149,193,graphml/GtsCe.graphml,1,,clustered,0.6;-0.3,-1,-1,17,-18,0,-1,-18,-1,-1,-18,0,edgeCount
32,149,193,graphml/GtsCe.graphml,2,,clustered,0.6;-0.3,35,33,9,26,0,9,0,9,9,0,0,edgeCount
31,149,193,graphml/GtsCe.graphml,1,,clustered,0.6;-0.3,14,14,14,0,0,14,0,14,14,0,0,edgeCount
30,149,193,graphml/GtsCe.graphml,1,,clustered,0.6;-0.3,8,8,5,3,2,-1,-6,8,8,3,2,edgeCount
29,149,193,graphml/GtsCe.graphml,2,,clustered,0.6;-0.3,9,3,3,6,2,3,0,3,3,0,2,edgeCount
28,149,193,graphml/GtsCe.graphml,2,,clustered,0.6;-0.3,11,47,9,2,0,21,12,21,21,12,0,edgeCount
27,149,193,graphml/GtsCe.graphml,2,,clustered,0.6;-0.3,-1,-1,-1,0,0,-1,0,-1,-1,0,0,edgeCount
26,149,193,graphml/GtsCe.graphml,2,,clustered,0.6;-0.3,-1,-1,-1,0,0,-1,0,-1,-1,0,0,edgeCount
25,149,193,graphml/GtsCe.graphml,2,,clustered,0.6;-0.3,-1,-1,14,-15,0,-1,-15,-1,-1,-15,0,edgeCount
24,149,193,graphml/GtsCe.graphml,2,,clustered,0.6;-0.3,16,24,10,6,0,24,14,24,24,14,0,edgeCount
23,149,193,graphml/GtsCe.graphml,2,,clustered,0.6;-0.3,-1,-1,-1,0,0,-1,0,-1,-1,0,0,edgeCount
22,149,193,graphml/GtsCe.graphml,2,,clustered,0.6;-0.3,4,4,4,0,0,4,0,4,4,0,0,edgeCount
21,149,193,graphml/GtsCe.graphml,2,,clustered,0.6;-0.3,69,27,20,49,0,-1,-21,-1,-1,-21,0,edgeCount
20,149,193,graphml/GtsCe.graphml,2,,clustered,0.6;-0.3,-1,-1,-1,0,0,-1,0,-1,-1,0,0,edgeCount
19,149,193,graphml/GtsCe.graphml,3,,clustered,0.6;-0.3,37,46,15,22,4,59,44,59,59,44,4,edgeCount
18,149,193,graphml/GtsCe.graphml,2,,clustered,0.6;-0.3,-1,-1,-1,0,0,-1,0,-1,-1,0,0,edgeCount
17,149,193,graphml/GtsCe.graphml,3,,clustered,0.6;-0.3,16,8,8,8,0,66,58,8,8,0,0,edgeCount
16,149,193,graphml/GtsCe.graphml,2,,clustered,0.6;-0.3,-1,-1,-1,0,0,-1,0,-1,-1,0,0,edgeCount
15,149,193,graphml/GtsCe.graphml,3,,clustered,0.6;-0.3,7,26,7,0,0,15,8,15,15,8,0,edgeCount
14,149,193,graphml/GtsCe.graphml,2,,clustered,0.6;-0.3,-1,-1,-1,0,2,-1,0,-1,-1,0,2,edgeCount
13,149,193,graphml/GtsCe.graphml,1,,clustered,0.6;-0.3,5,5,5,0,0,5,0,5,5,0,0,edgeCount
12,149,193,graphml/GtsCe.graphml,2,,clustered,0.6;-0.3,28,20,14,14,2,-1,-15,28,20,14,2,edgeCount
11,149,193,graphml/GtsCe.graphml,2,,clustered,0.6;-0.3,27,27,18,9,2,55,37,55,55,37,2,edgeCount
10,149,193,graphml/GtsCe.graphml,2,,clustered,0.6;-0.3,29,17,17,12,2,17,0,17,17,0,2,edgeCount
9,149,193,graphml/GtsCe.graphml,2,,clustered,0.6;-0.3,5,5,5,0,0,5,0,5,5,0,0,edgeCount
8,149,193,graphml/GtsCe.graphml,2,,clustered,0.6;-0.3,-1,-1,-1,0,0,-1,0,-1,-1,0,0,edgeCount
7,149,193,graphml/GtsCe.graphml,2,,clustered,0.6;-0.3,19,5,5,14,0,5,0,5,5,0,0,edgeCount
6,149,193,graphml/GtsCe.graphml,2,,clustered,0.6;-0.3,20,40,6,14,8,6,0,6,6,0,8,edgeCount
5,149,193,graphml/GtsCe.graphml,2,,clustered,0.6;-0.3,10,10,10,0,0,10,0,10,10,0,0,edgeCount
4,149,193,graphml/GtsCe.graphml,1,,clustered,0.6;-0.3,10,10,10,0,0,10,0,10,10,0,0,edgeCount
3,149,193,graphml/GtsCe.graphml,2,,clustered,0.6;-0.3,-1,-1,-1,0,0,-1,0,-1,-1,0,0,edgeCount
2,149,193,graphml/GtsCe.graphml,2,,clustered,0.6;-0.3,46,18,11,35,4,-1,-12,36,28,25,4,edgeCount
1,149,193,graphml/GtsCe.graphml,2,,clustered,0.6;-0.3,-1,-1,-1,0,0,-1,0,-1,-1,0,0,edgeCount
