rep,nrNodes,nrEdges,edgeProb,nrPaths,nrFails,failureModel,failurePercent,hopsRanked,hopsUnranked,spLength,stretch_mult,nodeAdditions,hopsPath,stretch_path,hopsRankedOne,hopsUnrankedOne,stretch_one,overallNodeAdditionsOne,treeChoice
1000,110,148,graphml/Interoute.graphml,2,,clustered,0.5;-0.3,16,46,10,6,2,16,6,16,46,6,2,edgeCount
999,110,148,graphml/Interoute.graphml,1,,clustered,0.5;-0.3,-1,-1,-1,0,4,-1,0,-1,-1,0,4,edgeCount
998,110,148,graphml/Interoute.graphml,2,,clustered,0.5;-0.3,9,9,9,0,0,9,0,9,9,0,0,edgeCount
997,110,148,graphml/Interoute.graphml,2,,clustered,0.5;-0.3,15,15,7,8,0,15,8,15,15,8,0,edgeCount
996,110,148,graphml/Interoute.graphml,2,,clustered,0.5;-0.3,-1,-1,12,-13,4,-1,-13,-1,-1,-13,4,edgeCount
995,110,148,graphml/Interoute.graphml,1,,clustered,0.5;-0.3,4,4,4,0,0,4,0,4,4,0,0,edgeCount
994,110,148,graphml/Interoute.graphml,2,,clustered,0.5;-0.3,-1,-1,12,-13,2,-1,-13,-1,-1,-13,2,edgeCount
993,110,148,graphml/Interoute.graphml,2,,clustered,0.5;-0.3,36,36,14,22,0,36,22,36,36,22,0,edgeCount
992,110,148,graphml/Interoute.graphml,1,,clustered,0.5;-0.3,12,12,12,0,2,12,0,12,12,0,2,edgeCount
991,110,148,graphml/Interoute.graphml,2,,clustered,0.5;-0.3,10,19,10,0,0,18,8,18,18,8,0,edgeCount
990,110,148,graphml/Interoute.graphml,1,,clustered,0.5;-0.3,-1,-1,7,-8,0,-1,-8,-1,-1,-8,0,edgeCount
989,110,148,graphml/Interoute.graphml,2,,clustered,0.5;-0.3,8,8,8,0,0,29,21,8,8,0,0,edgeCount
988,110,148,graphml/Interoute.graphml,2,,clustered,0.5;-0.3,31,29,9,22,4,-1,-10,34,26,25,4,edgeCount
987,110,148,graphml/Interoute.graphml,2,,clustered,0.5;-0.3,9,9,8,1,0,9,1,9,9,1,0,edgeCount
986,110,148,graphml/Interoute.graphml,2,,clustered,0.5;-0.3,8,6,6,2,0,18,12,18,18,12,0,edgeCount
985,110,148,graphml/Interoute.graphml,2,,clustered,0.5;-0.3,36,36,12,24,0,36,24,36,36,24,0,edgeCount
984,110,148,graphml/Interoute.graphml,2,,clustered,0.5;-0.3,-1,-1,16,-17,0,-1,-17,-1,-1,-17,0,edgeCount
983,110,148,graphml/Interoute.graphml,2,,clustered,0.5;-0.3,7,7,7,0,0,-1,-8,-1,-1,-8,0,edgeCount
982,110,148,graphml/Interoute.graphml,1,,clustered,0.5;-0.3,42,26,11,31,4,-1,-12,42,26,31,4,edgeCount
981,110,148,graphml/Interoute.graphml,2,,clustered,0.5;-0.3,12,12,12,0,2,12,0,12,12,0,2,edgeCount
980,110,148,graphml/Interoute.graphml,2,,clustered,0.5;-0.3,3,3,3,0,0,3,0,3,3,0,0,edgeCount
979,110,148,graphml/Interoute.graphml,2,,clustered,0.5;-0.3,47,21,10,37,2,-1,-11,-1,-1,-11,2,edgeCount
978,110,148,graphml/Interoute.graphml,2,,clustered,0.5;-0.3,11,11,11,0,0,36,25,11,11,0,0,edgeCount
977,110,148,graphml/Interoute.graphml,2,,clustered,0.5;-0.3,51,16,13,38,2,-1,-14,50,50,37,2,edgeCount
976,110,148,graphml/Interoute.graphml,2,,clustered,0.5;-0.3,9,13,5,4,2,13,8,13,13,8,2,edgeCount
975,110,148,graphml/Interoute.graphml,2,,clustered,0.5;-0.3,54,30,17,37,4,-1,-18,52,30,35,4,edgeCount
974,110,148,graphml/Interoute.graphml,2,,clustered,0.5;-0.3,9,43,8,1,0,23,15,23,23,15,0,edgeCount
973,110,148,graphml/Interoute.graphml,2,,clustered,0.5;-0.3,6,16,5,1,0,14,9,14,14,9,0,edgeCount
972,110,148,graphml/Interoute.graphml,2,,clustered,0.5;-0.3,6,6,6,0,2,6,0,6,6,0,2,edgeCount
971,110,148,graphml/Interoute.graphml,1,,clustered,0.5;-0.3,4,4,4,0,0,4,0,4,4,0,0,edgeCount
970,110,148,graphml/Interoute.graphml,1,,clustered,0.5;-0.3,3,3,3,0,0,3,0,3,3,0,0,edgeCount
969,110,148,graphml/Interoute.graphml,2,,clustered,0.5;-0.3,6,6,6,0,2,6,0,6,6,0,2,edgeCount
968,110,148,graphml/Interoute.graphml,1,,clustered,0.5;-0.3,-1,-1,6,-7,0,-1,-7,-1,-1,-7,0,edgeCount
967,110,148,graphml/Interoute.graphml,2,,clustered,0.5;-0.3,-1,-1,13,-14,0,-1,-14,-1,-1,-14,0,edgeCount
966,110,148,graphml/Interoute.graphml,2,,clustered,0.5;-0.3,35,55,11,24,2,-1,-12,11,11,0,2,edgeCount
965,110,148,graphml/Interoute.graphml,2,,clustered,0.5;-0.3,-1,-1,-1,0,0,-1,0,-1,-1,0,0,edgeCount
964,110,148,graphml/Interoute.graphml,1,,clustered,0.5;-0.3,5,5,5,0,6,5,0,5,5,0,6,edgeCount
963,110,148,graphml/Interoute.graphml,2,,clustered,0.5;-0.3,7,7,7,0,0,9,2,9,7,2,0,edgeCount
962,110,148,graphml/Interoute.graphml,2,,clustered,0.5;-0.3,7,7,7,0,0,7,0,7,7,0,0,edgeCount
961,110,148,graphml/Interoute.graphml,2,,clustered,0.5;-0.3,24,24,12,12,0,24,12,24,24,12,0,edgeCount
960,110,148,graphml/Interoute.graphml,3,,clustered,0.5;-0.3,27,27,11,16,0,27,16,27,27,16,0,edgeCount
959,110,148,graphml/Interoute.graphml,2,,clustered,0.5;-0.3,-1,-1,-1,0,0,-1,0,-1,-1,0,0,edgeCount
958,110,148,graphml/Interoute.graphml,2,,clustered,0.5;-0.3,-1,-1,9,-10,4,-1,-10,19,11,10,4,edgeCount
957,110,148,graphml/Interoute.graphml,2,,clustered,0.5;-0.3,63,23,16,47,2,-1,-17,61,43,45,2,edgeCount
956,110,148,graphml/Interoute.graphml,2,,clustered,0.5;-0.3,32,12,10,22,2,12,2,12,12,2,2,edgeCount
955,110,148,graphml/Interoute.graphml,2,,clustered,0.5;-0.3,48,22,16,32,0,-1,-17,-1,-1,-17,0,edgeCount
954,110,148,graphml/Interoute.graphml,3,,clustered,0.5;-0.3,11,11,11,0,2,11,0,11,11,0,2,edgeCount
953,110,148,graphml/Interoute.graphml,3,,clustered,0.5;-0.3,57,31,5,52,0,5,0,5,5,0,0,edgeCount
952,110,148,graphml/Interoute.graphml,2,,clustered,0.5;-0.3,10,10,8,2,0,28,20,10,10,2,0,edgeCount
951,110,148,graphml/Interoute.graphml,2,,clustered,0.5;-0.3,13,13,13,0,0,13,0,13,13,0,0,edgeCount
950,110,148,graphml/Interoute.graphml,2,,clustered,0.5;-0.3,14,24,4,10,0,4,0,4,4,0,0,edgeCount
949,110,148,graphml/Interoute.graphml,2,,clustered,0.5;-0.3,56,14,13,43,2,-1,-14,56,14,43,2,edgeCount
948,110,148,graphml/Interoute.graphml,2,,clustered,0.5;-0.3,34,34,12,22,0,34,22,34,34,22,0,edgeCount
947,110,148,graphml/Interoute.graphml,2,,clustered,0.5;-0.3,5,5,5,0,0,5,0,5,5,0,0,edgeCount
946,110,148,graphml/Interoute.graphml,2,,clustered,0.5;-0.3,13,45,8,5,0,29,21,29,29,21,0,edgeCount
945,110,148,graphml/Interoute.graphml,2,,clustered,0.5;-0.3,-1,-1,-1,0,0,-1,0,-1,-1,0,0,edgeCount
944,110,148,graphml/Interoute.graphml,2,,clustered,0.5;-0.3,23,7,7,16,4,7,0,7,7,0,4,edgeCount
943,110,148,graphml/Interoute.graphml,1,,clustered,0.5;-0.3,7,7,7,0,0,7,0,7,7,0,0,edgeCount
942,110,148,graphml/Interoute.graphml,2,,clustered,0.5;-0.3,14,36,6,8,4,6,0,6,6,0,2,edgeCount
941,110,148,graphml/Interoute.graphml,2,,clustered,0.5;-0.3,4,4,4,0,0,4,0,4,4,0,0,edgeCount
940,110,148,graphml/Interoute.graphml,3,,clustered,0.5;-0.3,40,34,10,30,0,34,24,34,34,24,0,edgeCount
939,110,148,graphml/Interoute.graphml,2,,clustered,0.5;-0.3,7,7,7,0,2,7,0,7,7,0,2,edgeCount
938,110,148,graphml/Interoute.graphml,2,,clustered,0.5;-0.3,10,25,7,3,4,7,0,7,7,0,4,edgeCount
937,110,148,graphml/Interoute.graphml,2,,clustered,0.5;-0.3,39,39,13,26,0,39,26,39,39,26,0,edgeCount
936,110,148,graphml/Interoute.graphml,2,,clustered,0.5;-0.3,-1,-1,-1,0,0,-1,0,-1,-1,0,0,edgeCount
935,110,148,graphml/Interoute.graphml,2,,clustered,0.5;-0.3,6,6,4,2,0,6,2,6,6,2,0,edgeCount
934,110,148,graphml/Interoute.graphml,2,,clustered,0.5;-0.3,25,25,11,14,0,25,14,25,25,14,0,edgeCount
933,110,148,graphml/Interoute.graphml,2,,clustered,0.5;-0.3,23,23,8,15,0,23,15,23,23,15,0,edgeCount
932,110,148,graphml/Interoute.graphml,2,,clustered,0.5;-0.3,62,30,18,44,8,-1,-19,61,45,43,8,edgeCount
931,110,148,graphml/Interoute.graphml,2,,clustered,0.5;-0.3,12,18,11,1,2,30,19,30,30,19,2,edgeCount
930,110,148,graphml/Interoute.graphml,1,,clustered,0.5;-0.3,32,32,15,17,2,-1,-16,32,32,17,2,edgeCount
929,110,148,graphml/Interoute.graphml,2,,clustered,0.5;-0.3,-1,-1,12,-13,0,-1,-13,-1,-1,-13,0,edgeCount
928,110,148,graphml/Interoute.graphml,2,,clustered,0.5;-0.3,-1,-1,-1,0,4,-1,0,-1,-1,0,4,edgeCount
927,110,148,graphml/Interoute.graphml,2,,clustered,0.5;-0.3,21,21,9,12,0,21,12,21,21,12,0,edgeCount
926,110,148,graphml/Interoute.graphml,2,,clustered,0.5;-0.3,6,6,6,0,0,28,22,6,6,0,0,edgeCount
925,110,148,graphml/Interoute.graphml,2,,clustered,0.5;-0.3,18,32,13,5,0,40,27,40,40,27,0,edgeCount
924,110,148,graphml/Interoute.graphml,2,,clustered,0.5;-0.3,10,10,10,0,0,-1,-11,-1,-1,-11,0,edgeCount
923,110,148,graphml/Interoute.graphml,2,,clustered,0.5;-0.3,18,18,8,10,0,18,10,18,18,10,0,edgeCount
922,110,148,graphml/Interoute.graphml,1,,clustered,0.5;-0.3,-1,-1,15,-16,2,-1,-16,-1,-1,-16,2,edgeCount
921,110,148,graphml/Interoute.graphml,2,,clustered,0.5;-0.3,48,12,11,37,2,-1,-12,-1,-1,-12,2,edgeCount
920,110,148,graphml/Interoute.graphml,2,,clustered,0.5;-0.3,13,16,13,0,0,27,14,27,27,14,0,edgeCount
919,110,148,graphml/Interoute.graphml,2,,clustered,0.5;-0.3,12,31,12,0,6,22,10,22,26,10,6,edgeCount
918,110,148,graphml/Interoute.graphml,2,,clustered,0.5;-0.3,15,35,11,4,2,15,4,15,15,4,2,edgeCount
917,110,148,graphml/Interoute.graphml,1,,clustered,0.5;-0.3,-1,-1,9,-10,0,-1,-10,-1,-1,-10,0,edgeCount
916,110,148,graphml/Interoute.graphml,3,,clustered,0.5;-0.3,-1,-1,-1,0,0,-1,0,-1,-1,0,0,edgeCount
915,110,148,graphml/Interoute.graphml,3,,clustered,0.5;-0.3,23,27,7,16,2,27,20,27,27,20,2,edgeCount
914,110,148,graphml/Interoute.graphml,2,,clustered,0.5;-0.3,22,8,7,15,0,8,1,8,8,1,0,edgeCount
913,110,148,graphml/Interoute.graphml,1,,clustered,0.5;-0.3,10,10,10,0,0,10,0,10,10,0,0,edgeCount
912,110,148,graphml/Interoute.graphml,2,,clustered,0.5;-0.3,8,8,8,0,0,8,0,8,8,0,0,edgeCount
911,110,148,graphml/Interoute.graphml,3,,clustered,0.5;-0.3,9,7,7,2,2,17,10,17,17,10,2,edgeCount
910,110,148,graphml/Interoute.graphml,2,,clustered,0.5;-0.3,11,11,10,1,0,11,1,11,11,1,0,edgeCount
909,110,148,graphml/Interoute.graphml,2,,clustered,0.5;-0.3,27,7,7,20,0,7,0,7,7,0,0,edgeCount
908,110,148,graphml/Interoute.graphml,2,,clustered,0.5;-0.3,19,19,11,8,0,19,8,19,19,8,0,edgeCount
907,110,148,graphml/Interoute.graphml,2,,clustered,0.5;-0.3,12,12,12,0,0,12,0,12,12,0,0,edgeCount
906,110,148,graphml/Interoute.graphml,2,,clustered,0.5;-0.3,-1,-1,-1,0,0,-1,0,-1,-1,0,0,edgeCount
905,110,148,graphml/Interoute.graphml,2,,clustered,0.5;-0.3,31,31,12,19,0,31,19,31,31,19,0,edgeCount
904,110,148,graphml/Interoute.graphml,2,,clustered,0.5;-0.3,-1,-1,-1,0,0,-1,0,-1,-1,0,0,edgeCount
903,110,148,graphml/Interoute.graphml,2,,clustered,0.5;-0.3,19,15,15,4,2,47,32,47,47,32,2,edgeCount
902,110,148,graphml/Interoute.graphml,2,,clustered,0.5;-0.3,50,16,15,35,2,-1,-16,50,50,35,2,edgeCount
901,110,148,graphml/Interoute.graphml,2,,clustered,0.5;-0.3,-1,-1,-1,0,0,-1,0,-1,-1,0,0,edgeCount
900,110,148,graphml/Interoute.graphml,2,,clustered,0.5;-0.3,-1,-1,-1,0,0,-1,0,-1,-1,0,0,edgeCount
899,110,148,graphml/Interoute.graphml,2,,clustered,0.5;-0.3,-1,-1,-1,0,4,-1,0,-1,-1,0,4,edgeCount
898,110,148,graphml/Interoute.graphml,2,,clustered,0.5;-0.3,29,9,9,20,2,9,0,9,9,0,2,edgeCount
897,110,148,graphml/Interoute.graphml,2,,clustered,0.5;-0.3,15,15,15,0,0,15,0,15,15,0,0,edgeCount
896,110,148,graphml/Interoute.graphml,2,,clustered,0.5;-0.3,29,29,12,17,0,29,17,29,29,17,0,edgeCount
895,110,148,graphml/Interoute.graphml,3,,clustered,0.5;-0.3,6,6,6,0,0,6,0,6,6,0,0,edgeCount
894,110,148,graphml/Interoute.graphml,2,,clustered,0.5;-0.3,6,6,2,4,0,2,0,6,2,4,0,edgeCount
893,110,148,graphml/Interoute.graphml,3,,clustered,0.5;-0.3,11,8,6,5,0,6,0,6,6,0,0,edgeCount
892,110,148,graphml/Interoute.graphml,3,,clustered,0.5;-0.3,26,26,6,20,0,24,18,24,24,18,0,edgeCount
891,110,148,graphml/Interoute.graphml,1,,clustered,0.5;-0.3,14,14,8,6,2,-1,-9,14,14,6,2,edgeCount
890,110,148,graphml/Interoute.graphml,3,,clustered,0.5;-0.3,3,3,3,0,0,4,1,3,3,0,0,edgeCount
889,110,148,graphml/Interoute.graphml,2,,clustered,0.5;-0.3,8,8,6,2,2,8,2,8,8,2,2,edgeCount
888,110,148,graphml/Interoute.graphml,3,,clustered,0.5;-0.3,11,9,9,2,0,27,18,9,9,0,0,edgeCount
887,110,148,graphml/Interoute.graphml,2,,clustered,0.5;-0.3,18,22,13,5,0,38,25,38,38,25,0,edgeCount
886,110,148,graphml/Interoute.graphml,2,,clustered,0.5;-0.3,20,54,14,6,2,14,0,14,14,0,2,edgeCount
885,110,148,graphml/Interoute.graphml,3,,clustered,0.5;-0.3,60,60,12,48,2,60,48,60,60,48,2,edgeCount
884,110,148,graphml/Interoute.graphml,3,,clustered,0.5;-0.3,14,13,12,2,0,13,1,13,13,1,0,edgeCount
883,110,148,graphml/Interoute.graphml,2,,clustered,0.5;-0.3,-1,-1,-1,0,0,-1,0,-1,-1,0,0,edgeCount
882,110,148,graphml/Interoute.graphml,2,,clustered,0.5;-0.3,77,39,13,64,2,-1,-14,46,46,33,2,edgeCount
881,110,148,graphml/Interoute.graphml,2,,clustered,0.5;-0.3,-1,-1,14,-15,0,-1,-15,-1,-1,-15,0,edgeCount
880,110,148,graphml/Interoute.graphml,2,,clustered,0.5;-0.3,28,28,10,18,0,-1,-11,28,28,18,0,edgeCount
879,110,148,graphml/Interoute.graphml,2,,clustered,0.5;-0.3,5,5,3,2,0,13,10,5,5,2,0,edgeCount
878,110,148,graphml/Interoute.graphml,2,,clustered,0.5;-0.3,12,26,6,6,2,26,20,26,26,20,2,edgeCount
877,110,148,graphml/Interoute.graphml,2,,clustered,0.5;-0.3,29,47,9,20,0,9,0,9,9,0,0,edgeCount
876,110,148,graphml/Interoute.graphml,1,,clustered,0.5;-0.3,8,8,8,0,0,8,0,8,8,0,0,edgeCount
875,110,148,graphml/Interoute.graphml,2,,clustered,0.5;-0.3,8,16,8,0,2,16,8,16,42,8,2,edgeCount
874,110,148,graphml/Interoute.graphml,2,,clustered,0.5;-0.3,-1,-1,-1,0,0,-1,0,-1,-1,0,0,edgeCount
873,110,148,graphml/Interoute.graphml,1,,clustered,0.5;-0.3,24,24,8,16,6,-1,-9,24,24,16,6,edgeCount
872,110,148,graphml/Interoute.graphml,2,,clustered,0.5;-0.3,-1,-1,-1,0,0,-1,0,-1,-1,0,0,edgeCount
871,110,148,graphml/Interoute.graphml,2,,clustered,0.5;-0.3,-1,-1,-1,0,0,-1,0,-1,-1,0,0,edgeCount
870,110,148,graphml/Interoute.graphml,1,,clustered,0.5;-0.3,6,6,6,0,2,6,0,6,6,0,2,edgeCount
869,110,148,graphml/Interoute.graphml,2,,clustered,0.5;-0.3,12,12,10,2,0,12,2,12,12,2,0,edgeCount
868,110,148,graphml/Interoute.graphml,2,,clustered,0.5;-0.3,9,19,6,3,0,19,13,19,19,13,0,edgeCount
867,110,148,graphml/Interoute.graphml,2,,clustered,0.5;-0.3,57,29,10,47,2,-1,-11,50,36,40,2,edgeCount
866,110,148,graphml/Interoute.graphml,2,,clustered,0.5;-0.3,27,9,9,18,0,9,0,9,9,0,0,edgeCount
865,110,148,graphml/Interoute.graphml,3,,clustered,0.5;-0.3,29,14,7,22,2,35,28,35,35,28,2,edgeCount
864,110,148,graphml/Interoute.graphml,1,,clustered,0.5;-0.3,-1,-1,-1,0,0,-1,0,-1,-1,0,0,edgeCount
863,110,148,graphml/Interoute.graphml,1,,clustered,0.5;-0.3,-1,-1,-1,0,2,-1,0,-1,-1,0,2,edgeCount
862,110,148,graphml/Interoute.graphml,2,,clustered,0.5;-0.3,16,28,12,4,0,28,16,28,28,16,0,edgeCount
861,110,148,graphml/Interoute.graphml,2,,clustered,0.5;-0.3,-1,-1,-1,0,0,-1,0,-1,-1,0,0,edgeCount
860,110,148,graphml/Interoute.graphml,2,,clustered,0.5;-0.3,-1,-1,-1,0,0,-1,0,-1,-1,0,0,edgeCount
859,110,148,graphml/Interoute.graphml,2,,clustered,0.5;-0.3,-1,-1,-1,0,0,-1,0,-1,-1,0,0,edgeCount
858,110,148,graphml/Interoute.graphml,2,,clustered,0.5;-0.3,35,35,13,22,0,35,22,35,35,22,0,edgeCount
857,110,148,graphml/Interoute.graphml,3,,clustered,0.5;-0.3,3,3,3,0,2,10,7,10,10,7,2,edgeCount
856,110,148,graphml/Interoute.graphml,3,,clustered,0.5;-0.3,5,5,5,0,2,5,0,5,5,0,2,edgeCount
855,110,148,graphml/Interoute.graphml,2,,clustered,0.5;-0.3,16,12,12,4,8,38,26,16,12,4,8,edgeCount
854,110,148,graphml/Interoute.graphml,3,,clustered,0.5;-0.3,39,7,5,34,2,7,2,19,19,14,2,edgeCount
853,110,148,graphml/Interoute.graphml,3,,clustered,0.5;-0.3,3,3,3,0,0,3,0,3,3,0,0,edgeCount
852,110,148,graphml/Interoute.graphml,2,,clustered,0.5;-0.3,30,17,8,22,2,8,0,8,8,0,2,edgeCount
851,110,148,graphml/Interoute.graphml,2,,clustered,0.5;-0.3,25,37,3,22,0,3,0,3,3,0,0,edgeCount
850,110,148,graphml/Interoute.graphml,1,,clustered,0.5;-0.3,13,21,5,8,6,-1,-6,13,21,8,6,edgeCount
849,110,148,graphml/Interoute.graphml,1,,clustered,0.5;-0.3,6,6,6,0,0,6,0,6,6,0,0,edgeCount
848,110,148,graphml/Interoute.graphml,2,,clustered,0.5;-0.3,13,13,13,0,0,13,0,13,13,0,0,edgeCount
847,110,148,graphml/Interoute.graphml,2,,clustered,0.5;-0.3,9,9,9,0,0,9,0,9,9,0,0,edgeCount
846,110,148,graphml/Interoute.graphml,2,,clustered,0.5;-0.3,8,8,8,0,0,8,0,8,8,0,0,edgeCount
845,110,148,graphml/Interoute.graphml,3,,clustered,0.5;-0.3,25,25,9,16,0,9,0,25,25,16,0,edgeCount
844,110,148,graphml/Interoute.graphml,2,,clustered,0.5;-0.3,8,8,8,0,0,8,0,8,8,0,0,edgeCount
843,110,148,graphml/Interoute.graphml,2,,clustered,0.5;-0.3,24,24,10,14,2,-1,-11,24,24,14,2,edgeCount
842,110,148,graphml/Interoute.graphml,2,,clustered,0.5;-0.3,27,7,7,20,0,7,0,7,7,0,0,edgeCount
841,110,148,graphml/Interoute.graphml,3,,clustered,0.5;-0.3,3,3,3,0,0,3,0,3,3,0,0,edgeCount
840,110,148,graphml/Interoute.graphml,2,,clustered,0.5;-0.3,37,14,11,26,8,-1,-12,49,50,38,8,edgeCount
839,110,148,graphml/Interoute.graphml,2,,clustered,0.5;-0.3,44,26,13,31,0,14,1,14,14,1,0,edgeCount
838,110,148,graphml/Interoute.graphml,2,,clustered,0.5;-0.3,5,5,5,0,0,5,0,5,5,0,0,edgeCount
837,110,148,graphml/Interoute.graphml,2,,clustered,0.5;-0.3,4,14,4,0,2,4,0,4,14,0,2,edgeCount
836,110,148,graphml/Interoute.graphml,2,,clustered,0.5;-0.3,3,3,3,0,0,3,0,3,3,0,0,edgeCount
835,110,148,graphml/Interoute.graphml,2,,clustered,0.5;-0.3,12,17,11,1,2,24,13,24,31,13,2,edgeCount
834,110,148,graphml/Interoute.graphml,3,,clustered,0.5;-0.3,7,13,7,0,0,13,6,13,13,6,0,edgeCount
833,110,148,graphml/Interoute.graphml,2,,clustered,0.5;-0.3,6,6,6,0,0,8,2,8,8,2,0,edgeCount
832,110,148,graphml/Interoute.graphml,2,,clustered,0.5;-0.3,14,14,13,1,0,14,1,14,14,1,0,edgeCount
831,110,148,graphml/Interoute.graphml,2,,clustered,0.5;-0.3,10,10,10,0,0,10,0,10,10,0,0,edgeCount
830,110,148,graphml/Interoute.graphml,2,,clustered,0.5;-0.3,-1,-1,-1,0,0,-1,0,-1,-1,0,0,edgeCount
829,110,148,graphml/Interoute.graphml,2,,clustered,0.5;-0.3,9,25,8,1,0,15,7,15,15,7,0,edgeCount
828,110,148,graphml/Interoute.graphml,2,,clustered,0.5;-0.3,13,5,5,8,0,5,0,5,5,0,0,edgeCount
827,110,148,graphml/Interoute.graphml,2,,clustered,0.5;-0.3,11,11,11,0,0,11,0,11,11,0,0,edgeCount
826,110,148,graphml/Interoute.graphml,2,,clustered,0.5;-0.3,20,20,14,6,0,-1,-15,-1,-1,-15,0,edgeCount
825,110,148,graphml/Interoute.graphml,2,,clustered,0.5;-0.3,8,8,6,2,2,8,2,8,8,2,2,edgeCount
824,110,148,graphml/Interoute.graphml,2,,clustered,0.5;-0.3,4,4,4,0,0,4,0,4,4,0,0,edgeCount
823,110,148,graphml/Interoute.graphml,2,,clustered,0.5;-0.3,-1,-1,-1,0,0,-1,0,-1,-1,0,0,edgeCount
822,110,148,graphml/Interoute.graphml,2,,clustered,0.5;-0.3,9,9,9,0,0,-1,-10,-1,-1,-10,0,edgeCount
821,110,148,graphml/Interoute.graphml,2,,clustered,0.5;-0.3,18,16,14,4,2,46,32,46,46,32,2,edgeCount
820,110,148,graphml/Interoute.graphml,2,,clustered,0.5;-0.3,-1,-1,-1,0,0,-1,0,-1,-1,0,0,edgeCount
819,110,148,graphml/Interoute.graphml,1,,clustered,0.5;-0.3,10,10,10,0,0,10,0,10,10,0,0,edgeCount
818,110,148,graphml/Interoute.graphml,2,,clustered,0.5;-0.3,37,19,10,27,0,-1,-11,-1,-1,-11,0,edgeCount
817,110,148,graphml/Interoute.graphml,1,,clustered,0.5;-0.3,9,9,9,0,0,9,0,9,9,0,0,edgeCount
816,110,148,graphml/Interoute.graphml,2,,clustered,0.5;-0.3,9,9,9,0,0,9,0,9,9,0,0,edgeCount
815,110,148,graphml/Interoute.graphml,2,,clustered,0.5;-0.3,-1,-1,-1,0,2,-1,0,-1,-1,0,2,edgeCount
814,110,148,graphml/Interoute.graphml,2,,clustered,0.5;-0.3,-1,-1,-1,0,0,-1,0,-1,-1,0,0,edgeCount
813,110,148,graphml/Interoute.graphml,1,,clustered,0.5;-0.3,4,11,4,0,4,4,0,4,11,0,4,edgeCount
812,110,148,graphml/Interoute.graphml,2,,clustered,0.5;-0.3,2,2,2,0,0,2,0,2,2,0,0,edgeCount
811,110,148,graphml/Interoute.graphml,2,,clustered,0.5;-0.3,14,14,14,0,0,40,26,40,40,26,0,edgeCount
810,110,148,graphml/Interoute.graphml,2,,clustered,0.5;-0.3,16,16,8,8,0,16,8,16,16,8,0,edgeCount
809,110,148,graphml/Interoute.graphml,2,,clustered,0.5;-0.3,11,10,9,2,4,25,16,9,9,0,4,edgeCount
808,110,148,graphml/Interoute.graphml,2,,clustered,0.5;-0.3,6,2,2,4,0,2,0,6,2,4,0,edgeCount
807,110,148,graphml/Interoute.graphml,2,,clustered,0.5;-0.3,9,9,9,0,0,9,0,9,9,0,0,edgeCount
806,110,148,graphml/Interoute.graphml,2,,clustered,0.5;-0.3,11,11,11,0,0,11,0,11,11,0,0,edgeCount
805,110,148,graphml/Interoute.graphml,2,,clustered,0.5;-0.3,19,19,11,8,0,17,6,17,17,6,0,edgeCount
804,110,148,graphml/Interoute.graphml,2,,clustered,0.5;-0.3,10,10,10,0,0,10,0,10,10,0,0,edgeCount
803,110,148,graphml/Interoute.graphml,2,,clustered,0.5;-0.3,5,65,5,0,4,13,8,13,47,8,4,edgeCount
802,110,148,graphml/Interoute.graphml,2,,clustered,0.5;-0.3,6,6,6,0,2,6,0,6,6,0,2,edgeCount
801,110,148,graphml/Interoute.graphml,2,,clustered,0.5;-0.3,12,12,12,0,0,12,0,12,12,0,0,edgeCount
800,110,148,graphml/Interoute.graphml,2,,clustered,0.5;-0.3,29,29,10,19,0,29,19,29,29,19,0,edgeCount
799,110,148,graphml/Interoute.graphml,2,,clustered,0.5;-0.3,21,31,3,18,0,3,0,3,3,0,0,edgeCount
798,110,148,graphml/Interoute.graphml,2,,clustered,0.5;-0.3,3,3,3,0,0,3,0,3,3,0,0,edgeCount
797,110,148,graphml/Interoute.graphml,2,,clustered,0.5;-0.3,9,47,5,4,0,15,10,15,15,10,0,edgeCount
796,110,148,graphml/Interoute.graphml,2,,clustered,0.5;-0.3,28,28,12,16,0,28,16,28,28,16,0,edgeCount
795,110,148,graphml/Interoute.graphml,2,,clustered,0.5;-0.3,45,15,15,30,2,15,0,45,15,30,2,edgeCount
794,110,148,graphml/Interoute.graphml,2,,clustered,0.5;-0.3,8,8,8,0,0,8,0,8,8,0,0,edgeCount
793,110,148,graphml/Interoute.graphml,2,,clustered,0.5;-0.3,25,49,7,18,0,9,2,25,25,18,0,edgeCount
792,110,148,graphml/Interoute.graphml,2,,clustered,0.5;-0.3,10,10,6,4,0,10,4,10,10,4,0,edgeCount
791,110,148,graphml/Interoute.graphml,2,,clustered,0.5;-0.3,14,24,14,0,0,40,26,14,14,0,0,edgeCount
790,110,148,graphml/Interoute.graphml,2,,clustered,0.5;-0.3,16,38,11,5,0,44,33,44,44,33,0,edgeCount
789,110,148,graphml/Interoute.graphml,3,,clustered,0.5;-0.3,14,14,9,5,2,40,31,14,14,5,2,edgeCount
788,110,148,graphml/Interoute.graphml,2,,clustered,0.5;-0.3,-1,-1,6,-7,0,-1,-7,-1,-1,-7,0,edgeCount
787,110,148,graphml/Interoute.graphml,2,,clustered,0.5;-0.3,8,8,8,0,0,8,0,8,8,0,0,edgeCount
786,110,148,graphml/Interoute.graphml,2,,clustered,0.5;-0.3,35,35,12,23,0,35,23,35,35,23,0,edgeCount
785,110,148,graphml/Interoute.graphml,2,,clustered,0.5;-0.3,-1,-1,-1,0,0,-1,0,-1,-1,0,0,edgeCount
784,110,148,graphml/Interoute.graphml,2,,clustered,0.5;-0.3,35,9,9,26,0,9,0,9,9,0,0,edgeCount
783,110,148,graphml/Interoute.graphml,2,,clustered,0.5;-0.3,-1,-1,-1,0,0,-1,0,-1,-1,0,0,edgeCount
782,110,148,graphml/Interoute.graphml,2,,clustered,0.5;-0.3,45,15,14,31,4,15,1,15,36,1,4,edgeCount
781,110,148,graphml/Interoute.graphml,3,,clustered,0.5;-0.3,4,4,4,0,0,5,1,4,4,0,0,edgeCount
780,110,148,graphml/Interoute.graphml,2,,clustered,0.5;-0.3,16,26,12,4,2,40,28,40,40,28,2,edgeCount
779,110,148,graphml/Interoute.graphml,2,,clustered,0.5;-0.3,42,38,13,29,4,-1,-14,42,26,29,4,edgeCount
778,110,148,graphml/Interoute.graphml,2,,clustered,0.5;-0.3,10,10,10,0,0,10,0,10,10,0,0,edgeCount
777,110,148,graphml/Interoute.graphml,2,,clustered,0.5;-0.3,52,32,10,42,2,-1,-11,35,13,25,2,edgeCount
776,110,148,graphml/Interoute.graphml,2,,clustered,0.5;-0.3,25,9,9,16,0,9,0,9,9,0,0,edgeCount
775,110,148,graphml/Interoute.graphml,2,,clustered,0.5;-0.3,-1,-1,-1,0,0,-1,0,-1,-1,0,0,edgeCount
774,110,148,graphml/Interoute.graphml,4,,clustered,0.5;-0.3,47,12,9,38,2,23,14,51,25,42,2,edgeCount
773,110,148,graphml/Interoute.graphml,2,,clustered,0.5;-0.3,-1,-1,-1,0,0,-1,0,-1,-1,0,0,edgeCount
772,110,148,graphml/Interoute.graphml,1,,clustered,0.5;-0.3,7,7,7,0,4,7,0,7,7,0,4,edgeCount
771,110,148,graphml/Interoute.graphml,2,,clustered,0.5;-0.3,10,10,10,0,0,10,0,10,10,0,0,edgeCount
770,110,148,graphml/Interoute.graphml,2,,clustered,0.5;-0.3,14,14,12,2,0,14,2,14,14,2,0,edgeCount
769,110,148,graphml/Interoute.graphml,2,,clustered,0.5;-0.3,25,12,11,14,8,-1,-12,25,26,14,8,edgeCount
768,110,148,graphml/Interoute.graphml,2,,clustered,0.5;-0.3,7,12,7,0,2,15,8,7,12,0,2,edgeCount
767,110,148,graphml/Interoute.graphml,2,,clustered,0.5;-0.3,12,12,12,0,0,12,0,12,12,0,0,edgeCount
766,110,148,graphml/Interoute.graphml,3,,clustered,0.5;-0.3,21,21,11,10,0,-1,-12,-1,-1,-12,0,edgeCount
765,110,148,graphml/Interoute.graphml,2,,clustered,0.5;-0.3,-1,-1,-1,0,0,-1,0,-1,-1,0,0,edgeCount
764,110,148,graphml/Interoute.graphml,2,,clustered,0.5;-0.3,15,15,7,8,0,15,8,15,15,8,0,edgeCount
763,110,148,graphml/Interoute.graphml,2,,clustered,0.5;-0.3,13,38,7,6,2,29,22,29,29,22,2,edgeCount
762,110,148,graphml/Interoute.graphml,3,,clustered,0.5;-0.3,14,8,5,9,0,20,15,20,20,15,0,edgeCount
761,110,148,graphml/Interoute.graphml,2,,clustered,0.5;-0.3,12,9,8,4,0,20,12,20,20,12,0,edgeCount
760,110,148,graphml/Interoute.graphml,2,,clustered,0.5;-0.3,-1,-1,-1,0,0,-1,0,-1,-1,0,0,edgeCount
759,110,148,graphml/Interoute.graphml,2,,clustered,0.5;-0.3,14,15,13,1,0,26,13,26,26,13,0,edgeCount
758,110,148,graphml/Interoute.graphml,1,,clustered,0.5;-0.3,5,5,5,0,0,5,0,5,5,0,0,edgeCount
757,110,148,graphml/Interoute.graphml,3,,clustered,0.5;-0.3,40,40,11,29,0,40,29,40,40,29,0,edgeCount
756,110,148,graphml/Interoute.graphml,2,,clustered,0.5;-0.3,13,20,9,4,4,9,0,9,9,0,2,edgeCount
755,110,148,graphml/Interoute.graphml,2,,clustered,0.5;-0.3,30,8,8,22,0,8,0,8,8,0,0,edgeCount
754,110,148,graphml/Interoute.graphml,2,,clustered,0.5;-0.3,18,16,14,4,2,46,32,18,52,4,2,edgeCount
753,110,148,graphml/Interoute.graphml,2,,clustered,0.5;-0.3,16,16,13,3,0,16,3,16,16,3,0,edgeCount
752,110,148,graphml/Interoute.graphml,2,,clustered,0.5;-0.3,48,16,12,36,4,-1,-13,-1,-1,-13,2,edgeCount
751,110,148,graphml/Interoute.graphml,3,,clustered,0.5;-0.3,12,12,6,6,0,12,6,12,12,6,0,edgeCount
750,110,148,graphml/Interoute.graphml,1,,clustered,0.5;-0.3,46,22,15,31,4,-1,-16,46,22,31,4,edgeCount
749,110,148,graphml/Interoute.graphml,1,,clustered,0.5;-0.3,-1,-1,-1,0,2,-1,0,-1,-1,0,2,edgeCount
748,110,148,graphml/Interoute.graphml,2,,clustered,0.5;-0.3,11,14,11,0,2,11,0,11,11,0,2,edgeCount
747,110,148,graphml/Interoute.graphml,2,,clustered,0.5;-0.3,14,34,4,10,4,7,3,4,4,0,4,edgeCount
746,110,148,graphml/Interoute.graphml,1,,clustered,0.5;-0.3,16,16,16,0,4,16,0,16,16,0,4,edgeCount
745,110,148,graphml/Interoute.graphml,2,,clustered,0.5;-0.3,22,32,4,18,2,4,0,4,4,0,2,edgeCount
744,110,148,graphml/Interoute.graphml,2,,clustered,0.5;-0.3,-1,-1,6,-7,0,-1,-7,-1,-1,-7,0,edgeCount
743,110,148,graphml/Interoute.graphml,2,,clustered,0.5;-0.3,36,36,11,25,0,36,25,36,36,25,0,edgeCount
742,110,148,graphml/Interoute.graphml,2,,clustered,0.5;-0.3,-1,-1,9,-10,0,-1,-10,-1,-1,-10,0,edgeCount
741,110,148,graphml/Interoute.graphml,3,,clustered,0.5;-0.3,24,48,10,14,0,-1,-11,-1,-1,-11,0,edgeCount
740,110,148,graphml/Interoute.graphml,2,,clustered,0.5;-0.3,3,3,2,1,2,2,0,2,2,0,2,edgeCount
739,110,148,graphml/Interoute.graphml,2,,clustered,0.5;-0.3,7,7,7,0,0,18,11,18,18,11,0,edgeCount
738,110,148,graphml/Interoute.graphml,3,,clustered,0.5;-0.3,17,9,8,9,0,9,1,9,9,1,0,edgeCount
737,110,148,graphml/Interoute.graphml,1,,clustered,0.5;-0.3,16,16,16,0,0,16,0,16,16,0,0,edgeCount
736,110,148,graphml/Interoute.graphml,3,,clustered,0.5;-0.3,8,22,6,2,0,8,2,8,8,2,0,edgeCount
735,110,148,graphml/Interoute.graphml,2,,clustered,0.5;-0.3,27,27,11,16,0,27,16,27,27,16,0,edgeCount
734,110,148,graphml/Interoute.graphml,2,,clustered,0.5;-0.3,57,25,17,40,2,-1,-18,-1,-1,-18,2,edgeCount
733,110,148,graphml/Interoute.graphml,3,,clustered,0.5;-0.3,76,76,17,59,2,-1,-18,76,76,59,2,edgeCount
732,110,148,graphml/Interoute.graphml,2,,clustered,0.5;-0.3,17,17,8,9,0,17,9,17,17,9,0,edgeCount
731,110,148,graphml/Interoute.graphml,2,,clustered,0.5;-0.3,11,3,3,8,4,3,0,3,3,0,4,edgeCount
730,110,148,graphml/Interoute.graphml,2,,clustered,0.5;-0.3,13,32,5,8,2,23,18,23,23,18,2,edgeCount
729,110,148,graphml/Interoute.graphml,1,,clustered,0.5;-0.3,7,7,7,0,0,7,0,7,7,0,0,edgeCount
728,110,148,graphml/Interoute.graphml,2,,clustered,0.5;-0.3,32,32,13,19,0,32,19,32,32,19,0,edgeCount
727,110,148,graphml/Interoute.graphml,2,,clustered,0.5;-0.3,10,10,10,0,2,10,0,10,10,0,2,edgeCount
726,110,148,graphml/Interoute.graphml,3,,clustered,0.5;-0.3,4,13,3,1,0,10,7,3,3,0,0,edgeCount
725,110,148,graphml/Interoute.graphml,1,,clustered,0.5;-0.3,29,29,11,18,4,-1,-12,29,29,18,4,edgeCount
724,110,148,graphml/Interoute.graphml,3,,clustered,0.5;-0.3,3,3,3,0,0,3,0,3,3,0,0,edgeCount
723,110,148,graphml/Interoute.graphml,1,,clustered,0.5;-0.3,9,9,9,0,0,9,0,9,9,0,0,edgeCount
722,110,148,graphml/Interoute.graphml,2,,clustered,0.5;-0.3,-1,-1,-1,0,4,-1,0,-1,-1,0,2,edgeCount
721,110,148,graphml/Interoute.graphml,3,,clustered,0.5;-0.3,3,3,3,0,0,-1,-4,3,3,0,0,edgeCount
720,110,148,graphml/Interoute.graphml,1,,clustered,0.5;-0.3,10,10,10,0,2,10,0,10,10,0,2,edgeCount
719,110,148,graphml/Interoute.graphml,2,,clustered,0.5;-0.3,10,4,4,6,0,4,0,4,4,0,0,edgeCount
718,110,148,graphml/Interoute.graphml,3,,clustered,0.5;-0.3,46,12,8,38,0,12,4,12,12,4,0,edgeCount
717,110,148,graphml/Interoute.graphml,2,,clustered,0.5;-0.3,-1,-1,-1,0,0,-1,0,-1,-1,0,0,edgeCount
716,110,148,graphml/Interoute.graphml,2,,clustered,0.5;-0.3,8,8,8,0,0,12,4,12,12,4,0,edgeCount
715,110,148,graphml/Interoute.graphml,2,,clustered,0.5;-0.3,13,13,13,0,0,31,18,31,31,18,0,edgeCount
714,110,148,graphml/Interoute.graphml,2,,clustered,0.5;-0.3,8,15,7,1,4,18,11,18,26,11,4,edgeCount
713,110,148,graphml/Interoute.graphml,2,,clustered,0.5;-0.3,17,13,13,4,2,39,26,39,39,26,2,edgeCount
712,110,148,graphml/Interoute.graphml,2,,clustered,0.5;-0.3,10,10,7,3,0,10,3,10,10,3,0,edgeCount
711,110,148,graphml/Interoute.graphml,2,,clustered,0.5;-0.3,5,5,5,0,0,5,0,5,5,0,0,edgeCount
710,110,148,graphml/Interoute.graphml,2,,clustered,0.5;-0.3,8,10,8,0,2,18,10,18,28,10,2,edgeCount
709,110,148,graphml/Interoute.graphml,3,,clustered,0.5;-0.3,33,33,7,26,0,33,26,33,33,26,0,edgeCount
708,110,148,graphml/Interoute.graphml,2,,clustered,0.5;-0.3,-1,-1,-1,0,0,-1,0,-1,-1,0,0,edgeCount
707,110,148,graphml/Interoute.graphml,2,,clustered,0.5;-0.3,-1,-1,-1,0,0,-1,0,-1,-1,0,0,edgeCount
706,110,148,graphml/Interoute.graphml,2,,clustered,0.5;-0.3,23,23,9,14,0,23,14,23,23,14,0,edgeCount
705,110,148,graphml/Interoute.graphml,2,,clustered,0.5;-0.3,22,22,8,14,0,22,14,22,22,14,0,edgeCount
704,110,148,graphml/Interoute.graphml,2,,clustered,0.5;-0.3,17,17,17,0,0,17,0,17,17,0,0,edgeCount
703,110,148,graphml/Interoute.graphml,2,,clustered,0.5;-0.3,28,10,10,18,0,10,0,10,10,0,0,edgeCount
702,110,148,graphml/Interoute.graphml,2,,clustered,0.5;-0.3,16,25,11,5,2,34,23,34,34,23,2,edgeCount
701,110,148,graphml/Interoute.graphml,2,,clustered,0.5;-0.3,8,8,8,0,0,8,0,8,8,0,0,edgeCount
700,110,148,graphml/Interoute.graphml,2,,clustered,0.5;-0.3,33,33,9,24,0,33,24,33,33,24,0,edgeCount
699,110,148,graphml/Interoute.graphml,2,,clustered,0.5;-0.3,-1,-1,-1,0,0,-1,0,-1,-1,0,0,edgeCount
698,110,148,graphml/Interoute.graphml,2,,clustered,0.5;-0.3,44,44,16,28,0,44,28,44,44,28,0,edgeCount
697,110,148,graphml/Interoute.graphml,2,,clustered,0.5;-0.3,48,16,12,36,2,-1,-13,34,34,22,2,edgeCount
696,110,148,graphml/Interoute.graphml,2,,clustered,0.5;-0.3,15,15,11,4,2,-1,-12,33,33,22,2,edgeCount
695,110,148,graphml/Interoute.graphml,2,,clustered,0.5;-0.3,14,14,13,1,0,34,21,34,34,21,0,edgeCount
694,110,148,graphml/Interoute.graphml,2,,clustered,0.5;-0.3,-1,-1,-1,0,0,-1,0,-1,-1,0,0,edgeCount
693,110,148,graphml/Interoute.graphml,2,,clustered,0.5;-0.3,36,36,13,23,0,36,23,36,36,23,0,edgeCount
692,110,148,graphml/Interoute.graphml,3,,clustered,0.5;-0.3,3,2,2,1,6,4,2,6,2,4,6,edgeCount
691,110,148,graphml/Interoute.graphml,3,,clustered,0.5;-0.3,40,38,12,28,4,36,24,38,38,26,4,edgeCount
690,110,148,graphml/Interoute.graphml,2,,clustered,0.5;-0.3,-1,-1,-1,0,0,-1,0,-1,-1,0,0,edgeCount
689,110,148,graphml/Interoute.graphml,2,,clustered,0.5;-0.3,7,6,6,1,2,6,0,6,6,0,2,edgeCount
688,110,148,graphml/Interoute.graphml,2,,clustered,0.5;-0.3,45,15,13,32,2,13,0,13,13,0,2,edgeCount
687,110,148,graphml/Interoute.graphml,1,,clustered,0.5;-0.3,-1,-1,-1,0,0,-1,0,-1,-1,0,0,edgeCount
686,110,148,graphml/Interoute.graphml,2,,clustered,0.5;-0.3,42,42,15,27,0,42,27,42,42,27,0,edgeCount
685,110,148,graphml/Interoute.graphml,1,,clustered,0.5;-0.3,13,13,13,0,0,13,0,13,13,0,0,edgeCount
684,110,148,graphml/Interoute.graphml,3,,clustered,0.5;-0.3,15,15,14,1,4,78,64,78,79,64,4,edgeCount
683,110,148,graphml/Interoute.graphml,2,,clustered,0.5;-0.3,-1,-1,-1,0,0,-1,0,-1,-1,0,0,edgeCount
682,110,148,graphml/Interoute.graphml,2,,clustered,0.5;-0.3,17,17,6,11,0,17,11,17,17,11,0,edgeCount
681,110,148,graphml/Interoute.graphml,2,,clustered,0.5;-0.3,17,51,14,3,0,41,27,41,41,27,0,edgeCount
680,110,148,graphml/Interoute.graphml,1,,clustered,0.5;-0.3,27,13,12,15,4,-1,-13,27,13,15,4,edgeCount
679,110,148,graphml/Interoute.graphml,2,,clustered,0.5;-0.3,-1,-1,7,-8,0,-1,-8,-1,-1,-8,0,edgeCount
678,110,148,graphml/Interoute.graphml,2,,clustered,0.5;-0.3,8,8,8,0,0,8,0,8,8,0,0,edgeCount
677,110,148,graphml/Interoute.graphml,2,,clustered,0.5;-0.3,13,13,13,0,0,13,0,13,13,0,0,edgeCount
676,110,148,graphml/Interoute.graphml,1,,clustered,0.5;-0.3,5,5,5,0,0,5,0,5,5,0,0,edgeCount
675,110,148,graphml/Interoute.graphml,2,,clustered,0.5;-0.3,11,11,11,0,0,11,0,11,11,0,0,edgeCount
674,110,148,graphml/Interoute.graphml,2,,clustered,0.5;-0.3,9,7,7,2,0,7,0,7,7,0,0,edgeCount
673,110,148,graphml/Interoute.graphml,3,,clustered,0.5;-0.3,11,11,11,0,0,31,20,11,11,0,0,edgeCount
672,110,148,graphml/Interoute.graphml,2,,clustered,0.5;-0.3,9,51,8,1,0,-1,-9,-1,-1,-9,0,edgeCount
671,110,148,graphml/Interoute.graphml,3,,clustered,0.5;-0.3,18,6,2,16,2,2,0,2,2,0,2,edgeCount
670,110,148,graphml/Interoute.graphml,2,,clustered,0.5;-0.3,-1,-1,-1,0,0,-1,0,-1,-1,0,0,edgeCount
669,110,148,graphml/Interoute.graphml,2,,clustered,0.5;-0.3,13,13,13,0,0,13,0,13,13,0,0,edgeCount
668,110,148,graphml/Interoute.graphml,2,,clustered,0.5;-0.3,-1,-1,-1,0,2,-1,0,-1,-1,0,2,edgeCount
667,110,148,graphml/Interoute.graphml,2,,clustered,0.5;-0.3,41,11,9,32,2,-1,-10,53,53,44,2,edgeCount
666,110,148,graphml/Interoute.graphml,2,,clustered,0.5;-0.3,-1,-1,11,-12,0,-1,-12,-1,-1,-12,0,edgeCount
665,110,148,graphml/Interoute.graphml,2,,clustered,0.5;-0.3,18,4,4,14,2,4,0,4,4,0,2,edgeCount
664,110,148,graphml/Interoute.graphml,2,,clustered,0.5;-0.3,9,9,9,0,0,9,0,9,9,0,0,edgeCount
663,110,148,graphml/Interoute.graphml,2,,clustered,0.5;-0.3,9,29,9,0,0,21,12,21,21,12,0,edgeCount
662,110,148,graphml/Interoute.graphml,2,,clustered,0.5;-0.3,10,10,7,3,0,10,3,10,10,3,0,edgeCount
661,110,148,graphml/Interoute.graphml,2,,clustered,0.5;-0.3,41,33,7,34,4,-1,-8,25,31,18,4,edgeCount
660,110,148,graphml/Interoute.graphml,2,,clustered,0.5;-0.3,12,12,12,0,0,12,0,12,12,0,0,edgeCount
659,110,148,graphml/Interoute.graphml,3,,clustered,0.5;-0.3,14,17,12,2,2,28,16,28,28,16,2,edgeCount
658,110,148,graphml/Interoute.graphml,2,,clustered,0.5;-0.3,7,7,7,0,0,7,0,7,7,0,0,edgeCount
657,110,148,graphml/Interoute.graphml,2,,clustered,0.5;-0.3,32,32,9,23,0,32,23,32,32,23,0,edgeCount
656,110,148,graphml/Interoute.graphml,1,,clustered,0.5;-0.3,48,44,11,37,4,-1,-12,48,44,37,4,edgeCount
655,110,148,graphml/Interoute.graphml,2,,clustered,0.5;-0.3,-1,-1,6,-7,0,-1,-7,-1,-1,-7,0,edgeCount
654,110,148,graphml/Interoute.graphml,2,,clustered,0.5;-0.3,-1,-1,-1,0,0,-1,0,-1,-1,0,0,edgeCount
653,110,148,graphml/Interoute.graphml,3,,clustered,0.5;-0.3,20,6,6,14,0,6,0,6,6,0,0,edgeCount
652,110,148,graphml/Interoute.graphml,1,,clustered,0.5;-0.3,7,17,7,0,4,7,0,7,17,0,4,edgeCount
651,110,148,graphml/Interoute.graphml,2,,clustered,0.5;-0.3,41,41,13,28,2,41,28,41,41,28,2,edgeCount
650,110,148,graphml/Interoute.graphml,3,,clustered,0.5;-0.3,22,20,7,15,2,32,25,32,32,25,2,edgeCount
649,110,148,graphml/Interoute.graphml,2,,clustered,0.5;-0.3,32,32,10,22,0,32,22,32,32,22,0,edgeCount
648,110,148,graphml/Interoute.graphml,2,,clustered,0.5;-0.3,-1,-1,-1,0,0,-1,0,-1,-1,0,0,edgeCount
647,110,148,graphml/Interoute.graphml,2,,clustered,0.5;-0.3,-1,-1,-1,0,0,-1,0,-1,-1,0,0,edgeCount
646,110,148,graphml/Interoute.graphml,1,,clustered,0.5;-0.3,10,10,10,0,0,10,0,10,10,0,0,edgeCount
645,110,148,graphml/Interoute.graphml,2,,clustered,0.5;-0.3,12,22,9,3,2,26,17,26,26,17,2,edgeCount
644,110,148,graphml/Interoute.graphml,2,,clustered,0.5;-0.3,6,6,5,1,0,6,1,6,6,1,0,edgeCount
643,110,148,graphml/Interoute.graphml,2,,clustered,0.5;-0.3,-1,-1,-1,0,2,-1,0,-1,-1,0,2,edgeCount
642,110,148,graphml/Interoute.graphml,2,,clustered,0.5;-0.3,30,60,8,22,2,8,0,8,8,0,2,edgeCount
641,110,148,graphml/Interoute.graphml,2,,clustered,0.5;-0.3,7,7,7,0,0,-1,-8,-1,-1,-8,0,edgeCount
640,110,148,graphml/Interoute.graphml,2,,clustered,0.5;-0.3,29,9,9,20,0,9,0,9,9,0,0,edgeCount
639,110,148,graphml/Interoute.graphml,2,,clustered,0.5;-0.3,16,16,8,8,0,16,8,16,16,8,0,edgeCount
638,110,148,graphml/Interoute.graphml,2,,clustered,0.5;-0.3,-1,-1,-1,0,0,-1,0,-1,-1,0,0,edgeCount
637,110,148,graphml/Interoute.graphml,2,,clustered,0.5;-0.3,10,10,2,8,2,2,0,2,2,0,2,edgeCount
636,110,148,graphml/Interoute.graphml,3,,clustered,0.5;-0.3,29,11,7,22,0,-1,-8,-1,-1,-8,0,edgeCount
635,110,148,graphml/Interoute.graphml,1,,clustered,0.5;-0.3,13,13,13,0,0,13,0,13,13,0,0,edgeCount
634,110,148,graphml/Interoute.graphml,2,,clustered,0.5;-0.3,5,5,5,0,0,5,0,5,5,0,0,edgeCount
633,110,148,graphml/Interoute.graphml,2,,clustered,0.5;-0.3,10,9,7,3,4,9,2,9,9,2,4,edgeCount
632,110,148,graphml/Interoute.graphml,2,,clustered,0.5;-0.3,-1,-1,-1,0,0,-1,0,-1,-1,0,0,edgeCount
631,110,148,graphml/Interoute.graphml,2,,clustered,0.5;-0.3,24,24,6,18,0,6,0,6,6,0,0,edgeCount
630,110,148,graphml/Interoute.graphml,1,,clustered,0.5;-0.3,7,7,7,0,0,7,0,7,7,0,0,edgeCount
629,110,148,graphml/Interoute.graphml,2,,clustered,0.5;-0.3,7,7,7,0,0,-1,-8,-1,-1,-8,0,edgeCount
628,110,148,graphml/Interoute.graphml,2,,clustered,0.5;-0.3,10,10,10,0,0,10,0,10,10,0,0,edgeCount
627,110,148,graphml/Interoute.graphml,2,,clustered,0.5;-0.3,29,29,11,18,0,29,18,29,29,18,0,edgeCount
626,110,148,graphml/Interoute.graphml,2,,clustered,0.5;-0.3,13,18,13,0,0,29,16,29,29,16,0,edgeCount
625,110,148,graphml/Interoute.graphml,2,,clustered,0.5;-0.3,5,9,5,0,0,9,4,9,9,4,0,edgeCount
624,110,148,graphml/Interoute.graphml,2,,clustered,0.5;-0.3,9,41,9,0,2,21,12,9,41,0,2,edgeCount
623,110,148,graphml/Interoute.graphml,1,,clustered,0.5;-0.3,11,11,11,0,4,11,0,11,11,0,4,edgeCount
622,110,148,graphml/Interoute.graphml,2,,clustered,0.5;-0.3,-1,-1,-1,0,0,-1,0,-1,-1,0,0,edgeCount
621,110,148,graphml/Interoute.graphml,2,,clustered,0.5;-0.3,-1,-1,-1,0,0,-1,0,-1,-1,0,0,edgeCount
620,110,148,graphml/Interoute.graphml,1,,clustered,0.5;-0.3,18,18,8,10,2,-1,-9,18,18,10,2,edgeCount
619,110,148,graphml/Interoute.graphml,2,,clustered,0.5;-0.3,35,35,10,25,0,35,25,35,35,25,0,edgeCount
618,110,148,graphml/Interoute.graphml,2,,clustered,0.5;-0.3,18,21,12,6,6,36,24,40,40,28,6,edgeCount
617,110,148,graphml/Interoute.graphml,1,,clustered,0.5;-0.3,8,8,8,0,0,8,0,8,8,0,0,edgeCount
616,110,148,graphml/Interoute.graphml,2,,clustered,0.5;-0.3,-1,-1,-1,0,0,-1,0,-1,-1,0,0,edgeCount
615,110,148,graphml/Interoute.graphml,3,,clustered,0.5;-0.3,5,43,5,0,0,9,4,9,9,4,0,edgeCount
614,110,148,graphml/Interoute.graphml,1,,clustered,0.5;-0.3,11,11,11,0,0,11,0,11,11,0,0,edgeCount
613,110,148,graphml/Interoute.graphml,3,,clustered,0.5;-0.3,29,21,7,22,0,-1,-8,-1,-1,-8,0,edgeCount
612,110,148,graphml/Interoute.graphml,1,,clustered,0.5;-0.3,12,12,12,0,0,12,0,12,12,0,0,edgeCount
611,110,148,graphml/Interoute.graphml,2,,clustered,0.5;-0.3,8,8,8,0,0,8,0,8,8,0,0,edgeCount
610,110,148,graphml/Interoute.graphml,2,,clustered,0.5;-0.3,-1,-1,14,-15,0,-1,-15,-1,-1,-15,0,edgeCount
609,110,148,graphml/Interoute.graphml,2,,clustered,0.5;-0.3,12,4,4,8,2,4,0,4,4,0,2,edgeCount
608,110,148,graphml/Interoute.graphml,2,,clustered,0.5;-0.3,34,12,10,24,2,12,2,34,12,24,2,edgeCount
607,110,148,graphml/Interoute.graphml,2,,clustered,0.5;-0.3,11,47,6,5,2,17,11,17,17,11,2,edgeCount
606,110,148,graphml/Interoute.graphml,2,,clustered,0.5;-0.3,13,39,8,5,2,11,3,11,11,3,2,edgeCount
605,110,148,graphml/Interoute.graphml,2,,clustered,0.5;-0.3,16,18,14,2,0,38,24,38,38,24,0,edgeCount
604,110,148,graphml/Interoute.graphml,2,,clustered,0.5;-0.3,11,11,11,0,0,11,0,11,11,0,0,edgeCount
603,110,148,graphml/Interoute.graphml,2,,clustered,0.5;-0.3,39,39,17,22,0,39,22,39,39,22,0,edgeCount
602,110,148,graphml/Interoute.graphml,2,,clustered,0.5;-0.3,30,30,12,18,0,30,18,30,30,18,0,edgeCount
601,110,148,graphml/Interoute.graphml,2,,clustered,0.5;-0.3,29,29,8,21,0,29,21,29,29,21,0,edgeCount
600,110,148,graphml/Interoute.graphml,2,,clustered,0.5;-0.3,7,35,4,3,0,13,9,13,13,9,0,edgeCount
599,110,148,graphml/Interoute.graphml,3,,clustered,0.5;-0.3,8,8,4,4,2,8,4,8,8,4,2,edgeCount
598,110,148,graphml/Interoute.graphml,1,,clustered,0.5;-0.3,8,8,8,0,0,8,0,8,8,0,0,edgeCount
597,110,148,graphml/Interoute.graphml,1,,clustered,0.5;-0.3,33,33,15,18,2,-1,-16,33,33,18,2,edgeCount
596,110,148,graphml/Interoute.graphml,2,,clustered,0.5;-0.3,13,13,13,0,0,43,30,13,13,0,0,edgeCount
595,110,148,graphml/Interoute.graphml,2,,clustered,0.5;-0.3,43,23,9,34,4,-1,-10,38,22,29,4,edgeCount
594,110,148,graphml/Interoute.graphml,1,,clustered,0.5;-0.3,7,39,7,0,4,7,0,7,39,0,4,edgeCount
593,110,148,graphml/Interoute.graphml,2,,clustered,0.5;-0.3,12,48,10,2,4,22,12,22,22,12,4,edgeCount
592,110,148,graphml/Interoute.graphml,2,,clustered,0.5;-0.3,12,12,12,0,0,12,0,12,12,0,0,edgeCount
591,110,148,graphml/Interoute.graphml,2,,clustered,0.5;-0.3,-1,-1,-1,0,0,-1,0,-1,-1,0,0,edgeCount
590,110,148,graphml/Interoute.graphml,1,,clustered,0.5;-0.3,4,18,4,0,4,4,0,4,18,0,4,edgeCount
589,110,148,graphml/Interoute.graphml,2,,clustered,0.5;-0.3,-1,-1,-1,0,0,-1,0,-1,-1,0,0,edgeCount
588,110,148,graphml/Interoute.graphml,2,,clustered,0.5;-0.3,3,3,3,0,0,3,0,3,3,0,0,edgeCount
587,110,148,graphml/Interoute.graphml,1,,clustered,0.5;-0.3,-1,-1,9,-10,0,-1,-10,-1,-1,-10,0,edgeCount
586,110,148,graphml/Interoute.graphml,1,,clustered,0.5;-0.3,-1,-1,10,-11,8,-1,-11,-1,-1,-11,8,edgeCount
585,110,148,graphml/Interoute.graphml,3,,clustered,0.5;-0.3,9,10,9,0,0,19,10,19,19,10,0,edgeCount
584,110,148,graphml/Interoute.graphml,2,,clustered,0.5;-0.3,6,22,6,0,4,12,6,12,34,6,4,edgeCount
583,110,148,graphml/Interoute.graphml,3,,clustered,0.5;-0.3,13,13,5,8,0,13,8,13,13,8,0,edgeCount
582,110,148,graphml/Interoute.graphml,2,,clustered,0.5;-0.3,40,40,14,26,0,40,26,40,40,26,0,edgeCount
581,110,148,graphml/Interoute.graphml,2,,clustered,0.5;-0.3,11,11,11,0,0,11,0,11,11,0,0,edgeCount
580,110,148,graphml/Interoute.graphml,2,,clustered,0.5;-0.3,-1,-1,-1,0,0,-1,0,-1,-1,0,0,edgeCount
579,110,148,graphml/Interoute.graphml,3,,clustered,0.5;-0.3,22,56,9,13,0,32,23,32,32,23,0,edgeCount
578,110,148,graphml/Interoute.graphml,2,,clustered,0.5;-0.3,-1,-1,-1,0,0,-1,0,-1,-1,0,0,edgeCount
577,110,148,graphml/Interoute.graphml,3,,clustered,0.5;-0.3,-1,-1,-1,0,0,-1,0,-1,-1,0,0,edgeCount
576,110,148,graphml/Interoute.graphml,1,,clustered,0.5;-0.3,13,13,13,0,2,13,0,13,13,0,2,edgeCount
575,110,148,graphml/Interoute.graphml,1,,clustered,0.5;-0.3,30,30,7,23,4,-1,-8,30,30,23,4,edgeCount
574,110,148,graphml/Interoute.graphml,2,,clustered,0.5;-0.3,-1,-1,-1,0,0,-1,0,-1,-1,0,0,edgeCount
573,110,148,graphml/Interoute.graphml,2,,clustered,0.5;-0.3,28,8,8,20,4,8,0,8,8,0,4,edgeCount
572,110,148,graphml/Interoute.graphml,2,,clustered,0.5;-0.3,-1,-1,-1,0,0,-1,0,-1,-1,0,0,edgeCount
571,110,148,graphml/Interoute.graphml,2,,clustered,0.5;-0.3,13,13,13,0,0,13,0,13,13,0,0,edgeCount
570,110,148,graphml/Interoute.graphml,1,,clustered,0.5;-0.3,15,15,15,0,0,15,0,15,15,0,0,edgeCount
569,110,148,graphml/Interoute.graphml,2,,clustered,0.5;-0.3,-1,-1,-1,0,0,-1,0,-1,-1,0,0,edgeCount
568,110,148,graphml/Interoute.graphml,2,,clustered,0.5;-0.3,2,2,2,0,0,2,0,2,2,0,0,edgeCount
567,110,148,graphml/Interoute.graphml,2,,clustered,0.5;-0.3,4,4,2,2,0,2,0,2,2,0,0,edgeCount
566,110,148,graphml/Interoute.graphml,2,,clustered,0.5;-0.3,46,14,14,32,4,14,0,14,14,0,4,edgeCount
565,110,148,graphml/Interoute.graphml,2,,clustered,0.5;-0.3,6,6,6,0,0,8,2,8,8,2,0,edgeCount
564,110,148,graphml/Interoute.graphml,2,,clustered,0.5;-0.3,27,27,12,15,0,27,15,27,27,15,0,edgeCount
563,110,148,graphml/Interoute.graphml,2,,clustered,0.5;-0.3,10,10,10,0,0,10,0,10,10,0,0,edgeCount
562,110,148,graphml/Interoute.graphml,3,,clustered,0.5;-0.3,3,3,3,0,4,14,11,14,18,11,4,edgeCount
561,110,148,graphml/Interoute.graphml,2,,clustered,0.5;-0.3,-1,-1,-1,0,0,-1,0,-1,-1,0,0,edgeCount
560,110,148,graphml/Interoute.graphml,2,,clustered,0.5;-0.3,17,18,14,3,4,41,27,41,41,27,4,edgeCount
559,110,148,graphml/Interoute.graphml,1,,clustered,0.5;-0.3,-1,-1,-1,0,0,-1,0,-1,-1,0,0,edgeCount
558,110,148,graphml/Interoute.graphml,2,,clustered,0.5;-0.3,3,3,3,0,0,3,0,3,3,0,0,edgeCount
557,110,148,graphml/Interoute.graphml,2,,clustered,0.5;-0.3,-1,-1,-1,0,0,-1,0,-1,-1,0,0,edgeCount
556,110,148,graphml/Interoute.graphml,2,,clustered,0.5;-0.3,7,17,7,0,0,17,10,17,17,10,0,edgeCount
555,110,148,graphml/Interoute.graphml,2,,clustered,0.5;-0.3,4,4,4,0,0,4,0,4,4,0,0,edgeCount
554,110,148,graphml/Interoute.graphml,2,,clustered,0.5;-0.3,-1,-1,-1,0,2,-1,0,-1,-1,0,2,edgeCount
553,110,148,graphml/Interoute.graphml,2,,clustered,0.5;-0.3,9,9,7,2,0,25,18,9,9,2,0,edgeCount
552,110,148,graphml/Interoute.graphml,2,,clustered,0.5;-0.3,25,9,9,16,4,-1,-10,25,9,16,4,edgeCount
551,110,148,graphml/Interoute.graphml,2,,clustered,0.5;-0.3,6,6,6,0,2,6,0,6,6,0,2,edgeCount
550,110,148,graphml/Interoute.graphml,2,,clustered,0.5;-0.3,6,14,5,1,2,10,5,10,12,5,2,edgeCount
549,110,148,graphml/Interoute.graphml,3,,clustered,0.5;-0.3,40,6,6,34,2,6,0,6,6,0,2,edgeCount
548,110,148,graphml/Interoute.graphml,1,,clustered,0.5;-0.3,-1,-1,-1,0,4,-1,0,-1,-1,0,4,edgeCount
547,110,148,graphml/Interoute.graphml,2,,clustered,0.5;-0.3,8,12,8,0,0,18,10,18,18,10,0,edgeCount
546,110,148,graphml/Interoute.graphml,2,,clustered,0.5;-0.3,8,8,8,0,2,8,0,8,8,0,2,edgeCount
545,110,148,graphml/Interoute.graphml,3,,clustered,0.5;-0.3,16,8,6,10,0,23,17,23,23,17,0,edgeCount
544,110,148,graphml/Interoute.graphml,2,,clustered,0.5;-0.3,-1,-1,-1,0,0,-1,0,-1,-1,0,0,edgeCount
543,110,148,graphml/Interoute.graphml,2,,clustered,0.5;-0.3,-1,-1,13,-14,0,-1,-14,-1,-1,-14,0,edgeCount
542,110,148,graphml/Interoute.graphml,2,,clustered,0.5;-0.3,22,22,10,12,0,22,12,22,22,12,0,edgeCount
541,110,148,graphml/Interoute.graphml,2,,clustered,0.5;-0.3,44,44,14,30,2,44,30,44,44,30,2,edgeCount
540,110,148,graphml/Interoute.graphml,2,,clustered,0.5;-0.3,60,16,15,45,2,-1,-16,-1,-1,-16,2,edgeCount
539,110,148,graphml/Interoute.graphml,2,,clustered,0.5;-0.3,36,48,10,26,0,10,0,10,10,0,0,edgeCount
538,110,148,graphml/Interoute.graphml,2,,clustered,0.5;-0.3,25,7,7,18,0,7,0,7,7,0,0,edgeCount
537,110,148,graphml/Interoute.graphml,2,,clustered,0.5;-0.3,13,23,3,10,2,3,0,3,3,0,2,edgeCount
536,110,148,graphml/Interoute.graphml,3,,clustered,0.5;-0.3,45,19,9,36,2,-1,-10,54,54,45,2,edgeCount
535,110,148,graphml/Interoute.graphml,2,,clustered,0.5;-0.3,-1,-1,-1,0,0,-1,0,-1,-1,0,0,edgeCount
534,110,148,graphml/Interoute.graphml,1,,clustered,0.5;-0.3,-1,-1,18,-19,2,-1,-19,-1,-1,-19,2,edgeCount
533,110,148,graphml/Interoute.graphml,2,,clustered,0.5;-0.3,18,90,13,5,2,40,27,48,48,35,2,edgeCount
532,110,148,graphml/Interoute.graphml,1,,clustered,0.5;-0.3,6,6,6,0,0,6,0,6,6,0,0,edgeCount
531,110,148,graphml/Interoute.graphml,2,,clustered,0.5;-0.3,11,11,9,2,2,-1,-10,21,39,12,2,edgeCount
530,110,148,graphml/Interoute.graphml,2,,clustered,0.5;-0.3,-1,-1,8,-9,2,-1,-9,-1,-1,-9,2,edgeCount
529,110,148,graphml/Interoute.graphml,2,,clustered,0.5;-0.3,10,4,4,6,2,4,0,4,4,0,2,edgeCount
528,110,148,graphml/Interoute.graphml,2,,clustered,0.5;-0.3,14,38,8,6,4,26,18,26,46,18,4,edgeCount
527,110,148,graphml/Interoute.graphml,3,,clustered,0.5;-0.3,14,4,4,10,0,4,0,4,4,0,0,edgeCount
526,110,148,graphml/Interoute.graphml,2,,clustered,0.5;-0.3,31,9,7,24,2,9,2,9,9,2,2,edgeCount
525,110,148,graphml/Interoute.graphml,2,,clustered,0.5;-0.3,4,4,4,0,0,4,0,4,4,0,0,edgeCount
524,110,148,graphml/Interoute.graphml,3,,clustered,0.5;-0.3,8,13,8,0,0,18,10,18,18,10,0,edgeCount
523,110,148,graphml/Interoute.graphml,2,,clustered,0.5;-0.3,41,41,14,27,0,41,27,41,41,27,0,edgeCount
522,110,148,graphml/Interoute.graphml,2,,clustered,0.5;-0.3,12,12,12,0,0,12,0,12,12,0,0,edgeCount
521,110,148,graphml/Interoute.graphml,1,,clustered,0.5;-0.3,10,10,10,0,0,10,0,10,10,0,0,edgeCount
520,110,148,graphml/Interoute.graphml,2,,clustered,0.5;-0.3,7,7,7,0,0,7,0,7,7,0,0,edgeCount
519,110,148,graphml/Interoute.graphml,2,,clustered,0.5;-0.3,13,55,13,0,4,27,14,27,27,14,2,edgeCount
518,110,148,graphml/Interoute.graphml,1,,clustered,0.5;-0.3,-1,-1,15,-16,4,-1,-16,-1,-1,-16,4,edgeCount
517,110,148,graphml/Interoute.graphml,2,,clustered,0.5;-0.3,7,7,7,0,0,7,0,7,7,0,0,edgeCount
516,110,148,graphml/Interoute.graphml,2,,clustered,0.5;-0.3,24,24,10,14,2,24,14,24,24,14,2,edgeCount
515,110,148,graphml/Interoute.graphml,1,,clustered,0.5;-0.3,3,3,3,0,0,3,0,3,3,0,0,edgeCount
514,110,148,graphml/Interoute.graphml,2,,clustered,0.5;-0.3,19,19,11,8,0,19,8,19,19,8,0,edgeCount
513,110,148,graphml/Interoute.graphml,2,,clustered,0.5;-0.3,18,18,10,8,2,23,13,23,23,13,2,edgeCount
512,110,148,graphml/Interoute.graphml,2,,clustered,0.5;-0.3,10,10,10,0,0,10,0,10,10,0,0,edgeCount
511,110,148,graphml/Interoute.graphml,2,,clustered,0.5;-0.3,6,26,6,0,6,16,10,6,26,0,6,edgeCount
510,110,148,graphml/Interoute.graphml,1,,clustered,0.5;-0.3,32,32,14,18,4,-1,-15,32,32,18,4,edgeCount
509,110,148,graphml/Interoute.graphml,2,,clustered,0.5;-0.3,33,29,11,22,0,11,0,11,11,0,0,edgeCount
508,110,148,graphml/Interoute.graphml,1,,clustered,0.5;-0.3,22,22,10,12,4,-1,-11,22,22,12,4,edgeCount
507,110,148,graphml/Interoute.graphml,2,,clustered,0.5;-0.3,15,15,6,9,0,-1,-7,15,15,9,0,edgeCount
506,110,148,graphml/Interoute.graphml,2,,clustered,0.5;-0.3,31,31,12,19,0,31,19,31,31,19,0,edgeCount
505,110,148,graphml/Interoute.graphml,2,,clustered,0.5;-0.3,40,30,10,30,2,10,0,10,10,0,2,edgeCount
504,110,148,graphml/Interoute.graphml,2,,clustered,0.5;-0.3,49,49,17,32,0,17,0,49,49,32,0,edgeCount
503,110,148,graphml/Interoute.graphml,2,,clustered,0.5;-0.3,15,11,5,10,0,5,0,5,5,0,0,edgeCount
502,110,148,graphml/Interoute.graphml,2,,clustered,0.5;-0.3,9,9,9,0,2,9,0,9,9,0,2,edgeCount
501,110,148,graphml/Interoute.graphml,2,,clustered,0.5;-0.3,31,49,9,22,4,9,0,9,9,0,4,edgeCount
500,110,148,graphml/Interoute.graphml,2,,clustered,0.5;-0.3,51,17,15,36,2,-1,-16,-1,-1,-16,2,edgeCount
499,110,148,graphml/Interoute.graphml,2,,clustered,0.5;-0.3,10,21,10,0,0,20,10,20,20,10,0,edgeCount
498,110,148,graphml/Interoute.graphml,2,,clustered,0.5;-0.3,25,11,7,18,2,-1,-8,28,28,21,2,edgeCount
497,110,148,graphml/Interoute.graphml,2,,clustered,0.5;-0.3,-1,-1,9,-10,0,-1,-10,-1,-1,-10,0,edgeCount
496,110,148,graphml/Interoute.graphml,2,,clustered,0.5;-0.3,39,31,13,26,4,-1,-14,49,47,36,4,edgeCount
495,110,148,graphml/Interoute.graphml,2,,clustered,0.5;-0.3,12,12,8,4,0,12,4,12,12,4,0,edgeCount
494,110,148,graphml/Interoute.graphml,2,,clustered,0.5;-0.3,65,43,10,55,4,-1,-11,69,53,59,4,edgeCount
493,110,148,graphml/Interoute.graphml,2,,clustered,0.5;-0.3,-1,-1,-1,0,0,-1,0,-1,-1,0,0,edgeCount
492,110,148,graphml/Interoute.graphml,2,,clustered,0.5;-0.3,-1,-1,12,-13,2,-1,-13,-1,-1,-13,2,edgeCount
491,110,148,graphml/Interoute.graphml,3,,clustered,0.5;-0.3,8,8,8,0,0,8,0,8,8,0,0,edgeCount
490,110,148,graphml/Interoute.graphml,2,,clustered,0.5;-0.3,24,24,6,18,0,6,0,6,6,0,0,edgeCount
489,110,148,graphml/Interoute.graphml,2,,clustered,0.5;-0.3,-1,-1,-1,0,0,-1,0,-1,-1,0,0,edgeCount
488,110,148,graphml/Interoute.graphml,2,,clustered,0.5;-0.3,34,20,9,25,4,-1,-10,27,32,18,4,edgeCount
487,110,148,graphml/Interoute.graphml,2,,clustered,0.5;-0.3,3,3,3,0,0,3,0,3,3,0,0,edgeCount
486,110,148,graphml/Interoute.graphml,2,,clustered,0.5;-0.3,14,14,6,8,0,14,8,14,14,8,0,edgeCount
485,110,148,graphml/Interoute.graphml,1,,clustered,0.5;-0.3,14,14,14,0,0,14,0,14,14,0,0,edgeCount
484,110,148,graphml/Interoute.graphml,2,,clustered,0.5;-0.3,55,33,15,40,2,-1,-16,44,44,29,2,edgeCount
483,110,148,graphml/Interoute.graphml,2,,clustered,0.5;-0.3,-1,-1,5,-6,0,-1,-6,-1,-1,-6,0,edgeCount
482,110,148,graphml/Interoute.graphml,2,,clustered,0.5;-0.3,17,17,13,4,2,45,32,45,45,32,2,edgeCount
481,110,148,graphml/Interoute.graphml,2,,clustered,0.5;-0.3,-1,-1,10,-11,4,-1,-11,-1,-1,-11,2,edgeCount
480,110,148,graphml/Interoute.graphml,2,,clustered,0.5;-0.3,35,35,12,23,0,35,23,35,35,23,0,edgeCount
479,110,148,graphml/Interoute.graphml,2,,clustered,0.5;-0.3,13,65,13,0,0,31,18,31,31,18,0,edgeCount
478,110,148,graphml/Interoute.graphml,2,,clustered,0.5;-0.3,8,21,8,0,4,18,10,18,18,10,4,edgeCount
477,110,148,graphml/Interoute.graphml,2,,clustered,0.5;-0.3,42,30,10,32,2,-1,-11,22,22,12,2,edgeCount
476,110,148,graphml/Interoute.graphml,1,,clustered,0.5;-0.3,13,13,13,0,4,13,0,13,13,0,4,edgeCount
475,110,148,graphml/Interoute.graphml,1,,clustered,0.5;-0.3,11,11,11,0,0,11,0,11,11,0,0,edgeCount
474,110,148,graphml/Interoute.graphml,1,,clustered,0.5;-0.3,9,9,9,0,0,9,0,9,9,0,0,edgeCount
473,110,148,graphml/Interoute.graphml,3,,clustered,0.5;-0.3,41,7,7,34,2,7,0,7,7,0,2,edgeCount
472,110,148,graphml/Interoute.graphml,2,,clustered,0.5;-0.3,28,28,10,18,0,28,18,28,28,18,0,edgeCount
471,110,148,graphml/Interoute.graphml,3,,clustered,0.5;-0.3,36,14,11,25,0,12,1,12,12,1,0,edgeCount
470,110,148,graphml/Interoute.graphml,2,,clustered,0.5;-0.3,7,7,7,0,2,7,0,7,7,0,2,edgeCount
469,110,148,graphml/Interoute.graphml,2,,clustered,0.5;-0.3,38,38,12,26,0,38,26,38,38,26,0,edgeCount
468,110,148,graphml/Interoute.graphml,2,,clustered,0.5;-0.3,24,24,10,14,2,-1,-11,24,24,14,2,edgeCount
467,110,148,graphml/Interoute.graphml,2,,clustered,0.5;-0.3,78,44,14,64,0,-1,-15,-1,-1,-15,0,edgeCount
466,110,148,graphml/Interoute.graphml,2,,clustered,0.5;-0.3,11,11,11,0,0,11,0,11,11,0,0,edgeCount
465,110,148,graphml/Interoute.graphml,2,,clustered,0.5;-0.3,16,15,12,4,4,12,0,12,12,0,2,edgeCount
464,110,148,graphml/Interoute.graphml,1,,clustered,0.5;-0.3,11,11,11,0,0,11,0,11,11,0,0,edgeCount
463,110,148,graphml/Interoute.graphml,2,,clustered,0.5;-0.3,8,14,8,0,0,18,10,18,18,10,0,edgeCount
462,110,148,graphml/Interoute.graphml,2,,clustered,0.5;-0.3,20,6,6,14,0,6,0,6,6,0,0,edgeCount
461,110,148,graphml/Interoute.graphml,3,,clustered,0.5;-0.3,31,9,8,23,0,47,39,9,9,1,0,edgeCount
460,110,148,graphml/Interoute.graphml,2,,clustered,0.5;-0.3,12,28,9,3,0,26,17,26,26,17,0,edgeCount
459,110,148,graphml/Interoute.graphml,2,,clustered,0.5;-0.3,66,20,19,47,4,-1,-20,64,20,45,4,edgeCount
458,110,148,graphml/Interoute.graphml,1,,clustered,0.5;-0.3,13,13,13,0,0,13,0,13,13,0,0,edgeCount
457,110,148,graphml/Interoute.graphml,3,,clustered,0.5;-0.3,24,24,7,17,2,8,1,8,8,1,2,edgeCount
456,110,148,graphml/Interoute.graphml,2,,clustered,0.5;-0.3,5,5,5,0,2,5,0,5,5,0,2,edgeCount
455,110,148,graphml/Interoute.graphml,2,,clustered,0.5;-0.3,11,5,5,6,4,5,0,5,32,0,4,edgeCount
454,110,148,graphml/Interoute.graphml,3,,clustered,0.5;-0.3,3,3,3,0,0,3,0,3,3,0,0,edgeCount
453,110,148,graphml/Interoute.graphml,2,,clustered,0.5;-0.3,-1,-1,5,-6,0,-1,-6,-1,-1,-6,0,edgeCount
452,110,148,graphml/Interoute.graphml,1,,clustered,0.5;-0.3,-1,-1,12,-13,6,-1,-13,-1,-1,-13,6,edgeCount
451,110,148,graphml/Interoute.graphml,2,,clustered,0.5;-0.3,5,5,5,0,0,5,0,5,5,0,0,edgeCount
450,110,148,graphml/Interoute.graphml,1,,clustered,0.5;-0.3,-1,-1,-1,0,0,-1,0,-1,-1,0,0,edgeCount
449,110,148,graphml/Interoute.graphml,2,,clustered,0.5;-0.3,9,9,5,4,0,9,4,9,9,4,0,edgeCount
448,110,148,graphml/Interoute.graphml,2,,clustered,0.5;-0.3,11,45,8,3,0,25,17,25,25,17,0,edgeCount
447,110,148,graphml/Interoute.graphml,2,,clustered,0.5;-0.3,5,5,5,0,0,5,0,5,5,0,0,edgeCount
446,110,148,graphml/Interoute.graphml,1,,clustered,0.5;-0.3,15,15,13,2,2,-1,-14,15,15,2,2,edgeCount
445,110,148,graphml/Interoute.graphml,3,,clustered,0.5;-0.3,-1,-1,-1,0,0,-1,0,-1,-1,0,0,edgeCount
444,110,148,graphml/Interoute.graphml,3,,clustered,0.5;-0.3,4,3,3,1,0,3,0,3,3,0,0,edgeCount
443,110,148,graphml/Interoute.graphml,2,,clustered,0.5;-0.3,11,11,11,0,0,11,0,11,11,0,0,edgeCount
442,110,148,graphml/Interoute.graphml,2,,clustered,0.5;-0.3,12,12,11,1,0,40,29,12,12,1,0,edgeCount
441,110,148,graphml/Interoute.graphml,2,,clustered,0.5;-0.3,42,12,11,31,2,-1,-12,40,40,29,2,edgeCount
440,110,148,graphml/Interoute.graphml,2,,clustered,0.5;-0.3,43,43,15,28,0,43,28,43,43,28,0,edgeCount
439,110,148,graphml/Interoute.graphml,1,,clustered,0.5;-0.3,11,11,11,0,4,11,0,11,11,0,4,edgeCount
438,110,148,graphml/Interoute.graphml,3,,clustered,0.5;-0.3,8,16,8,0,0,18,10,18,18,10,0,edgeCount
437,110,148,graphml/Interoute.graphml,2,,clustered,0.5;-0.3,11,16,11,0,0,19,8,19,19,8,0,edgeCount
436,110,148,graphml/Interoute.graphml,3,,clustered,0.5;-0.3,6,6,6,0,0,6,0,6,6,0,0,edgeCount
435,110,148,graphml/Interoute.graphml,3,,clustered,0.5;-0.3,13,11,10,3,0,11,1,11,11,1,0,edgeCount
434,110,148,graphml/Interoute.graphml,2,,clustered,0.5;-0.3,10,24,8,2,4,8,0,10,8,2,4,edgeCount
433,110,148,graphml/Interoute.graphml,2,,clustered,0.5;-0.3,10,10,10,0,0,10,0,10,10,0,0,edgeCount
432,110,148,graphml/Interoute.graphml,2,,clustered,0.5;-0.3,-1,-1,-1,0,0,-1,0,-1,-1,0,0,edgeCount
431,110,148,graphml/Interoute.graphml,2,,clustered,0.5;-0.3,59,35,14,45,2,-1,-15,42,42,28,2,edgeCount
430,110,148,graphml/Interoute.graphml,2,,clustered,0.5;-0.3,11,21,11,0,0,15,4,15,15,4,0,edgeCount
429,110,148,graphml/Interoute.graphml,2,,clustered,0.5;-0.3,37,13,8,29,0,-1,-9,-1,-1,-9,0,edgeCount
428,110,148,graphml/Interoute.graphml,2,,clustered,0.5;-0.3,11,23,6,5,0,19,13,19,19,13,0,edgeCount
427,110,148,graphml/Interoute.graphml,2,,clustered,0.5;-0.3,11,32,9,2,2,15,6,15,15,6,2,edgeCount
426,110,148,graphml/Interoute.graphml,2,,clustered,0.5;-0.3,-1,-1,-1,0,0,-1,0,-1,-1,0,0,edgeCount
425,110,148,graphml/Interoute.graphml,2,,clustered,0.5;-0.3,20,4,4,16,2,4,0,4,4,0,2,edgeCount
424,110,148,graphml/Interoute.graphml,2,,clustered,0.5;-0.3,11,11,11,0,0,11,0,11,11,0,0,edgeCount
423,110,148,graphml/Interoute.graphml,2,,clustered,0.5;-0.3,9,9,9,0,0,9,0,9,9,0,0,edgeCount
422,110,148,graphml/Interoute.graphml,2,,clustered,0.5;-0.3,24,8,8,16,4,8,0,8,8,0,4,edgeCount
421,110,148,graphml/Interoute.graphml,2,,clustered,0.5;-0.3,-1,-1,4,-5,0,-1,-5,-1,-1,-5,0,edgeCount
420,110,148,graphml/Interoute.graphml,2,,clustered,0.5;-0.3,18,18,15,3,0,45,30,45,45,30,0,edgeCount
419,110,148,graphml/Interoute.graphml,2,,clustered,0.5;-0.3,8,8,8,0,0,23,15,23,23,15,0,edgeCount
418,110,148,graphml/Interoute.graphml,2,,clustered,0.5;-0.3,-1,-1,10,-11,0,-1,-11,-1,-1,-11,0,edgeCount
417,110,148,graphml/Interoute.graphml,2,,clustered,0.5;-0.3,39,51,11,28,2,11,0,11,11,0,2,edgeCount
416,110,148,graphml/Interoute.graphml,3,,clustered,0.5;-0.3,43,14,11,32,0,61,50,61,61,50,0,edgeCount
415,110,148,graphml/Interoute.graphml,2,,clustered,0.5;-0.3,11,61,11,0,0,31,20,11,11,0,0,edgeCount
414,110,148,graphml/Interoute.graphml,2,,clustered,0.5;-0.3,13,13,13,0,0,13,0,13,13,0,0,edgeCount
413,110,148,graphml/Interoute.graphml,2,,clustered,0.5;-0.3,6,6,5,1,4,6,1,6,6,1,4,edgeCount
412,110,148,graphml/Interoute.graphml,2,,clustered,0.5;-0.3,13,13,7,6,0,13,6,13,13,6,0,edgeCount
411,110,148,graphml/Interoute.graphml,2,,clustered,0.5;-0.3,7,7,7,0,0,-1,-8,7,7,0,0,edgeCount
410,110,148,graphml/Interoute.graphml,2,,clustered,0.5;-0.3,9,9,9,0,0,9,0,9,9,0,0,edgeCount
409,110,148,graphml/Interoute.graphml,2,,clustered,0.5;-0.3,6,6,4,2,0,6,2,6,6,2,0,edgeCount
408,110,148,graphml/Interoute.graphml,2,,clustered,0.5;-0.3,22,6,6,16,2,6,0,6,6,0,2,edgeCount
407,110,148,graphml/Interoute.graphml,2,,clustered,0.5;-0.3,12,31,9,3,2,26,17,26,26,17,2,edgeCount
406,110,148,graphml/Interoute.graphml,3,,clustered,0.5;-0.3,17,17,9,8,0,17,8,17,17,8,0,edgeCount
405,110,148,graphml/Interoute.graphml,1,,clustered,0.5;-0.3,10,10,10,0,0,10,0,10,10,0,0,edgeCount
404,110,148,graphml/Interoute.graphml,2,,clustered,0.5;-0.3,-1,-1,-1,0,0,-1,0,-1,-1,0,0,edgeCount
403,110,148,graphml/Interoute.graphml,2,,clustered,0.5;-0.3,14,19,9,5,0,26,17,26,26,17,0,edgeCount
402,110,148,graphml/Interoute.graphml,2,,clustered,0.5;-0.3,44,44,14,30,0,44,30,44,44,30,0,edgeCount
401,110,148,graphml/Interoute.graphml,3,,clustered,0.5;-0.3,57,16,7,50,2,7,0,7,7,0,2,edgeCount
400,110,148,graphml/Interoute.graphml,2,,clustered,0.5;-0.3,19,33,6,13,2,7,1,7,7,1,2,edgeCount
399,110,148,graphml/Interoute.graphml,2,,clustered,0.5;-0.3,-1,-1,-1,0,0,-1,0,-1,-1,0,0,edgeCount
398,110,148,graphml/Interoute.graphml,2,,clustered,0.5;-0.3,13,13,13,0,0,13,0,13,13,0,0,edgeCount
397,110,148,graphml/Interoute.graphml,1,,clustered,0.5;-0.3,-1,-1,-1,0,2,-1,0,-1,-1,0,2,edgeCount
396,110,148,graphml/Interoute.graphml,1,,clustered,0.5;-0.3,12,12,12,0,0,12,0,12,12,0,0,edgeCount
395,110,148,graphml/Interoute.graphml,2,,clustered,0.5;-0.3,18,18,8,10,0,-1,-9,18,18,10,0,edgeCount
394,110,148,graphml/Interoute.graphml,2,,clustered,0.5;-0.3,13,13,7,6,0,13,6,13,13,6,0,edgeCount
393,110,148,graphml/Interoute.graphml,2,,clustered,0.5;-0.3,8,8,8,0,0,8,0,8,8,0,0,edgeCount
392,110,148,graphml/Interoute.graphml,2,,clustered,0.5;-0.3,12,10,10,2,2,10,0,12,10,2,2,edgeCount
391,110,148,graphml/Interoute.graphml,2,,clustered,0.5;-0.3,6,13,6,0,2,14,8,14,24,8,2,edgeCount
390,110,148,graphml/Interoute.graphml,2,,clustered,0.5;-0.3,13,11,11,2,2,11,0,13,11,2,2,edgeCount
389,110,148,graphml/Interoute.graphml,2,,clustered,0.5;-0.3,3,3,3,0,0,3,0,3,3,0,0,edgeCount
388,110,148,graphml/Interoute.graphml,2,,clustered,0.5;-0.3,8,8,8,0,0,8,0,8,8,0,0,edgeCount
387,110,148,graphml/Interoute.graphml,2,,clustered,0.5;-0.3,7,7,7,0,0,7,0,7,7,0,0,edgeCount
386,110,148,graphml/Interoute.graphml,2,,clustered,0.5;-0.3,-1,-1,17,-18,4,-1,-18,-1,-1,-18,4,edgeCount
385,110,148,graphml/Interoute.graphml,1,,clustered,0.5;-0.3,7,7,7,0,0,7,0,7,7,0,0,edgeCount
384,110,148,graphml/Interoute.graphml,2,,clustered,0.5;-0.3,35,13,10,25,0,-1,-11,-1,-1,-11,0,edgeCount
383,110,148,graphml/Interoute.graphml,2,,clustered,0.5;-0.3,-1,-1,-1,0,0,-1,0,-1,-1,0,0,edgeCount
382,110,148,graphml/Interoute.graphml,2,,clustered,0.5;-0.3,-1,-1,-1,0,0,-1,0,-1,-1,0,0,edgeCount
381,110,148,graphml/Interoute.graphml,2,,clustered,0.5;-0.3,12,20,6,6,2,6,0,12,20,6,2,edgeCount
380,110,148,graphml/Interoute.graphml,2,,clustered,0.5;-0.3,10,10,9,1,0,10,1,10,10,1,0,edgeCount
379,110,148,graphml/Interoute.graphml,2,,clustered,0.5;-0.3,8,16,6,2,4,-1,-7,8,16,2,4,edgeCount
378,110,148,graphml/Interoute.graphml,2,,clustered,0.5;-0.3,16,16,6,10,0,16,10,16,16,10,0,edgeCount
377,110,148,graphml/Interoute.graphml,2,,clustered,0.5;-0.3,10,34,8,2,2,24,16,24,36,16,2,edgeCount
376,110,148,graphml/Interoute.graphml,2,,clustered,0.5;-0.3,10,10,8,2,6,10,2,10,14,2,6,edgeCount
375,110,148,graphml/Interoute.graphml,2,,clustered,0.5;-0.3,5,17,5,0,2,5,0,5,5,0,2,edgeCount
374,110,148,graphml/Interoute.graphml,3,,clustered,0.5;-0.3,2,2,2,0,0,2,0,2,2,0,0,edgeCount
373,110,148,graphml/Interoute.graphml,3,,clustered,0.5;-0.3,30,70,9,21,2,40,31,30,70,21,2,edgeCount
372,110,148,graphml/Interoute.graphml,1,,clustered,0.5;-0.3,-1,-1,-1,0,2,-1,0,-1,-1,0,2,edgeCount
371,110,148,graphml/Interoute.graphml,2,,clustered,0.5;-0.3,10,19,10,0,0,14,4,14,14,4,0,edgeCount
370,110,148,graphml/Interoute.graphml,2,,clustered,0.5;-0.3,36,12,12,24,0,12,0,12,12,0,0,edgeCount
369,110,148,graphml/Interoute.graphml,2,,clustered,0.5;-0.3,-1,-1,-1,0,0,-1,0,-1,-1,0,0,edgeCount
368,110,148,graphml/Interoute.graphml,2,,clustered,0.5;-0.3,6,38,6,0,0,16,10,16,16,10,0,edgeCount
367,110,148,graphml/Interoute.graphml,2,,clustered,0.5;-0.3,35,25,9,26,0,9,0,9,9,0,0,edgeCount
366,110,148,graphml/Interoute.graphml,2,,clustered,0.5;-0.3,12,12,11,1,0,35,24,12,12,1,0,edgeCount
365,110,148,graphml/Interoute.graphml,2,,clustered,0.5;-0.3,7,7,6,1,0,7,1,7,7,1,0,edgeCount
364,110,148,graphml/Interoute.graphml,2,,clustered,0.5;-0.3,16,11,11,5,2,11,0,11,11,0,2,edgeCount
363,110,148,graphml/Interoute.graphml,1,,clustered,0.5;-0.3,21,37,9,12,6,-1,-10,21,37,12,6,edgeCount
362,110,148,graphml/Interoute.graphml,2,,clustered,0.5;-0.3,-1,-1,-1,0,0,-1,0,-1,-1,0,0,edgeCount
361,110,148,graphml/Interoute.graphml,2,,clustered,0.5;-0.3,22,24,6,16,0,6,0,6,6,0,0,edgeCount
360,110,148,graphml/Interoute.graphml,3,,clustered,0.5;-0.3,10,10,9,1,4,9,0,9,10,0,4,edgeCount
359,110,148,graphml/Interoute.graphml,2,,clustered,0.5;-0.3,16,17,12,4,2,12,0,12,12,0,2,edgeCount
358,110,148,graphml/Interoute.graphml,1,,clustered,0.5;-0.3,8,8,8,0,0,8,0,8,8,0,0,edgeCount
357,110,148,graphml/Interoute.graphml,1,,clustered,0.5;-0.3,5,5,5,0,0,5,0,5,5,0,0,edgeCount
356,110,148,graphml/Interoute.graphml,2,,clustered,0.5;-0.3,34,34,12,22,0,34,22,34,34,22,0,edgeCount
355,110,148,graphml/Interoute.graphml,2,,clustered,0.5;-0.3,-1,-1,7,-8,0,-1,-8,-1,-1,-8,0,edgeCount
354,110,148,graphml/Interoute.graphml,2,,clustered,0.5;-0.3,19,43,5,14,4,5,0,5,5,0,4,edgeCount
353,110,148,graphml/Interoute.graphml,2,,clustered,0.5;-0.3,-1,-1,-1,0,0,-1,0,-1,-1,0,0,edgeCount
352,110,148,graphml/Interoute.graphml,1,,clustered,0.5;-0.3,8,8,4,4,2,4,0,8,8,4,2,edgeCount
351,110,148,graphml/Interoute.graphml,2,,clustered,0.5;-0.3,31,11,6,25,4,-1,-7,-1,-1,-7,4,edgeCount
350,110,148,graphml/Interoute.graphml,2,,clustered,0.5;-0.3,19,19,15,4,0,46,31,46,46,31,0,edgeCount
349,110,148,graphml/Interoute.graphml,2,,clustered,0.5;-0.3,34,16,12,22,0,-1,-13,-1,-1,-13,0,edgeCount
348,110,148,graphml/Interoute.graphml,2,,clustered,0.5;-0.3,38,38,14,24,0,38,24,38,38,24,0,edgeCount
347,110,148,graphml/Interoute.graphml,2,,clustered,0.5;-0.3,-1,-1,-1,0,0,-1,0,-1,-1,0,0,edgeCount
346,110,148,graphml/Interoute.graphml,2,,clustered,0.5;-0.3,37,16,7,30,4,-1,-8,41,33,34,4,edgeCount
345,110,148,graphml/Interoute.graphml,2,,clustered,0.5;-0.3,33,33,12,21,2,31,19,31,31,19,2,edgeCount
344,110,148,graphml/Interoute.graphml,1,,clustered,0.5;-0.3,27,25,14,13,6,-1,-15,27,25,13,6,edgeCount
343,110,148,graphml/Interoute.graphml,2,,clustered,0.5;-0.3,-1,-1,-1,0,0,-1,0,-1,-1,0,0,edgeCount
342,110,148,graphml/Interoute.graphml,2,,clustered,0.5;-0.3,28,28,10,18,0,10,0,28,28,18,0,edgeCount
341,110,148,graphml/Interoute.graphml,2,,clustered,0.5;-0.3,18,4,4,14,0,4,0,4,4,0,0,edgeCount
340,110,148,graphml/Interoute.graphml,3,,clustered,0.5;-0.3,6,6,6,0,0,6,0,6,6,0,0,edgeCount
339,110,148,graphml/Interoute.graphml,2,,clustered,0.5;-0.3,8,8,8,0,0,8,0,8,8,0,0,edgeCount
338,110,148,graphml/Interoute.graphml,2,,clustered,0.5;-0.3,4,4,4,0,0,4,0,4,4,0,0,edgeCount
337,110,148,graphml/Interoute.graphml,2,,clustered,0.5;-0.3,3,3,3,0,0,3,0,3,3,0,0,edgeCount
336,110,148,graphml/Interoute.graphml,1,,clustered,0.5;-0.3,12,12,12,0,0,12,0,12,12,0,0,edgeCount
335,110,148,graphml/Interoute.graphml,2,,clustered,0.5;-0.3,40,40,13,27,0,40,27,40,40,27,0,edgeCount
334,110,148,graphml/Interoute.graphml,2,,clustered,0.5;-0.3,11,5,5,6,0,5,0,11,11,6,0,edgeCount
333,110,148,graphml/Interoute.graphml,2,,clustered,0.5;-0.3,19,19,12,7,0,19,7,19,19,7,0,edgeCount
332,110,148,graphml/Interoute.graphml,2,,clustered,0.5;-0.3,4,28,4,0,2,10,6,10,4,6,2,edgeCount
331,110,148,graphml/Interoute.graphml,2,,clustered,0.5;-0.3,9,9,5,4,0,9,4,9,9,4,0,edgeCount
330,110,148,graphml/Interoute.graphml,2,,clustered,0.5;-0.3,20,6,6,14,2,6,0,20,6,14,2,edgeCount
329,110,148,graphml/Interoute.graphml,2,,clustered,0.5;-0.3,17,33,10,7,4,37,27,37,37,27,4,edgeCount
328,110,148,graphml/Interoute.graphml,2,,clustered,0.5;-0.3,7,7,7,0,0,7,0,7,7,0,0,edgeCount
327,110,148,graphml/Interoute.graphml,2,,clustered,0.5;-0.3,13,43,13,0,2,33,20,13,43,0,2,edgeCount
326,110,148,graphml/Interoute.graphml,2,,clustered,0.5;-0.3,4,4,4,0,0,16,12,4,4,0,0,edgeCount
325,110,148,graphml/Interoute.graphml,1,,clustered,0.5;-0.3,10,10,10,0,0,10,0,10,10,0,0,edgeCount
324,110,148,graphml/Interoute.graphml,3,,clustered,0.5;-0.3,60,32,14,46,0,-1,-15,-1,-1,-15,0,edgeCount
323,110,148,graphml/Interoute.graphml,2,,clustered,0.5;-0.3,10,10,8,2,0,8,0,8,8,0,0,edgeCount
322,110,148,graphml/Interoute.graphml,2,,clustered,0.5;-0.3,37,37,14,23,0,37,23,37,37,23,0,edgeCount
321,110,148,graphml/Interoute.graphml,2,,clustered,0.5;-0.3,7,37,5,2,6,15,10,7,37,2,6,edgeCount
320,110,148,graphml/Interoute.graphml,2,,clustered,0.5;-0.3,18,18,14,4,0,40,26,40,40,26,0,edgeCount
319,110,148,graphml/Interoute.graphml,2,,clustered,0.5;-0.3,11,11,11,0,0,11,0,11,11,0,0,edgeCount
318,110,148,graphml/Interoute.graphml,2,,clustered,0.5;-0.3,36,36,13,23,0,36,23,36,36,23,0,edgeCount
317,110,148,graphml/Interoute.graphml,2,,clustered,0.5;-0.3,-1,-1,-1,0,0,-1,0,-1,-1,0,0,edgeCount
316,110,148,graphml/Interoute.graphml,1,,clustered,0.5;-0.3,27,27,15,12,2,-1,-16,27,27,12,2,edgeCount
315,110,148,graphml/Interoute.graphml,2,,clustered,0.5;-0.3,28,10,10,18,0,10,0,10,10,0,0,edgeCount
314,110,148,graphml/Interoute.graphml,1,,clustered,0.5;-0.3,4,4,4,0,0,4,0,4,4,0,0,edgeCount
313,110,148,graphml/Interoute.graphml,2,,clustered,0.5;-0.3,9,9,8,1,0,9,1,9,9,1,0,edgeCount
312,110,148,graphml/Interoute.graphml,2,,clustered,0.5;-0.3,-1,-1,-1,0,0,-1,0,-1,-1,0,0,edgeCount
311,110,148,graphml/Interoute.graphml,2,,clustered,0.5;-0.3,7,7,7,0,0,7,0,7,7,0,0,edgeCount
310,110,148,graphml/Interoute.graphml,2,,clustered,0.5;-0.3,8,12,8,0,4,18,10,18,26,10,4,edgeCount
309,110,148,graphml/Interoute.graphml,2,,clustered,0.5;-0.3,13,67,8,5,2,27,19,27,63,19,2,edgeCount
308,110,148,graphml/Interoute.graphml,2,,clustered,0.5;-0.3,41,41,13,28,0,41,28,41,41,28,0,edgeCount
307,110,148,graphml/Interoute.graphml,3,,clustered,0.5;-0.3,3,3,3,0,0,3,0,3,3,0,0,edgeCount
306,110,148,graphml/Interoute.graphml,2,,clustered,0.5;-0.3,25,25,8,17,0,25,17,25,25,17,0,edgeCount
305,110,148,graphml/Interoute.graphml,2,,clustered,0.5;-0.3,12,12,10,2,4,12,2,12,12,2,4,edgeCount
304,110,148,graphml/Interoute.graphml,2,,clustered,0.5;-0.3,12,12,12,0,0,12,0,12,12,0,0,edgeCount
303,110,148,graphml/Interoute.graphml,2,,clustered,0.5;-0.3,6,6,6,0,0,6,0,6,6,0,0,edgeCount
302,110,148,graphml/Interoute.graphml,2,,clustered,0.5;-0.3,-1,-1,-1,0,0,-1,0,-1,-1,0,0,edgeCount
301,110,148,graphml/Interoute.graphml,3,,clustered,0.5;-0.3,62,8,8,54,0,8,0,8,8,0,0,edgeCount
300,110,148,graphml/Interoute.graphml,2,,clustered,0.5;-0.3,31,9,9,22,4,9,0,9,9,0,4,edgeCount
299,110,148,graphml/Interoute.graphml,2,,clustered,0.5;-0.3,9,17,9,0,0,21,12,21,21,12,0,edgeCount
298,110,148,graphml/Interoute.graphml,2,,clustered,0.5;-0.3,-1,-1,-1,0,0,-1,0,-1,-1,0,0,edgeCount
297,110,148,graphml/Interoute.graphml,2,,clustered,0.5;-0.3,4,3,3,1,2,3,0,3,3,0,2,edgeCount
296,110,148,graphml/Interoute.graphml,2,,clustered,0.5;-0.3,-1,-1,9,-10,2,-1,-10,-1,-1,-10,2,edgeCount
295,110,148,graphml/Interoute.graphml,1,,clustered,0.5;-0.3,5,5,5,0,4,5,0,5,5,0,4,edgeCount
294,110,148,graphml/Interoute.graphml,2,,clustered,0.5;-0.3,9,9,9,0,2,11,2,11,33,2,2,edgeCount
293,110,148,graphml/Interoute.graphml,2,,clustered,0.5;-0.3,58,58,14,44,0,-1,-15,-1,-1,-15,0,edgeCount
292,110,148,graphml/Interoute.graphml,3,,clustered,0.5;-0.3,34,36,12,22,0,62,50,62,62,50,0,edgeCount
291,110,148,graphml/Interoute.graphml,2,,clustered,0.5;-0.3,40,40,18,22,0,38,20,38,38,20,0,edgeCount
290,110,148,graphml/Interoute.graphml,2,,clustered,0.5;-0.3,10,10,10,0,0,10,0,10,10,0,0,edgeCount
289,110,148,graphml/Interoute.graphml,2,,clustered,0.5;-0.3,-1,-1,-1,0,0,-1,0,-1,-1,0,0,edgeCount
288,110,148,graphml/Interoute.graphml,2,,clustered,0.5;-0.3,9,9,9,0,0,9,0,9,9,0,0,edgeCount
287,110,148,graphml/Interoute.graphml,2,,clustered,0.5;-0.3,7,7,6,1,0,7,1,7,7,1,0,edgeCount
286,110,148,graphml/Interoute.graphml,2,,clustered,0.5;-0.3,-1,-1,-1,0,0,-1,0,-1,-1,0,0,edgeCount
285,110,148,graphml/Interoute.graphml,2,,clustered,0.5;-0.3,28,21,8,20,2,-1,-9,27,19,19,2,edgeCount
284,110,148,graphml/Interoute.graphml,1,,clustered,0.5;-0.3,31,31,13,18,4,-1,-14,31,31,18,4,edgeCount
283,110,148,graphml/Interoute.graphml,2,,clustered,0.5;-0.3,12,30,8,4,6,24,16,24,26,16,6,edgeCount
282,110,148,graphml/Interoute.graphml,2,,clustered,0.5;-0.3,10,10,8,2,2,-1,-9,10,10,2,2,edgeCount
281,110,148,graphml/Interoute.graphml,3,,clustered,0.5;-0.3,-1,-1,-1,0,2,-1,0,-1,-1,0,2,edgeCount
280,110,148,graphml/Interoute.graphml,2,,clustered,0.5;-0.3,22,22,10,12,0,22,12,22,22,12,0,edgeCount
279,110,148,graphml/Interoute.graphml,3,,clustered,0.5;-0.3,53,15,9,44,2,-1,-10,46,24,37,2,edgeCount
278,110,148,graphml/Interoute.graphml,2,,clustered,0.5;-0.3,3,3,3,0,0,3,0,3,3,0,0,edgeCount
277,110,148,graphml/Interoute.graphml,2,,clustered,0.5;-0.3,8,12,8,0,0,14,6,14,14,6,0,edgeCount
276,110,148,graphml/Interoute.graphml,2,,clustered,0.5;-0.3,9,9,9,0,0,9,0,9,9,0,0,edgeCount
275,110,148,graphml/Interoute.graphml,1,,clustered,0.5;-0.3,-1,-1,-1,0,0,-1,0,-1,-1,0,0,edgeCount
274,110,148,graphml/Interoute.graphml,3,,clustered,0.5;-0.3,30,30,11,19,0,30,19,30,30,19,0,edgeCount
273,110,148,graphml/Interoute.graphml,2,,clustered,0.5;-0.3,15,15,13,2,0,-1,-14,15,15,2,0,edgeCount
272,110,148,graphml/Interoute.graphml,2,,clustered,0.5;-0.3,46,34,14,32,2,-1,-15,-1,-1,-15,2,edgeCount
271,110,148,graphml/Interoute.graphml,2,,clustered,0.5;-0.3,-1,-1,-1,0,0,-1,0,-1,-1,0,0,edgeCount
270,110,148,graphml/Interoute.graphml,2,,clustered,0.5;-0.3,7,7,7,0,0,7,0,7,7,0,0,edgeCount
269,110,148,graphml/Interoute.graphml,2,,clustered,0.5;-0.3,4,4,4,0,0,4,0,4,4,0,0,edgeCount
268,110,148,graphml/Interoute.graphml,3,,clustered,0.5;-0.3,-1,-1,8,-9,2,-1,-9,-1,-1,-9,2,edgeCount
267,110,148,graphml/Interoute.graphml,2,,clustered,0.5;-0.3,4,4,4,0,0,10,6,4,4,0,0,edgeCount
266,110,148,graphml/Interoute.graphml,2,,clustered,0.5;-0.3,11,18,9,2,0,21,12,21,21,12,0,edgeCount
265,110,148,graphml/Interoute.graphml,3,,clustered,0.5;-0.3,33,33,12,21,0,33,21,33,33,21,0,edgeCount
264,110,148,graphml/Interoute.graphml,1,,clustered,0.5;-0.3,11,11,11,0,0,11,0,11,11,0,0,edgeCount
263,110,148,graphml/Interoute.graphml,3,,clustered,0.5;-0.3,3,3,3,0,0,3,0,3,3,0,0,edgeCount
262,110,148,graphml/Interoute.graphml,2,,clustered,0.5;-0.3,26,26,8,18,0,26,18,26,26,18,0,edgeCount
261,110,148,graphml/Interoute.graphml,3,,clustered,0.5;-0.3,3,3,3,0,2,3,0,3,3,0,2,edgeCount
260,110,148,graphml/Interoute.graphml,2,,clustered,0.5;-0.3,11,38,7,4,2,29,22,29,29,22,2,edgeCount
259,110,148,graphml/Interoute.graphml,1,,clustered,0.5;-0.3,3,3,3,0,2,-1,-4,3,3,0,2,edgeCount
258,110,148,graphml/Interoute.graphml,1,,clustered,0.5;-0.3,-1,-1,-1,0,2,-1,0,-1,-1,0,2,edgeCount
257,110,148,graphml/Interoute.graphml,2,,clustered,0.5;-0.3,10,16,9,1,0,22,13,22,22,13,0,edgeCount
256,110,148,graphml/Interoute.graphml,3,,clustered,0.5;-0.3,18,18,8,10,0,18,10,18,18,10,0,edgeCount
255,110,148,graphml/Interoute.graphml,3,,clustered,0.5;-0.3,31,31,12,19,0,31,19,31,31,19,0,edgeCount
254,110,148,graphml/Interoute.graphml,1,,clustered,0.5;-0.3,-1,-1,16,-17,0,-1,-17,-1,-1,-17,0,edgeCount
253,110,148,graphml/Interoute.graphml,1,,clustered,0.5;-0.3,-1,-1,12,-13,6,-1,-13,-1,-1,-13,6,edgeCount
252,110,148,graphml/Interoute.graphml,2,,clustered,0.5;-0.3,13,13,7,6,0,13,6,13,13,6,0,edgeCount
251,110,148,graphml/Interoute.graphml,2,,clustered,0.5;-0.3,10,10,10,0,0,10,0,10,10,0,0,edgeCount
250,110,148,graphml/Interoute.graphml,2,,clustered,0.5;-0.3,26,16,8,18,4,-1,-9,26,16,18,4,edgeCount
249,110,148,graphml/Interoute.graphml,2,,clustered,0.5;-0.3,11,7,7,4,2,-1,-8,11,7,4,2,edgeCount
248,110,148,graphml/Interoute.graphml,1,,clustered,0.5;-0.3,8,8,8,0,0,8,0,8,8,0,0,edgeCount
247,110,148,graphml/Interoute.graphml,2,,clustered,0.5;-0.3,39,63,7,32,4,7,0,7,7,0,4,edgeCount
246,110,148,graphml/Interoute.graphml,2,,clustered,0.5;-0.3,-1,-1,-1,0,0,-1,0,-1,-1,0,0,edgeCount
245,110,148,graphml/Interoute.graphml,2,,clustered,0.5;-0.3,-1,-1,-1,0,0,-1,0,-1,-1,0,0,edgeCount
244,110,148,graphml/Interoute.graphml,2,,clustered,0.5;-0.3,38,34,10,28,0,10,0,10,10,0,0,edgeCount
243,110,148,graphml/Interoute.graphml,2,,clustered,0.5;-0.3,4,6,4,0,0,6,2,6,6,2,0,edgeCount
242,110,148,graphml/Interoute.graphml,2,,clustered,0.5;-0.3,15,15,9,6,0,15,6,15,15,6,0,edgeCount
241,110,148,graphml/Interoute.graphml,2,,clustered,0.5;-0.3,8,8,6,2,0,8,2,8,8,2,0,edgeCount
240,110,148,graphml/Interoute.graphml,3,,clustered,0.5;-0.3,4,4,4,0,0,10,6,4,4,0,0,edgeCount
239,110,148,graphml/Interoute.graphml,2,,clustered,0.5;-0.3,5,5,5,0,0,5,0,5,5,0,0,edgeCount
238,110,148,graphml/Interoute.graphml,2,,clustered,0.5;-0.3,12,11,10,2,4,11,1,11,19,1,2,edgeCount
237,110,148,graphml/Interoute.graphml,2,,clustered,0.5;-0.3,31,11,11,20,2,11,0,31,11,20,2,edgeCount
236,110,148,graphml/Interoute.graphml,2,,clustered,0.5;-0.3,-1,-1,16,-17,0,-1,-17,-1,-1,-17,0,edgeCount
235,110,148,graphml/Interoute.graphml,2,,clustered,0.5;-0.3,16,16,10,6,0,16,6,16,16,6,0,edgeCount
234,110,148,graphml/Interoute.graphml,2,,clustered,0.5;-0.3,8,8,6,2,2,16,10,16,16,10,2,edgeCount
233,110,148,graphml/Interoute.graphml,2,,clustered,0.5;-0.3,50,36,12,38,0,12,0,12,12,0,0,edgeCount
232,110,148,graphml/Interoute.graphml,3,,clustered,0.5;-0.3,-1,-1,9,-10,0,-1,-10,-1,-1,-10,0,edgeCount
231,110,148,graphml/Interoute.graphml,2,,clustered,0.5;-0.3,-1,-1,-1,0,0,-1,0,-1,-1,0,0,edgeCount
230,110,148,graphml/Interoute.graphml,3,,clustered,0.5;-0.3,27,27,11,16,0,39,28,39,39,28,0,edgeCount
229,110,148,graphml/Interoute.graphml,2,,clustered,0.5;-0.3,33,7,7,26,0,7,0,7,7,0,0,edgeCount
228,110,148,graphml/Interoute.graphml,2,,clustered,0.5;-0.3,24,34,8,16,4,8,0,8,8,0,4,edgeCount
227,110,148,graphml/Interoute.graphml,2,,clustered,0.5;-0.3,6,6,6,0,0,6,0,6,6,0,0,edgeCount
226,110,148,graphml/Interoute.graphml,2,,clustered,0.5;-0.3,14,34,4,10,2,4,0,4,4,0,2,edgeCount
225,110,148,graphml/Interoute.graphml,2,,clustered,0.5;-0.3,19,31,5,14,2,5,0,5,5,0,2,edgeCount
224,110,148,graphml/Interoute.graphml,2,,clustered,0.5;-0.3,32,14,11,21,2,-1,-12,29,29,18,2,edgeCount
223,110,148,graphml/Interoute.graphml,3,,clustered,0.5;-0.3,74,74,14,60,0,74,60,74,74,60,0,edgeCount
222,110,148,graphml/Interoute.graphml,3,,clustered,0.5;-0.3,33,33,11,22,0,33,22,33,33,22,0,edgeCount
221,110,148,graphml/Interoute.graphml,2,,clustered,0.5;-0.3,-1,-1,13,-14,0,-1,-14,-1,-1,-14,0,edgeCount
220,110,148,graphml/Interoute.graphml,2,,clustered,0.5;-0.3,-1,-1,-1,0,0,-1,0,-1,-1,0,0,edgeCount
219,110,148,graphml/Interoute.graphml,2,,clustered,0.5;-0.3,59,21,13,46,4,-1,-14,47,53,34,4,edgeCount
218,110,148,graphml/Interoute.graphml,2,,clustered,0.5;-0.3,-1,-1,12,-13,0,-1,-13,-1,-1,-13,0,edgeCount
217,110,148,graphml/Interoute.graphml,2,,clustered,0.5;-0.3,41,41,17,24,0,39,22,39,39,22,0,edgeCount
216,110,148,graphml/Interoute.graphml,2,,clustered,0.5;-0.3,7,12,7,0,2,15,8,15,39,8,2,edgeCount
215,110,148,graphml/Interoute.graphml,2,,clustered,0.5;-0.3,27,31,7,20,0,7,0,7,7,0,0,edgeCount
214,110,148,graphml/Interoute.graphml,3,,clustered,0.5;-0.3,14,4,4,10,0,4,0,4,4,0,0,edgeCount
213,110,148,graphml/Interoute.graphml,1,,clustered,0.5;-0.3,10,10,6,4,2,-1,-7,10,10,4,2,edgeCount
212,110,148,graphml/Interoute.graphml,3,,clustered,0.5;-0.3,22,5,5,17,2,5,0,5,5,0,2,edgeCount
211,110,148,graphml/Interoute.graphml,2,,clustered,0.5;-0.3,23,23,5,18,0,5,0,5,5,0,0,edgeCount
210,110,148,graphml/Interoute.graphml,2,,clustered,0.5;-0.3,-1,-1,-1,0,0,-1,0,-1,-1,0,0,edgeCount
209,110,148,graphml/Interoute.graphml,2,,clustered,0.5;-0.3,10,10,10,0,0,10,0,10,10,0,0,edgeCount
208,110,148,graphml/Interoute.graphml,2,,clustered,0.5;-0.3,7,18,6,1,4,13,7,13,13,7,4,edgeCount
207,110,148,graphml/Interoute.graphml,1,,clustered,0.5;-0.3,4,4,4,0,0,4,0,4,4,0,0,edgeCount
206,110,148,graphml/Interoute.graphml,2,,clustered,0.5;-0.3,6,6,6,0,0,6,0,6,6,0,0,edgeCount
205,110,148,graphml/Interoute.graphml,2,,clustered,0.5;-0.3,-1,-1,-1,0,0,-1,0,-1,-1,0,0,edgeCount
204,110,148,graphml/Interoute.graphml,2,,clustered,0.5;-0.3,14,23,10,4,0,26,16,26,26,16,0,edgeCount
203,110,148,graphml/Interoute.graphml,3,,clustered,0.5;-0.3,22,11,8,14,0,34,26,34,34,26,0,edgeCount
202,110,148,graphml/Interoute.graphml,2,,clustered,0.5;-0.3,37,19,5,32,4,-1,-6,37,37,32,4,edgeCount
201,110,148,graphml/Interoute.graphml,3,,clustered,0.5;-0.3,-1,-1,7,-8,0,-1,-8,-1,-1,-8,0,edgeCount
200,110,148,graphml/Interoute.graphml,2,,clustered,0.5;-0.3,18,27,11,7,2,34,23,34,34,23,2,edgeCount
199,110,148,graphml/Interoute.graphml,2,,clustered,0.5;-0.3,36,24,8,28,0,-1,-9,-1,-1,-9,0,edgeCount
198,110,148,graphml/Interoute.graphml,3,,clustered,0.5;-0.3,9,9,5,4,0,9,4,9,9,4,0,edgeCount
197,110,148,graphml/Interoute.graphml,1,,clustered,0.5;-0.3,5,5,5,0,0,5,0,5,5,0,0,edgeCount
196,110,148,graphml/Interoute.graphml,1,,clustered,0.5;-0.3,6,14,6,0,4,6,0,6,14,0,4,edgeCount
195,110,148,graphml/Interoute.graphml,2,,clustered,0.5;-0.3,36,10,10,26,0,10,0,10,10,0,0,edgeCount
194,110,148,graphml/Interoute.graphml,3,,clustered,0.5;-0.3,53,53,18,35,0,53,35,53,53,35,0,edgeCount
193,110,148,graphml/Interoute.graphml,2,,clustered,0.5;-0.3,23,23,9,14,0,23,14,23,23,14,0,edgeCount
192,110,148,graphml/Interoute.graphml,1,,clustered,0.5;-0.3,-1,-1,-1,0,0,-1,0,-1,-1,0,0,edgeCount
191,110,148,graphml/Interoute.graphml,2,,clustered,0.5;-0.3,-1,-1,-1,0,0,-1,0,-1,-1,0,0,edgeCount
190,110,148,graphml/Interoute.graphml,2,,clustered,0.5;-0.3,19,55,14,5,2,47,33,17,17,3,2,edgeCount
189,110,148,graphml/Interoute.graphml,2,,clustered,0.5;-0.3,9,9,5,4,0,9,4,9,9,4,0,edgeCount
188,110,148,graphml/Interoute.graphml,2,,clustered,0.5;-0.3,15,26,7,8,4,7,0,7,7,0,4,edgeCount
187,110,148,graphml/Interoute.graphml,2,,clustered,0.5;-0.3,11,17,5,6,0,19,14,19,19,14,0,edgeCount
186,110,148,graphml/Interoute.graphml,2,,clustered,0.5;-0.3,5,17,5,0,0,11,6,11,11,6,0,edgeCount
185,110,148,graphml/Interoute.graphml,3,,clustered,0.5;-0.3,2,2,2,0,0,2,0,2,2,0,0,edgeCount
184,110,148,graphml/Interoute.graphml,2,,clustered,0.5;-0.3,12,12,12,0,2,12,0,12,12,0,2,edgeCount
183,110,148,graphml/Interoute.graphml,1,,clustered,0.5;-0.3,7,7,7,0,0,7,0,7,7,0,0,edgeCount
182,110,148,graphml/Interoute.graphml,3,,clustered,0.5;-0.3,7,7,7,0,0,7,0,7,7,0,0,edgeCount
181,110,148,graphml/Interoute.graphml,2,,clustered,0.5;-0.3,19,21,5,14,0,5,0,5,5,0,0,edgeCount
180,110,148,graphml/Interoute.graphml,2,,clustered,0.5;-0.3,3,3,3,0,4,-1,-4,-1,-1,-4,4,edgeCount
179,110,148,graphml/Interoute.graphml,2,,clustered,0.5;-0.3,4,4,2,2,2,2,0,2,2,0,2,edgeCount
178,110,148,graphml/Interoute.graphml,3,,clustered,0.5;-0.3,28,14,10,18,6,28,18,28,14,18,6,edgeCount
177,110,148,graphml/Interoute.graphml,2,,clustered,0.5;-0.3,-1,-1,-1,0,2,-1,0,-1,-1,0,2,edgeCount
176,110,148,graphml/Interoute.graphml,2,,clustered,0.5;-0.3,24,8,8,16,0,8,0,8,8,0,0,edgeCount
175,110,148,graphml/Interoute.graphml,1,,clustered,0.5;-0.3,8,8,8,0,0,8,0,8,8,0,0,edgeCount
174,110,148,graphml/Interoute.graphml,1,,clustered,0.5;-0.3,3,3,3,0,2,3,0,3,3,0,2,edgeCount
173,110,148,graphml/Interoute.graphml,3,,clustered,0.5;-0.3,36,16,11,25,0,44,33,44,44,33,0,edgeCount
172,110,148,graphml/Interoute.graphml,2,,clustered,0.5;-0.3,-1,-1,15,-16,0,-1,-16,-1,-1,-16,0,edgeCount
171,110,148,graphml/Interoute.graphml,2,,clustered,0.5;-0.3,32,32,11,21,0,32,21,32,32,21,0,edgeCount
170,110,148,graphml/Interoute.graphml,3,,clustered,0.5;-0.3,31,32,13,18,0,63,50,63,63,50,0,edgeCount
169,110,148,graphml/Interoute.graphml,3,,clustered,0.5;-0.3,8,8,6,2,0,8,2,8,8,2,0,edgeCount
168,110,148,graphml/Interoute.graphml,3,,clustered,0.5;-0.3,10,42,10,0,0,20,10,20,20,10,0,edgeCount
167,110,148,graphml/Interoute.graphml,2,,clustered,0.5;-0.3,-1,-1,-1,0,0,-1,0,-1,-1,0,0,edgeCount
166,110,148,graphml/Interoute.graphml,2,,clustered,0.5;-0.3,10,10,10,0,0,10,0,10,10,0,0,edgeCount
165,110,148,graphml/Interoute.graphml,2,,clustered,0.5;-0.3,6,12,6,0,2,12,6,12,12,6,2,edgeCount
164,110,148,graphml/Interoute.graphml,2,,clustered,0.5;-0.3,-1,-1,-1,0,0,-1,0,-1,-1,0,0,edgeCount
163,110,148,graphml/Interoute.graphml,2,,clustered,0.5;-0.3,12,12,12,0,2,12,0,12,12,0,2,edgeCount
162,110,148,graphml/Interoute.graphml,1,,clustered,0.5;-0.3,6,6,6,0,0,6,0,6,6,0,0,edgeCount
161,110,148,graphml/Interoute.graphml,2,,clustered,0.5;-0.3,44,14,12,32,0,-1,-13,-1,-1,-13,0,edgeCount
160,110,148,graphml/Interoute.graphml,2,,clustered,0.5;-0.3,12,8,6,6,2,8,2,8,8,2,2,edgeCount
159,110,148,graphml/Interoute.graphml,2,,clustered,0.5;-0.3,7,7,7,0,0,7,0,7,7,0,0,edgeCount
158,110,148,graphml/Interoute.graphml,2,,clustered,0.5;-0.3,-1,-1,-1,0,0,-1,0,-1,-1,0,0,edgeCount
157,110,148,graphml/Interoute.graphml,3,,clustered,0.5;-0.3,36,36,5,31,0,36,31,36,36,31,0,edgeCount
156,110,148,graphml/Interoute.graphml,2,,clustered,0.5;-0.3,-1,-1,-1,0,0,-1,0,-1,-1,0,0,edgeCount
155,110,148,graphml/Interoute.graphml,2,,clustered,0.5;-0.3,-1,-1,-1,0,0,-1,0,-1,-1,0,0,edgeCount
154,110,148,graphml/Interoute.graphml,2,,clustered,0.5;-0.3,26,26,11,15,0,26,15,26,26,15,0,edgeCount
153,110,148,graphml/Interoute.graphml,1,,clustered,0.5;-0.3,7,7,7,0,6,7,0,7,7,0,6,edgeCount
152,110,148,graphml/Interoute.graphml,3,,clustered,0.5;-0.3,11,47,11,0,0,31,20,27,27,16,0,edgeCount
151,110,148,graphml/Interoute.graphml,2,,clustered,0.5;-0.3,6,16,4,2,0,10,6,10,10,6,0,edgeCount
150,110,148,graphml/Interoute.graphml,2,,clustered,0.5;-0.3,11,11,11,0,0,11,0,11,11,0,0,edgeCount
149,110,148,graphml/Interoute.graphml,2,,clustered,0.5;-0.3,34,12,12,22,8,-1,-13,-1,-1,-13,8,edgeCount
148,110,148,graphml/Interoute.graphml,2,,clustered,0.5;-0.3,40,40,12,28,2,28,16,28,28,16,2,edgeCount
147,110,148,graphml/Interoute.graphml,4,,clustered,0.5;-0.3,6,43,5,1,2,14,9,5,5,0,2,edgeCount
146,110,148,graphml/Interoute.graphml,2,,clustered,0.5;-0.3,-1,-1,-1,0,0,-1,0,-1,-1,0,0,edgeCount
145,110,148,graphml/Interoute.graphml,1,,clustered,0.5;-0.3,28,21,14,14,4,-1,-15,28,21,14,4,edgeCount
144,110,148,graphml/Interoute.graphml,1,,clustered,0.5;-0.3,-1,-1,-1,0,6,-1,0,-1,-1,0,6,edgeCount
143,110,148,graphml/Interoute.graphml,2,,clustered,0.5;-0.3,34,10,10,24,4,10,0,10,10,0,4,edgeCount
142,110,148,graphml/Interoute.graphml,1,,clustered,0.5;-0.3,8,8,8,0,0,8,0,8,8,0,0,edgeCount
141,110,148,graphml/Interoute.graphml,2,,clustered,0.5;-0.3,15,8,8,7,0,8,0,8,8,0,0,edgeCount
140,110,148,graphml/Interoute.graphml,2,,clustered,0.5;-0.3,32,32,11,21,0,32,21,32,32,21,0,edgeCount
139,110,148,graphml/Interoute.graphml,2,,clustered,0.5;-0.3,45,11,11,34,2,11,0,11,11,0,2,edgeCount
138,110,148,graphml/Interoute.graphml,1,,clustered,0.5;-0.3,9,9,9,0,2,9,0,9,9,0,2,edgeCount
137,110,148,graphml/Interoute.graphml,2,,clustered,0.5;-0.3,12,12,11,1,0,35,24,35,35,24,0,edgeCount
136,110,148,graphml/Interoute.graphml,2,,clustered,0.5;-0.3,30,30,11,19,0,30,19,30,30,19,0,edgeCount
135,110,148,graphml/Interoute.graphml,2,,clustered,0.5;-0.3,18,19,4,14,0,4,0,4,4,0,0,edgeCount
134,110,148,graphml/Interoute.graphml,2,,clustered,0.5;-0.3,-1,-1,-1,0,0,-1,0,-1,-1,0,0,edgeCount
133,110,148,graphml/Interoute.graphml,2,,clustered,0.5;-0.3,-1,-1,-1,0,0,-1,0,-1,-1,0,0,edgeCount
132,110,148,graphml/Interoute.graphml,1,,clustered,0.5;-0.3,10,10,10,0,2,10,0,10,10,0,2,edgeCount
131,110,148,graphml/Interoute.graphml,2,,clustered,0.5;-0.3,-1,-1,18,-19,0,-1,-19,-1,-1,-19,0,edgeCount
130,110,148,graphml/Interoute.graphml,2,,clustered,0.5;-0.3,-1,-1,-1,0,4,-1,0,-1,-1,0,4,edgeCount
129,110,148,graphml/Interoute.graphml,2,,clustered,0.5;-0.3,36,36,12,24,0,36,24,36,36,24,0,edgeCount
128,110,148,graphml/Interoute.graphml,1,,clustered,0.5;-0.3,7,7,7,0,2,7,0,7,7,0,2,edgeCount
127,110,148,graphml/Interoute.graphml,3,,clustered,0.5;-0.3,60,33,9,51,4,30,21,30,31,21,4,edgeCount
126,110,148,graphml/Interoute.graphml,2,,clustered,0.5;-0.3,8,8,8,0,0,8,0,8,8,0,0,edgeCount
125,110,148,graphml/Interoute.graphml,2,,clustered,0.5;-0.3,39,19,11,28,2,11,0,39,19,28,2,edgeCount
124,110,148,graphml/Interoute.graphml,3,,clustered,0.5;-0.3,14,14,12,2,0,14,2,14,14,2,0,edgeCount
123,110,148,graphml/Interoute.graphml,2,,clustered,0.5;-0.3,32,32,12,20,0,32,20,32,32,20,0,edgeCount
122,110,148,graphml/Interoute.graphml,2,,clustered,0.5;-0.3,9,9,9,0,0,9,0,9,9,0,0,edgeCount
121,110,148,graphml/Interoute.graphml,2,,clustered,0.5;-0.3,11,5,5,6,4,-1,-6,5,37,0,4,edgeCount
120,110,148,graphml/Interoute.graphml,2,,clustered,0.5;-0.3,21,21,7,14,0,21,14,21,21,14,0,edgeCount
119,110,148,graphml/Interoute.graphml,2,,clustered,0.5;-0.3,35,35,13,22,0,33,20,33,33,20,0,edgeCount
118,110,148,graphml/Interoute.graphml,2,,clustered,0.5;-0.3,34,34,15,19,0,34,19,34,34,19,0,edgeCount
117,110,148,graphml/Interoute.graphml,2,,clustered,0.5;-0.3,10,10,8,2,0,-1,-9,-1,-1,-9,0,edgeCount
116,110,148,graphml/Interoute.graphml,2,,clustered,0.5;-0.3,25,25,12,13,2,25,13,25,25,13,2,edgeCount
115,110,148,graphml/Interoute.graphml,2,,clustered,0.5;-0.3,8,8,7,1,0,8,1,8,8,1,0,edgeCount
114,110,148,graphml/Interoute.graphml,2,,clustered,0.5;-0.3,-1,-1,-1,0,0,-1,0,-1,-1,0,0,edgeCount
113,110,148,graphml/Interoute.graphml,2,,clustered,0.5;-0.3,11,25,7,4,2,9,2,9,9,2,2,edgeCount
112,110,148,graphml/Interoute.graphml,2,,clustered,0.5;-0.3,-1,-1,10,-11,0,-1,-11,-1,-1,-11,0,edgeCount
111,110,148,graphml/Interoute.graphml,2,,clustered,0.5;-0.3,13,13,12,1,2,13,1,13,13,1,2,edgeCount
110,110,148,graphml/Interoute.graphml,2,,clustered,0.5;-0.3,45,45,14,31,0,45,31,45,45,31,0,edgeCount
109,110,148,graphml/Interoute.graphml,2,,clustered,0.5;-0.3,12,12,12,0,0,12,0,12,12,0,0,edgeCount
108,110,148,graphml/Interoute.graphml,2,,clustered,0.5;-0.3,16,15,12,4,4,15,3,16,15,4,4,edgeCount
107,110,148,graphml/Interoute.graphml,2,,clustered,0.5;-0.3,9,9,9,0,0,9,0,9,9,0,0,edgeCount
106,110,148,graphml/Interoute.graphml,3,,clustered,0.5;-0.3,47,25,5,42,2,5,0,5,5,0,2,edgeCount
105,110,148,graphml/Interoute.graphml,3,,clustered,0.5;-0.3,39,9,9,30,6,61,52,9,9,0,6,edgeCount
104,110,148,graphml/Interoute.graphml,2,,clustered,0.5;-0.3,14,14,13,1,0,14,1,14,14,1,0,edgeCount
103,110,148,graphml/Interoute.graphml,1,,clustered,0.5;-0.3,7,7,7,0,0,7,0,7,7,0,0,edgeCount
102,110,148,graphml/Interoute.graphml,2,,clustered,0.5;-0.3,15,15,9,6,0,15,6,15,15,6,0,edgeCount
101,110,148,graphml/Interoute.graphml,2,,clustered,0.5;-0.3,26,26,10,16,0,26,16,26,26,16,0,edgeCount
100,110,148,graphml/Interoute.graphml,2,,clustered,0.5;-0.3,28,28,13,15,0,28,15,28,28,15,0,edgeCount
99,110,148,graphml/Interoute.graphml,3,,clustered,0.5;-0.3,16,6,4,12,2,6,2,6,6,2,2,edgeCount
98,110,148,graphml/Interoute.graphml,2,,clustered,0.5;-0.3,-1,-1,-1,0,0,-1,0,-1,-1,0,0,edgeCount
97,110,148,graphml/Interoute.graphml,2,,clustered,0.5;-0.3,7,7,7,0,0,7,0,7,7,0,0,edgeCount
96,110,148,graphml/Interoute.graphml,2,,clustered,0.5;-0.3,37,11,11,26,4,-1,-12,11,11,0,4,edgeCount
95,110,148,graphml/Interoute.graphml,2,,clustered,0.5;-0.3,11,11,8,3,0,11,3,11,11,3,0,edgeCount
94,110,148,graphml/Interoute.graphml,2,,clustered,0.5;-0.3,24,24,9,15,2,24,15,24,24,15,2,edgeCount
93,110,148,graphml/Interoute.graphml,2,,clustered,0.5;-0.3,9,23,9,0,0,17,8,17,17,8,0,edgeCount
92,110,148,graphml/Interoute.graphml,2,,clustered,0.5;-0.3,24,36,6,18,0,6,0,6,6,0,0,edgeCount
91,110,148,graphml/Interoute.graphml,3,,clustered,0.5;-0.3,16,16,7,9,0,16,9,16,16,9,0,edgeCount
90,110,148,graphml/Interoute.graphml,2,,clustered,0.5;-0.3,8,10,5,3,0,12,7,12,12,7,0,edgeCount
89,110,148,graphml/Interoute.graphml,2,,clustered,0.5;-0.3,4,12,4,0,2,6,2,6,6,2,2,edgeCount
88,110,148,graphml/Interoute.graphml,2,,clustered,0.5;-0.3,9,30,7,2,2,17,10,17,28,10,2,edgeCount
87,110,148,graphml/Interoute.graphml,2,,clustered,0.5;-0.3,10,10,10,0,0,10,0,10,10,0,0,edgeCount
86,110,148,graphml/Interoute.graphml,2,,clustered,0.5;-0.3,9,9,9,0,0,9,0,9,9,0,0,edgeCount
85,110,148,graphml/Interoute.graphml,2,,clustered,0.5;-0.3,18,13,6,12,4,6,0,6,6,0,4,edgeCount
84,110,148,graphml/Interoute.graphml,2,,clustered,0.5;-0.3,9,3,3,6,2,3,0,3,3,0,2,edgeCount
83,110,148,graphml/Interoute.graphml,2,,clustered,0.5;-0.3,9,24,9,0,0,25,16,25,25,16,0,edgeCount
82,110,148,graphml/Interoute.graphml,2,,clustered,0.5;-0.3,40,40,9,31,0,40,31,40,40,31,0,edgeCount
81,110,148,graphml/Interoute.graphml,2,,clustered,0.5;-0.3,15,20,14,1,0,37,23,37,37,23,0,edgeCount
80,110,148,graphml/Interoute.graphml,2,,clustered,0.5;-0.3,30,10,10,20,0,10,0,10,10,0,0,edgeCount
79,110,148,graphml/Interoute.graphml,2,,clustered,0.5;-0.3,12,36,12,0,0,30,18,30,30,18,0,edgeCount
78,110,148,graphml/Interoute.graphml,2,,clustered,0.5;-0.3,-1,-1,-1,0,0,-1,0,-1,-1,0,0,edgeCount
77,110,148,graphml/Interoute.graphml,2,,clustered,0.5;-0.3,6,6,6,0,0,6,0,6,6,0,0,edgeCount
76,110,148,graphml/Interoute.graphml,2,,clustered,0.5;-0.3,-1,-1,-1,0,0,-1,0,-1,-1,0,0,edgeCount
75,110,148,graphml/Interoute.graphml,2,,clustered,0.5;-0.3,-1,-1,4,-5,0,-1,-5,-1,-1,-5,0,edgeCount
74,110,148,graphml/Interoute.graphml,2,,clustered,0.5;-0.3,11,11,11,0,0,11,0,11,11,0,0,edgeCount
73,110,148,graphml/Interoute.graphml,1,,clustered,0.5;-0.3,28,18,10,18,4,-1,-11,28,18,18,4,edgeCount
72,110,148,graphml/Interoute.graphml,3,,clustered,0.5;-0.3,3,3,3,0,2,3,0,3,3,0,2,edgeCount
71,110,148,graphml/Interoute.graphml,2,,clustered,0.5;-0.3,20,6,6,14,0,6,0,6,6,0,0,edgeCount
70,110,148,graphml/Interoute.graphml,1,,clustered,0.5;-0.3,-1,-1,11,-12,0,-1,-12,-1,-1,-12,0,edgeCount
69,110,148,graphml/Interoute.graphml,2,,clustered,0.5;-0.3,10,10,10,0,0,10,0,10,10,0,0,edgeCount
68,110,148,graphml/Interoute.graphml,2,,clustered,0.5;-0.3,36,10,10,26,0,10,0,10,10,0,0,edgeCount
67,110,148,graphml/Interoute.graphml,1,,clustered,0.5;-0.3,11,11,11,0,0,11,0,11,11,0,0,edgeCount
66,110,148,graphml/Interoute.graphml,3,,clustered,0.5;-0.3,5,2,2,3,2,9,7,2,2,0,2,edgeCount
65,110,148,graphml/Interoute.graphml,2,,clustered,0.5;-0.3,-1,-1,-1,0,2,-1,0,-1,-1,0,2,edgeCount
64,110,148,graphml/Interoute.graphml,2,,clustered,0.5;-0.3,-1,-1,15,-16,0,-1,-16,-1,-1,-16,0,edgeCount
63,110,148,graphml/Interoute.graphml,2,,clustered,0.5;-0.3,-1,-1,14,-15,0,-1,-15,-1,-1,-15,0,edgeCount
62,110,148,graphml/Interoute.graphml,2,,clustered,0.5;-0.3,19,42,13,6,0,41,28,41,41,28,0,edgeCount
61,110,148,graphml/Interoute.graphml,3,,clustered,0.5;-0.3,15,15,10,5,2,74,64,80,80,70,2,edgeCount
60,110,148,graphml/Interoute.graphml,2,,clustered,0.5;-0.3,23,5,5,18,6,5,0,5,5,0,6,edgeCount
59,110,148,graphml/Interoute.graphml,3,,clustered,0.5;-0.3,12,10,10,2,0,10,0,10,10,0,0,edgeCount
58,110,148,graphml/Interoute.graphml,2,,clustered,0.5;-0.3,12,48,10,2,4,22,12,22,46,12,4,edgeCount
57,110,148,graphml/Interoute.graphml,2,,clustered,0.5;-0.3,-1,-1,-1,0,0,-1,0,-1,-1,0,0,edgeCount
56,110,148,graphml/Interoute.graphml,1,,clustered,0.5;-0.3,10,10,10,0,0,10,0,10,10,0,0,edgeCount
55,110,148,graphml/Interoute.graphml,2,,clustered,0.5;-0.3,-1,-1,-1,0,0,-1,0,-1,-1,0,0,edgeCount
54,110,148,graphml/Interoute.graphml,2,,clustered,0.5;-0.3,20,21,11,9,0,32,21,32,32,21,0,edgeCount
53,110,148,graphml/Interoute.graphml,2,,clustered,0.5;-0.3,9,65,9,0,0,25,16,9,9,0,0,edgeCount
52,110,148,graphml/Interoute.graphml,2,,clustered,0.5;-0.3,32,34,8,24,4,-1,-9,30,20,22,4,edgeCount
51,110,148,graphml/Interoute.graphml,2,,clustered,0.5;-0.3,9,12,9,0,0,23,14,23,23,14,0,edgeCount
50,110,148,graphml/Interoute.graphml,2,,clustered,0.5;-0.3,38,16,12,26,2,12,0,38,16,26,2,edgeCount
49,110,148,graphml/Interoute.graphml,3,,clustered,0.5;-0.3,7,9,7,0,0,7,0,7,9,0,0,edgeCount
48,110,148,graphml/Interoute.graphml,2,,clustered,0.5;-0.3,41,41,13,28,0,41,28,41,41,28,0,edgeCount
47,110,148,graphml/Interoute.graphml,2,,clustered,0.5;-0.3,6,6,6,0,0,6,0,6,6,0,0,edgeCount
46,110,148,graphml/Interoute.graphml,1,,clustered,0.5;-0.3,7,7,7,0,0,7,0,7,7,0,0,edgeCount
45,110,148,graphml/Interoute.graphml,2,,clustered,0.5;-0.3,7,7,7,0,0,7,0,7,7,0,0,edgeCount
44,110,148,graphml/Interoute.graphml,1,,clustered,0.5;-0.3,14,14,14,0,2,14,0,14,14,0,2,edgeCount
43,110,148,graphml/Interoute.graphml,3,,clustered,0.5;-0.3,7,19,7,0,2,17,10,17,17,10,2,edgeCount
42,110,148,graphml/Interoute.graphml,2,,clustered,0.5;-0.3,9,12,8,1,0,17,9,17,17,9,0,edgeCount
41,110,148,graphml/Interoute.graphml,3,,clustered,0.5;-0.3,14,4,4,10,0,4,0,4,4,0,0,edgeCount
40,110,148,graphml/Interoute.graphml,2,,clustered,0.5;-0.3,-1,-1,-1,0,0,-1,0,-1,-1,0,0,edgeCount
39,110,148,graphml/Interoute.graphml,2,,clustered,0.5;-0.3,21,23,5,16,0,5,0,5,5,0,0,edgeCount
38,110,148,graphml/Interoute.graphml,2,,clustered,0.5;-0.3,7,18,5,2,0,15,10,15,15,10,0,edgeCount
37,110,148,graphml/Interoute.graphml,2,,clustered,0.5;-0.3,13,73,9,4,2,27,18,27,27,18,2,edgeCount
36,110,148,graphml/Interoute.graphml,2,,clustered,0.5;-0.3,42,42,12,30,0,42,30,42,42,30,0,edgeCount
35,110,148,graphml/Interoute.graphml,2,,clustered,0.5;-0.3,8,8,5,3,0,-1,-6,-1,-1,-6,0,edgeCount
34,110,148,graphml/Interoute.graphml,2,,clustered,0.5;-0.3,-1,-1,14,-15,4,-1,-15,42,52,28,4,edgeCount
33,110,148,graphml/Interoute.graphml,2,,clustered,0.5;-0.3,-1,-1,7,-8,0,-1,-8,-1,-1,-8,0,edgeCount
32,110,148,graphml/Interoute.graphml,2,,clustered,0.5;-0.3,7,7,7,0,0,7,0,7,7,0,0,edgeCount
31,110,148,graphml/Interoute.graphml,2,,clustered,0.5;-0.3,20,36,4,16,4,4,0,4,4,0,4,edgeCount
30,110,148,graphml/Interoute.graphml,2,,clustered,0.5;-0.3,15,47,15,0,0,41,26,41,41,26,0,edgeCount
29,110,148,graphml/Interoute.graphml,2,,clustered,0.5;-0.3,4,4,4,0,2,4,0,4,4,0,2,edgeCount
28,110,148,graphml/Interoute.graphml,3,,clustered,0.5;-0.3,-1,-1,-1,0,0,-1,0,-1,-1,0,0,edgeCount
27,110,148,graphml/Interoute.graphml,1,,clustered,0.5;-0.3,-1,-1,-1,0,2,-1,0,-1,-1,0,2,edgeCount
26,110,148,graphml/Interoute.graphml,2,,clustered,0.5;-0.3,10,10,10,0,0,10,0,10,10,0,0,edgeCount
25,110,148,graphml/Interoute.graphml,2,,clustered,0.5;-0.3,57,23,10,47,4,-1,-11,41,35,31,4,edgeCount
24,110,148,graphml/Interoute.graphml,2,,clustered,0.5;-0.3,11,21,7,4,2,7,0,11,21,4,2,edgeCount
23,110,148,graphml/Interoute.graphml,2,,clustered,0.5;-0.3,12,12,12,0,0,12,0,12,12,0,0,edgeCount
22,110,148,graphml/Interoute.graphml,1,,clustered,0.5;-0.3,10,15,10,0,8,10,0,10,15,0,8,edgeCount
21,110,148,graphml/Interoute.graphml,2,,clustered,0.5;-0.3,41,41,9,32,0,41,32,41,41,32,0,edgeCount
20,110,148,graphml/Interoute.graphml,2,,clustered,0.5;-0.3,6,4,4,2,4,-1,-5,15,13,11,4,edgeCount
19,110,148,graphml/Interoute.graphml,2,,clustered,0.5;-0.3,28,10,9,19,2,10,1,10,10,1,2,edgeCount
18,110,148,graphml/Interoute.graphml,2,,clustered,0.5;-0.3,-1,-1,-1,0,0,-1,0,-1,-1,0,0,edgeCount
17,110,148,graphml/Interoute.graphml,2,,clustered,0.5;-0.3,9,23,8,1,0,21,13,21,21,13,0,edgeCount
16,110,148,graphml/Interoute.graphml,2,,clustered,0.5;-0.3,-1,-1,-1,0,0,-1,0,-1,-1,0,0,edgeCount
15,110,148,graphml/Interoute.graphml,3,,clustered,0.5;-0.3,45,45,17,28,0,45,28,45,45,28,0,edgeCount
14,110,148,graphml/Interoute.graphml,3,,clustered,0.5;-0.3,31,31,9,22,0,31,22,31,31,22,0,edgeCount
13,110,148,graphml/Interoute.graphml,2,,clustered,0.5;-0.3,11,23,10,1,4,27,17,27,27,17,4,edgeCount
12,110,148,graphml/Interoute.graphml,1,,clustered,0.5;-0.3,14,14,14,0,0,14,0,14,14,0,0,edgeCount
11,110,148,graphml/Interoute.graphml,2,,clustered,0.5;-0.3,4,4,4,0,0,6,2,6,6,2,0,edgeCount
10,110,148,graphml/Interoute.graphml,3,,clustered,0.5;-0.3,12,12,5,7,6,-1,-6,12,12,7,6,edgeCount
9,110,148,graphml/Interoute.graphml,2,,clustered,0.5;-0.3,11,11,11,0,0,11,0,11,11,0,0,edgeCount
8,110,148,graphml/Interoute.graphml,2,,clustered,0.5;-0.3,18,28,7,11,4,-1,-8,18,28,11,4,edgeCount
7,110,148,graphml/Interoute.graphml,2,,clustered,0.5;-0.3,26,26,8,18,2,26,18,26,26,18,2,edgeCount
6,110,148,graphml/Interoute.graphml,2,,clustered,0.5;-0.3,33,9,9,24,2,9,0,9,9,0,2,edgeCount
5,110,148,graphml/Interoute.graphml,2,,clustered,0.5;-0.3,12,12,11,1,0,12,1,12,12,1,0,edgeCount
4,110,148,graphml/Interoute.graphml,2,,clustered,0.5;-0.3,26,26,10,16,0,26,16,26,26,16,0,edgeCount
3,110,148,graphml/Interoute.graphml,2,,clustered,0.5;-0.3,59,21,7,52,4,-1,-8,44,44,37,4,edgeCount
2,110,148,graphml/Interoute.graphml,1,,clustered,0.5;-0.3,32,16,11,21,2,-1,-12,32,16,21,2,edgeCount
1,110,148,graphml/Interoute.graphml,2,,clustered,0.5;-0.3,11,11,5,6,0,9,4,9,9,4,0,edgeCount
