rep,nrNodes,nrEdges,edgeProb,nrPaths,nrFails,failureModel,failurePercent,hopsRanked,hopsUnranked,spLength,stretch_mult,nodeAdditions,hopsPath,stretch_path,hopsRankedOne,hopsUnrankedOne,stretch_one,overallNodeAdditionsOne,treeChoice
1000,110,148,graphml/Interoute.graphml,2,,clustered,0.7;-0.3,22,22,16,6,0,22,6,22,22,6,0,edgeCount
999,110,148,graphml/Interoute.graphml,2,,clustered,0.7;-0.3,-1,-1,12,-13,2,-1,-13,-1,-1,-13,2,edgeCount
998,110,148,graphml/Interoute.graphml,2,,clustered,0.7;-0.3,-1,-1,-1,0,0,-1,0,-1,-1,0,0,edgeCount
997,110,148,graphml/Interoute.graphml,2,,clustered,0.7;-0.3,-1,-1,-1,0,0,-1,0,-1,-1,0,0,edgeCount
996,110,148,graphml/Interoute.graphml,2,,clustered,0.7;-0.3,-1,-1,-1,0,0,-1,0,-1,-1,0,0,edgeCount
995,110,148,graphml/Interoute.graphml,2,,clustered,0.7;-0.3,37,55,9,28,2,9,0,9,9,0,2,edgeCount
994,110,148,graphml/Interoute.graphml,2,,clustered,0.7;-0.3,-1,-1,-1,0,0,-1,0,-1,-1,0,0,edgeCount
993,110,148,graphml/Interoute.graphml,2,,clustered,0.7;-0.3,20,20,7,13,0,20,13,20,20,13,0,edgeCount
992,110,148,graphml/Interoute.graphml,2,,clustered,0.7;-0.3,-1,-1,-1,0,0,-1,0,-1,-1,0,0,edgeCount
991,110,148,graphml/Interoute.graphml,2,,clustered,0.7;-0.3,-1,-1,-1,0,0,-1,0,-1,-1,0,0,edgeCount
990,110,148,graphml/Interoute.graphml,2,,clustered,0.7;-0.3,58,28,17,41,0,-1,-18,-1,-1,-18,0,edgeCount
989,110,148,graphml/Interoute.graphml,2,,clustered,0.7;-0.3,-1,-1,-1,0,0,-1,0,-1,-1,0,0,edgeCount
988,110,148,graphml/Interoute.graphml,2,,clustered,0.7;-0.3,-1,-1,-1,0,2,-1,0,-1,-1,0,2,edgeCount
987,110,148,graphml/Interoute.graphml,2,,clustered,0.7;-0.3,16,54,12,4,0,32,20,32,32,20,0,edgeCount
986,110,148,graphml/Interoute.graphml,1,,clustered,0.7;-0.3,-1,-1,-1,0,2,-1,0,-1,-1,0,2,edgeCount
985,110,148,graphml/Interoute.graphml,2,,clustered,0.7;-0.3,-1,-1,-1,0,0,-1,0,-1,-1,0,0,edgeCount
984,110,148,graphml/Interoute.graphml,2,,clustered,0.7;-0.3,-1,-1,-1,0,0,-1,0,-1,-1,0,0,edgeCount
983,110,148,graphml/Interoute.graphml,2,,clustered,0.7;-0.3,-1,-1,-1,0,0,-1,0,-1,-1,0,0,edgeCount
982,110,148,graphml/Interoute.graphml,2,,clustered,0.7;-0.3,-1,-1,-1,0,0,-1,0,-1,-1,0,0,edgeCount
981,110,148,graphml/Interoute.graphml,2,,clustered,0.7;-0.3,-1,-1,-1,0,0,-1,0,-1,-1,0,0,edgeCount
980,110,148,graphml/Interoute.graphml,1,,clustered,0.7;-0.3,-1,-1,-1,0,0,-1,0,-1,-1,0,0,edgeCount
979,110,148,graphml/Interoute.graphml,2,,clustered,0.7;-0.3,8,8,8,0,0,8,0,8,8,0,0,edgeCount
978,110,148,graphml/Interoute.graphml,2,,clustered,0.7;-0.3,40,20,10,30,4,-1,-11,42,42,32,4,edgeCount
977,110,148,graphml/Interoute.graphml,2,,clustered,0.7;-0.3,30,12,11,19,2,-1,-12,-1,-1,-12,2,edgeCount
976,110,148,graphml/Interoute.graphml,2,,clustered,0.7;-0.3,-1,-1,7,-8,0,-1,-8,-1,-1,-8,0,edgeCount
975,110,148,graphml/Interoute.graphml,2,,clustered,0.7;-0.3,37,37,13,24,0,15,2,15,37,2,0,edgeCount
974,110,148,graphml/Interoute.graphml,2,,clustered,0.7;-0.3,10,18,7,3,4,16,9,18,18,11,4,edgeCount
973,110,148,graphml/Interoute.graphml,2,,clustered,0.7;-0.3,-1,-1,-1,0,2,-1,0,-1,-1,0,2,edgeCount
972,110,148,graphml/Interoute.graphml,2,,clustered,0.7;-0.3,-1,-1,-1,0,0,-1,0,-1,-1,0,0,edgeCount
971,110,148,graphml/Interoute.graphml,2,,clustered,0.7;-0.3,-1,-1,-1,0,0,-1,0,-1,-1,0,0,edgeCount
970,110,148,graphml/Interoute.graphml,2,,clustered,0.7;-0.3,-1,-1,-1,0,0,-1,0,-1,-1,0,0,edgeCount
969,110,148,graphml/Interoute.graphml,2,,clustered,0.7;-0.3,-1,-1,11,-12,0,-1,-12,-1,-1,-12,0,edgeCount
968,110,148,graphml/Interoute.graphml,2,,clustered,0.7;-0.3,14,14,13,1,0,14,1,14,14,1,0,edgeCount
967,110,148,graphml/Interoute.graphml,2,,clustered,0.7;-0.3,-1,-1,-1,0,0,-1,0,-1,-1,0,0,edgeCount
966,110,148,graphml/Interoute.graphml,1,,clustered,0.7;-0.3,-1,-1,-1,0,2,-1,0,-1,-1,0,2,edgeCount
965,110,148,graphml/Interoute.graphml,2,,clustered,0.7;-0.3,29,19,11,18,0,-1,-12,-1,-1,-12,0,edgeCount
964,110,148,graphml/Interoute.graphml,2,,clustered,0.7;-0.3,8,32,5,3,0,8,3,8,8,3,0,edgeCount
963,110,148,graphml/Interoute.graphml,2,,clustered,0.7;-0.3,-1,-1,-1,0,0,-1,0,-1,-1,0,0,edgeCount
962,110,148,graphml/Interoute.graphml,2,,clustered,0.7;-0.3,-1,-1,-1,0,0,-1,0,-1,-1,0,0,edgeCount
961,110,148,graphml/Interoute.graphml,2,,clustered,0.7;-0.3,58,20,12,46,0,-1,-13,-1,-1,-13,0,edgeCount
960,110,148,graphml/Interoute.graphml,2,,clustered,0.7;-0.3,-1,-1,6,-7,0,-1,-7,-1,-1,-7,0,edgeCount
959,110,148,graphml/Interoute.graphml,2,,clustered,0.7;-0.3,-1,-1,6,-7,0,-1,-7,-1,-1,-7,0,edgeCount
958,110,148,graphml/Interoute.graphml,1,,clustered,0.7;-0.3,32,18,14,18,4,-1,-15,32,18,18,4,edgeCount
957,110,148,graphml/Interoute.graphml,2,,clustered,0.7;-0.3,-1,-1,9,-10,2,-1,-10,-1,-1,-10,2,edgeCount
956,110,148,graphml/Interoute.graphml,2,,clustered,0.7;-0.3,44,26,11,33,2,-1,-12,-1,-1,-12,2,edgeCount
955,110,148,graphml/Interoute.graphml,1,,clustered,0.7;-0.3,-1,-1,-1,0,0,-1,0,-1,-1,0,0,edgeCount
954,110,148,graphml/Interoute.graphml,2,,clustered,0.7;-0.3,18,26,13,5,0,46,33,46,46,33,0,edgeCount
953,110,148,graphml/Interoute.graphml,2,,clustered,0.7;-0.3,12,44,12,0,0,24,12,24,24,12,0,edgeCount
952,110,148,graphml/Interoute.graphml,3,,clustered,0.7;-0.3,38,4,4,34,2,4,0,4,4,0,2,edgeCount
951,110,148,graphml/Interoute.graphml,3,,clustered,0.7;-0.3,9,3,3,6,2,3,0,3,3,0,2,edgeCount
950,110,148,graphml/Interoute.graphml,1,,clustered,0.7;-0.3,-1,-1,9,-10,0,-1,-10,-1,-1,-10,0,edgeCount
949,110,148,graphml/Interoute.graphml,1,,clustered,0.7;-0.3,-1,-1,-1,0,2,-1,0,-1,-1,0,2,edgeCount
948,110,148,graphml/Interoute.graphml,3,,clustered,0.7;-0.3,10,90,6,4,4,30,24,32,32,26,4,edgeCount
947,110,148,graphml/Interoute.graphml,1,,clustered,0.7;-0.3,11,11,11,0,2,11,0,11,11,0,2,edgeCount
946,110,148,graphml/Interoute.graphml,3,,clustered,0.7;-0.3,-1,-1,-1,0,0,-1,0,-1,-1,0,0,edgeCount
945,110,148,graphml/Interoute.graphml,2,,clustered,0.7;-0.3,-1,-1,-1,0,0,-1,0,-1,-1,0,0,edgeCount
944,110,148,graphml/Interoute.graphml,2,,clustered,0.7;-0.3,13,43,13,0,0,-1,-14,-1,-1,-14,0,edgeCount
943,110,148,graphml/Interoute.graphml,2,,clustered,0.7;-0.3,-1,-1,15,-16,4,-1,-16,28,28,13,4,edgeCount
942,110,148,graphml/Interoute.graphml,2,,clustered,0.7;-0.3,-1,-1,-1,0,2,-1,0,-1,-1,0,2,edgeCount
941,110,148,graphml/Interoute.graphml,3,,clustered,0.7;-0.3,-1,-1,-1,0,0,-1,0,-1,-1,0,0,edgeCount
940,110,148,graphml/Interoute.graphml,2,,clustered,0.7;-0.3,-1,-1,-1,0,0,-1,0,-1,-1,0,0,edgeCount
939,110,148,graphml/Interoute.graphml,2,,clustered,0.7;-0.3,2,2,2,0,0,2,0,2,2,0,0,edgeCount
938,110,148,graphml/Interoute.graphml,2,,clustered,0.7;-0.3,-1,-1,-1,0,0,-1,0,-1,-1,0,0,edgeCount
937,110,148,graphml/Interoute.graphml,2,,clustered,0.7;-0.3,12,12,10,2,0,12,2,12,12,2,0,edgeCount
936,110,148,graphml/Interoute.graphml,1,,clustered,0.7;-0.3,-1,-1,-1,0,0,-1,0,-1,-1,0,0,edgeCount
935,110,148,graphml/Interoute.graphml,2,,clustered,0.7;-0.3,-1,-1,-1,0,0,-1,0,-1,-1,0,0,edgeCount
934,110,148,graphml/Interoute.graphml,2,,clustered,0.7;-0.3,15,49,11,4,0,39,28,39,39,28,0,edgeCount
933,110,148,graphml/Interoute.graphml,2,,clustered,0.7;-0.3,-1,-1,-1,0,0,-1,0,-1,-1,0,0,edgeCount
932,110,148,graphml/Interoute.graphml,2,,clustered,0.7;-0.3,-1,-1,-1,0,0,-1,0,-1,-1,0,0,edgeCount
931,110,148,graphml/Interoute.graphml,2,,clustered,0.7;-0.3,13,13,9,4,0,13,4,13,13,4,0,edgeCount
930,110,148,graphml/Interoute.graphml,2,,clustered,0.7;-0.3,15,15,13,2,0,15,2,15,15,2,0,edgeCount
929,110,148,graphml/Interoute.graphml,2,,clustered,0.7;-0.3,-1,-1,12,-13,2,-1,-13,-1,-1,-13,2,edgeCount
928,110,148,graphml/Interoute.graphml,3,,clustered,0.7;-0.3,-1,-1,-1,0,0,-1,0,-1,-1,0,0,edgeCount
927,110,148,graphml/Interoute.graphml,3,,clustered,0.7;-0.3,-1,-1,-1,0,2,-1,0,-1,-1,0,2,edgeCount
926,110,148,graphml/Interoute.graphml,2,,clustered,0.7;-0.3,3,3,3,0,0,5,2,3,5,0,0,edgeCount
925,110,148,graphml/Interoute.graphml,2,,clustered,0.7;-0.3,41,41,15,26,0,41,26,41,41,26,0,edgeCount
924,110,148,graphml/Interoute.graphml,2,,clustered,0.7;-0.3,18,18,11,7,0,18,7,18,18,7,0,edgeCount
923,110,148,graphml/Interoute.graphml,2,,clustered,0.7;-0.3,-1,-1,-1,0,0,-1,0,-1,-1,0,0,edgeCount
922,110,148,graphml/Interoute.graphml,2,,clustered,0.7;-0.3,11,35,10,1,0,17,7,17,17,7,0,edgeCount
921,110,148,graphml/Interoute.graphml,2,,clustered,0.7;-0.3,-1,-1,-1,0,2,-1,0,-1,-1,0,2,edgeCount
920,110,148,graphml/Interoute.graphml,2,,clustered,0.7;-0.3,-1,-1,-1,0,4,-1,0,-1,-1,0,4,edgeCount
919,110,148,graphml/Interoute.graphml,2,,clustered,0.7;-0.3,-1,-1,-1,0,2,-1,0,-1,-1,0,2,edgeCount
918,110,148,graphml/Interoute.graphml,2,,clustered,0.7;-0.3,5,5,5,0,0,5,0,5,5,0,0,edgeCount
917,110,148,graphml/Interoute.graphml,2,,clustered,0.7;-0.3,-1,-1,-1,0,2,-1,0,-1,-1,0,2,edgeCount
916,110,148,graphml/Interoute.graphml,1,,clustered,0.7;-0.3,-1,-1,-1,0,4,-1,0,-1,-1,0,4,edgeCount
915,110,148,graphml/Interoute.graphml,2,,clustered,0.7;-0.3,-1,-1,-1,0,0,-1,0,-1,-1,0,0,edgeCount
914,110,148,graphml/Interoute.graphml,1,,clustered,0.7;-0.3,-1,-1,-1,0,4,-1,0,-1,-1,0,4,edgeCount
913,110,148,graphml/Interoute.graphml,1,,clustered,0.7;-0.3,-1,-1,4,-5,0,-1,-5,-1,-1,-5,0,edgeCount
912,110,148,graphml/Interoute.graphml,2,,clustered,0.7;-0.3,9,9,7,2,0,9,2,9,9,2,0,edgeCount
911,110,148,graphml/Interoute.graphml,2,,clustered,0.7;-0.3,15,45,13,2,0,35,22,35,35,22,0,edgeCount
910,110,148,graphml/Interoute.graphml,1,,clustered,0.7;-0.3,-1,-1,12,-13,0,-1,-13,-1,-1,-13,0,edgeCount
909,110,148,graphml/Interoute.graphml,2,,clustered,0.7;-0.3,27,27,9,18,0,27,18,27,27,18,0,edgeCount
908,110,148,graphml/Interoute.graphml,1,,clustered,0.7;-0.3,-1,-1,-1,0,0,-1,0,-1,-1,0,0,edgeCount
907,110,148,graphml/Interoute.graphml,2,,clustered,0.7;-0.3,18,32,4,14,2,4,0,4,4,0,2,edgeCount
906,110,148,graphml/Interoute.graphml,2,,clustered,0.7;-0.3,-1,-1,-1,0,0,-1,0,-1,-1,0,0,edgeCount
905,110,148,graphml/Interoute.graphml,2,,clustered,0.7;-0.3,2,2,2,0,0,2,0,2,2,0,0,edgeCount
904,110,148,graphml/Interoute.graphml,2,,clustered,0.7;-0.3,5,23,5,0,4,11,6,11,43,6,4,edgeCount
903,110,148,graphml/Interoute.graphml,2,,clustered,0.7;-0.3,5,5,3,2,0,5,2,5,5,2,0,edgeCount
902,110,148,graphml/Interoute.graphml,2,,clustered,0.7;-0.3,11,47,7,4,0,19,12,19,19,12,0,edgeCount
901,110,148,graphml/Interoute.graphml,3,,clustered,0.7;-0.3,-1,-1,-1,0,0,-1,0,-1,-1,0,0,edgeCount
900,110,148,graphml/Interoute.graphml,2,,clustered,0.7;-0.3,15,55,9,6,0,35,26,35,35,26,0,edgeCount
899,110,148,graphml/Interoute.graphml,1,,clustered,0.7;-0.3,13,13,13,0,0,13,0,13,13,0,0,edgeCount
898,110,148,graphml/Interoute.graphml,2,,clustered,0.7;-0.3,30,26,9,21,2,-1,-10,34,34,25,2,edgeCount
897,110,148,graphml/Interoute.graphml,2,,clustered,0.7;-0.3,-1,-1,-1,0,2,-1,0,-1,-1,0,2,edgeCount
896,110,148,graphml/Interoute.graphml,2,,clustered,0.7;-0.3,-1,-1,-1,0,0,-1,0,-1,-1,0,0,edgeCount
895,110,148,graphml/Interoute.graphml,2,,clustered,0.7;-0.3,-1,-1,-1,0,2,-1,0,-1,-1,0,2,edgeCount
894,110,148,graphml/Interoute.graphml,2,,clustered,0.7;-0.3,-1,-1,-1,0,0,-1,0,-1,-1,0,0,edgeCount
893,110,148,graphml/Interoute.graphml,2,,clustered,0.7;-0.3,-1,-1,11,-12,0,-1,-12,-1,-1,-12,0,edgeCount
892,110,148,graphml/Interoute.graphml,2,,clustered,0.7;-0.3,12,12,12,0,0,12,0,12,12,0,0,edgeCount
891,110,148,graphml/Interoute.graphml,2,,clustered,0.7;-0.3,-1,-1,-1,0,0,-1,0,-1,-1,0,0,edgeCount
890,110,148,graphml/Interoute.graphml,1,,clustered,0.7;-0.3,18,38,10,8,6,-1,-11,18,38,8,6,edgeCount
889,110,148,graphml/Interoute.graphml,2,,clustered,0.7;-0.3,-1,-1,-1,0,0,-1,0,-1,-1,0,0,edgeCount
888,110,148,graphml/Interoute.graphml,2,,clustered,0.7;-0.3,13,13,9,4,0,13,4,13,13,4,0,edgeCount
887,110,148,graphml/Interoute.graphml,2,,clustered,0.7;-0.3,-1,-1,-1,0,0,-1,0,-1,-1,0,0,edgeCount
886,110,148,graphml/Interoute.graphml,2,,clustered,0.7;-0.3,-1,-1,-1,0,0,-1,0,-1,-1,0,0,edgeCount
885,110,148,graphml/Interoute.graphml,2,,clustered,0.7;-0.3,-1,-1,-1,0,0,-1,0,-1,-1,0,0,edgeCount
884,110,148,graphml/Interoute.graphml,2,,clustered,0.7;-0.3,-1,-1,-1,0,4,-1,0,-1,-1,0,4,edgeCount
883,110,148,graphml/Interoute.graphml,2,,clustered,0.7;-0.3,5,25,5,0,4,9,4,9,45,4,4,edgeCount
882,110,148,graphml/Interoute.graphml,2,,clustered,0.7;-0.3,-1,-1,-1,0,0,-1,0,-1,-1,0,0,edgeCount
881,110,148,graphml/Interoute.graphml,2,,clustered,0.7;-0.3,49,29,14,35,0,15,1,15,15,1,0,edgeCount
880,110,148,graphml/Interoute.graphml,1,,clustered,0.7;-0.3,-1,-1,-1,0,0,-1,0,-1,-1,0,0,edgeCount
879,110,148,graphml/Interoute.graphml,3,,clustered,0.7;-0.3,4,4,4,0,0,4,0,4,4,0,0,edgeCount
878,110,148,graphml/Interoute.graphml,3,,clustered,0.7;-0.3,55,19,15,40,2,-1,-16,-1,-1,-16,2,edgeCount
877,110,148,graphml/Interoute.graphml,2,,clustered,0.7;-0.3,-1,-1,-1,0,4,-1,0,-1,-1,0,4,edgeCount
876,110,148,graphml/Interoute.graphml,2,,clustered,0.7;-0.3,-1,-1,-1,0,0,-1,0,-1,-1,0,0,edgeCount
875,110,148,graphml/Interoute.graphml,1,,clustered,0.7;-0.3,-1,-1,-1,0,2,-1,0,-1,-1,0,2,edgeCount
874,110,148,graphml/Interoute.graphml,2,,clustered,0.7;-0.3,-1,-1,-1,0,0,-1,0,-1,-1,0,0,edgeCount
873,110,148,graphml/Interoute.graphml,2,,clustered,0.7;-0.3,-1,-1,-1,0,0,-1,0,-1,-1,0,0,edgeCount
872,110,148,graphml/Interoute.graphml,2,,clustered,0.7;-0.3,50,12,12,38,2,-1,-13,41,33,29,2,edgeCount
871,110,148,graphml/Interoute.graphml,2,,clustered,0.7;-0.3,-1,-1,9,-10,0,-1,-10,-1,-1,-10,0,edgeCount
870,110,148,graphml/Interoute.graphml,3,,clustered,0.7;-0.3,-1,-1,-1,0,0,-1,0,-1,-1,0,0,edgeCount
869,110,148,graphml/Interoute.graphml,2,,clustered,0.7;-0.3,-1,-1,-1,0,0,-1,0,-1,-1,0,0,edgeCount
868,110,148,graphml/Interoute.graphml,1,,clustered,0.7;-0.3,-1,-1,-1,0,2,-1,0,-1,-1,0,2,edgeCount
867,110,148,graphml/Interoute.graphml,2,,clustered,0.7;-0.3,-1,-1,-1,0,0,-1,0,-1,-1,0,0,edgeCount
866,110,148,graphml/Interoute.graphml,2,,clustered,0.7;-0.3,-1,-1,-1,0,2,-1,0,-1,-1,0,2,edgeCount
865,110,148,graphml/Interoute.graphml,2,,clustered,0.7;-0.3,51,19,13,38,0,-1,-14,-1,-1,-14,0,edgeCount
864,110,148,graphml/Interoute.graphml,2,,clustered,0.7;-0.3,-1,-1,-1,0,0,-1,0,-1,-1,0,0,edgeCount
863,110,148,graphml/Interoute.graphml,2,,clustered,0.7;-0.3,-1,-1,-1,0,0,-1,0,-1,-1,0,0,edgeCount
862,110,148,graphml/Interoute.graphml,2,,clustered,0.7;-0.3,19,19,11,8,0,19,8,19,19,8,0,edgeCount
861,110,148,graphml/Interoute.graphml,2,,clustered,0.7;-0.3,-1,-1,14,-15,0,-1,-15,-1,-1,-15,0,edgeCount
860,110,148,graphml/Interoute.graphml,2,,clustered,0.7;-0.3,33,23,9,24,2,9,0,9,9,0,2,edgeCount
859,110,148,graphml/Interoute.graphml,2,,clustered,0.7;-0.3,-1,-1,-1,0,0,-1,0,-1,-1,0,0,edgeCount
858,110,148,graphml/Interoute.graphml,1,,clustered,0.7;-0.3,-1,-1,-1,0,0,-1,0,-1,-1,0,0,edgeCount
857,110,148,graphml/Interoute.graphml,2,,clustered,0.7;-0.3,-1,-1,-1,0,2,-1,0,-1,-1,0,2,edgeCount
856,110,148,graphml/Interoute.graphml,2,,clustered,0.7;-0.3,-1,-1,-1,0,0,-1,0,-1,-1,0,0,edgeCount
855,110,148,graphml/Interoute.graphml,1,,clustered,0.7;-0.3,-1,-1,-1,0,0,-1,0,-1,-1,0,0,edgeCount
854,110,148,graphml/Interoute.graphml,2,,clustered,0.7;-0.3,44,44,15,29,0,-1,-16,-1,-1,-16,0,edgeCount
853,110,148,graphml/Interoute.graphml,2,,clustered,0.7;-0.3,-1,-1,-1,0,2,-1,0,-1,-1,0,2,edgeCount
852,110,148,graphml/Interoute.graphml,2,,clustered,0.7;-0.3,-1,-1,-1,0,2,-1,0,-1,-1,0,2,edgeCount
851,110,148,graphml/Interoute.graphml,2,,clustered,0.7;-0.3,46,18,12,34,4,-1,-13,-1,-1,-13,4,edgeCount
850,110,148,graphml/Interoute.graphml,2,,clustered,0.7;-0.3,-1,-1,9,-10,0,-1,-10,-1,-1,-10,0,edgeCount
849,110,148,graphml/Interoute.graphml,2,,clustered,0.7;-0.3,52,52,15,37,0,52,37,52,52,37,0,edgeCount
848,110,148,graphml/Interoute.graphml,2,,clustered,0.7;-0.3,11,11,11,0,0,29,18,11,11,0,0,edgeCount
847,110,148,graphml/Interoute.graphml,3,,clustered,0.7;-0.3,-1,-1,11,-12,0,-1,-12,-1,-1,-12,0,edgeCount
846,110,148,graphml/Interoute.graphml,1,,clustered,0.7;-0.3,-1,-1,-1,0,2,-1,0,-1,-1,0,2,edgeCount
845,110,148,graphml/Interoute.graphml,2,,clustered,0.7;-0.3,-1,-1,10,-11,2,-1,-11,-1,-1,-11,2,edgeCount
844,110,148,graphml/Interoute.graphml,1,,clustered,0.7;-0.3,-1,-1,11,-12,0,-1,-12,-1,-1,-12,0,edgeCount
843,110,148,graphml/Interoute.graphml,2,,clustered,0.7;-0.3,15,43,11,4,0,43,32,43,43,32,0,edgeCount
842,110,148,graphml/Interoute.graphml,2,,clustered,0.7;-0.3,-1,-1,11,-12,0,-1,-12,-1,-1,-12,0,edgeCount
841,110,148,graphml/Interoute.graphml,2,,clustered,0.7;-0.3,-1,-1,13,-14,4,-1,-14,-1,-1,-14,4,edgeCount
840,110,148,graphml/Interoute.graphml,2,,clustered,0.7;-0.3,-1,-1,-1,0,0,-1,0,-1,-1,0,0,edgeCount
839,110,148,graphml/Interoute.graphml,2,,clustered,0.7;-0.3,-1,-1,-1,0,0,-1,0,-1,-1,0,0,edgeCount
838,110,148,graphml/Interoute.graphml,2,,clustered,0.7;-0.3,9,61,8,1,0,23,15,23,23,15,0,edgeCount
837,110,148,graphml/Interoute.graphml,2,,clustered,0.7;-0.3,-1,-1,-1,0,2,-1,0,-1,-1,0,2,edgeCount
836,110,148,graphml/Interoute.graphml,2,,clustered,0.7;-0.3,33,9,9,24,8,9,0,9,9,0,8,edgeCount
835,110,148,graphml/Interoute.graphml,2,,clustered,0.7;-0.3,8,32,6,2,4,6,0,6,6,0,4,edgeCount
834,110,148,graphml/Interoute.graphml,2,,clustered,0.7;-0.3,7,7,7,0,2,7,0,7,7,0,2,edgeCount
833,110,148,graphml/Interoute.graphml,2,,clustered,0.7;-0.3,-1,-1,-1,0,4,-1,0,-1,-1,0,4,edgeCount
832,110,148,graphml/Interoute.graphml,2,,clustered,0.7;-0.3,-1,-1,-1,0,0,-1,0,-1,-1,0,0,edgeCount
831,110,148,graphml/Interoute.graphml,1,,clustered,0.7;-0.3,-1,-1,6,-7,0,-1,-7,-1,-1,-7,0,edgeCount
830,110,148,graphml/Interoute.graphml,3,,clustered,0.7;-0.3,-1,-1,-1,0,0,-1,0,-1,-1,0,0,edgeCount
829,110,148,graphml/Interoute.graphml,1,,clustered,0.7;-0.3,9,9,9,0,6,9,0,9,9,0,6,edgeCount
828,110,148,graphml/Interoute.graphml,2,,clustered,0.7;-0.3,-1,-1,-1,0,4,-1,0,-1,-1,0,2,edgeCount
827,110,148,graphml/Interoute.graphml,2,,clustered,0.7;-0.3,-1,-1,-1,0,0,-1,0,-1,-1,0,0,edgeCount
826,110,148,graphml/Interoute.graphml,2,,clustered,0.7;-0.3,-1,-1,15,-16,2,-1,-16,-1,-1,-16,2,edgeCount
825,110,148,graphml/Interoute.graphml,2,,clustered,0.7;-0.3,40,40,15,25,0,40,25,40,40,25,0,edgeCount
824,110,148,graphml/Interoute.graphml,2,,clustered,0.7;-0.3,-1,-1,-1,0,2,-1,0,-1,-1,0,2,edgeCount
823,110,148,graphml/Interoute.graphml,3,,clustered,0.7;-0.3,-1,-1,8,-9,0,-1,-9,-1,-1,-9,0,edgeCount
822,110,148,graphml/Interoute.graphml,2,,clustered,0.7;-0.3,-1,-1,-1,0,0,-1,0,-1,-1,0,0,edgeCount
821,110,148,graphml/Interoute.graphml,2,,clustered,0.7;-0.3,10,10,10,0,2,10,0,10,10,0,2,edgeCount
820,110,148,graphml/Interoute.graphml,1,,clustered,0.7;-0.3,35,23,13,22,2,-1,-14,35,23,22,2,edgeCount
819,110,148,graphml/Interoute.graphml,2,,clustered,0.7;-0.3,-1,-1,-1,0,0,-1,0,-1,-1,0,0,edgeCount
818,110,148,graphml/Interoute.graphml,2,,clustered,0.7;-0.3,12,32,10,2,0,26,16,26,26,16,0,edgeCount
817,110,148,graphml/Interoute.graphml,1,,clustered,0.7;-0.3,-1,-1,-1,0,4,-1,0,-1,-1,0,4,edgeCount
816,110,148,graphml/Interoute.graphml,1,,clustered,0.7;-0.3,-1,-1,-1,0,2,-1,0,-1,-1,0,2,edgeCount
815,110,148,graphml/Interoute.graphml,2,,clustered,0.7;-0.3,-1,-1,-1,0,4,-1,0,-1,-1,0,4,edgeCount
814,110,148,graphml/Interoute.graphml,3,,clustered,0.7;-0.3,-1,-1,13,-14,4,-1,-14,50,44,37,4,edgeCount
813,110,148,graphml/Interoute.graphml,2,,clustered,0.7;-0.3,-1,-1,-1,0,0,-1,0,-1,-1,0,0,edgeCount
812,110,148,graphml/Interoute.graphml,1,,clustered,0.7;-0.3,-1,-1,-1,0,2,-1,0,-1,-1,0,2,edgeCount
811,110,148,graphml/Interoute.graphml,2,,clustered,0.7;-0.3,2,2,2,0,4,2,0,2,2,0,4,edgeCount
810,110,148,graphml/Interoute.graphml,2,,clustered,0.7;-0.3,25,15,7,18,0,-1,-8,-1,-1,-8,0,edgeCount
809,110,148,graphml/Interoute.graphml,2,,clustered,0.7;-0.3,-1,-1,-1,0,0,-1,0,-1,-1,0,0,edgeCount
808,110,148,graphml/Interoute.graphml,2,,clustered,0.7;-0.3,-1,-1,-1,0,0,-1,0,-1,-1,0,0,edgeCount
807,110,148,graphml/Interoute.graphml,2,,clustered,0.7;-0.3,7,8,5,2,0,9,4,9,9,4,0,edgeCount
806,110,148,graphml/Interoute.graphml,2,,clustered,0.7;-0.3,-1,-1,11,-12,2,-1,-12,15,15,4,2,edgeCount
805,110,148,graphml/Interoute.graphml,2,,clustered,0.7;-0.3,-1,-1,-1,0,2,-1,0,-1,-1,0,2,edgeCount
804,110,148,graphml/Interoute.graphml,1,,clustered,0.7;-0.3,-1,-1,-1,0,0,-1,0,-1,-1,0,0,edgeCount
803,110,148,graphml/Interoute.graphml,2,,clustered,0.7;-0.3,-1,-1,18,-19,2,-1,-19,-1,-1,-19,2,edgeCount
802,110,148,graphml/Interoute.graphml,2,,clustered,0.7;-0.3,-1,-1,-1,0,0,-1,0,-1,-1,0,0,edgeCount
801,110,148,graphml/Interoute.graphml,2,,clustered,0.7;-0.3,-1,-1,-1,0,0,-1,0,-1,-1,0,0,edgeCount
800,110,148,graphml/Interoute.graphml,1,,clustered,0.7;-0.3,-1,-1,8,-9,0,-1,-9,-1,-1,-9,0,edgeCount
799,110,148,graphml/Interoute.graphml,2,,clustered,0.7;-0.3,-1,-1,-1,0,2,-1,0,-1,-1,0,2,edgeCount
798,110,148,graphml/Interoute.graphml,2,,clustered,0.7;-0.3,-1,-1,-1,0,0,-1,0,-1,-1,0,0,edgeCount
797,110,148,graphml/Interoute.graphml,2,,clustered,0.7;-0.3,21,21,9,12,0,21,12,21,21,12,0,edgeCount
796,110,148,graphml/Interoute.graphml,2,,clustered,0.7;-0.3,-1,-1,-1,0,2,-1,0,-1,-1,0,2,edgeCount
795,110,148,graphml/Interoute.graphml,1,,clustered,0.7;-0.3,2,2,2,0,0,2,0,2,2,0,0,edgeCount
794,110,148,graphml/Interoute.graphml,1,,clustered,0.7;-0.3,-1,-1,-1,0,4,-1,0,-1,-1,0,4,edgeCount
793,110,148,graphml/Interoute.graphml,2,,clustered,0.7;-0.3,-1,-1,-1,0,0,-1,0,-1,-1,0,0,edgeCount
792,110,148,graphml/Interoute.graphml,2,,clustered,0.7;-0.3,9,9,9,0,0,9,0,9,9,0,0,edgeCount
791,110,148,graphml/Interoute.graphml,2,,clustered,0.7;-0.3,37,47,13,24,4,-1,-14,37,47,24,4,edgeCount
790,110,148,graphml/Interoute.graphml,2,,clustered,0.7;-0.3,10,10,10,0,0,10,0,10,10,0,0,edgeCount
789,110,148,graphml/Interoute.graphml,2,,clustered,0.7;-0.3,-1,-1,-1,0,0,-1,0,-1,-1,0,0,edgeCount
788,110,148,graphml/Interoute.graphml,2,,clustered,0.7;-0.3,-1,-1,-1,0,4,-1,0,-1,-1,0,4,edgeCount
787,110,148,graphml/Interoute.graphml,2,,clustered,0.7;-0.3,-1,-1,-1,0,0,-1,0,-1,-1,0,0,edgeCount
786,110,148,graphml/Interoute.graphml,2,,clustered,0.7;-0.3,15,61,14,1,2,35,21,35,35,21,2,edgeCount
785,110,148,graphml/Interoute.graphml,1,,clustered,0.7;-0.3,9,9,9,0,0,9,0,9,9,0,0,edgeCount
784,110,148,graphml/Interoute.graphml,1,,clustered,0.7;-0.3,11,11,11,0,0,11,0,11,11,0,0,edgeCount
783,110,148,graphml/Interoute.graphml,2,,clustered,0.7;-0.3,-1,-1,-1,0,2,-1,0,-1,-1,0,2,edgeCount
782,110,148,graphml/Interoute.graphml,2,,clustered,0.7;-0.3,14,14,13,1,0,14,1,14,14,1,0,edgeCount
781,110,148,graphml/Interoute.graphml,2,,clustered,0.7;-0.3,-1,-1,-1,0,0,-1,0,-1,-1,0,0,edgeCount
780,110,148,graphml/Interoute.graphml,2,,clustered,0.7;-0.3,-1,-1,-1,0,0,-1,0,-1,-1,0,0,edgeCount
779,110,148,graphml/Interoute.graphml,2,,clustered,0.7;-0.3,-1,-1,-1,0,0,-1,0,-1,-1,0,0,edgeCount
778,110,148,graphml/Interoute.graphml,3,,clustered,0.7;-0.3,-1,-1,-1,0,2,-1,0,-1,-1,0,2,edgeCount
777,110,148,graphml/Interoute.graphml,2,,clustered,0.7;-0.3,32,32,8,24,0,32,24,32,32,24,0,edgeCount
776,110,148,graphml/Interoute.graphml,2,,clustered,0.7;-0.3,-1,-1,-1,0,0,-1,0,-1,-1,0,0,edgeCount
775,110,148,graphml/Interoute.graphml,2,,clustered,0.7;-0.3,-1,-1,-1,0,0,-1,0,-1,-1,0,0,edgeCount
774,110,148,graphml/Interoute.graphml,2,,clustered,0.7;-0.3,28,28,9,19,0,-1,-10,-1,-1,-10,0,edgeCount
773,110,148,graphml/Interoute.graphml,2,,clustered,0.7;-0.3,-1,-1,6,-7,0,-1,-7,-1,-1,-7,0,edgeCount
772,110,148,graphml/Interoute.graphml,2,,clustered,0.7;-0.3,-1,-1,-1,0,0,-1,0,-1,-1,0,0,edgeCount
771,110,148,graphml/Interoute.graphml,2,,clustered,0.7;-0.3,10,10,10,0,0,26,16,10,10,0,0,edgeCount
770,110,148,graphml/Interoute.graphml,1,,clustered,0.7;-0.3,-1,-1,-1,0,2,-1,0,-1,-1,0,2,edgeCount
769,110,148,graphml/Interoute.graphml,2,,clustered,0.7;-0.3,-1,-1,-1,0,0,-1,0,-1,-1,0,0,edgeCount
768,110,148,graphml/Interoute.graphml,2,,clustered,0.7;-0.3,-1,-1,-1,0,0,-1,0,-1,-1,0,0,edgeCount
767,110,148,graphml/Interoute.graphml,2,,clustered,0.7;-0.3,-1,-1,-1,0,0,-1,0,-1,-1,0,0,edgeCount
766,110,148,graphml/Interoute.graphml,2,,clustered,0.7;-0.3,-1,-1,-1,0,0,-1,0,-1,-1,0,0,edgeCount
765,110,148,graphml/Interoute.graphml,2,,clustered,0.7;-0.3,-1,-1,11,-12,0,-1,-12,-1,-1,-12,0,edgeCount
764,110,148,graphml/Interoute.graphml,2,,clustered,0.7;-0.3,14,14,12,2,0,14,2,14,14,2,0,edgeCount
763,110,148,graphml/Interoute.graphml,2,,clustered,0.7;-0.3,-1,-1,-1,0,2,-1,0,-1,-1,0,2,edgeCount
762,110,148,graphml/Interoute.graphml,2,,clustered,0.7;-0.3,-1,-1,-1,0,0,-1,0,-1,-1,0,0,edgeCount
761,110,148,graphml/Interoute.graphml,2,,clustered,0.7;-0.3,-1,-1,-1,0,0,-1,0,-1,-1,0,0,edgeCount
760,110,148,graphml/Interoute.graphml,2,,clustered,0.7;-0.3,-1,-1,6,-7,4,-1,-7,-1,-1,-7,4,edgeCount
759,110,148,graphml/Interoute.graphml,2,,clustered,0.7;-0.3,-1,-1,-1,0,0,-1,0,-1,-1,0,0,edgeCount
758,110,148,graphml/Interoute.graphml,2,,clustered,0.7;-0.3,28,28,6,22,0,10,4,28,28,22,0,edgeCount
757,110,148,graphml/Interoute.graphml,2,,clustered,0.7;-0.3,-1,-1,-1,0,0,-1,0,-1,-1,0,0,edgeCount
756,110,148,graphml/Interoute.graphml,2,,clustered,0.7;-0.3,-1,-1,11,-12,4,-1,-12,25,23,14,4,edgeCount
755,110,148,graphml/Interoute.graphml,2,,clustered,0.7;-0.3,-1,-1,-1,0,0,-1,0,-1,-1,0,0,edgeCount
754,110,148,graphml/Interoute.graphml,2,,clustered,0.7;-0.3,-1,-1,-1,0,0,-1,0,-1,-1,0,0,edgeCount
753,110,148,graphml/Interoute.graphml,2,,clustered,0.7;-0.3,10,10,9,1,0,10,1,10,10,1,0,edgeCount
752,110,148,graphml/Interoute.graphml,2,,clustered,0.7;-0.3,-1,-1,-1,0,0,-1,0,-1,-1,0,0,edgeCount
751,110,148,graphml/Interoute.graphml,2,,clustered,0.7;-0.3,24,24,10,14,0,24,14,24,24,14,0,edgeCount
750,110,148,graphml/Interoute.graphml,2,,clustered,0.7;-0.3,-1,-1,-1,0,2,-1,0,-1,-1,0,2,edgeCount
749,110,148,graphml/Interoute.graphml,2,,clustered,0.7;-0.3,-1,-1,-1,0,0,-1,0,-1,-1,0,0,edgeCount
748,110,148,graphml/Interoute.graphml,2,,clustered,0.7;-0.3,-1,-1,10,-11,0,-1,-11,-1,-1,-11,0,edgeCount
747,110,148,graphml/Interoute.graphml,2,,clustered,0.7;-0.3,-1,-1,-1,0,0,-1,0,-1,-1,0,0,edgeCount
746,110,148,graphml/Interoute.graphml,2,,clustered,0.7;-0.3,-1,-1,-1,0,0,-1,0,-1,-1,0,0,edgeCount
745,110,148,graphml/Interoute.graphml,2,,clustered,0.7;-0.3,-1,-1,-1,0,0,-1,0,-1,-1,0,0,edgeCount
744,110,148,graphml/Interoute.graphml,3,,clustered,0.7;-0.3,-1,-1,10,-11,2,-1,-11,-1,-1,-11,2,edgeCount
743,110,148,graphml/Interoute.graphml,1,,clustered,0.7;-0.3,2,2,2,0,0,2,0,2,2,0,0,edgeCount
742,110,148,graphml/Interoute.graphml,1,,clustered,0.7;-0.3,-1,-1,-1,0,2,-1,0,-1,-1,0,2,edgeCount
741,110,148,graphml/Interoute.graphml,2,,clustered,0.7;-0.3,5,7,5,0,4,7,2,5,7,0,4,edgeCount
740,110,148,graphml/Interoute.graphml,2,,clustered,0.7;-0.3,-1,-1,-1,0,2,-1,0,-1,-1,0,2,edgeCount
739,110,148,graphml/Interoute.graphml,2,,clustered,0.7;-0.3,10,10,10,0,2,10,0,10,10,0,2,edgeCount
738,110,148,graphml/Interoute.graphml,2,,clustered,0.7;-0.3,-1,-1,-1,0,4,-1,0,-1,-1,0,4,edgeCount
737,110,148,graphml/Interoute.graphml,2,,clustered,0.7;-0.3,43,25,12,31,6,-1,-13,28,28,16,6,edgeCount
736,110,148,graphml/Interoute.graphml,2,,clustered,0.7;-0.3,11,3,3,8,0,3,0,3,3,0,0,edgeCount
735,110,148,graphml/Interoute.graphml,2,,clustered,0.7;-0.3,9,9,9,0,0,9,0,9,9,0,0,edgeCount
734,110,148,graphml/Interoute.graphml,2,,clustered,0.7;-0.3,5,33,5,0,0,11,6,11,11,6,0,edgeCount
733,110,148,graphml/Interoute.graphml,2,,clustered,0.7;-0.3,37,57,9,28,2,9,0,9,9,0,2,edgeCount
732,110,148,graphml/Interoute.graphml,1,,clustered,0.7;-0.3,-1,-1,-1,0,2,-1,0,-1,-1,0,2,edgeCount
731,110,148,graphml/Interoute.graphml,2,,clustered,0.7;-0.3,7,13,7,0,2,7,0,7,13,0,2,edgeCount
730,110,148,graphml/Interoute.graphml,2,,clustered,0.7;-0.3,37,37,16,21,2,-1,-17,37,37,21,2,edgeCount
729,110,148,graphml/Interoute.graphml,2,,clustered,0.7;-0.3,30,30,11,19,0,30,19,30,30,19,0,edgeCount
728,110,148,graphml/Interoute.graphml,2,,clustered,0.7;-0.3,-1,-1,-1,0,0,-1,0,-1,-1,0,0,edgeCount
727,110,148,graphml/Interoute.graphml,2,,clustered,0.7;-0.3,-1,-1,-1,0,2,-1,0,-1,-1,0,2,edgeCount
726,110,148,graphml/Interoute.graphml,2,,clustered,0.7;-0.3,-1,-1,-1,0,2,-1,0,-1,-1,0,2,edgeCount
725,110,148,graphml/Interoute.graphml,3,,clustered,0.7;-0.3,-1,-1,-1,0,0,-1,0,-1,-1,0,0,edgeCount
724,110,148,graphml/Interoute.graphml,2,,clustered,0.7;-0.3,14,14,6,8,0,14,8,14,14,8,0,edgeCount
723,110,148,graphml/Interoute.graphml,2,,clustered,0.7;-0.3,-1,-1,-1,0,2,-1,0,-1,-1,0,2,edgeCount
722,110,148,graphml/Interoute.graphml,2,,clustered,0.7;-0.3,-1,-1,-1,0,4,-1,0,-1,-1,0,4,edgeCount
721,110,148,graphml/Interoute.graphml,2,,clustered,0.7;-0.3,31,31,11,20,0,31,20,31,31,20,0,edgeCount
720,110,148,graphml/Interoute.graphml,2,,clustered,0.7;-0.3,-1,-1,-1,0,0,-1,0,-1,-1,0,0,edgeCount
719,110,148,graphml/Interoute.graphml,2,,clustered,0.7;-0.3,4,4,4,0,0,4,0,4,4,0,0,edgeCount
718,110,148,graphml/Interoute.graphml,2,,clustered,0.7;-0.3,-1,-1,-1,0,2,-1,0,-1,-1,0,2,edgeCount
717,110,148,graphml/Interoute.graphml,1,,clustered,0.7;-0.3,-1,-1,-1,0,0,-1,0,-1,-1,0,0,edgeCount
716,110,148,graphml/Interoute.graphml,2,,clustered,0.7;-0.3,43,43,14,29,0,43,29,43,43,29,0,edgeCount
715,110,148,graphml/Interoute.graphml,2,,clustered,0.7;-0.3,13,13,13,0,0,13,0,13,13,0,0,edgeCount
714,110,148,graphml/Interoute.graphml,2,,clustered,0.7;-0.3,-1,-1,-1,0,2,-1,0,-1,-1,0,2,edgeCount
713,110,148,graphml/Interoute.graphml,2,,clustered,0.7;-0.3,-1,-1,17,-18,2,-1,-18,-1,-1,-18,2,edgeCount
712,110,148,graphml/Interoute.graphml,2,,clustered,0.7;-0.3,24,6,6,18,0,6,0,6,6,0,0,edgeCount
711,110,148,graphml/Interoute.graphml,2,,clustered,0.7;-0.3,49,49,15,34,0,-1,-16,-1,-1,-16,0,edgeCount
710,110,148,graphml/Interoute.graphml,2,,clustered,0.7;-0.3,12,12,12,0,0,12,0,12,12,0,0,edgeCount
709,110,148,graphml/Interoute.graphml,2,,clustered,0.7;-0.3,-1,-1,-1,0,4,-1,0,-1,-1,0,4,edgeCount
708,110,148,graphml/Interoute.graphml,2,,clustered,0.7;-0.3,17,29,5,12,4,5,0,5,5,0,4,edgeCount
707,110,148,graphml/Interoute.graphml,3,,clustered,0.7;-0.3,-1,-1,-1,0,2,-1,0,-1,-1,0,2,edgeCount
706,110,148,graphml/Interoute.graphml,2,,clustered,0.7;-0.3,-1,-1,-1,0,0,-1,0,-1,-1,0,0,edgeCount
705,110,148,graphml/Interoute.graphml,2,,clustered,0.7;-0.3,-1,-1,-1,0,2,-1,0,-1,-1,0,2,edgeCount
704,110,148,graphml/Interoute.graphml,2,,clustered,0.7;-0.3,10,10,10,0,0,10,0,10,10,0,0,edgeCount
703,110,148,graphml/Interoute.graphml,3,,clustered,0.7;-0.3,-1,-1,-1,0,0,-1,0,-1,-1,0,0,edgeCount
702,110,148,graphml/Interoute.graphml,2,,clustered,0.7;-0.3,-1,-1,-1,0,0,-1,0,-1,-1,0,0,edgeCount
701,110,148,graphml/Interoute.graphml,2,,clustered,0.7;-0.3,39,39,14,25,0,-1,-15,39,39,25,0,edgeCount
700,110,148,graphml/Interoute.graphml,2,,clustered,0.7;-0.3,-1,-1,-1,0,0,-1,0,-1,-1,0,0,edgeCount
699,110,148,graphml/Interoute.graphml,2,,clustered,0.7;-0.3,-1,-1,-1,0,0,-1,0,-1,-1,0,0,edgeCount
698,110,148,graphml/Interoute.graphml,2,,clustered,0.7;-0.3,-1,-1,-1,0,6,-1,0,-1,-1,0,6,edgeCount
697,110,148,graphml/Interoute.graphml,2,,clustered,0.7;-0.3,-1,-1,-1,0,0,-1,0,-1,-1,0,0,edgeCount
696,110,148,graphml/Interoute.graphml,2,,clustered,0.7;-0.3,-1,-1,11,-12,2,-1,-12,-1,-1,-12,2,edgeCount
695,110,148,graphml/Interoute.graphml,2,,clustered,0.7;-0.3,-1,-1,-1,0,0,-1,0,-1,-1,0,0,edgeCount
694,110,148,graphml/Interoute.graphml,2,,clustered,0.7;-0.3,-1,-1,-1,0,0,-1,0,-1,-1,0,0,edgeCount
693,110,148,graphml/Interoute.graphml,3,,clustered,0.7;-0.3,-1,-1,-1,0,0,-1,0,-1,-1,0,0,edgeCount
692,110,148,graphml/Interoute.graphml,2,,clustered,0.7;-0.3,8,8,8,0,0,8,0,8,8,0,0,edgeCount
691,110,148,graphml/Interoute.graphml,2,,clustered,0.7;-0.3,15,47,11,4,0,29,18,29,29,18,0,edgeCount
690,110,148,graphml/Interoute.graphml,2,,clustered,0.7;-0.3,-1,-1,-1,0,2,-1,0,-1,-1,0,2,edgeCount
689,110,148,graphml/Interoute.graphml,2,,clustered,0.7;-0.3,-1,-1,-1,0,0,-1,0,-1,-1,0,0,edgeCount
688,110,148,graphml/Interoute.graphml,2,,clustered,0.7;-0.3,9,47,8,1,2,19,11,19,19,11,2,edgeCount
687,110,148,graphml/Interoute.graphml,2,,clustered,0.7;-0.3,17,25,9,8,0,25,16,25,25,16,0,edgeCount
686,110,148,graphml/Interoute.graphml,2,,clustered,0.7;-0.3,14,14,11,3,0,14,3,14,14,3,0,edgeCount
685,110,148,graphml/Interoute.graphml,3,,clustered,0.7;-0.3,-1,-1,-1,0,2,-1,0,-1,-1,0,2,edgeCount
684,110,148,graphml/Interoute.graphml,2,,clustered,0.7;-0.3,-1,-1,-1,0,0,-1,0,-1,-1,0,0,edgeCount
683,110,148,graphml/Interoute.graphml,3,,clustered,0.7;-0.3,-1,-1,-1,0,2,-1,0,-1,-1,0,2,edgeCount
682,110,148,graphml/Interoute.graphml,2,,clustered,0.7;-0.3,12,12,12,0,0,12,0,12,12,0,0,edgeCount
681,110,148,graphml/Interoute.graphml,2,,clustered,0.7;-0.3,-1,-1,-1,0,4,-1,0,-1,-1,0,4,edgeCount
680,110,148,graphml/Interoute.graphml,3,,clustered,0.7;-0.3,73,53,11,62,0,29,18,29,29,18,0,edgeCount
679,110,148,graphml/Interoute.graphml,2,,clustered,0.7;-0.3,-1,-1,-1,0,4,-1,0,-1,-1,0,4,edgeCount
678,110,148,graphml/Interoute.graphml,2,,clustered,0.7;-0.3,-1,-1,-1,0,6,-1,0,-1,-1,0,6,edgeCount
677,110,148,graphml/Interoute.graphml,2,,clustered,0.7;-0.3,13,13,13,0,0,13,0,13,13,0,0,edgeCount
676,110,148,graphml/Interoute.graphml,2,,clustered,0.7;-0.3,-1,-1,-1,0,0,-1,0,-1,-1,0,0,edgeCount
675,110,148,graphml/Interoute.graphml,1,,clustered,0.7;-0.3,-1,-1,-1,0,0,-1,0,-1,-1,0,0,edgeCount
674,110,148,graphml/Interoute.graphml,2,,clustered,0.7;-0.3,-1,-1,-1,0,4,-1,0,-1,-1,0,4,edgeCount
673,110,148,graphml/Interoute.graphml,2,,clustered,0.7;-0.3,-1,-1,-1,0,0,-1,0,-1,-1,0,0,edgeCount
672,110,148,graphml/Interoute.graphml,3,,clustered,0.7;-0.3,-1,-1,-1,0,2,-1,0,-1,-1,0,2,edgeCount
671,110,148,graphml/Interoute.graphml,2,,clustered,0.7;-0.3,-1,-1,-1,0,2,-1,0,-1,-1,0,2,edgeCount
670,110,148,graphml/Interoute.graphml,3,,clustered,0.7;-0.3,-1,-1,-1,0,0,-1,0,-1,-1,0,0,edgeCount
669,110,148,graphml/Interoute.graphml,4,,clustered,0.7;-0.3,-1,-1,-1,0,2,-1,0,-1,-1,0,2,edgeCount
668,110,148,graphml/Interoute.graphml,2,,clustered,0.7;-0.3,-1,-1,9,-10,4,-1,-10,-1,-1,-10,4,edgeCount
667,110,148,graphml/Interoute.graphml,2,,clustered,0.7;-0.3,-1,-1,8,-9,0,-1,-9,-1,-1,-9,0,edgeCount
666,110,148,graphml/Interoute.graphml,2,,clustered,0.7;-0.3,-1,-1,-1,0,0,-1,0,-1,-1,0,0,edgeCount
665,110,148,graphml/Interoute.graphml,4,,clustered,0.7;-0.3,31,31,8,23,0,33,25,29,29,21,0,edgeCount
664,110,148,graphml/Interoute.graphml,2,,clustered,0.7;-0.3,-1,-1,12,-13,0,-1,-13,-1,-1,-13,0,edgeCount
663,110,148,graphml/Interoute.graphml,2,,clustered,0.7;-0.3,-1,-1,-1,0,4,-1,0,-1,-1,0,4,edgeCount
662,110,148,graphml/Interoute.graphml,1,,clustered,0.7;-0.3,10,10,10,0,0,10,0,10,10,0,0,edgeCount
661,110,148,graphml/Interoute.graphml,3,,clustered,0.7;-0.3,-1,-1,-1,0,0,-1,0,-1,-1,0,0,edgeCount
660,110,148,graphml/Interoute.graphml,2,,clustered,0.7;-0.3,-1,-1,-1,0,0,-1,0,-1,-1,0,0,edgeCount
659,110,148,graphml/Interoute.graphml,2,,clustered,0.7;-0.3,9,9,9,0,0,-1,-10,9,9,0,0,edgeCount
658,110,148,graphml/Interoute.graphml,2,,clustered,0.7;-0.3,19,71,12,7,0,47,35,47,47,35,0,edgeCount
657,110,148,graphml/Interoute.graphml,2,,clustered,0.7;-0.3,-1,-1,10,-11,4,-1,-11,-1,-1,-11,4,edgeCount
656,110,148,graphml/Interoute.graphml,2,,clustered,0.7;-0.3,-1,-1,-1,0,0,-1,0,-1,-1,0,0,edgeCount
655,110,148,graphml/Interoute.graphml,2,,clustered,0.7;-0.3,-1,-1,-1,0,2,-1,0,-1,-1,0,2,edgeCount
654,110,148,graphml/Interoute.graphml,3,,clustered,0.7;-0.3,14,12,8,6,0,-1,-9,-1,-1,-9,0,edgeCount
653,110,148,graphml/Interoute.graphml,2,,clustered,0.7;-0.3,-1,-1,16,-17,2,-1,-17,42,42,26,2,edgeCount
652,110,148,graphml/Interoute.graphml,2,,clustered,0.7;-0.3,-1,-1,-1,0,4,-1,0,-1,-1,0,4,edgeCount
651,110,148,graphml/Interoute.graphml,2,,clustered,0.7;-0.3,-1,-1,18,-19,2,-1,-19,-1,-1,-19,2,edgeCount
650,110,148,graphml/Interoute.graphml,2,,clustered,0.7;-0.3,13,13,13,0,0,13,0,13,13,0,0,edgeCount
649,110,148,graphml/Interoute.graphml,2,,clustered,0.7;-0.3,36,36,13,23,0,36,23,36,36,23,0,edgeCount
648,110,148,graphml/Interoute.graphml,1,,clustered,0.7;-0.3,-1,-1,-1,0,0,-1,0,-1,-1,0,0,edgeCount
647,110,148,graphml/Interoute.graphml,2,,clustered,0.7;-0.3,29,9,9,20,0,9,0,9,9,0,0,edgeCount
646,110,148,graphml/Interoute.graphml,2,,clustered,0.7;-0.3,-1,-1,-1,0,0,-1,0,-1,-1,0,0,edgeCount
645,110,148,graphml/Interoute.graphml,2,,clustered,0.7;-0.3,-1,-1,12,-13,0,-1,-13,-1,-1,-13,0,edgeCount
644,110,148,graphml/Interoute.graphml,2,,clustered,0.7;-0.3,-1,-1,-1,0,4,-1,0,-1,-1,0,4,edgeCount
643,110,148,graphml/Interoute.graphml,1,,clustered,0.7;-0.3,38,18,16,22,2,-1,-17,38,18,22,2,edgeCount
642,110,148,graphml/Interoute.graphml,3,,clustered,0.7;-0.3,-1,-1,-1,0,4,-1,0,-1,-1,0,4,edgeCount
641,110,148,graphml/Interoute.graphml,2,,clustered,0.7;-0.3,36,36,14,22,0,36,22,36,36,22,0,edgeCount
640,110,148,graphml/Interoute.graphml,3,,clustered,0.7;-0.3,8,8,8,0,0,8,0,8,8,0,0,edgeCount
639,110,148,graphml/Interoute.graphml,2,,clustered,0.7;-0.3,-1,-1,-1,0,0,-1,0,-1,-1,0,0,edgeCount
638,110,148,graphml/Interoute.graphml,2,,clustered,0.7;-0.3,4,4,4,0,2,4,0,4,4,0,2,edgeCount
637,110,148,graphml/Interoute.graphml,2,,clustered,0.7;-0.3,-1,-1,-1,0,0,-1,0,-1,-1,0,0,edgeCount
636,110,148,graphml/Interoute.graphml,2,,clustered,0.7;-0.3,-1,-1,-1,0,0,-1,0,-1,-1,0,0,edgeCount
635,110,148,graphml/Interoute.graphml,2,,clustered,0.7;-0.3,11,43,11,0,4,31,20,11,43,0,4,edgeCount
634,110,148,graphml/Interoute.graphml,2,,clustered,0.7;-0.3,-1,-1,-1,0,2,-1,0,-1,-1,0,2,edgeCount
633,110,148,graphml/Interoute.graphml,3,,clustered,0.7;-0.3,17,17,8,9,0,15,7,15,15,7,0,edgeCount
632,110,148,graphml/Interoute.graphml,2,,clustered,0.7;-0.3,-1,-1,11,-12,0,-1,-12,-1,-1,-12,0,edgeCount
631,110,148,graphml/Interoute.graphml,2,,clustered,0.7;-0.3,18,18,8,10,2,14,6,14,14,6,2,edgeCount
630,110,148,graphml/Interoute.graphml,2,,clustered,0.7;-0.3,-1,-1,-1,0,0,-1,0,-1,-1,0,0,edgeCount
629,110,148,graphml/Interoute.graphml,2,,clustered,0.7;-0.3,-1,-1,7,-8,0,-1,-8,-1,-1,-8,0,edgeCount
628,110,148,graphml/Interoute.graphml,3,,clustered,0.7;-0.3,-1,-1,-1,0,0,-1,0,-1,-1,0,0,edgeCount
627,110,148,graphml/Interoute.graphml,2,,clustered,0.7;-0.3,-1,-1,-1,0,0,-1,0,-1,-1,0,0,edgeCount
626,110,148,graphml/Interoute.graphml,2,,clustered,0.7;-0.3,-1,-1,-1,0,2,-1,0,-1,-1,0,2,edgeCount
625,110,148,graphml/Interoute.graphml,2,,clustered,0.7;-0.3,-1,-1,-1,0,0,-1,0,-1,-1,0,0,edgeCount
624,110,148,graphml/Interoute.graphml,1,,clustered,0.7;-0.3,40,40,19,21,2,-1,-20,40,40,21,2,edgeCount
623,110,148,graphml/Interoute.graphml,1,,clustered,0.7;-0.3,-1,-1,-1,0,2,-1,0,-1,-1,0,2,edgeCount
622,110,148,graphml/Interoute.graphml,2,,clustered,0.7;-0.3,-1,-1,-1,0,0,-1,0,-1,-1,0,0,edgeCount
621,110,148,graphml/Interoute.graphml,3,,clustered,0.7;-0.3,-1,-1,-1,0,0,-1,0,-1,-1,0,0,edgeCount
620,110,148,graphml/Interoute.graphml,2,,clustered,0.7;-0.3,-1,-1,-1,0,0,-1,0,-1,-1,0,0,edgeCount
619,110,148,graphml/Interoute.graphml,2,,clustered,0.7;-0.3,-1,-1,5,-6,4,-1,-6,-1,-1,-6,4,edgeCount
618,110,148,graphml/Interoute.graphml,2,,clustered,0.7;-0.3,-1,-1,-1,0,0,-1,0,-1,-1,0,0,edgeCount
617,110,148,graphml/Interoute.graphml,2,,clustered,0.7;-0.3,32,30,14,18,2,30,16,32,30,18,2,edgeCount
616,110,148,graphml/Interoute.graphml,3,,clustered,0.7;-0.3,-1,-1,-1,0,0,-1,0,-1,-1,0,0,edgeCount
615,110,148,graphml/Interoute.graphml,2,,clustered,0.7;-0.3,36,20,12,24,4,-1,-13,42,36,30,4,edgeCount
614,110,148,graphml/Interoute.graphml,3,,clustered,0.7;-0.3,-1,-1,-1,0,0,-1,0,-1,-1,0,0,edgeCount
613,110,148,graphml/Interoute.graphml,2,,clustered,0.7;-0.3,32,12,10,22,0,-1,-11,32,12,22,0,edgeCount
612,110,148,graphml/Interoute.graphml,2,,clustered,0.7;-0.3,-1,-1,-1,0,0,-1,0,-1,-1,0,0,edgeCount
611,110,148,graphml/Interoute.graphml,2,,clustered,0.7;-0.3,-1,-1,-1,0,0,-1,0,-1,-1,0,0,edgeCount
610,110,148,graphml/Interoute.graphml,2,,clustered,0.7;-0.3,-1,-1,-1,0,0,-1,0,-1,-1,0,0,edgeCount
609,110,148,graphml/Interoute.graphml,2,,clustered,0.7;-0.3,6,6,4,2,0,6,2,6,6,2,0,edgeCount
608,110,148,graphml/Interoute.graphml,2,,clustered,0.7;-0.3,7,7,7,0,0,-1,-8,7,7,0,0,edgeCount
607,110,148,graphml/Interoute.graphml,2,,clustered,0.7;-0.3,-1,-1,-1,0,4,-1,0,-1,-1,0,4,edgeCount
606,110,148,graphml/Interoute.graphml,2,,clustered,0.7;-0.3,11,29,11,0,2,29,18,45,45,34,2,edgeCount
605,110,148,graphml/Interoute.graphml,2,,clustered,0.7;-0.3,7,7,7,0,0,16,9,16,16,9,0,edgeCount
604,110,148,graphml/Interoute.graphml,2,,clustered,0.7;-0.3,-1,-1,-1,0,8,-1,0,-1,-1,0,8,edgeCount
603,110,148,graphml/Interoute.graphml,1,,clustered,0.7;-0.3,-1,-1,-1,0,4,-1,0,-1,-1,0,4,edgeCount
602,110,148,graphml/Interoute.graphml,2,,clustered,0.7;-0.3,11,11,11,0,0,11,0,11,11,0,0,edgeCount
601,110,148,graphml/Interoute.graphml,2,,clustered,0.7;-0.3,7,7,5,2,0,7,2,7,7,2,0,edgeCount
600,110,148,graphml/Interoute.graphml,2,,clustered,0.7;-0.3,-1,-1,-1,0,0,-1,0,-1,-1,0,0,edgeCount
599,110,148,graphml/Interoute.graphml,2,,clustered,0.7;-0.3,-1,-1,-1,0,2,-1,0,-1,-1,0,2,edgeCount
598,110,148,graphml/Interoute.graphml,2,,clustered,0.7;-0.3,46,12,12,34,0,12,0,12,12,0,0,edgeCount
597,110,148,graphml/Interoute.graphml,2,,clustered,0.7;-0.3,-1,-1,-1,0,0,-1,0,-1,-1,0,0,edgeCount
596,110,148,graphml/Interoute.graphml,2,,clustered,0.7;-0.3,-1,-1,13,-14,0,-1,-14,-1,-1,-14,0,edgeCount
595,110,148,graphml/Interoute.graphml,2,,clustered,0.7;-0.3,41,29,9,32,0,9,0,9,9,0,0,edgeCount
594,110,148,graphml/Interoute.graphml,2,,clustered,0.7;-0.3,-1,-1,-1,0,2,-1,0,-1,-1,0,2,edgeCount
593,110,148,graphml/Interoute.graphml,3,,clustered,0.7;-0.3,38,6,6,32,2,6,0,6,6,0,2,edgeCount
592,110,148,graphml/Interoute.graphml,1,,clustered,0.7;-0.3,-1,-1,-1,0,4,-1,0,-1,-1,0,4,edgeCount
591,110,148,graphml/Interoute.graphml,2,,clustered,0.7;-0.3,-1,-1,7,-8,0,-1,-8,-1,-1,-8,0,edgeCount
590,110,148,graphml/Interoute.graphml,2,,clustered,0.7;-0.3,-1,-1,-1,0,0,-1,0,-1,-1,0,0,edgeCount
589,110,148,graphml/Interoute.graphml,2,,clustered,0.7;-0.3,-1,-1,-1,0,4,-1,0,-1,-1,0,4,edgeCount
588,110,148,graphml/Interoute.graphml,3,,clustered,0.7;-0.3,10,10,10,0,4,-1,-11,-1,-1,-11,4,edgeCount
587,110,148,graphml/Interoute.graphml,1,,clustered,0.7;-0.3,-1,-1,10,-11,2,-1,-11,-1,-1,-11,2,edgeCount
586,110,148,graphml/Interoute.graphml,2,,clustered,0.7;-0.3,-1,-1,-1,0,0,-1,0,-1,-1,0,0,edgeCount
585,110,148,graphml/Interoute.graphml,2,,clustered,0.7;-0.3,-1,-1,-1,0,2,-1,0,-1,-1,0,2,edgeCount
584,110,148,graphml/Interoute.graphml,2,,clustered,0.7;-0.3,5,5,5,0,0,5,0,5,5,0,0,edgeCount
583,110,148,graphml/Interoute.graphml,1,,clustered,0.7;-0.3,5,5,5,0,6,5,0,5,5,0,6,edgeCount
582,110,148,graphml/Interoute.graphml,1,,clustered,0.7;-0.3,-1,-1,-1,0,0,-1,0,-1,-1,0,0,edgeCount
581,110,148,graphml/Interoute.graphml,1,,clustered,0.7;-0.3,-1,-1,12,-13,4,-1,-13,-1,-1,-13,4,edgeCount
580,110,148,graphml/Interoute.graphml,1,,clustered,0.7;-0.3,-1,-1,-1,0,2,-1,0,-1,-1,0,2,edgeCount
579,110,148,graphml/Interoute.graphml,2,,clustered,0.7;-0.3,-1,-1,11,-12,4,-1,-12,-1,-1,-12,4,edgeCount
578,110,148,graphml/Interoute.graphml,2,,clustered,0.7;-0.3,40,24,13,27,0,-1,-14,-1,-1,-14,0,edgeCount
577,110,148,graphml/Interoute.graphml,2,,clustered,0.7;-0.3,37,37,10,27,0,37,27,37,37,27,0,edgeCount
576,110,148,graphml/Interoute.graphml,2,,clustered,0.7;-0.3,11,15,11,0,2,15,4,15,57,4,2,edgeCount
575,110,148,graphml/Interoute.graphml,2,,clustered,0.7;-0.3,32,6,6,26,4,-1,-7,41,31,35,4,edgeCount
574,110,148,graphml/Interoute.graphml,2,,clustered,0.7;-0.3,43,41,9,34,0,9,0,9,9,0,0,edgeCount
573,110,148,graphml/Interoute.graphml,2,,clustered,0.7;-0.3,-1,-1,-1,0,0,-1,0,-1,-1,0,0,edgeCount
572,110,148,graphml/Interoute.graphml,2,,clustered,0.7;-0.3,-1,-1,-1,0,2,-1,0,-1,-1,0,2,edgeCount
571,110,148,graphml/Interoute.graphml,3,,clustered,0.7;-0.3,-1,-1,-1,0,2,-1,0,-1,-1,0,2,edgeCount
570,110,148,graphml/Interoute.graphml,2,,clustered,0.7;-0.3,12,11,8,4,0,12,4,12,11,4,0,edgeCount
569,110,148,graphml/Interoute.graphml,2,,clustered,0.7;-0.3,-1,-1,-1,0,2,-1,0,-1,-1,0,2,edgeCount
568,110,148,graphml/Interoute.graphml,2,,clustered,0.7;-0.3,33,15,12,21,2,-1,-13,28,28,16,2,edgeCount
567,110,148,graphml/Interoute.graphml,2,,clustered,0.7;-0.3,-1,-1,-1,0,0,-1,0,-1,-1,0,0,edgeCount
566,110,148,graphml/Interoute.graphml,2,,clustered,0.7;-0.3,-1,-1,-1,0,0,-1,0,-1,-1,0,0,edgeCount
565,110,148,graphml/Interoute.graphml,2,,clustered,0.7;-0.3,-1,-1,-1,0,0,-1,0,-1,-1,0,0,edgeCount
564,110,148,graphml/Interoute.graphml,2,,clustered,0.7;-0.3,-1,-1,-1,0,0,-1,0,-1,-1,0,0,edgeCount
563,110,148,graphml/Interoute.graphml,1,,clustered,0.7;-0.3,-1,-1,-1,0,2,-1,0,-1,-1,0,2,edgeCount
562,110,148,graphml/Interoute.graphml,2,,clustered,0.7;-0.3,35,35,13,22,0,35,22,35,35,22,0,edgeCount
561,110,148,graphml/Interoute.graphml,3,,clustered,0.7;-0.3,-1,-1,10,-11,0,-1,-11,-1,-1,-11,0,edgeCount
560,110,148,graphml/Interoute.graphml,2,,clustered,0.7;-0.3,-1,-1,-1,0,4,-1,0,-1,-1,0,4,edgeCount
559,110,148,graphml/Interoute.graphml,2,,clustered,0.7;-0.3,30,36,10,20,0,10,0,10,10,0,0,edgeCount
558,110,148,graphml/Interoute.graphml,2,,clustered,0.7;-0.3,32,10,10,22,0,10,0,10,10,0,0,edgeCount
557,110,148,graphml/Interoute.graphml,2,,clustered,0.7;-0.3,14,66,11,3,2,-1,-12,30,30,19,2,edgeCount
556,110,148,graphml/Interoute.graphml,2,,clustered,0.7;-0.3,19,19,12,7,0,19,7,19,19,7,0,edgeCount
555,110,148,graphml/Interoute.graphml,2,,clustered,0.7;-0.3,-1,-1,-1,0,0,-1,0,-1,-1,0,0,edgeCount
554,110,148,graphml/Interoute.graphml,2,,clustered,0.7;-0.3,-1,-1,-1,0,2,-1,0,-1,-1,0,2,edgeCount
553,110,148,graphml/Interoute.graphml,2,,clustered,0.7;-0.3,-1,-1,-1,0,0,-1,0,-1,-1,0,0,edgeCount
552,110,148,graphml/Interoute.graphml,3,,clustered,0.7;-0.3,-1,-1,-1,0,0,-1,0,-1,-1,0,0,edgeCount
551,110,148,graphml/Interoute.graphml,2,,clustered,0.7;-0.3,-1,-1,-1,0,0,-1,0,-1,-1,0,0,edgeCount
550,110,148,graphml/Interoute.graphml,3,,clustered,0.7;-0.3,-1,-1,-1,0,0,-1,0,-1,-1,0,0,edgeCount
549,110,148,graphml/Interoute.graphml,2,,clustered,0.7;-0.3,-1,-1,-1,0,0,-1,0,-1,-1,0,0,edgeCount
548,110,148,graphml/Interoute.graphml,2,,clustered,0.7;-0.3,-1,-1,-1,0,0,-1,0,-1,-1,0,0,edgeCount
547,110,148,graphml/Interoute.graphml,2,,clustered,0.7;-0.3,-1,-1,-1,0,4,-1,0,-1,-1,0,4,edgeCount
546,110,148,graphml/Interoute.graphml,2,,clustered,0.7;-0.3,42,42,16,26,0,42,26,42,42,26,0,edgeCount
545,110,148,graphml/Interoute.graphml,1,,clustered,0.7;-0.3,5,5,5,0,0,5,0,5,5,0,0,edgeCount
544,110,148,graphml/Interoute.graphml,2,,clustered,0.7;-0.3,-1,-1,-1,0,0,-1,0,-1,-1,0,0,edgeCount
543,110,148,graphml/Interoute.graphml,2,,clustered,0.7;-0.3,-1,-1,12,-13,0,-1,-13,-1,-1,-13,0,edgeCount
542,110,148,graphml/Interoute.graphml,2,,clustered,0.7;-0.3,-1,-1,15,-16,4,-1,-16,-1,-1,-16,4,edgeCount
541,110,148,graphml/Interoute.graphml,2,,clustered,0.7;-0.3,-1,-1,-1,0,0,-1,0,-1,-1,0,0,edgeCount
540,110,148,graphml/Interoute.graphml,3,,clustered,0.7;-0.3,-1,-1,-1,0,6,-1,0,-1,-1,0,6,edgeCount
539,110,148,graphml/Interoute.graphml,2,,clustered,0.7;-0.3,23,35,7,16,0,7,0,7,7,0,0,edgeCount
538,110,148,graphml/Interoute.graphml,2,,clustered,0.7;-0.3,9,37,7,2,2,21,14,21,39,14,2,edgeCount
537,110,148,graphml/Interoute.graphml,2,,clustered,0.7;-0.3,-1,-1,-1,0,0,-1,0,-1,-1,0,0,edgeCount
536,110,148,graphml/Interoute.graphml,2,,clustered,0.7;-0.3,25,31,6,19,2,-1,-7,-1,-1,-7,2,edgeCount
535,110,148,graphml/Interoute.graphml,3,,clustered,0.7;-0.3,32,16,8,24,2,16,8,16,16,8,2,edgeCount
534,110,148,graphml/Interoute.graphml,2,,clustered,0.7;-0.3,43,15,13,30,2,-1,-14,39,39,26,2,edgeCount
533,110,148,graphml/Interoute.graphml,2,,clustered,0.7;-0.3,44,32,12,32,0,-1,-13,-1,-1,-13,0,edgeCount
532,110,148,graphml/Interoute.graphml,2,,clustered,0.7;-0.3,7,7,7,0,0,7,0,7,7,0,0,edgeCount
531,110,148,graphml/Interoute.graphml,2,,clustered,0.7;-0.3,15,59,15,0,0,31,16,31,31,16,0,edgeCount
530,110,148,graphml/Interoute.graphml,1,,clustered,0.7;-0.3,-1,-1,15,-16,4,-1,-16,-1,-1,-16,4,edgeCount
529,110,148,graphml/Interoute.graphml,2,,clustered,0.7;-0.3,11,11,11,0,0,11,0,11,11,0,0,edgeCount
528,110,148,graphml/Interoute.graphml,2,,clustered,0.7;-0.3,-1,-1,-1,0,0,-1,0,-1,-1,0,0,edgeCount
527,110,148,graphml/Interoute.graphml,3,,clustered,0.7;-0.3,-1,-1,-1,0,2,-1,0,-1,-1,0,2,edgeCount
526,110,148,graphml/Interoute.graphml,2,,clustered,0.7;-0.3,-1,-1,-1,0,4,-1,0,-1,-1,0,4,edgeCount
525,110,148,graphml/Interoute.graphml,2,,clustered,0.7;-0.3,-1,-1,-1,0,2,-1,0,-1,-1,0,2,edgeCount
524,110,148,graphml/Interoute.graphml,2,,clustered,0.7;-0.3,-1,-1,-1,0,0,-1,0,-1,-1,0,0,edgeCount
523,110,148,graphml/Interoute.graphml,3,,clustered,0.7;-0.3,-1,-1,15,-16,6,-1,-16,-1,-1,-16,6,edgeCount
522,110,148,graphml/Interoute.graphml,2,,clustered,0.7;-0.3,17,61,10,7,0,-1,-11,-1,-1,-11,0,edgeCount
521,110,148,graphml/Interoute.graphml,2,,clustered,0.7;-0.3,-1,-1,-1,0,4,-1,0,-1,-1,0,4,edgeCount
520,110,148,graphml/Interoute.graphml,2,,clustered,0.7;-0.3,-1,-1,-1,0,0,-1,0,-1,-1,0,0,edgeCount
519,110,148,graphml/Interoute.graphml,2,,clustered,0.7;-0.3,-1,-1,-1,0,2,-1,0,-1,-1,0,2,edgeCount
518,110,148,graphml/Interoute.graphml,3,,clustered,0.7;-0.3,19,19,6,13,0,19,13,19,19,13,0,edgeCount
517,110,148,graphml/Interoute.graphml,2,,clustered,0.7;-0.3,-1,-1,6,-7,0,-1,-7,-1,-1,-7,0,edgeCount
516,110,148,graphml/Interoute.graphml,2,,clustered,0.7;-0.3,-1,-1,-1,0,0,-1,0,-1,-1,0,0,edgeCount
515,110,148,graphml/Interoute.graphml,2,,clustered,0.7;-0.3,-1,-1,-1,0,0,-1,0,-1,-1,0,0,edgeCount
514,110,148,graphml/Interoute.graphml,2,,clustered,0.7;-0.3,7,7,7,0,0,7,0,7,7,0,0,edgeCount
513,110,148,graphml/Interoute.graphml,1,,clustered,0.7;-0.3,-1,-1,-1,0,0,-1,0,-1,-1,0,0,edgeCount
512,110,148,graphml/Interoute.graphml,2,,clustered,0.7;-0.3,-1,-1,-1,0,0,-1,0,-1,-1,0,0,edgeCount
511,110,148,graphml/Interoute.graphml,1,,clustered,0.7;-0.3,-1,-1,10,-11,0,-1,-11,-1,-1,-11,0,edgeCount
510,110,148,graphml/Interoute.graphml,2,,clustered,0.7;-0.3,31,31,12,19,0,31,19,31,31,19,0,edgeCount
509,110,148,graphml/Interoute.graphml,2,,clustered,0.7;-0.3,-1,-1,-1,0,2,-1,0,-1,-1,0,2,edgeCount
508,110,148,graphml/Interoute.graphml,2,,clustered,0.7;-0.3,22,22,13,9,0,22,9,22,22,9,0,edgeCount
507,110,148,graphml/Interoute.graphml,2,,clustered,0.7;-0.3,-1,-1,-1,0,0,-1,0,-1,-1,0,0,edgeCount
506,110,148,graphml/Interoute.graphml,2,,clustered,0.7;-0.3,-1,-1,-1,0,0,-1,0,-1,-1,0,0,edgeCount
505,110,148,graphml/Interoute.graphml,2,,clustered,0.7;-0.3,26,6,6,20,0,6,0,6,6,0,0,edgeCount
504,110,148,graphml/Interoute.graphml,2,,clustered,0.7;-0.3,71,25,18,53,6,-1,-19,51,25,33,6,edgeCount
503,110,148,graphml/Interoute.graphml,2,,clustered,0.7;-0.3,-1,-1,12,-13,0,-1,-13,-1,-1,-13,0,edgeCount
502,110,148,graphml/Interoute.graphml,2,,clustered,0.7;-0.3,-1,-1,-1,0,2,-1,0,-1,-1,0,2,edgeCount
501,110,148,graphml/Interoute.graphml,2,,clustered,0.7;-0.3,7,20,5,2,0,17,12,17,17,12,0,edgeCount
500,110,148,graphml/Interoute.graphml,2,,clustered,0.7;-0.3,-1,-1,-1,0,0,-1,0,-1,-1,0,0,edgeCount
499,110,148,graphml/Interoute.graphml,2,,clustered,0.7;-0.3,-1,-1,-1,0,2,-1,0,-1,-1,0,2,edgeCount
498,110,148,graphml/Interoute.graphml,2,,clustered,0.7;-0.3,16,40,16,0,0,40,24,40,40,24,0,edgeCount
497,110,148,graphml/Interoute.graphml,2,,clustered,0.7;-0.3,32,32,12,20,0,32,20,32,32,20,0,edgeCount
496,110,148,graphml/Interoute.graphml,2,,clustered,0.7;-0.3,-1,-1,-1,0,2,-1,0,-1,-1,0,2,edgeCount
495,110,148,graphml/Interoute.graphml,1,,clustered,0.7;-0.3,-1,-1,-1,0,10,-1,0,-1,-1,0,10,edgeCount
494,110,148,graphml/Interoute.graphml,2,,clustered,0.7;-0.3,-1,-1,-1,0,4,-1,0,-1,-1,0,4,edgeCount
493,110,148,graphml/Interoute.graphml,2,,clustered,0.7;-0.3,-1,-1,11,-12,0,-1,-12,-1,-1,-12,0,edgeCount
492,110,148,graphml/Interoute.graphml,2,,clustered,0.7;-0.3,-1,-1,-1,0,0,-1,0,-1,-1,0,0,edgeCount
491,110,148,graphml/Interoute.graphml,1,,clustered,0.7;-0.3,4,4,4,0,0,4,0,4,4,0,0,edgeCount
490,110,148,graphml/Interoute.graphml,2,,clustered,0.7;-0.3,6,16,6,0,0,6,0,6,6,0,0,edgeCount
489,110,148,graphml/Interoute.graphml,3,,clustered,0.7;-0.3,4,4,4,0,0,4,0,4,4,0,0,edgeCount
488,110,148,graphml/Interoute.graphml,2,,clustered,0.7;-0.3,-1,-1,-1,0,0,-1,0,-1,-1,0,0,edgeCount
487,110,148,graphml/Interoute.graphml,2,,clustered,0.7;-0.3,9,9,9,0,0,9,0,9,9,0,0,edgeCount
486,110,148,graphml/Interoute.graphml,2,,clustered,0.7;-0.3,13,13,11,2,0,37,26,13,13,2,0,edgeCount
485,110,148,graphml/Interoute.graphml,2,,clustered,0.7;-0.3,-1,-1,-1,0,0,-1,0,-1,-1,0,0,edgeCount
484,110,148,graphml/Interoute.graphml,2,,clustered,0.7;-0.3,14,13,13,1,0,24,11,24,24,11,0,edgeCount
483,110,148,graphml/Interoute.graphml,2,,clustered,0.7;-0.3,-1,-1,-1,0,2,-1,0,-1,-1,0,2,edgeCount
482,110,148,graphml/Interoute.graphml,2,,clustered,0.7;-0.3,34,34,14,20,2,34,20,34,34,20,2,edgeCount
481,110,148,graphml/Interoute.graphml,2,,clustered,0.7;-0.3,-1,-1,-1,0,0,-1,0,-1,-1,0,0,edgeCount
480,110,148,graphml/Interoute.graphml,2,,clustered,0.7;-0.3,21,21,11,10,0,21,10,21,21,10,0,edgeCount
479,110,148,graphml/Interoute.graphml,1,,clustered,0.7;-0.3,7,33,7,0,2,7,0,7,33,0,2,edgeCount
478,110,148,graphml/Interoute.graphml,2,,clustered,0.7;-0.3,-1,-1,8,-9,2,-1,-9,-1,-1,-9,2,edgeCount
477,110,148,graphml/Interoute.graphml,3,,clustered,0.7;-0.3,9,23,9,0,0,9,0,23,23,14,0,edgeCount
476,110,148,graphml/Interoute.graphml,2,,clustered,0.7;-0.3,33,25,9,24,2,-1,-10,35,21,26,2,edgeCount
475,110,148,graphml/Interoute.graphml,2,,clustered,0.7;-0.3,38,22,13,25,0,-1,-14,-1,-1,-14,0,edgeCount
474,110,148,graphml/Interoute.graphml,2,,clustered,0.7;-0.3,-1,-1,16,-17,0,-1,-17,-1,-1,-17,0,edgeCount
473,110,148,graphml/Interoute.graphml,2,,clustered,0.7;-0.3,34,34,13,21,2,-1,-14,34,34,21,2,edgeCount
472,110,148,graphml/Interoute.graphml,2,,clustered,0.7;-0.3,-1,-1,-1,0,0,-1,0,-1,-1,0,0,edgeCount
471,110,148,graphml/Interoute.graphml,2,,clustered,0.7;-0.3,42,42,16,26,0,42,26,42,42,26,0,edgeCount
470,110,148,graphml/Interoute.graphml,2,,clustered,0.7;-0.3,-1,-1,-1,0,0,-1,0,-1,-1,0,0,edgeCount
469,110,148,graphml/Interoute.graphml,2,,clustered,0.7;-0.3,7,35,7,0,0,13,6,13,13,6,0,edgeCount
468,110,148,graphml/Interoute.graphml,2,,clustered,0.7;-0.3,-1,-1,-1,0,0,-1,0,-1,-1,0,0,edgeCount
467,110,148,graphml/Interoute.graphml,2,,clustered,0.7;-0.3,9,7,7,2,8,7,0,7,7,0,8,edgeCount
466,110,148,graphml/Interoute.graphml,2,,clustered,0.7;-0.3,6,6,6,0,0,6,0,6,6,0,0,edgeCount
465,110,148,graphml/Interoute.graphml,2,,clustered,0.7;-0.3,-1,-1,-1,0,4,-1,0,-1,-1,0,4,edgeCount
464,110,148,graphml/Interoute.graphml,2,,clustered,0.7;-0.3,-1,-1,-1,0,4,-1,0,-1,-1,0,4,edgeCount
463,110,148,graphml/Interoute.graphml,2,,clustered,0.7;-0.3,-1,-1,-1,0,2,-1,0,-1,-1,0,2,edgeCount
462,110,148,graphml/Interoute.graphml,2,,clustered,0.7;-0.3,-1,-1,-1,0,0,-1,0,-1,-1,0,0,edgeCount
461,110,148,graphml/Interoute.graphml,1,,clustered,0.7;-0.3,-1,-1,12,-13,0,-1,-13,-1,-1,-13,0,edgeCount
460,110,148,graphml/Interoute.graphml,2,,clustered,0.7;-0.3,-1,-1,-1,0,0,-1,0,-1,-1,0,0,edgeCount
459,110,148,graphml/Interoute.graphml,3,,clustered,0.7;-0.3,13,11,7,6,0,11,4,11,11,4,0,edgeCount
458,110,148,graphml/Interoute.graphml,3,,clustered,0.7;-0.3,2,2,2,0,0,2,0,2,2,0,0,edgeCount
457,110,148,graphml/Interoute.graphml,2,,clustered,0.7;-0.3,-1,-1,-1,0,0,-1,0,-1,-1,0,0,edgeCount
456,110,148,graphml/Interoute.graphml,2,,clustered,0.7;-0.3,-1,-1,-1,0,0,-1,0,-1,-1,0,0,edgeCount
455,110,148,graphml/Interoute.graphml,2,,clustered,0.7;-0.3,33,29,9,24,6,9,0,33,29,24,6,edgeCount
454,110,148,graphml/Interoute.graphml,2,,clustered,0.7;-0.3,-1,-1,-1,0,0,-1,0,-1,-1,0,0,edgeCount
453,110,148,graphml/Interoute.graphml,1,,clustered,0.7;-0.3,-1,-1,-1,0,2,-1,0,-1,-1,0,2,edgeCount
452,110,148,graphml/Interoute.graphml,2,,clustered,0.7;-0.3,-1,-1,-1,0,0,-1,0,-1,-1,0,0,edgeCount
451,110,148,graphml/Interoute.graphml,1,,clustered,0.7;-0.3,-1,-1,-1,0,0,-1,0,-1,-1,0,0,edgeCount
450,110,148,graphml/Interoute.graphml,2,,clustered,0.7;-0.3,10,10,10,0,0,10,0,10,10,0,0,edgeCount
449,110,148,graphml/Interoute.graphml,2,,clustered,0.7;-0.3,-1,-1,-1,0,4,-1,0,-1,-1,0,4,edgeCount
448,110,148,graphml/Interoute.graphml,1,,clustered,0.7;-0.3,-1,-1,-1,0,2,-1,0,-1,-1,0,2,edgeCount
447,110,148,graphml/Interoute.graphml,2,,clustered,0.7;-0.3,-1,-1,8,-9,0,-1,-9,-1,-1,-9,0,edgeCount
446,110,148,graphml/Interoute.graphml,2,,clustered,0.7;-0.3,-1,-1,-1,0,2,-1,0,-1,-1,0,2,edgeCount
445,110,148,graphml/Interoute.graphml,1,,clustered,0.7;-0.3,13,13,13,0,2,13,0,13,13,0,2,edgeCount
444,110,148,graphml/Interoute.graphml,2,,clustered,0.7;-0.3,-1,-1,-1,0,0,-1,0,-1,-1,0,0,edgeCount
443,110,148,graphml/Interoute.graphml,2,,clustered,0.7;-0.3,-1,-1,-1,0,2,-1,0,-1,-1,0,2,edgeCount
442,110,148,graphml/Interoute.graphml,2,,clustered,0.7;-0.3,-1,-1,-1,0,0,-1,0,-1,-1,0,0,edgeCount
441,110,148,graphml/Interoute.graphml,4,,clustered,0.7;-0.3,43,47,13,30,0,47,34,47,47,34,0,edgeCount
440,110,148,graphml/Interoute.graphml,2,,clustered,0.7;-0.3,-1,-1,-1,0,0,-1,0,-1,-1,0,0,edgeCount
439,110,148,graphml/Interoute.graphml,2,,clustered,0.7;-0.3,11,11,11,0,0,11,0,11,11,0,0,edgeCount
438,110,148,graphml/Interoute.graphml,2,,clustered,0.7;-0.3,-1,-1,10,-11,0,-1,-11,-1,-1,-11,0,edgeCount
437,110,148,graphml/Interoute.graphml,2,,clustered,0.7;-0.3,-1,-1,-1,0,2,-1,0,-1,-1,0,2,edgeCount
436,110,148,graphml/Interoute.graphml,1,,clustered,0.7;-0.3,5,5,5,0,0,5,0,5,5,0,0,edgeCount
435,110,148,graphml/Interoute.graphml,2,,clustered,0.7;-0.3,-1,-1,-1,0,0,-1,0,-1,-1,0,0,edgeCount
434,110,148,graphml/Interoute.graphml,2,,clustered,0.7;-0.3,10,10,10,0,0,10,0,10,10,0,0,edgeCount
433,110,148,graphml/Interoute.graphml,2,,clustered,0.7;-0.3,-1,-1,-1,0,8,-1,0,-1,-1,0,8,edgeCount
432,110,148,graphml/Interoute.graphml,2,,clustered,0.7;-0.3,-1,-1,-1,0,4,-1,0,-1,-1,0,2,edgeCount
431,110,148,graphml/Interoute.graphml,2,,clustered,0.7;-0.3,-1,-1,12,-13,0,-1,-13,-1,-1,-13,0,edgeCount
430,110,148,graphml/Interoute.graphml,2,,clustered,0.7;-0.3,-1,-1,-1,0,2,-1,0,-1,-1,0,2,edgeCount
429,110,148,graphml/Interoute.graphml,2,,clustered,0.7;-0.3,-1,-1,-1,0,0,-1,0,-1,-1,0,0,edgeCount
428,110,148,graphml/Interoute.graphml,1,,clustered,0.7;-0.3,3,3,3,0,0,3,0,3,3,0,0,edgeCount
427,110,148,graphml/Interoute.graphml,2,,clustered,0.7;-0.3,46,46,16,30,0,46,30,46,46,30,0,edgeCount
426,110,148,graphml/Interoute.graphml,2,,clustered,0.7;-0.3,46,14,14,32,4,-1,-15,-1,-1,-15,4,edgeCount
425,110,148,graphml/Interoute.graphml,2,,clustered,0.7;-0.3,-1,-1,-1,0,0,-1,0,-1,-1,0,0,edgeCount
424,110,148,graphml/Interoute.graphml,2,,clustered,0.7;-0.3,-1,-1,-1,0,0,-1,0,-1,-1,0,0,edgeCount
423,110,148,graphml/Interoute.graphml,2,,clustered,0.7;-0.3,-1,-1,-1,0,0,-1,0,-1,-1,0,0,edgeCount
422,110,148,graphml/Interoute.graphml,2,,clustered,0.7;-0.3,-1,-1,-1,0,0,-1,0,-1,-1,0,0,edgeCount
421,110,148,graphml/Interoute.graphml,2,,clustered,0.7;-0.3,33,9,7,26,0,9,2,9,9,2,0,edgeCount
420,110,148,graphml/Interoute.graphml,2,,clustered,0.7;-0.3,-1,-1,-1,0,2,-1,0,-1,-1,0,2,edgeCount
419,110,148,graphml/Interoute.graphml,2,,clustered,0.7;-0.3,-1,-1,15,-16,6,-1,-16,45,43,30,6,edgeCount
418,110,148,graphml/Interoute.graphml,3,,clustered,0.7;-0.3,14,6,6,8,0,6,0,6,14,0,0,edgeCount
417,110,148,graphml/Interoute.graphml,2,,clustered,0.7;-0.3,-1,-1,-1,0,2,-1,0,-1,-1,0,2,edgeCount
416,110,148,graphml/Interoute.graphml,2,,clustered,0.7;-0.3,9,7,7,2,0,7,0,7,7,0,0,edgeCount
415,110,148,graphml/Interoute.graphml,2,,clustered,0.7;-0.3,37,37,13,24,0,37,24,37,37,24,0,edgeCount
414,110,148,graphml/Interoute.graphml,2,,clustered,0.7;-0.3,-1,-1,-1,0,0,-1,0,-1,-1,0,0,edgeCount
413,110,148,graphml/Interoute.graphml,2,,clustered,0.7;-0.3,29,9,9,20,4,9,0,9,9,0,4,edgeCount
412,110,148,graphml/Interoute.graphml,2,,clustered,0.7;-0.3,11,11,11,0,0,11,0,11,11,0,0,edgeCount
411,110,148,graphml/Interoute.graphml,1,,clustered,0.7;-0.3,-1,-1,-1,0,6,-1,0,-1,-1,0,6,edgeCount
410,110,148,graphml/Interoute.graphml,2,,clustered,0.7;-0.3,-1,-1,-1,0,0,-1,0,-1,-1,0,0,edgeCount
409,110,148,graphml/Interoute.graphml,3,,clustered,0.7;-0.3,-1,-1,-1,0,0,-1,0,-1,-1,0,0,edgeCount
408,110,148,graphml/Interoute.graphml,2,,clustered,0.7;-0.3,9,9,9,0,0,9,0,9,9,0,0,edgeCount
407,110,148,graphml/Interoute.graphml,2,,clustered,0.7;-0.3,-1,-1,-1,0,2,-1,0,-1,-1,0,2,edgeCount
406,110,148,graphml/Interoute.graphml,1,,clustered,0.7;-0.3,-1,-1,-1,0,2,-1,0,-1,-1,0,2,edgeCount
405,110,148,graphml/Interoute.graphml,1,,clustered,0.7;-0.3,-1,-1,-1,0,4,-1,0,-1,-1,0,4,edgeCount
404,110,148,graphml/Interoute.graphml,2,,clustered,0.7;-0.3,-1,-1,-1,0,0,-1,0,-1,-1,0,0,edgeCount
403,110,148,graphml/Interoute.graphml,1,,clustered,0.7;-0.3,3,3,3,0,0,3,0,3,3,0,0,edgeCount
402,110,148,graphml/Interoute.graphml,2,,clustered,0.7;-0.3,-1,-1,-1,0,2,-1,0,-1,-1,0,2,edgeCount
401,110,148,graphml/Interoute.graphml,2,,clustered,0.7;-0.3,-1,-1,12,-13,2,-1,-13,-1,-1,-13,2,edgeCount
400,110,148,graphml/Interoute.graphml,2,,clustered,0.7;-0.3,-1,-1,-1,0,0,-1,0,-1,-1,0,0,edgeCount
399,110,148,graphml/Interoute.graphml,2,,clustered,0.7;-0.3,9,9,9,0,4,9,0,9,9,0,4,edgeCount
398,110,148,graphml/Interoute.graphml,2,,clustered,0.7;-0.3,-1,-1,-1,0,0,-1,0,-1,-1,0,0,edgeCount
397,110,148,graphml/Interoute.graphml,3,,clustered,0.7;-0.3,12,36,10,2,0,26,16,26,26,16,0,edgeCount
396,110,148,graphml/Interoute.graphml,2,,clustered,0.7;-0.3,-1,-1,-1,0,4,-1,0,-1,-1,0,4,edgeCount
395,110,148,graphml/Interoute.graphml,2,,clustered,0.7;-0.3,-1,-1,17,-18,2,-1,-18,-1,-1,-18,2,edgeCount
394,110,148,graphml/Interoute.graphml,2,,clustered,0.7;-0.3,-1,-1,-1,0,4,-1,0,-1,-1,0,4,edgeCount
393,110,148,graphml/Interoute.graphml,2,,clustered,0.7;-0.3,26,36,8,18,4,-1,-9,-1,-1,-9,4,edgeCount
392,110,148,graphml/Interoute.graphml,3,,clustered,0.7;-0.3,-1,-1,-1,0,0,-1,0,-1,-1,0,0,edgeCount
391,110,148,graphml/Interoute.graphml,2,,clustered,0.7;-0.3,-1,-1,-1,0,0,-1,0,-1,-1,0,0,edgeCount
390,110,148,graphml/Interoute.graphml,2,,clustered,0.7;-0.3,21,11,11,10,2,-1,-12,-1,-1,-12,2,edgeCount
389,110,148,graphml/Interoute.graphml,2,,clustered,0.7;-0.3,54,54,17,37,0,54,37,54,54,37,0,edgeCount
388,110,148,graphml/Interoute.graphml,2,,clustered,0.7;-0.3,-1,-1,-1,0,0,-1,0,-1,-1,0,0,edgeCount
387,110,148,graphml/Interoute.graphml,2,,clustered,0.7;-0.3,8,5,5,3,0,5,0,5,5,0,0,edgeCount
386,110,148,graphml/Interoute.graphml,2,,clustered,0.7;-0.3,13,13,13,0,0,13,0,13,13,0,0,edgeCount
385,110,148,graphml/Interoute.graphml,2,,clustered,0.7;-0.3,-1,-1,-1,0,2,-1,0,-1,-1,0,2,edgeCount
384,110,148,graphml/Interoute.graphml,2,,clustered,0.7;-0.3,-1,-1,-1,0,0,-1,0,-1,-1,0,0,edgeCount
383,110,148,graphml/Interoute.graphml,2,,clustered,0.7;-0.3,-1,-1,-1,0,0,-1,0,-1,-1,0,0,edgeCount
382,110,148,graphml/Interoute.graphml,2,,clustered,0.7;-0.3,-1,-1,-1,0,0,-1,0,-1,-1,0,0,edgeCount
381,110,148,graphml/Interoute.graphml,2,,clustered,0.7;-0.3,-1,-1,17,-18,4,-1,-18,42,42,25,4,edgeCount
380,110,148,graphml/Interoute.graphml,2,,clustered,0.7;-0.3,-1,-1,18,-19,4,-1,-19,41,41,23,4,edgeCount
379,110,148,graphml/Interoute.graphml,2,,clustered,0.7;-0.3,5,38,4,1,4,11,7,11,47,7,4,edgeCount
378,110,148,graphml/Interoute.graphml,1,,clustered,0.7;-0.3,-1,-1,-1,0,2,-1,0,-1,-1,0,2,edgeCount
377,110,148,graphml/Interoute.graphml,2,,clustered,0.7;-0.3,19,19,9,10,0,17,8,17,17,8,0,edgeCount
376,110,148,graphml/Interoute.graphml,2,,clustered,0.7;-0.3,-1,-1,-1,0,0,-1,0,-1,-1,0,0,edgeCount
375,110,148,graphml/Interoute.graphml,2,,clustered,0.7;-0.3,-1,-1,-1,0,2,-1,0,-1,-1,0,2,edgeCount
374,110,148,graphml/Interoute.graphml,2,,clustered,0.7;-0.3,15,15,15,0,0,15,0,15,15,0,0,edgeCount
373,110,148,graphml/Interoute.graphml,1,,clustered,0.7;-0.3,-1,-1,-1,0,0,-1,0,-1,-1,0,0,edgeCount
372,110,148,graphml/Interoute.graphml,2,,clustered,0.7;-0.3,-1,-1,-1,0,2,-1,0,-1,-1,0,2,edgeCount
371,110,148,graphml/Interoute.graphml,3,,clustered,0.7;-0.3,-1,-1,-1,0,0,-1,0,-1,-1,0,0,edgeCount
370,110,148,graphml/Interoute.graphml,2,,clustered,0.7;-0.3,-1,-1,-1,0,0,-1,0,-1,-1,0,0,edgeCount
369,110,148,graphml/Interoute.graphml,2,,clustered,0.7;-0.3,47,33,8,39,2,-1,-9,-1,-1,-9,2,edgeCount
368,110,148,graphml/Interoute.graphml,3,,clustered,0.7;-0.3,-1,-1,-1,0,2,-1,0,-1,-1,0,2,edgeCount
367,110,148,graphml/Interoute.graphml,2,,clustered,0.7;-0.3,-1,-1,-1,0,4,-1,0,-1,-1,0,4,edgeCount
366,110,148,graphml/Interoute.graphml,2,,clustered,0.7;-0.3,-1,-1,-1,0,0,-1,0,-1,-1,0,0,edgeCount
365,110,148,graphml/Interoute.graphml,2,,clustered,0.7;-0.3,25,15,7,18,0,-1,-8,-1,-1,-8,0,edgeCount
364,110,148,graphml/Interoute.graphml,3,,clustered,0.7;-0.3,44,10,8,36,2,-1,-9,-1,-1,-9,2,edgeCount
363,110,148,graphml/Interoute.graphml,1,,clustered,0.7;-0.3,13,13,13,0,0,13,0,13,13,0,0,edgeCount
362,110,148,graphml/Interoute.graphml,2,,clustered,0.7;-0.3,4,4,4,0,0,4,0,4,4,0,0,edgeCount
361,110,148,graphml/Interoute.graphml,2,,clustered,0.7;-0.3,-1,-1,-1,0,0,-1,0,-1,-1,0,0,edgeCount
360,110,148,graphml/Interoute.graphml,2,,clustered,0.7;-0.3,-1,-1,-1,0,0,-1,0,-1,-1,0,0,edgeCount
359,110,148,graphml/Interoute.graphml,2,,clustered,0.7;-0.3,-1,-1,-1,0,0,-1,0,-1,-1,0,0,edgeCount
358,110,148,graphml/Interoute.graphml,2,,clustered,0.7;-0.3,32,54,8,24,2,8,0,8,8,0,2,edgeCount
357,110,148,graphml/Interoute.graphml,2,,clustered,0.7;-0.3,-1,-1,-1,0,0,-1,0,-1,-1,0,0,edgeCount
356,110,148,graphml/Interoute.graphml,3,,clustered,0.7;-0.3,79,17,13,66,2,-1,-14,-1,-1,-14,2,edgeCount
355,110,148,graphml/Interoute.graphml,1,,clustered,0.7;-0.3,34,18,18,16,4,-1,-19,34,18,16,4,edgeCount
354,110,148,graphml/Interoute.graphml,1,,clustered,0.7;-0.3,17,17,17,0,0,17,0,17,17,0,0,edgeCount
353,110,148,graphml/Interoute.graphml,3,,clustered,0.7;-0.3,-1,-1,-1,0,0,-1,0,-1,-1,0,0,edgeCount
352,110,148,graphml/Interoute.graphml,2,,clustered,0.7;-0.3,-1,-1,-1,0,0,-1,0,-1,-1,0,0,edgeCount
351,110,148,graphml/Interoute.graphml,2,,clustered,0.7;-0.3,-1,-1,-1,0,2,-1,0,-1,-1,0,2,edgeCount
350,110,148,graphml/Interoute.graphml,2,,clustered,0.7;-0.3,41,27,17,24,0,-1,-18,-1,-1,-18,0,edgeCount
349,110,148,graphml/Interoute.graphml,3,,clustered,0.7;-0.3,-1,-1,-1,0,0,-1,0,-1,-1,0,0,edgeCount
348,110,148,graphml/Interoute.graphml,2,,clustered,0.7;-0.3,-1,-1,-1,0,0,-1,0,-1,-1,0,0,edgeCount
347,110,148,graphml/Interoute.graphml,2,,clustered,0.7;-0.3,-1,-1,9,-10,2,-1,-10,-1,-1,-10,2,edgeCount
346,110,148,graphml/Interoute.graphml,2,,clustered,0.7;-0.3,9,49,9,0,6,13,4,13,15,4,6,edgeCount
345,110,148,graphml/Interoute.graphml,1,,clustered,0.7;-0.3,-1,-1,-1,0,2,-1,0,-1,-1,0,2,edgeCount
344,110,148,graphml/Interoute.graphml,1,,clustered,0.7;-0.3,-1,-1,14,-15,8,-1,-15,-1,-1,-15,8,edgeCount
343,110,148,graphml/Interoute.graphml,2,,clustered,0.7;-0.3,-1,-1,-1,0,0,-1,0,-1,-1,0,0,edgeCount
342,110,148,graphml/Interoute.graphml,2,,clustered,0.7;-0.3,39,39,16,23,0,-1,-17,39,39,23,0,edgeCount
341,110,148,graphml/Interoute.graphml,1,,clustered,0.7;-0.3,4,4,4,0,0,4,0,4,4,0,0,edgeCount
340,110,148,graphml/Interoute.graphml,2,,clustered,0.7;-0.3,-1,-1,-1,0,0,-1,0,-1,-1,0,0,edgeCount
339,110,148,graphml/Interoute.graphml,2,,clustered,0.7;-0.3,35,11,11,24,4,11,0,35,11,24,4,edgeCount
338,110,148,graphml/Interoute.graphml,2,,clustered,0.7;-0.3,5,5,5,0,0,5,0,5,5,0,0,edgeCount
337,110,148,graphml/Interoute.graphml,2,,clustered,0.7;-0.3,-1,-1,16,-17,0,-1,-17,-1,-1,-17,0,edgeCount
336,110,148,graphml/Interoute.graphml,3,,clustered,0.7;-0.3,-1,-1,-1,0,0,-1,0,-1,-1,0,0,edgeCount
335,110,148,graphml/Interoute.graphml,2,,clustered,0.7;-0.3,-1,-1,11,-12,0,-1,-12,-1,-1,-12,0,edgeCount
334,110,148,graphml/Interoute.graphml,2,,clustered,0.7;-0.3,25,25,12,13,0,25,13,25,25,13,0,edgeCount
333,110,148,graphml/Interoute.graphml,2,,clustered,0.7;-0.3,38,30,7,31,4,-1,-8,-1,-1,-8,4,edgeCount
332,110,148,graphml/Interoute.graphml,2,,clustered,0.7;-0.3,-1,-1,-1,0,2,-1,0,-1,-1,0,2,edgeCount
331,110,148,graphml/Interoute.graphml,2,,clustered,0.7;-0.3,-1,-1,-1,0,0,-1,0,-1,-1,0,0,edgeCount
330,110,148,graphml/Interoute.graphml,3,,clustered,0.7;-0.3,-1,-1,11,-12,2,-1,-12,-1,-1,-12,2,edgeCount
329,110,148,graphml/Interoute.graphml,2,,clustered,0.7;-0.3,22,22,10,12,0,22,12,22,22,12,0,edgeCount
328,110,148,graphml/Interoute.graphml,3,,clustered,0.7;-0.3,20,32,9,11,4,32,23,32,32,23,4,edgeCount
327,110,148,graphml/Interoute.graphml,2,,clustered,0.7;-0.3,10,10,10,0,0,10,0,10,10,0,0,edgeCount
326,110,148,graphml/Interoute.graphml,2,,clustered,0.7;-0.3,-1,-1,-1,0,4,-1,0,-1,-1,0,4,edgeCount
325,110,148,graphml/Interoute.graphml,2,,clustered,0.7;-0.3,-1,-1,-1,0,0,-1,0,-1,-1,0,0,edgeCount
324,110,148,graphml/Interoute.graphml,2,,clustered,0.7;-0.3,15,29,13,2,0,33,20,33,33,20,0,edgeCount
323,110,148,graphml/Interoute.graphml,2,,clustered,0.7;-0.3,-1,-1,-1,0,2,-1,0,-1,-1,0,2,edgeCount
322,110,148,graphml/Interoute.graphml,2,,clustered,0.7;-0.3,7,49,7,0,4,17,10,17,17,10,4,edgeCount
321,110,148,graphml/Interoute.graphml,2,,clustered,0.7;-0.3,-1,-1,-1,0,0,-1,0,-1,-1,0,0,edgeCount
320,110,148,graphml/Interoute.graphml,2,,clustered,0.7;-0.3,35,45,11,24,4,13,2,13,13,2,4,edgeCount
319,110,148,graphml/Interoute.graphml,2,,clustered,0.7;-0.3,-1,-1,-1,0,2,-1,0,-1,-1,0,2,edgeCount
318,110,148,graphml/Interoute.graphml,2,,clustered,0.7;-0.3,-1,-1,-1,0,4,-1,0,-1,-1,0,4,edgeCount
317,110,148,graphml/Interoute.graphml,2,,clustered,0.7;-0.3,31,39,9,22,4,9,0,9,9,0,4,edgeCount
316,110,148,graphml/Interoute.graphml,2,,clustered,0.7;-0.3,-1,-1,-1,0,0,-1,0,-1,-1,0,0,edgeCount
315,110,148,graphml/Interoute.graphml,3,,clustered,0.7;-0.3,-1,-1,-1,0,0,-1,0,-1,-1,0,0,edgeCount
314,110,148,graphml/Interoute.graphml,3,,clustered,0.7;-0.3,-1,-1,-1,0,0,-1,0,-1,-1,0,0,edgeCount
313,110,148,graphml/Interoute.graphml,4,,clustered,0.7;-0.3,-1,-1,-1,0,0,-1,0,-1,-1,0,0,edgeCount
312,110,148,graphml/Interoute.graphml,2,,clustered,0.7;-0.3,22,22,10,12,2,22,12,22,22,12,2,edgeCount
311,110,148,graphml/Interoute.graphml,2,,clustered,0.7;-0.3,2,2,2,0,0,2,0,2,2,0,0,edgeCount
310,110,148,graphml/Interoute.graphml,2,,clustered,0.7;-0.3,3,3,3,0,0,3,0,3,3,0,0,edgeCount
309,110,148,graphml/Interoute.graphml,2,,clustered,0.7;-0.3,-1,-1,14,-15,2,-1,-15,-1,-1,-15,2,edgeCount
308,110,148,graphml/Interoute.graphml,2,,clustered,0.7;-0.3,-1,-1,-1,0,0,-1,0,-1,-1,0,0,edgeCount
307,110,148,graphml/Interoute.graphml,2,,clustered,0.7;-0.3,-1,-1,-1,0,0,-1,0,-1,-1,0,0,edgeCount
306,110,148,graphml/Interoute.graphml,1,,clustered,0.7;-0.3,29,17,14,15,6,-1,-15,29,17,15,6,edgeCount
305,110,148,graphml/Interoute.graphml,2,,clustered,0.7;-0.3,34,34,13,21,0,34,21,34,34,21,0,edgeCount
304,110,148,graphml/Interoute.graphml,2,,clustered,0.7;-0.3,-1,-1,-1,0,0,-1,0,-1,-1,0,0,edgeCount
303,110,148,graphml/Interoute.graphml,2,,clustered,0.7;-0.3,-1,-1,8,-9,2,-1,-9,-1,-1,-9,2,edgeCount
302,110,148,graphml/Interoute.graphml,2,,clustered,0.7;-0.3,-1,-1,-1,0,0,-1,0,-1,-1,0,0,edgeCount
301,110,148,graphml/Interoute.graphml,2,,clustered,0.7;-0.3,-1,-1,4,-5,0,-1,-5,-1,-1,-5,0,edgeCount
300,110,148,graphml/Interoute.graphml,2,,clustered,0.7;-0.3,-1,-1,-1,0,0,-1,0,-1,-1,0,0,edgeCount
299,110,148,graphml/Interoute.graphml,1,,clustered,0.7;-0.3,-1,-1,-1,0,0,-1,0,-1,-1,0,0,edgeCount
298,110,148,graphml/Interoute.graphml,2,,clustered,0.7;-0.3,-1,-1,-1,0,2,-1,0,-1,-1,0,2,edgeCount
297,110,148,graphml/Interoute.graphml,2,,clustered,0.7;-0.3,-1,-1,-1,0,4,-1,0,-1,-1,0,4,edgeCount
296,110,148,graphml/Interoute.graphml,3,,clustered,0.7;-0.3,45,45,9,36,2,45,36,45,45,36,2,edgeCount
295,110,148,graphml/Interoute.graphml,2,,clustered,0.7;-0.3,31,11,11,20,0,11,0,11,11,0,0,edgeCount
294,110,148,graphml/Interoute.graphml,2,,clustered,0.7;-0.3,32,14,7,25,2,8,1,8,8,1,2,edgeCount
293,110,148,graphml/Interoute.graphml,2,,clustered,0.7;-0.3,-1,-1,-1,0,0,-1,0,-1,-1,0,0,edgeCount
292,110,148,graphml/Interoute.graphml,2,,clustered,0.7;-0.3,-1,-1,15,-16,0,-1,-16,-1,-1,-16,0,edgeCount
291,110,148,graphml/Interoute.graphml,2,,clustered,0.7;-0.3,9,59,6,3,0,15,9,15,15,9,0,edgeCount
290,110,148,graphml/Interoute.graphml,2,,clustered,0.7;-0.3,-1,-1,12,-13,2,-1,-13,-1,-1,-13,2,edgeCount
289,110,148,graphml/Interoute.graphml,2,,clustered,0.7;-0.3,16,16,7,9,0,16,9,16,16,9,0,edgeCount
288,110,148,graphml/Interoute.graphml,1,,clustered,0.7;-0.3,-1,-1,-1,0,2,-1,0,-1,-1,0,2,edgeCount
287,110,148,graphml/Interoute.graphml,2,,clustered,0.7;-0.3,-1,-1,-1,0,0,-1,0,-1,-1,0,0,edgeCount
286,110,148,graphml/Interoute.graphml,2,,clustered,0.7;-0.3,-1,-1,-1,0,2,-1,0,-1,-1,0,2,edgeCount
285,110,148,graphml/Interoute.graphml,2,,clustered,0.7;-0.3,-1,-1,-1,0,0,-1,0,-1,-1,0,0,edgeCount
284,110,148,graphml/Interoute.graphml,2,,clustered,0.7;-0.3,-1,-1,-1,0,2,-1,0,-1,-1,0,2,edgeCount
283,110,148,graphml/Interoute.graphml,2,,clustered,0.7;-0.3,19,19,10,9,0,19,9,19,19,9,0,edgeCount
282,110,148,graphml/Interoute.graphml,2,,clustered,0.7;-0.3,-1,-1,-1,0,0,-1,0,-1,-1,0,0,edgeCount
281,110,148,graphml/Interoute.graphml,2,,clustered,0.7;-0.3,9,69,9,0,4,25,16,25,9,16,4,edgeCount
280,110,148,graphml/Interoute.graphml,1,,clustered,0.7;-0.3,-1,-1,14,-15,0,-1,-15,-1,-1,-15,0,edgeCount
279,110,148,graphml/Interoute.graphml,1,,clustered,0.7;-0.3,-1,-1,-1,0,4,-1,0,-1,-1,0,4,edgeCount
278,110,148,graphml/Interoute.graphml,2,,clustered,0.7;-0.3,-1,-1,-1,0,4,-1,0,-1,-1,0,4,edgeCount
277,110,148,graphml/Interoute.graphml,1,,clustered,0.7;-0.3,8,8,8,0,0,8,0,8,8,0,0,edgeCount
276,110,148,graphml/Interoute.graphml,1,,clustered,0.7;-0.3,-1,-1,12,-13,0,-1,-13,-1,-1,-13,0,edgeCount
275,110,148,graphml/Interoute.graphml,3,,clustered,0.7;-0.3,75,75,16,59,0,75,59,75,75,59,0,edgeCount
274,110,148,graphml/Interoute.graphml,1,,clustered,0.7;-0.3,4,4,4,0,0,4,0,4,4,0,0,edgeCount
273,110,148,graphml/Interoute.graphml,2,,clustered,0.7;-0.3,35,19,7,28,0,-1,-8,-1,-1,-8,0,edgeCount
272,110,148,graphml/Interoute.graphml,2,,clustered,0.7;-0.3,52,22,14,38,2,-1,-15,52,52,38,2,edgeCount
271,110,148,graphml/Interoute.graphml,2,,clustered,0.7;-0.3,-1,-1,-1,0,2,-1,0,-1,-1,0,2,edgeCount
270,110,148,graphml/Interoute.graphml,2,,clustered,0.7;-0.3,-1,-1,-1,0,2,-1,0,-1,-1,0,2,edgeCount
269,110,148,graphml/Interoute.graphml,2,,clustered,0.7;-0.3,15,15,13,2,0,39,26,39,39,26,0,edgeCount
268,110,148,graphml/Interoute.graphml,2,,clustered,0.7;-0.3,17,17,9,8,0,17,8,17,17,8,0,edgeCount
267,110,148,graphml/Interoute.graphml,2,,clustered,0.7;-0.3,11,61,8,3,0,29,21,29,29,21,0,edgeCount
266,110,148,graphml/Interoute.graphml,2,,clustered,0.7;-0.3,28,36,10,18,0,10,0,10,10,0,0,edgeCount
265,110,148,graphml/Interoute.graphml,2,,clustered,0.7;-0.3,34,34,10,24,0,-1,-11,-1,-1,-11,0,edgeCount
264,110,148,graphml/Interoute.graphml,2,,clustered,0.7;-0.3,-1,-1,12,-13,0,-1,-13,-1,-1,-13,0,edgeCount
263,110,148,graphml/Interoute.graphml,3,,clustered,0.7;-0.3,-1,-1,11,-12,2,-1,-12,-1,-1,-12,2,edgeCount
262,110,148,graphml/Interoute.graphml,2,,clustered,0.7;-0.3,-1,-1,-1,0,0,-1,0,-1,-1,0,0,edgeCount
261,110,148,graphml/Interoute.graphml,2,,clustered,0.7;-0.3,10,15,9,1,0,24,15,24,24,15,0,edgeCount
260,110,148,graphml/Interoute.graphml,2,,clustered,0.7;-0.3,8,24,4,4,0,4,0,8,8,4,0,edgeCount
259,110,148,graphml/Interoute.graphml,2,,clustered,0.7;-0.3,-1,-1,8,-9,0,-1,-9,-1,-1,-9,0,edgeCount
258,110,148,graphml/Interoute.graphml,2,,clustered,0.7;-0.3,-1,-1,-1,0,0,-1,0,-1,-1,0,0,edgeCount
257,110,148,graphml/Interoute.graphml,3,,clustered,0.7;-0.3,16,6,2,14,2,2,0,2,2,0,2,edgeCount
256,110,148,graphml/Interoute.graphml,2,,clustered,0.7;-0.3,12,66,9,3,2,26,17,26,62,17,2,edgeCount
255,110,148,graphml/Interoute.graphml,2,,clustered,0.7;-0.3,-1,-1,-1,0,0,-1,0,-1,-1,0,0,edgeCount
254,110,148,graphml/Interoute.graphml,2,,clustered,0.7;-0.3,-1,-1,-1,0,0,-1,0,-1,-1,0,0,edgeCount
253,110,148,graphml/Interoute.graphml,2,,clustered,0.7;-0.3,28,28,16,12,0,28,12,28,28,12,0,edgeCount
252,110,148,graphml/Interoute.graphml,3,,clustered,0.7;-0.3,2,2,2,0,0,2,0,2,2,0,0,edgeCount
251,110,148,graphml/Interoute.graphml,1,,clustered,0.7;-0.3,-1,-1,-1,0,0,-1,0,-1,-1,0,0,edgeCount
250,110,148,graphml/Interoute.graphml,2,,clustered,0.7;-0.3,-1,-1,-1,0,0,-1,0,-1,-1,0,0,edgeCount
249,110,148,graphml/Interoute.graphml,2,,clustered,0.7;-0.3,-1,-1,16,-17,8,-1,-17,42,42,26,8,edgeCount
248,110,148,graphml/Interoute.graphml,2,,clustered,0.7;-0.3,39,39,16,23,0,-1,-17,39,39,23,0,edgeCount
247,110,148,graphml/Interoute.graphml,2,,clustered,0.7;-0.3,-1,-1,-1,0,0,-1,0,-1,-1,0,0,edgeCount
246,110,148,graphml/Interoute.graphml,2,,clustered,0.7;-0.3,12,4,4,8,0,4,0,4,4,0,0,edgeCount
245,110,148,graphml/Interoute.graphml,3,,clustered,0.7;-0.3,16,6,4,12,2,6,2,6,6,2,2,edgeCount
244,110,148,graphml/Interoute.graphml,1,,clustered,0.7;-0.3,-1,-1,9,-10,0,-1,-10,-1,-1,-10,0,edgeCount
243,110,148,graphml/Interoute.graphml,3,,clustered,0.7;-0.3,39,15,9,30,0,-1,-10,-1,-1,-10,0,edgeCount
242,110,148,graphml/Interoute.graphml,2,,clustered,0.7;-0.3,-1,-1,-1,0,0,-1,0,-1,-1,0,0,edgeCount
241,110,148,graphml/Interoute.graphml,3,,clustered,0.7;-0.3,-1,-1,-1,0,4,-1,0,-1,-1,0,4,edgeCount
240,110,148,graphml/Interoute.graphml,3,,clustered,0.7;-0.3,-1,-1,-1,0,0,-1,0,-1,-1,0,0,edgeCount
239,110,148,graphml/Interoute.graphml,2,,clustered,0.7;-0.3,-1,-1,16,-17,0,-1,-17,-1,-1,-17,0,edgeCount
238,110,148,graphml/Interoute.graphml,2,,clustered,0.7;-0.3,-1,-1,-1,0,2,-1,0,-1,-1,0,2,edgeCount
237,110,148,graphml/Interoute.graphml,2,,clustered,0.7;-0.3,-1,-1,-1,0,0,-1,0,-1,-1,0,0,edgeCount
236,110,148,graphml/Interoute.graphml,2,,clustered,0.7;-0.3,41,41,17,24,0,41,24,41,41,24,0,edgeCount
235,110,148,graphml/Interoute.graphml,2,,clustered,0.7;-0.3,-1,-1,-1,0,4,-1,0,-1,-1,0,4,edgeCount
234,110,148,graphml/Interoute.graphml,1,,clustered,0.7;-0.3,-1,-1,13,-14,0,-1,-14,-1,-1,-14,0,edgeCount
233,110,148,graphml/Interoute.graphml,3,,clustered,0.7;-0.3,25,25,10,15,0,25,15,25,25,15,0,edgeCount
232,110,148,graphml/Interoute.graphml,2,,clustered,0.7;-0.3,-1,-1,-1,0,0,-1,0,-1,-1,0,0,edgeCount
231,110,148,graphml/Interoute.graphml,1,,clustered,0.7;-0.3,16,18,16,0,4,-1,-17,16,18,0,4,edgeCount
230,110,148,graphml/Interoute.graphml,2,,clustered,0.7;-0.3,-1,-1,-1,0,2,-1,0,-1,-1,0,2,edgeCount
229,110,148,graphml/Interoute.graphml,2,,clustered,0.7;-0.3,12,15,6,6,0,20,14,20,20,14,0,edgeCount
228,110,148,graphml/Interoute.graphml,2,,clustered,0.7;-0.3,-1,-1,-1,0,2,-1,0,-1,-1,0,2,edgeCount
227,110,148,graphml/Interoute.graphml,2,,clustered,0.7;-0.3,-1,-1,-1,0,0,-1,0,-1,-1,0,0,edgeCount
226,110,148,graphml/Interoute.graphml,2,,clustered,0.7;-0.3,-1,-1,-1,0,4,-1,0,-1,-1,0,4,edgeCount
225,110,148,graphml/Interoute.graphml,2,,clustered,0.7;-0.3,-1,-1,-1,0,0,-1,0,-1,-1,0,0,edgeCount
224,110,148,graphml/Interoute.graphml,2,,clustered,0.7;-0.3,-1,-1,-1,0,2,-1,0,-1,-1,0,2,edgeCount
223,110,148,graphml/Interoute.graphml,2,,clustered,0.7;-0.3,-1,-1,-1,0,0,-1,0,-1,-1,0,0,edgeCount
222,110,148,graphml/Interoute.graphml,2,,clustered,0.7;-0.3,-1,-1,-1,0,2,-1,0,-1,-1,0,2,edgeCount
221,110,148,graphml/Interoute.graphml,2,,clustered,0.7;-0.3,48,36,16,32,2,-1,-17,48,36,32,2,edgeCount
220,110,148,graphml/Interoute.graphml,2,,clustered,0.7;-0.3,-1,-1,-1,0,0,-1,0,-1,-1,0,0,edgeCount
219,110,148,graphml/Interoute.graphml,2,,clustered,0.7;-0.3,-1,-1,12,-13,0,-1,-13,-1,-1,-13,0,edgeCount
218,110,148,graphml/Interoute.graphml,2,,clustered,0.7;-0.3,-1,-1,18,-19,0,-1,-19,-1,-1,-19,0,edgeCount
217,110,148,graphml/Interoute.graphml,2,,clustered,0.7;-0.3,-1,-1,-1,0,2,-1,0,-1,-1,0,2,edgeCount
216,110,148,graphml/Interoute.graphml,2,,clustered,0.7;-0.3,-1,-1,5,-6,0,-1,-6,-1,-1,-6,0,edgeCount
215,110,148,graphml/Interoute.graphml,2,,clustered,0.7;-0.3,15,59,14,1,4,35,21,35,35,21,2,edgeCount
214,110,148,graphml/Interoute.graphml,2,,clustered,0.7;-0.3,16,64,13,3,0,-1,-14,36,36,23,0,edgeCount
213,110,148,graphml/Interoute.graphml,2,,clustered,0.7;-0.3,-1,-1,-1,0,2,-1,0,-1,-1,0,2,edgeCount
212,110,148,graphml/Interoute.graphml,1,,clustered,0.7;-0.3,-1,-1,-1,0,6,-1,0,-1,-1,0,6,edgeCount
211,110,148,graphml/Interoute.graphml,2,,clustered,0.7;-0.3,-1,-1,-1,0,2,-1,0,-1,-1,0,2,edgeCount
210,110,148,graphml/Interoute.graphml,2,,clustered,0.7;-0.3,-1,-1,-1,0,0,-1,0,-1,-1,0,0,edgeCount
209,110,148,graphml/Interoute.graphml,1,,clustered,0.7;-0.3,-1,-1,-1,0,2,-1,0,-1,-1,0,2,edgeCount
208,110,148,graphml/Interoute.graphml,3,,clustered,0.7;-0.3,-1,-1,-1,0,2,-1,0,-1,-1,0,2,edgeCount
207,110,148,graphml/Interoute.graphml,2,,clustered,0.7;-0.3,-1,-1,-1,0,0,-1,0,-1,-1,0,0,edgeCount
206,110,148,graphml/Interoute.graphml,1,,clustered,0.7;-0.3,9,9,9,0,0,9,0,9,9,0,0,edgeCount
205,110,148,graphml/Interoute.graphml,2,,clustered,0.7;-0.3,-1,-1,-1,0,2,-1,0,-1,-1,0,2,edgeCount
204,110,148,graphml/Interoute.graphml,2,,clustered,0.7;-0.3,-1,-1,-1,0,4,-1,0,-1,-1,0,4,edgeCount
203,110,148,graphml/Interoute.graphml,3,,clustered,0.7;-0.3,19,19,9,10,2,19,10,19,19,10,2,edgeCount
202,110,148,graphml/Interoute.graphml,1,,clustered,0.7;-0.3,12,12,12,0,0,12,0,12,12,0,0,edgeCount
201,110,148,graphml/Interoute.graphml,2,,clustered,0.7;-0.3,10,40,10,0,2,16,6,16,42,6,2,edgeCount
200,110,148,graphml/Interoute.graphml,1,,clustered,0.7;-0.3,-1,-1,6,-7,2,-1,-7,-1,-1,-7,2,edgeCount
199,110,148,graphml/Interoute.graphml,2,,clustered,0.7;-0.3,-1,-1,-1,0,2,-1,0,-1,-1,0,2,edgeCount
198,110,148,graphml/Interoute.graphml,1,,clustered,0.7;-0.3,12,12,12,0,0,12,0,12,12,0,0,edgeCount
197,110,148,graphml/Interoute.graphml,2,,clustered,0.7;-0.3,39,39,14,25,0,39,25,39,39,25,0,edgeCount
196,110,148,graphml/Interoute.graphml,3,,clustered,0.7;-0.3,-1,-1,6,-7,2,-1,-7,-1,-1,-7,2,edgeCount
195,110,148,graphml/Interoute.graphml,2,,clustered,0.7;-0.3,-1,-1,-1,0,0,-1,0,-1,-1,0,0,edgeCount
194,110,148,graphml/Interoute.graphml,2,,clustered,0.7;-0.3,10,18,10,0,4,18,8,10,18,0,4,edgeCount
193,110,148,graphml/Interoute.graphml,2,,clustered,0.7;-0.3,-1,-1,-1,0,2,-1,0,-1,-1,0,2,edgeCount
192,110,148,graphml/Interoute.graphml,3,,clustered,0.7;-0.3,21,3,3,18,2,-1,-4,3,3,0,2,edgeCount
191,110,148,graphml/Interoute.graphml,2,,clustered,0.7;-0.3,-1,-1,-1,0,2,-1,0,-1,-1,0,2,edgeCount
190,110,148,graphml/Interoute.graphml,2,,clustered,0.7;-0.3,-1,-1,-1,0,0,-1,0,-1,-1,0,0,edgeCount
189,110,148,graphml/Interoute.graphml,2,,clustered,0.7;-0.3,-1,-1,-1,0,0,-1,0,-1,-1,0,0,edgeCount
188,110,148,graphml/Interoute.graphml,2,,clustered,0.7;-0.3,25,25,11,14,0,25,14,25,25,14,0,edgeCount
187,110,148,graphml/Interoute.graphml,2,,clustered,0.7;-0.3,-1,-1,-1,0,2,-1,0,-1,-1,0,2,edgeCount
186,110,148,graphml/Interoute.graphml,2,,clustered,0.7;-0.3,-1,-1,-1,0,2,-1,0,-1,-1,0,2,edgeCount
185,110,148,graphml/Interoute.graphml,2,,clustered,0.7;-0.3,-1,-1,-1,0,2,-1,0,-1,-1,0,2,edgeCount
184,110,148,graphml/Interoute.graphml,2,,clustered,0.7;-0.3,47,33,11,36,0,-1,-12,-1,-1,-12,0,edgeCount
183,110,148,graphml/Interoute.graphml,2,,clustered,0.7;-0.3,-1,-1,8,-9,0,-1,-9,-1,-1,-9,0,edgeCount
182,110,148,graphml/Interoute.graphml,2,,clustered,0.7;-0.3,-1,-1,-1,0,2,-1,0,-1,-1,0,2,edgeCount
181,110,148,graphml/Interoute.graphml,1,,clustered,0.7;-0.3,-1,-1,-1,0,4,-1,0,-1,-1,0,4,edgeCount
180,110,148,graphml/Interoute.graphml,2,,clustered,0.7;-0.3,-1,-1,-1,0,0,-1,0,-1,-1,0,0,edgeCount
179,110,148,graphml/Interoute.graphml,1,,clustered,0.7;-0.3,15,15,15,0,0,15,0,15,15,0,0,edgeCount
178,110,148,graphml/Interoute.graphml,3,,clustered,0.7;-0.3,16,8,6,10,0,-1,-7,-1,-1,-7,0,edgeCount
177,110,148,graphml/Interoute.graphml,1,,clustered,0.7;-0.3,-1,-1,-1,0,2,-1,0,-1,-1,0,2,edgeCount
176,110,148,graphml/Interoute.graphml,1,,clustered,0.7;-0.3,-1,-1,-1,0,0,-1,0,-1,-1,0,0,edgeCount
175,110,148,graphml/Interoute.graphml,1,,clustered,0.7;-0.3,-1,-1,-1,0,0,-1,0,-1,-1,0,0,edgeCount
174,110,148,graphml/Interoute.graphml,2,,clustered,0.7;-0.3,-1,-1,-1,0,8,-1,0,-1,-1,0,8,edgeCount
173,110,148,graphml/Interoute.graphml,3,,clustered,0.7;-0.3,-1,-1,-1,0,0,-1,0,-1,-1,0,0,edgeCount
172,110,148,graphml/Interoute.graphml,2,,clustered,0.7;-0.3,-1,-1,-1,0,2,-1,0,-1,-1,0,2,edgeCount
171,110,148,graphml/Interoute.graphml,2,,clustered,0.7;-0.3,-1,-1,-1,0,0,-1,0,-1,-1,0,0,edgeCount
170,110,148,graphml/Interoute.graphml,2,,clustered,0.7;-0.3,35,45,7,28,0,7,0,7,7,0,0,edgeCount
169,110,148,graphml/Interoute.graphml,2,,clustered,0.7;-0.3,-1,-1,-1,0,2,-1,0,-1,-1,0,2,edgeCount
168,110,148,graphml/Interoute.graphml,1,,clustered,0.7;-0.3,12,12,12,0,0,12,0,12,12,0,0,edgeCount
167,110,148,graphml/Interoute.graphml,2,,clustered,0.7;-0.3,19,19,9,10,0,19,10,19,19,10,0,edgeCount
166,110,148,graphml/Interoute.graphml,2,,clustered,0.7;-0.3,54,28,12,42,4,-1,-13,-1,-1,-13,4,edgeCount
165,110,148,graphml/Interoute.graphml,1,,clustered,0.7;-0.3,-1,-1,15,-16,0,-1,-16,-1,-1,-16,0,edgeCount
164,110,148,graphml/Interoute.graphml,1,,clustered,0.7;-0.3,9,43,9,0,4,9,0,9,43,0,4,edgeCount
163,110,148,graphml/Interoute.graphml,2,,clustered,0.7;-0.3,-1,-1,19,-20,0,-1,-20,-1,-1,-20,0,edgeCount
162,110,148,graphml/Interoute.graphml,2,,clustered,0.7;-0.3,12,46,12,0,2,24,12,12,46,0,2,edgeCount
161,110,148,graphml/Interoute.graphml,2,,clustered,0.7;-0.3,-1,-1,-1,0,0,-1,0,-1,-1,0,0,edgeCount
160,110,148,graphml/Interoute.graphml,2,,clustered,0.7;-0.3,-1,-1,-1,0,2,-1,0,-1,-1,0,2,edgeCount
159,110,148,graphml/Interoute.graphml,2,,clustered,0.7;-0.3,-1,-1,-1,0,0,-1,0,-1,-1,0,0,edgeCount
158,110,148,graphml/Interoute.graphml,2,,clustered,0.7;-0.3,21,13,13,8,0,-1,-14,-1,-1,-14,0,edgeCount
157,110,148,graphml/Interoute.graphml,2,,clustered,0.7;-0.3,42,42,15,27,0,42,27,42,42,27,0,edgeCount
156,110,148,graphml/Interoute.graphml,2,,clustered,0.7;-0.3,-1,-1,-1,0,2,-1,0,-1,-1,0,2,edgeCount
155,110,148,graphml/Interoute.graphml,2,,clustered,0.7;-0.3,-1,-1,-1,0,4,-1,0,-1,-1,0,4,edgeCount
154,110,148,graphml/Interoute.graphml,2,,clustered,0.7;-0.3,-1,-1,-1,0,0,-1,0,-1,-1,0,0,edgeCount
153,110,148,graphml/Interoute.graphml,2,,clustered,0.7;-0.3,-1,-1,-1,0,0,-1,0,-1,-1,0,0,edgeCount
152,110,148,graphml/Interoute.graphml,2,,clustered,0.7;-0.3,-1,-1,-1,0,0,-1,0,-1,-1,0,0,edgeCount
151,110,148,graphml/Interoute.graphml,2,,clustered,0.7;-0.3,-1,-1,15,-16,2,-1,-16,42,32,27,2,edgeCount
150,110,148,graphml/Interoute.graphml,2,,clustered,0.7;-0.3,-1,-1,-1,0,8,-1,0,-1,-1,0,8,edgeCount
149,110,148,graphml/Interoute.graphml,1,,clustered,0.7;-0.3,-1,-1,-1,0,6,-1,0,-1,-1,0,6,edgeCount
148,110,148,graphml/Interoute.graphml,2,,clustered,0.7;-0.3,69,35,18,51,2,-1,-19,52,46,34,2,edgeCount
147,110,148,graphml/Interoute.graphml,2,,clustered,0.7;-0.3,21,18,15,6,2,45,30,53,53,38,2,edgeCount
146,110,148,graphml/Interoute.graphml,2,,clustered,0.7;-0.3,-1,-1,-1,0,0,-1,0,-1,-1,0,0,edgeCount
145,110,148,graphml/Interoute.graphml,3,,clustered,0.7;-0.3,22,8,8,14,0,-1,-9,-1,-1,-9,0,edgeCount
144,110,148,graphml/Interoute.graphml,1,,clustered,0.7;-0.3,28,28,10,18,2,-1,-11,28,28,18,2,edgeCount
143,110,148,graphml/Interoute.graphml,2,,clustered,0.7;-0.3,19,69,15,4,2,45,30,19,65,4,2,edgeCount
142,110,148,graphml/Interoute.graphml,3,,clustered,0.7;-0.3,59,59,17,42,2,-1,-18,59,59,42,2,edgeCount
141,110,148,graphml/Interoute.graphml,1,,clustered,0.7;-0.3,-1,-1,-1,0,2,-1,0,-1,-1,0,2,edgeCount
140,110,148,graphml/Interoute.graphml,2,,clustered,0.7;-0.3,9,9,9,0,0,9,0,9,9,0,0,edgeCount
139,110,148,graphml/Interoute.graphml,2,,clustered,0.7;-0.3,10,10,8,2,0,10,2,10,10,2,0,edgeCount
138,110,148,graphml/Interoute.graphml,2,,clustered,0.7;-0.3,-1,-1,16,-17,2,-1,-17,-1,-1,-17,2,edgeCount
137,110,148,graphml/Interoute.graphml,2,,clustered,0.7;-0.3,8,8,8,0,2,8,0,8,8,0,2,edgeCount
136,110,148,graphml/Interoute.graphml,2,,clustered,0.7;-0.3,-1,-1,-1,0,0,-1,0,-1,-1,0,0,edgeCount
135,110,148,graphml/Interoute.graphml,3,,clustered,0.7;-0.3,33,7,7,26,0,7,0,7,7,0,0,edgeCount
134,110,148,graphml/Interoute.graphml,2,,clustered,0.7;-0.3,10,10,9,1,0,10,1,10,10,1,0,edgeCount
133,110,148,graphml/Interoute.graphml,2,,clustered,0.7;-0.3,-1,-1,-1,0,8,-1,0,-1,-1,0,8,edgeCount
132,110,148,graphml/Interoute.graphml,1,,clustered,0.7;-0.3,-1,-1,-1,0,4,-1,0,-1,-1,0,4,edgeCount
131,110,148,graphml/Interoute.graphml,2,,clustered,0.7;-0.3,-1,-1,-1,0,0,-1,0,-1,-1,0,0,edgeCount
130,110,148,graphml/Interoute.graphml,2,,clustered,0.7;-0.3,-1,-1,-1,0,0,-1,0,-1,-1,0,0,edgeCount
129,110,148,graphml/Interoute.graphml,3,,clustered,0.7;-0.3,-1,-1,-1,0,0,-1,0,-1,-1,0,0,edgeCount
128,110,148,graphml/Interoute.graphml,1,,clustered,0.7;-0.3,9,9,9,0,0,9,0,9,9,0,0,edgeCount
127,110,148,graphml/Interoute.graphml,1,,clustered,0.7;-0.3,-1,-1,-1,0,6,-1,0,-1,-1,0,6,edgeCount
126,110,148,graphml/Interoute.graphml,2,,clustered,0.7;-0.3,-1,-1,12,-13,0,-1,-13,-1,-1,-13,0,edgeCount
125,110,148,graphml/Interoute.graphml,3,,clustered,0.7;-0.3,-1,-1,-1,0,0,-1,0,-1,-1,0,0,edgeCount
124,110,148,graphml/Interoute.graphml,1,,clustered,0.7;-0.3,-1,-1,-1,0,2,-1,0,-1,-1,0,2,edgeCount
123,110,148,graphml/Interoute.graphml,2,,clustered,0.7;-0.3,18,10,10,8,0,10,0,10,10,0,0,edgeCount
122,110,148,graphml/Interoute.graphml,2,,clustered,0.7;-0.3,-1,-1,-1,0,2,-1,0,-1,-1,0,2,edgeCount
121,110,148,graphml/Interoute.graphml,3,,clustered,0.7;-0.3,57,35,10,47,2,-1,-11,-1,-1,-11,2,edgeCount
120,110,148,graphml/Interoute.graphml,2,,clustered,0.7;-0.3,-1,-1,-1,0,0,-1,0,-1,-1,0,0,edgeCount
119,110,148,graphml/Interoute.graphml,2,,clustered,0.7;-0.3,-1,-1,-1,0,0,-1,0,-1,-1,0,0,edgeCount
118,110,148,graphml/Interoute.graphml,2,,clustered,0.7;-0.3,11,11,11,0,0,11,0,11,11,0,0,edgeCount
117,110,148,graphml/Interoute.graphml,2,,clustered,0.7;-0.3,-1,-1,-1,0,0,-1,0,-1,-1,0,0,edgeCount
116,110,148,graphml/Interoute.graphml,2,,clustered,0.7;-0.3,-1,-1,-1,0,0,-1,0,-1,-1,0,0,edgeCount
115,110,148,graphml/Interoute.graphml,2,,clustered,0.7;-0.3,9,9,9,0,0,9,0,9,9,0,0,edgeCount
114,110,148,graphml/Interoute.graphml,2,,clustered,0.7;-0.3,6,28,6,0,0,10,4,10,10,4,0,edgeCount
113,110,148,graphml/Interoute.graphml,2,,clustered,0.7;-0.3,-1,-1,-1,0,0,-1,0,-1,-1,0,0,edgeCount
112,110,148,graphml/Interoute.graphml,1,,clustered,0.7;-0.3,27,27,9,18,2,-1,-10,27,27,18,2,edgeCount
111,110,148,graphml/Interoute.graphml,3,,clustered,0.7;-0.3,24,24,10,14,0,24,14,24,24,14,0,edgeCount
110,110,148,graphml/Interoute.graphml,3,,clustered,0.7;-0.3,-1,-1,-1,0,0,-1,0,-1,-1,0,0,edgeCount
109,110,148,graphml/Interoute.graphml,1,,clustered,0.7;-0.3,-1,-1,-1,0,0,-1,0,-1,-1,0,0,edgeCount
108,110,148,graphml/Interoute.graphml,2,,clustered,0.7;-0.3,-1,-1,-1,0,2,-1,0,-1,-1,0,2,edgeCount
107,110,148,graphml/Interoute.graphml,1,,clustered,0.7;-0.3,11,11,11,0,0,11,0,11,11,0,0,edgeCount
106,110,148,graphml/Interoute.graphml,2,,clustered,0.7;-0.3,-1,-1,-1,0,0,-1,0,-1,-1,0,0,edgeCount
105,110,148,graphml/Interoute.graphml,2,,clustered,0.7;-0.3,-1,-1,-1,0,0,-1,0,-1,-1,0,0,edgeCount
104,110,148,graphml/Interoute.graphml,2,,clustered,0.7;-0.3,13,13,13,0,2,13,0,13,13,0,2,edgeCount
103,110,148,graphml/Interoute.graphml,3,,clustered,0.7;-0.3,-1,-1,-1,0,0,-1,0,-1,-1,0,0,edgeCount
102,110,148,graphml/Interoute.graphml,1,,clustered,0.7;-0.3,3,3,3,0,0,3,0,3,3,0,0,edgeCount
101,110,148,graphml/Interoute.graphml,2,,clustered,0.7;-0.3,11,11,11,0,0,-1,-12,29,11,18,0,edgeCount
100,110,148,graphml/Interoute.graphml,2,,clustered,0.7;-0.3,-1,-1,-1,0,0,-1,0,-1,-1,0,0,edgeCount
99,110,148,graphml/Interoute.graphml,1,,clustered,0.7;-0.3,-1,-1,18,-19,2,-1,-19,-1,-1,-19,2,edgeCount
98,110,148,graphml/Interoute.graphml,2,,clustered,0.7;-0.3,9,3,3,6,2,3,0,3,3,0,2,edgeCount
97,110,148,graphml/Interoute.graphml,2,,clustered,0.7;-0.3,-1,-1,-1,0,0,-1,0,-1,-1,0,0,edgeCount
96,110,148,graphml/Interoute.graphml,2,,clustered,0.7;-0.3,-1,-1,-1,0,6,-1,0,-1,-1,0,6,edgeCount
95,110,148,graphml/Interoute.graphml,2,,clustered,0.7;-0.3,29,9,8,21,0,9,1,9,9,1,0,edgeCount
94,110,148,graphml/Interoute.graphml,3,,clustered,0.7;-0.3,-1,-1,-1,0,0,-1,0,-1,-1,0,0,edgeCount
93,110,148,graphml/Interoute.graphml,2,,clustered,0.7;-0.3,-1,-1,-1,0,0,-1,0,-1,-1,0,0,edgeCount
92,110,148,graphml/Interoute.graphml,2,,clustered,0.7;-0.3,-1,-1,8,-9,0,-1,-9,-1,-1,-9,0,edgeCount
91,110,148,graphml/Interoute.graphml,3,,clustered,0.7;-0.3,24,22,11,13,2,30,19,30,74,19,2,edgeCount
90,110,148,graphml/Interoute.graphml,2,,clustered,0.7;-0.3,2,2,2,0,2,2,0,2,2,0,2,edgeCount
89,110,148,graphml/Interoute.graphml,2,,clustered,0.7;-0.3,11,63,11,0,4,27,16,27,27,16,4,edgeCount
88,110,148,graphml/Interoute.graphml,2,,clustered,0.7;-0.3,-1,-1,-1,0,0,-1,0,-1,-1,0,0,edgeCount
87,110,148,graphml/Interoute.graphml,2,,clustered,0.7;-0.3,-1,-1,5,-6,0,-1,-6,-1,-1,-6,0,edgeCount
86,110,148,graphml/Interoute.graphml,3,,clustered,0.7;-0.3,-1,-1,-1,0,0,-1,0,-1,-1,0,0,edgeCount
85,110,148,graphml/Interoute.graphml,1,,clustered,0.7;-0.3,-1,-1,-1,0,0,-1,0,-1,-1,0,0,edgeCount
84,110,148,graphml/Interoute.graphml,2,,clustered,0.7;-0.3,34,34,17,17,4,-1,-18,34,34,17,4,edgeCount
83,110,148,graphml/Interoute.graphml,2,,clustered,0.7;-0.3,13,37,13,0,2,27,14,27,27,14,2,edgeCount
82,110,148,graphml/Interoute.graphml,2,,clustered,0.7;-0.3,-1,-1,12,-13,0,-1,-13,-1,-1,-13,0,edgeCount
81,110,148,graphml/Interoute.graphml,2,,clustered,0.7;-0.3,-1,-1,-1,0,2,-1,0,-1,-1,0,2,edgeCount
80,110,148,graphml/Interoute.graphml,2,,clustered,0.7;-0.3,-1,-1,-1,0,2,-1,0,-1,-1,0,2,edgeCount
79,110,148,graphml/Interoute.graphml,2,,clustered,0.7;-0.3,69,43,15,54,2,-1,-16,-1,-1,-16,2,edgeCount
78,110,148,graphml/Interoute.graphml,2,,clustered,0.7;-0.3,2,2,2,0,0,2,0,2,2,0,0,edgeCount
77,110,148,graphml/Interoute.graphml,2,,clustered,0.7;-0.3,-1,-1,-1,0,0,-1,0,-1,-1,0,0,edgeCount
76,110,148,graphml/Interoute.graphml,2,,clustered,0.7;-0.3,-1,-1,-1,0,0,-1,0,-1,-1,0,0,edgeCount
75,110,148,graphml/Interoute.graphml,2,,clustered,0.7;-0.3,-1,-1,-1,0,4,-1,0,-1,-1,0,4,edgeCount
74,110,148,graphml/Interoute.graphml,2,,clustered,0.7;-0.3,-1,-1,-1,0,0,-1,0,-1,-1,0,0,edgeCount
73,110,148,graphml/Interoute.graphml,2,,clustered,0.7;-0.3,17,17,9,8,2,-1,-10,17,17,8,2,edgeCount
72,110,148,graphml/Interoute.graphml,2,,clustered,0.7;-0.3,13,13,13,0,0,13,0,13,13,0,0,edgeCount
71,110,148,graphml/Interoute.graphml,2,,clustered,0.7;-0.3,-1,-1,-1,0,0,-1,0,-1,-1,0,0,edgeCount
70,110,148,graphml/Interoute.graphml,2,,clustered,0.7;-0.3,-1,-1,-1,0,0,-1,0,-1,-1,0,0,edgeCount
69,110,148,graphml/Interoute.graphml,2,,clustered,0.7;-0.3,30,30,13,17,0,30,17,30,30,17,0,edgeCount
68,110,148,graphml/Interoute.graphml,2,,clustered,0.7;-0.3,23,15,7,16,0,-1,-8,-1,-1,-8,0,edgeCount
67,110,148,graphml/Interoute.graphml,1,,clustered,0.7;-0.3,-1,-1,-1,0,0,-1,0,-1,-1,0,0,edgeCount
66,110,148,graphml/Interoute.graphml,2,,clustered,0.7;-0.3,-1,-1,-1,0,0,-1,0,-1,-1,0,0,edgeCount
65,110,148,graphml/Interoute.graphml,2,,clustered,0.7;-0.3,16,16,16,0,0,16,0,16,16,0,0,edgeCount
64,110,148,graphml/Interoute.graphml,2,,clustered,0.7;-0.3,-1,-1,-1,0,0,-1,0,-1,-1,0,0,edgeCount
63,110,148,graphml/Interoute.graphml,2,,clustered,0.7;-0.3,9,9,7,2,0,7,0,7,7,0,0,edgeCount
62,110,148,graphml/Interoute.graphml,1,,clustered,0.7;-0.3,13,13,13,0,0,13,0,13,13,0,0,edgeCount
61,110,148,graphml/Interoute.graphml,1,,clustered,0.7;-0.3,-1,-1,-1,0,2,-1,0,-1,-1,0,2,edgeCount
60,110,148,graphml/Interoute.graphml,2,,clustered,0.7;-0.3,-1,-1,-1,0,0,-1,0,-1,-1,0,0,edgeCount
59,110,148,graphml/Interoute.graphml,2,,clustered,0.7;-0.3,-1,-1,-1,0,2,-1,0,-1,-1,0,2,edgeCount
58,110,148,graphml/Interoute.graphml,2,,clustered,0.7;-0.3,-1,-1,-1,0,2,-1,0,-1,-1,0,2,edgeCount
57,110,148,graphml/Interoute.graphml,2,,clustered,0.7;-0.3,36,20,12,24,2,-1,-13,41,41,29,2,edgeCount
56,110,148,graphml/Interoute.graphml,3,,clustered,0.7;-0.3,26,4,4,22,2,4,0,4,4,0,2,edgeCount
55,110,148,graphml/Interoute.graphml,2,,clustered,0.7;-0.3,-1,-1,-1,0,0,-1,0,-1,-1,0,0,edgeCount
54,110,148,graphml/Interoute.graphml,3,,clustered,0.7;-0.3,-1,-1,9,-10,2,-1,-10,-1,-1,-10,2,edgeCount
53,110,148,graphml/Interoute.graphml,2,,clustered,0.7;-0.3,26,16,6,20,2,6,0,6,6,0,2,edgeCount
52,110,148,graphml/Interoute.graphml,2,,clustered,0.7;-0.3,28,28,11,17,0,28,17,28,28,17,0,edgeCount
51,110,148,graphml/Interoute.graphml,3,,clustered,0.7;-0.3,-1,-1,-1,0,0,-1,0,-1,-1,0,0,edgeCount
50,110,148,graphml/Interoute.graphml,2,,clustered,0.7;-0.3,7,25,7,0,4,11,4,11,33,4,4,edgeCount
49,110,148,graphml/Interoute.graphml,2,,clustered,0.7;-0.3,-1,-1,-1,0,0,-1,0,-1,-1,0,0,edgeCount
48,110,148,graphml/Interoute.graphml,2,,clustered,0.7;-0.3,13,19,5,8,0,5,0,5,5,0,0,edgeCount
47,110,148,graphml/Interoute.graphml,2,,clustered,0.7;-0.3,4,4,4,0,0,4,0,4,4,0,0,edgeCount
46,110,148,graphml/Interoute.graphml,2,,clustered,0.7;-0.3,-1,-1,-1,0,0,-1,0,-1,-1,0,0,edgeCount
45,110,148,graphml/Interoute.graphml,3,,clustered,0.7;-0.3,27,55,11,16,2,39,28,23,65,12,2,edgeCount
44,110,148,graphml/Interoute.graphml,3,,clustered,0.7;-0.3,11,11,11,0,0,-1,-12,-1,-1,-12,0,edgeCount
43,110,148,graphml/Interoute.graphml,1,,clustered,0.7;-0.3,-1,-1,12,-13,0,-1,-13,-1,-1,-13,0,edgeCount
42,110,148,graphml/Interoute.graphml,2,,clustered,0.7;-0.3,-1,-1,-1,0,2,-1,0,-1,-1,0,2,edgeCount
41,110,148,graphml/Interoute.graphml,2,,clustered,0.7;-0.3,-1,-1,-1,0,0,-1,0,-1,-1,0,0,edgeCount
40,110,148,graphml/Interoute.graphml,2,,clustered,0.7;-0.3,-1,-1,-1,0,0,-1,0,-1,-1,0,0,edgeCount
39,110,148,graphml/Interoute.graphml,2,,clustered,0.7;-0.3,43,43,12,31,0,43,31,43,43,31,0,edgeCount
38,110,148,graphml/Interoute.graphml,2,,clustered,0.7;-0.3,-1,-1,-1,0,0,-1,0,-1,-1,0,0,edgeCount
37,110,148,graphml/Interoute.graphml,2,,clustered,0.7;-0.3,-1,-1,-1,0,0,-1,0,-1,-1,0,0,edgeCount
36,110,148,graphml/Interoute.graphml,1,,clustered,0.7;-0.3,-1,-1,-1,0,4,-1,0,-1,-1,0,4,edgeCount
35,110,148,graphml/Interoute.graphml,2,,clustered,0.7;-0.3,-1,-1,-1,0,0,-1,0,-1,-1,0,0,edgeCount
34,110,148,graphml/Interoute.graphml,1,,clustered,0.7;-0.3,-1,-1,-1,0,6,-1,0,-1,-1,0,6,edgeCount
33,110,148,graphml/Interoute.graphml,2,,clustered,0.7;-0.3,-1,-1,-1,0,4,-1,0,-1,-1,0,4,edgeCount
32,110,148,graphml/Interoute.graphml,2,,clustered,0.7;-0.3,-1,-1,-1,0,2,-1,0,-1,-1,0,2,edgeCount
31,110,148,graphml/Interoute.graphml,3,,clustered,0.7;-0.3,-1,-1,-1,0,0,-1,0,-1,-1,0,0,edgeCount
30,110,148,graphml/Interoute.graphml,1,,clustered,0.7;-0.3,-1,-1,-1,0,4,-1,0,-1,-1,0,4,edgeCount
29,110,148,graphml/Interoute.graphml,2,,clustered,0.7;-0.3,-1,-1,-1,0,0,-1,0,-1,-1,0,0,edgeCount
28,110,148,graphml/Interoute.graphml,2,,clustered,0.7;-0.3,-1,-1,-1,0,4,-1,0,-1,-1,0,4,edgeCount
27,110,148,graphml/Interoute.graphml,2,,clustered,0.7;-0.3,-1,-1,-1,0,0,-1,0,-1,-1,0,0,edgeCount
26,110,148,graphml/Interoute.graphml,2,,clustered,0.7;-0.3,23,7,7,16,0,7,0,7,7,0,0,edgeCount
25,110,148,graphml/Interoute.graphml,2,,clustered,0.7;-0.3,-1,-1,-1,0,2,-1,0,-1,-1,0,2,edgeCount
24,110,148,graphml/Interoute.graphml,2,,clustered,0.7;-0.3,-1,-1,-1,0,0,-1,0,-1,-1,0,0,edgeCount
23,110,148,graphml/Interoute.graphml,2,,clustered,0.7;-0.3,13,13,13,0,0,-1,-14,-1,-1,-14,0,edgeCount
22,110,148,graphml/Interoute.graphml,2,,clustered,0.7;-0.3,-1,-1,-1,0,2,-1,0,-1,-1,0,2,edgeCount
21,110,148,graphml/Interoute.graphml,2,,clustered,0.7;-0.3,-1,-1,12,-13,4,-1,-13,-1,-1,-13,4,edgeCount
20,110,148,graphml/Interoute.graphml,2,,clustered,0.7;-0.3,-1,-1,-1,0,0,-1,0,-1,-1,0,0,edgeCount
19,110,148,graphml/Interoute.graphml,1,,clustered,0.7;-0.3,-1,-1,-1,0,2,-1,0,-1,-1,0,2,edgeCount
18,110,148,graphml/Interoute.graphml,2,,clustered,0.7;-0.3,-1,-1,-1,0,0,-1,0,-1,-1,0,0,edgeCount
17,110,148,graphml/Interoute.graphml,1,,clustered,0.7;-0.3,-1,-1,-1,0,2,-1,0,-1,-1,0,2,edgeCount
16,110,148,graphml/Interoute.graphml,3,,clustered,0.7;-0.3,-1,-1,9,-10,0,-1,-10,-1,-1,-10,0,edgeCount
15,110,148,graphml/Interoute.graphml,2,,clustered,0.7;-0.3,7,7,5,2,0,5,0,5,5,0,0,edgeCount
14,110,148,graphml/Interoute.graphml,1,,clustered,0.7;-0.3,-1,-1,11,-12,2,-1,-12,-1,-1,-12,2,edgeCount
13,110,148,graphml/Interoute.graphml,2,,clustered,0.7;-0.3,-1,-1,-1,0,0,-1,0,-1,-1,0,0,edgeCount
12,110,148,graphml/Interoute.graphml,1,,clustered,0.7;-0.3,9,9,9,0,4,9,0,9,9,0,4,edgeCount
11,110,148,graphml/Interoute.graphml,2,,clustered,0.7;-0.3,-1,-1,-1,0,2,-1,0,-1,-1,0,2,edgeCount
10,110,148,graphml/Interoute.graphml,2,,clustered,0.7;-0.3,-1,-1,-1,0,0,-1,0,-1,-1,0,0,edgeCount
9,110,148,graphml/Interoute.graphml,2,,clustered,0.7;-0.3,-1,-1,-1,0,4,-1,0,-1,-1,0,4,edgeCount
8,110,148,graphml/Interoute.graphml,1,,clustered,0.7;-0.3,-1,-1,-1,0,2,-1,0,-1,-1,0,2,edgeCount
7,110,148,graphml/Interoute.graphml,2,,clustered,0.7;-0.3,-1,-1,-1,0,0,-1,0,-1,-1,0,0,edgeCount
6,110,148,graphml/Interoute.graphml,2,,clustered,0.7;-0.3,40,42,10,30,0,10,0,10,10,0,0,edgeCount
5,110,148,graphml/Interoute.graphml,1,,clustered,0.7;-0.3,10,10,10,0,0,10,0,10,10,0,0,edgeCount
4,110,148,graphml/Interoute.graphml,2,,clustered,0.7;-0.3,-1,-1,-1,0,2,-1,0,-1,-1,0,2,edgeCount
3,110,148,graphml/Interoute.graphml,2,,clustered,0.7;-0.3,13,13,13,0,0,13,0,13,13,0,0,edgeCount
2,110,148,graphml/Interoute.graphml,3,,clustered,0.7;-0.3,7,23,7,0,0,13,6,13,13,6,0,edgeCount
1,110,148,graphml/Interoute.graphml,2,,clustered,0.7;-0.3,6,8,6,0,0,8,2,8,8,2,0,edgeCount
