rep,nrNodes,nrEdges,edgeProb,nrPaths,nrFails,failureModel,failurePercent,hopsRanked,hopsUnranked,spLength,stretch_mult,nodeAdditions,hopsPath,stretch_path,hopsRankedOne,hopsUnrankedOne,stretch_one,overallNodeAdditionsOne,treeChoice
1000,110,148,graphml/Interoute.graphml,1,,clustered,0.4;-0.3,14,14,12,2,4,-1,-13,14,14,2,4,edgeCount
999,110,148,graphml/Interoute.graphml,3,,clustered,0.4;-0.3,24,8,8,16,2,8,0,8,8,0,2,edgeCount
998,110,148,graphml/Interoute.graphml,3,,clustered,0.4;-0.3,5,5,5,0,2,5,0,5,5,0,2,edgeCount
997,110,148,graphml/Interoute.graphml,2,,clustered,0.4;-0.3,3,15,3,0,2,3,0,3,15,0,2,edgeCount
996,110,148,graphml/Interoute.graphml,2,,clustered,0.4;-0.3,11,11,11,0,0,11,0,11,11,0,0,edgeCount
995,110,148,graphml/Interoute.graphml,2,,clustered,0.4;-0.3,10,10,10,0,0,10,0,10,10,0,0,edgeCount
994,110,148,graphml/Interoute.graphml,2,,clustered,0.4;-0.3,8,8,8,0,0,8,0,8,8,0,0,edgeCount
993,110,148,graphml/Interoute.graphml,2,,clustered,0.4;-0.3,12,11,6,6,0,6,0,6,6,0,0,edgeCount
992,110,148,graphml/Interoute.graphml,2,,clustered,0.4;-0.3,5,5,5,0,0,5,0,5,5,0,0,edgeCount
991,110,148,graphml/Interoute.graphml,3,,clustered,0.4;-0.3,50,18,9,41,0,18,9,18,18,9,0,edgeCount
990,110,148,graphml/Interoute.graphml,3,,clustered,0.4;-0.3,47,47,9,38,0,47,38,47,47,38,0,edgeCount
989,110,148,graphml/Interoute.graphml,2,,clustered,0.4;-0.3,10,10,10,0,0,10,0,10,10,0,0,edgeCount
988,110,148,graphml/Interoute.graphml,2,,clustered,0.4;-0.3,8,8,8,0,0,8,0,8,8,0,0,edgeCount
987,110,148,graphml/Interoute.graphml,2,,clustered,0.4;-0.3,4,4,4,0,0,4,0,4,4,0,0,edgeCount
986,110,148,graphml/Interoute.graphml,1,,clustered,0.4;-0.3,5,10,5,0,2,5,0,5,10,0,2,edgeCount
985,110,148,graphml/Interoute.graphml,2,,clustered,0.4;-0.3,12,12,11,1,0,12,1,12,12,1,0,edgeCount
984,110,148,graphml/Interoute.graphml,2,,clustered,0.4;-0.3,7,9,5,2,0,5,0,5,5,0,0,edgeCount
983,110,148,graphml/Interoute.graphml,2,,clustered,0.4;-0.3,10,10,10,0,0,10,0,10,10,0,0,edgeCount
982,110,148,graphml/Interoute.graphml,2,,clustered,0.4;-0.3,10,6,6,4,4,6,0,6,6,0,4,edgeCount
981,110,148,graphml/Interoute.graphml,2,,clustered,0.4;-0.3,10,10,10,0,4,10,0,10,10,0,4,edgeCount
980,110,148,graphml/Interoute.graphml,2,,clustered,0.4;-0.3,17,17,10,7,2,17,7,17,17,7,2,edgeCount
979,110,148,graphml/Interoute.graphml,2,,clustered,0.4;-0.3,3,3,3,0,0,3,0,3,3,0,0,edgeCount
978,110,148,graphml/Interoute.graphml,3,,clustered,0.4;-0.3,3,3,2,1,2,2,0,3,2,1,2,edgeCount
977,110,148,graphml/Interoute.graphml,1,,clustered,0.4;-0.3,6,11,4,2,4,-1,-5,6,11,2,4,edgeCount
976,110,148,graphml/Interoute.graphml,2,,clustered,0.4;-0.3,14,22,12,2,6,34,22,14,22,2,6,edgeCount
975,110,148,graphml/Interoute.graphml,2,,clustered,0.4;-0.3,14,17,14,0,2,30,16,30,30,16,2,edgeCount
974,110,148,graphml/Interoute.graphml,2,,clustered,0.4;-0.3,11,11,11,0,0,11,0,11,11,0,0,edgeCount
973,110,148,graphml/Interoute.graphml,1,,clustered,0.4;-0.3,9,9,9,0,0,9,0,9,9,0,0,edgeCount
972,110,148,graphml/Interoute.graphml,1,,clustered,0.4;-0.3,8,8,8,0,2,8,0,8,8,0,2,edgeCount
971,110,148,graphml/Interoute.graphml,2,,clustered,0.4;-0.3,10,10,10,0,0,10,0,10,10,0,0,edgeCount
970,110,148,graphml/Interoute.graphml,2,,clustered,0.4;-0.3,9,4,4,5,0,4,0,4,4,0,0,edgeCount
969,110,148,graphml/Interoute.graphml,2,,clustered,0.4;-0.3,5,5,5,0,2,5,0,5,5,0,2,edgeCount
968,110,148,graphml/Interoute.graphml,2,,clustered,0.4;-0.3,8,8,8,0,0,8,0,8,8,0,0,edgeCount
967,110,148,graphml/Interoute.graphml,2,,clustered,0.4;-0.3,17,17,17,0,0,17,0,17,17,0,0,edgeCount
966,110,148,graphml/Interoute.graphml,2,,clustered,0.4;-0.3,16,16,14,2,0,17,3,16,16,2,0,edgeCount
965,110,148,graphml/Interoute.graphml,2,,clustered,0.4;-0.3,2,2,2,0,4,2,0,2,2,0,4,edgeCount
964,110,148,graphml/Interoute.graphml,2,,clustered,0.4;-0.3,7,14,7,0,2,13,6,13,19,6,2,edgeCount
963,110,148,graphml/Interoute.graphml,2,,clustered,0.4;-0.3,19,3,3,16,4,3,0,3,3,0,4,edgeCount
962,110,148,graphml/Interoute.graphml,2,,clustered,0.4;-0.3,15,15,13,2,0,15,2,15,15,2,0,edgeCount
961,110,148,graphml/Interoute.graphml,3,,clustered,0.4;-0.3,19,5,5,14,0,38,33,17,5,12,0,edgeCount
960,110,148,graphml/Interoute.graphml,2,,clustered,0.4;-0.3,11,11,11,0,0,11,0,11,11,0,0,edgeCount
959,110,148,graphml/Interoute.graphml,2,,clustered,0.4;-0.3,4,5,4,0,2,4,0,4,4,0,2,edgeCount
958,110,148,graphml/Interoute.graphml,2,,clustered,0.4;-0.3,42,19,12,30,0,12,0,12,12,0,0,edgeCount
957,110,148,graphml/Interoute.graphml,1,,clustered,0.4;-0.3,24,24,8,16,6,-1,-9,24,24,16,6,edgeCount
956,110,148,graphml/Interoute.graphml,3,,clustered,0.4;-0.3,9,12,7,2,0,17,10,17,17,10,0,edgeCount
955,110,148,graphml/Interoute.graphml,2,,clustered,0.4;-0.3,18,19,11,7,2,34,23,34,34,23,2,edgeCount
954,110,148,graphml/Interoute.graphml,2,,clustered,0.4;-0.3,16,11,11,5,8,14,3,11,11,0,8,edgeCount
953,110,148,graphml/Interoute.graphml,2,,clustered,0.4;-0.3,9,9,9,0,0,9,0,9,9,0,0,edgeCount
952,110,148,graphml/Interoute.graphml,2,,clustered,0.4;-0.3,14,9,9,5,0,9,0,9,9,0,0,edgeCount
951,110,148,graphml/Interoute.graphml,2,,clustered,0.4;-0.3,29,15,9,20,0,9,0,9,9,0,0,edgeCount
950,110,148,graphml/Interoute.graphml,2,,clustered,0.4;-0.3,12,22,6,6,4,6,0,6,38,0,4,edgeCount
949,110,148,graphml/Interoute.graphml,2,,clustered,0.4;-0.3,11,11,9,2,0,11,2,11,11,2,0,edgeCount
948,110,148,graphml/Interoute.graphml,2,,clustered,0.4;-0.3,21,25,5,16,2,5,0,5,5,0,2,edgeCount
947,110,148,graphml/Interoute.graphml,2,,clustered,0.4;-0.3,9,9,9,0,0,9,0,9,9,0,0,edgeCount
946,110,148,graphml/Interoute.graphml,1,,clustered,0.4;-0.3,11,11,11,0,0,11,0,11,11,0,0,edgeCount
945,110,148,graphml/Interoute.graphml,2,,clustered,0.4;-0.3,16,12,11,5,0,12,1,12,12,1,0,edgeCount
944,110,148,graphml/Interoute.graphml,2,,clustered,0.4;-0.3,10,6,6,4,0,10,4,10,6,4,0,edgeCount
943,110,148,graphml/Interoute.graphml,3,,clustered,0.4;-0.3,41,41,11,30,0,33,22,33,33,22,0,edgeCount
942,110,148,graphml/Interoute.graphml,2,,clustered,0.4;-0.3,-1,-1,-1,0,2,-1,0,-1,-1,0,2,edgeCount
941,110,148,graphml/Interoute.graphml,2,,clustered,0.4;-0.3,15,13,13,2,0,13,0,13,13,0,0,edgeCount
940,110,148,graphml/Interoute.graphml,2,,clustered,0.4;-0.3,15,13,12,3,2,13,1,13,13,1,2,edgeCount
939,110,148,graphml/Interoute.graphml,2,,clustered,0.4;-0.3,9,9,9,0,0,9,0,9,9,0,0,edgeCount
938,110,148,graphml/Interoute.graphml,2,,clustered,0.4;-0.3,12,12,12,0,0,12,0,12,12,0,0,edgeCount
937,110,148,graphml/Interoute.graphml,2,,clustered,0.4;-0.3,11,11,11,0,0,11,0,11,11,0,0,edgeCount
936,110,148,graphml/Interoute.graphml,2,,clustered,0.4;-0.3,6,6,6,0,0,6,0,6,6,0,0,edgeCount
935,110,148,graphml/Interoute.graphml,1,,clustered,0.4;-0.3,13,13,13,0,0,13,0,13,13,0,0,edgeCount
934,110,148,graphml/Interoute.graphml,2,,clustered,0.4;-0.3,8,6,6,2,2,6,0,6,6,0,2,edgeCount
933,110,148,graphml/Interoute.graphml,2,,clustered,0.4;-0.3,9,17,5,4,0,5,0,5,5,0,0,edgeCount
932,110,148,graphml/Interoute.graphml,2,,clustered,0.4;-0.3,8,8,8,0,0,8,0,8,8,0,0,edgeCount
931,110,148,graphml/Interoute.graphml,3,,clustered,0.4;-0.3,11,10,8,3,0,10,2,10,10,2,0,edgeCount
930,110,148,graphml/Interoute.graphml,2,,clustered,0.4;-0.3,37,14,11,26,2,11,0,37,14,26,2,edgeCount
929,110,148,graphml/Interoute.graphml,1,,clustered,0.4;-0.3,2,2,2,0,0,2,0,2,2,0,0,edgeCount
928,110,148,graphml/Interoute.graphml,2,,clustered,0.4;-0.3,11,10,7,4,2,10,3,10,10,3,2,edgeCount
927,110,148,graphml/Interoute.graphml,2,,clustered,0.4;-0.3,5,8,3,2,0,5,2,5,5,2,0,edgeCount
926,110,148,graphml/Interoute.graphml,2,,clustered,0.4;-0.3,23,3,3,20,4,3,0,3,3,0,4,edgeCount
925,110,148,graphml/Interoute.graphml,2,,clustered,0.4;-0.3,9,9,9,0,0,9,0,9,9,0,0,edgeCount
924,110,148,graphml/Interoute.graphml,2,,clustered,0.4;-0.3,6,18,4,2,0,4,0,4,4,0,0,edgeCount
923,110,148,graphml/Interoute.graphml,2,,clustered,0.4;-0.3,2,2,2,0,2,2,0,2,2,0,2,edgeCount
922,110,148,graphml/Interoute.graphml,1,,clustered,0.4;-0.3,25,25,9,16,4,-1,-10,25,25,16,4,edgeCount
921,110,148,graphml/Interoute.graphml,2,,clustered,0.4;-0.3,12,27,9,3,2,9,0,9,9,0,2,edgeCount
920,110,148,graphml/Interoute.graphml,2,,clustered,0.4;-0.3,35,35,10,25,4,35,25,35,35,25,4,edgeCount
919,110,148,graphml/Interoute.graphml,2,,clustered,0.4;-0.3,3,3,3,0,2,3,0,3,3,0,2,edgeCount
918,110,148,graphml/Interoute.graphml,1,,clustered,0.4;-0.3,12,12,12,0,4,12,0,12,12,0,4,edgeCount
917,110,148,graphml/Interoute.graphml,2,,clustered,0.4;-0.3,16,14,14,2,0,14,0,14,14,0,0,edgeCount
916,110,148,graphml/Interoute.graphml,2,,clustered,0.4;-0.3,8,8,8,0,4,8,0,8,8,0,4,edgeCount
915,110,148,graphml/Interoute.graphml,2,,clustered,0.4;-0.3,16,10,10,6,0,10,0,10,10,0,0,edgeCount
914,110,148,graphml/Interoute.graphml,1,,clustered,0.4;-0.3,9,9,9,0,0,9,0,9,9,0,0,edgeCount
913,110,148,graphml/Interoute.graphml,1,,clustered,0.4;-0.3,13,19,13,0,2,13,0,13,19,0,2,edgeCount
912,110,148,graphml/Interoute.graphml,2,,clustered,0.4;-0.3,22,40,6,16,2,6,0,6,6,0,2,edgeCount
911,110,148,graphml/Interoute.graphml,2,,clustered,0.4;-0.3,12,19,11,1,4,28,17,28,28,17,4,edgeCount
910,110,148,graphml/Interoute.graphml,2,,clustered,0.4;-0.3,13,13,13,0,0,13,0,13,13,0,0,edgeCount
909,110,148,graphml/Interoute.graphml,2,,clustered,0.4;-0.3,10,10,10,0,0,11,1,10,10,0,0,edgeCount
908,110,148,graphml/Interoute.graphml,2,,clustered,0.4;-0.3,12,19,10,2,4,11,1,11,11,1,4,edgeCount
907,110,148,graphml/Interoute.graphml,3,,clustered,0.4;-0.3,9,3,3,6,0,3,0,3,3,0,0,edgeCount
906,110,148,graphml/Interoute.graphml,2,,clustered,0.4;-0.3,15,15,14,1,0,15,1,15,15,1,0,edgeCount
905,110,148,graphml/Interoute.graphml,1,,clustered,0.4;-0.3,7,7,7,0,2,7,0,7,7,0,2,edgeCount
904,110,148,graphml/Interoute.graphml,2,,clustered,0.4;-0.3,13,13,13,0,0,13,0,13,13,0,0,edgeCount
903,110,148,graphml/Interoute.graphml,2,,clustered,0.4;-0.3,-1,-1,-1,0,0,-1,0,-1,-1,0,0,edgeCount
902,110,148,graphml/Interoute.graphml,2,,clustered,0.4;-0.3,2,2,2,0,2,2,0,2,2,0,2,edgeCount
901,110,148,graphml/Interoute.graphml,2,,clustered,0.4;-0.3,12,41,8,4,4,9,1,9,9,1,4,edgeCount
900,110,148,graphml/Interoute.graphml,2,,clustered,0.4;-0.3,9,9,9,0,0,9,0,9,9,0,0,edgeCount
899,110,148,graphml/Interoute.graphml,2,,clustered,0.4;-0.3,6,6,5,1,0,6,1,6,6,1,0,edgeCount
898,110,148,graphml/Interoute.graphml,3,,clustered,0.4;-0.3,12,14,8,4,0,8,0,8,8,0,0,edgeCount
897,110,148,graphml/Interoute.graphml,2,,clustered,0.4;-0.3,31,31,14,17,2,31,17,31,31,17,2,edgeCount
896,110,148,graphml/Interoute.graphml,2,,clustered,0.4;-0.3,32,12,8,24,6,-1,-9,10,8,2,6,edgeCount
895,110,148,graphml/Interoute.graphml,3,,clustered,0.4;-0.3,6,18,6,0,2,6,0,6,6,0,2,edgeCount
894,110,148,graphml/Interoute.graphml,2,,clustered,0.4;-0.3,8,8,8,0,0,8,0,8,8,0,0,edgeCount
893,110,148,graphml/Interoute.graphml,2,,clustered,0.4;-0.3,12,10,10,2,2,10,0,10,10,0,2,edgeCount
892,110,148,graphml/Interoute.graphml,2,,clustered,0.4;-0.3,7,7,7,0,0,7,0,7,7,0,0,edgeCount
891,110,148,graphml/Interoute.graphml,2,,clustered,0.4;-0.3,18,18,16,2,0,18,2,18,18,2,0,edgeCount
890,110,148,graphml/Interoute.graphml,1,,clustered,0.4;-0.3,24,16,7,17,4,-1,-8,24,16,17,4,edgeCount
889,110,148,graphml/Interoute.graphml,2,,clustered,0.4;-0.3,17,15,15,2,0,17,2,17,15,2,0,edgeCount
888,110,148,graphml/Interoute.graphml,2,,clustered,0.4;-0.3,13,18,9,4,0,10,1,10,10,1,0,edgeCount
887,110,148,graphml/Interoute.graphml,2,,clustered,0.4;-0.3,11,11,11,0,0,13,2,11,11,0,0,edgeCount
886,110,148,graphml/Interoute.graphml,1,,clustered,0.4;-0.3,11,11,11,0,2,11,0,11,11,0,2,edgeCount
885,110,148,graphml/Interoute.graphml,2,,clustered,0.4;-0.3,9,9,9,0,0,9,0,9,9,0,0,edgeCount
884,110,148,graphml/Interoute.graphml,2,,clustered,0.4;-0.3,9,9,9,0,0,9,0,9,9,0,0,edgeCount
883,110,148,graphml/Interoute.graphml,2,,clustered,0.4;-0.3,6,6,6,0,0,6,0,6,6,0,0,edgeCount
882,110,148,graphml/Interoute.graphml,2,,clustered,0.4;-0.3,12,12,12,0,0,12,0,12,12,0,0,edgeCount
881,110,148,graphml/Interoute.graphml,2,,clustered,0.4;-0.3,23,33,14,9,2,23,9,23,33,9,2,edgeCount
880,110,148,graphml/Interoute.graphml,2,,clustered,0.4;-0.3,14,10,10,4,0,10,0,10,10,0,0,edgeCount
879,110,148,graphml/Interoute.graphml,2,,clustered,0.4;-0.3,46,20,12,34,4,12,0,12,12,0,4,edgeCount
878,110,148,graphml/Interoute.graphml,2,,clustered,0.4;-0.3,11,11,11,0,0,13,2,11,11,0,0,edgeCount
877,110,148,graphml/Interoute.graphml,3,,clustered,0.4;-0.3,3,3,3,0,2,7,4,7,7,4,2,edgeCount
876,110,148,graphml/Interoute.graphml,2,,clustered,0.4;-0.3,3,3,2,1,0,2,0,3,2,1,0,edgeCount
875,110,148,graphml/Interoute.graphml,2,,clustered,0.4;-0.3,8,8,8,0,0,8,0,8,8,0,0,edgeCount
874,110,148,graphml/Interoute.graphml,2,,clustered,0.4;-0.3,9,6,6,3,4,6,0,6,6,0,4,edgeCount
873,110,148,graphml/Interoute.graphml,4,,clustered,0.4;-0.3,7,9,4,3,0,17,13,17,17,13,0,edgeCount
872,110,148,graphml/Interoute.graphml,2,,clustered,0.4;-0.3,8,14,8,0,2,16,8,16,16,8,2,edgeCount
871,110,148,graphml/Interoute.graphml,2,,clustered,0.4;-0.3,5,4,4,1,0,4,0,4,4,0,0,edgeCount
870,110,148,graphml/Interoute.graphml,3,,clustered,0.4;-0.3,21,21,9,12,0,21,12,21,21,12,0,edgeCount
869,110,148,graphml/Interoute.graphml,2,,clustered,0.4;-0.3,11,11,10,1,8,11,1,11,11,1,8,edgeCount
868,110,148,graphml/Interoute.graphml,2,,clustered,0.4;-0.3,-1,-1,-1,0,2,-1,0,-1,-1,0,2,edgeCount
867,110,148,graphml/Interoute.graphml,2,,clustered,0.4;-0.3,37,11,10,27,2,11,1,11,11,1,2,edgeCount
866,110,148,graphml/Interoute.graphml,2,,clustered,0.4;-0.3,6,15,6,0,4,14,8,14,14,8,4,edgeCount
865,110,148,graphml/Interoute.graphml,2,,clustered,0.4;-0.3,13,18,10,3,2,37,27,37,13,27,2,edgeCount
864,110,148,graphml/Interoute.graphml,2,,clustered,0.4;-0.3,8,8,8,0,0,9,1,8,8,0,0,edgeCount
863,110,148,graphml/Interoute.graphml,2,,clustered,0.4;-0.3,11,20,11,0,4,27,16,27,32,16,4,edgeCount
862,110,148,graphml/Interoute.graphml,3,,clustered,0.4;-0.3,2,2,2,0,0,2,0,2,2,0,0,edgeCount
861,110,148,graphml/Interoute.graphml,2,,clustered,0.4;-0.3,9,16,5,4,4,5,0,5,5,0,4,edgeCount
860,110,148,graphml/Interoute.graphml,2,,clustered,0.4;-0.3,11,11,11,0,0,11,0,11,11,0,0,edgeCount
859,110,148,graphml/Interoute.graphml,2,,clustered,0.4;-0.3,3,3,3,0,0,3,0,3,3,0,0,edgeCount
858,110,148,graphml/Interoute.graphml,1,,clustered,0.4;-0.3,11,11,5,6,6,-1,-6,11,11,6,6,edgeCount
857,110,148,graphml/Interoute.graphml,3,,clustered,0.4;-0.3,4,8,3,1,4,3,0,3,3,0,4,edgeCount
856,110,148,graphml/Interoute.graphml,1,,clustered,0.4;-0.3,9,9,9,0,0,9,0,9,9,0,0,edgeCount
855,110,148,graphml/Interoute.graphml,2,,clustered,0.4;-0.3,13,10,9,4,0,10,1,10,10,1,0,edgeCount
854,110,148,graphml/Interoute.graphml,2,,clustered,0.4;-0.3,10,9,6,4,0,9,3,9,9,3,0,edgeCount
853,110,148,graphml/Interoute.graphml,2,,clustered,0.4;-0.3,10,10,10,0,0,10,0,10,10,0,0,edgeCount
852,110,148,graphml/Interoute.graphml,3,,clustered,0.4;-0.3,2,2,2,0,2,2,0,2,2,0,2,edgeCount
851,110,148,graphml/Interoute.graphml,1,,clustered,0.4;-0.3,10,10,10,0,0,10,0,10,10,0,0,edgeCount
850,110,148,graphml/Interoute.graphml,2,,clustered,0.4;-0.3,2,2,2,0,0,2,0,2,2,0,0,edgeCount
849,110,148,graphml/Interoute.graphml,2,,clustered,0.4;-0.3,13,10,10,3,4,10,0,34,10,24,4,edgeCount
848,110,148,graphml/Interoute.graphml,2,,clustered,0.4;-0.3,14,14,13,1,0,14,1,14,14,1,0,edgeCount
847,110,148,graphml/Interoute.graphml,2,,clustered,0.4;-0.3,6,6,6,0,4,6,0,6,6,0,4,edgeCount
846,110,148,graphml/Interoute.graphml,2,,clustered,0.4;-0.3,13,13,10,3,0,10,0,10,10,0,0,edgeCount
845,110,148,graphml/Interoute.graphml,2,,clustered,0.4;-0.3,4,4,4,0,0,4,0,4,4,0,0,edgeCount
844,110,148,graphml/Interoute.graphml,2,,clustered,0.4;-0.3,12,7,7,5,0,7,0,7,7,0,0,edgeCount
843,110,148,graphml/Interoute.graphml,2,,clustered,0.4;-0.3,10,10,10,0,0,10,0,10,10,0,0,edgeCount
842,110,148,graphml/Interoute.graphml,2,,clustered,0.4;-0.3,10,10,10,0,0,10,0,10,10,0,0,edgeCount
841,110,148,graphml/Interoute.graphml,2,,clustered,0.4;-0.3,15,11,11,4,2,11,0,11,11,0,2,edgeCount
840,110,148,graphml/Interoute.graphml,2,,clustered,0.4;-0.3,13,13,13,0,2,13,0,13,13,0,2,edgeCount
839,110,148,graphml/Interoute.graphml,3,,clustered,0.4;-0.3,24,5,5,19,2,5,0,5,5,0,2,edgeCount
838,110,148,graphml/Interoute.graphml,3,,clustered,0.4;-0.3,10,10,4,6,2,10,6,10,10,6,2,edgeCount
837,110,148,graphml/Interoute.graphml,2,,clustered,0.4;-0.3,39,39,14,25,0,39,25,39,39,25,0,edgeCount
836,110,148,graphml/Interoute.graphml,2,,clustered,0.4;-0.3,5,4,4,1,0,4,0,4,4,0,0,edgeCount
835,110,148,graphml/Interoute.graphml,2,,clustered,0.4;-0.3,13,13,13,0,0,13,0,13,13,0,0,edgeCount
834,110,148,graphml/Interoute.graphml,4,,clustered,0.4;-0.3,3,47,3,0,0,9,6,7,7,4,0,edgeCount
833,110,148,graphml/Interoute.graphml,2,,clustered,0.4;-0.3,9,9,9,0,0,9,0,9,9,0,0,edgeCount
832,110,148,graphml/Interoute.graphml,3,,clustered,0.4;-0.3,10,10,8,2,0,10,2,10,10,2,0,edgeCount
831,110,148,graphml/Interoute.graphml,1,,clustered,0.4;-0.3,20,13,8,12,6,-1,-9,20,13,12,6,edgeCount
830,110,148,graphml/Interoute.graphml,3,,clustered,0.4;-0.3,24,24,11,13,0,24,13,24,24,13,0,edgeCount
829,110,148,graphml/Interoute.graphml,2,,clustered,0.4;-0.3,6,6,6,0,2,6,0,6,6,0,2,edgeCount
828,110,148,graphml/Interoute.graphml,2,,clustered,0.4;-0.3,9,17,9,0,2,23,14,23,23,14,2,edgeCount
827,110,148,graphml/Interoute.graphml,2,,clustered,0.4;-0.3,8,8,8,0,0,8,0,8,8,0,0,edgeCount
826,110,148,graphml/Interoute.graphml,2,,clustered,0.4;-0.3,13,25,8,5,0,21,13,21,21,13,0,edgeCount
825,110,148,graphml/Interoute.graphml,4,,clustered,0.4;-0.3,14,12,6,8,0,12,6,12,12,6,0,edgeCount
824,110,148,graphml/Interoute.graphml,2,,clustered,0.4;-0.3,25,25,9,16,2,9,0,25,25,16,2,edgeCount
823,110,148,graphml/Interoute.graphml,3,,clustered,0.4;-0.3,9,9,9,0,0,9,0,9,9,0,0,edgeCount
822,110,148,graphml/Interoute.graphml,2,,clustered,0.4;-0.3,8,8,8,0,0,8,0,8,8,0,0,edgeCount
821,110,148,graphml/Interoute.graphml,2,,clustered,0.4;-0.3,10,10,10,0,2,10,0,10,10,0,2,edgeCount
820,110,148,graphml/Interoute.graphml,2,,clustered,0.4;-0.3,5,5,2,3,0,2,0,2,2,0,0,edgeCount
819,110,148,graphml/Interoute.graphml,1,,clustered,0.4;-0.3,8,8,8,0,2,8,0,8,8,0,2,edgeCount
818,110,148,graphml/Interoute.graphml,2,,clustered,0.4;-0.3,5,5,5,0,0,5,0,5,5,0,0,edgeCount
817,110,148,graphml/Interoute.graphml,2,,clustered,0.4;-0.3,17,17,16,1,0,17,1,17,17,1,0,edgeCount
816,110,148,graphml/Interoute.graphml,1,,clustered,0.4;-0.3,-1,-1,-1,0,4,-1,0,-1,-1,0,4,edgeCount
815,110,148,graphml/Interoute.graphml,2,,clustered,0.4;-0.3,11,11,9,2,0,11,2,11,11,2,0,edgeCount
814,110,148,graphml/Interoute.graphml,2,,clustered,0.4;-0.3,5,5,5,0,0,5,0,5,5,0,0,edgeCount
813,110,148,graphml/Interoute.graphml,1,,clustered,0.4;-0.3,4,4,4,0,2,4,0,4,4,0,2,edgeCount
812,110,148,graphml/Interoute.graphml,2,,clustered,0.4;-0.3,10,10,10,0,0,11,1,10,10,0,0,edgeCount
811,110,148,graphml/Interoute.graphml,2,,clustered,0.4;-0.3,33,33,13,20,2,33,20,33,33,20,2,edgeCount
810,110,148,graphml/Interoute.graphml,3,,clustered,0.4;-0.3,5,34,4,1,0,4,0,4,4,0,0,edgeCount
809,110,148,graphml/Interoute.graphml,2,,clustered,0.4;-0.3,11,20,9,2,6,27,18,31,31,22,6,edgeCount
808,110,148,graphml/Interoute.graphml,2,,clustered,0.4;-0.3,28,22,8,20,2,8,0,8,8,0,2,edgeCount
807,110,148,graphml/Interoute.graphml,1,,clustered,0.4;-0.3,9,9,9,0,2,9,0,9,9,0,2,edgeCount
806,110,148,graphml/Interoute.graphml,2,,clustered,0.4;-0.3,3,3,3,0,0,3,0,3,3,0,0,edgeCount
805,110,148,graphml/Interoute.graphml,2,,clustered,0.4;-0.3,8,13,6,2,0,6,0,6,6,0,0,edgeCount
804,110,148,graphml/Interoute.graphml,1,,clustered,0.4;-0.3,5,5,5,0,0,5,0,5,5,0,0,edgeCount
803,110,148,graphml/Interoute.graphml,2,,clustered,0.4;-0.3,10,10,10,0,0,10,0,10,10,0,0,edgeCount
802,110,148,graphml/Interoute.graphml,1,,clustered,0.4;-0.3,6,6,6,0,0,6,0,6,6,0,0,edgeCount
801,110,148,graphml/Interoute.graphml,3,,clustered,0.4;-0.3,4,4,4,0,0,4,0,4,4,0,0,edgeCount
800,110,148,graphml/Interoute.graphml,3,,clustered,0.4;-0.3,8,8,8,0,0,8,0,8,8,0,0,edgeCount
799,110,148,graphml/Interoute.graphml,2,,clustered,0.4;-0.3,12,12,12,0,0,12,0,12,12,0,0,edgeCount
798,110,148,graphml/Interoute.graphml,3,,clustered,0.4;-0.3,9,13,9,0,0,19,10,19,19,10,0,edgeCount
797,110,148,graphml/Interoute.graphml,1,,clustered,0.4;-0.3,4,4,4,0,0,4,0,4,4,0,0,edgeCount
796,110,148,graphml/Interoute.graphml,2,,clustered,0.4;-0.3,10,5,5,5,0,5,0,5,5,0,0,edgeCount
795,110,148,graphml/Interoute.graphml,2,,clustered,0.4;-0.3,13,11,11,2,4,11,0,11,11,0,4,edgeCount
794,110,148,graphml/Interoute.graphml,2,,clustered,0.4;-0.3,10,10,10,0,0,10,0,10,10,0,0,edgeCount
793,110,148,graphml/Interoute.graphml,2,,clustered,0.4;-0.3,9,7,3,6,2,3,0,3,3,0,2,edgeCount
792,110,148,graphml/Interoute.graphml,2,,clustered,0.4;-0.3,5,5,5,0,0,5,0,5,5,0,0,edgeCount
791,110,148,graphml/Interoute.graphml,2,,clustered,0.4;-0.3,7,3,3,4,4,3,0,7,3,4,4,edgeCount
790,110,148,graphml/Interoute.graphml,2,,clustered,0.4;-0.3,4,4,3,1,4,4,1,4,4,1,4,edgeCount
789,110,148,graphml/Interoute.graphml,3,,clustered,0.4;-0.3,9,27,9,0,0,21,12,21,21,12,0,edgeCount
788,110,148,graphml/Interoute.graphml,2,,clustered,0.4;-0.3,9,7,7,2,0,7,0,7,7,0,0,edgeCount
787,110,148,graphml/Interoute.graphml,2,,clustered,0.4;-0.3,5,5,5,0,0,5,0,5,5,0,0,edgeCount
786,110,148,graphml/Interoute.graphml,1,,clustered,0.4;-0.3,7,7,7,0,4,7,0,7,7,0,4,edgeCount
785,110,148,graphml/Interoute.graphml,3,,clustered,0.4;-0.3,37,9,8,29,2,9,1,9,9,1,2,edgeCount
784,110,148,graphml/Interoute.graphml,2,,clustered,0.4;-0.3,10,10,2,8,4,2,0,2,2,0,4,edgeCount
783,110,148,graphml/Interoute.graphml,2,,clustered,0.4;-0.3,4,4,4,0,0,4,0,4,4,0,0,edgeCount
782,110,148,graphml/Interoute.graphml,3,,clustered,0.4;-0.3,8,26,8,0,0,22,14,22,22,14,0,edgeCount
781,110,148,graphml/Interoute.graphml,4,,clustered,0.4;-0.3,7,8,4,3,0,15,11,15,15,11,0,edgeCount
780,110,148,graphml/Interoute.graphml,2,,clustered,0.4;-0.3,15,5,5,10,2,5,0,15,5,10,2,edgeCount
779,110,148,graphml/Interoute.graphml,2,,clustered,0.4;-0.3,4,4,4,0,0,4,0,4,4,0,0,edgeCount
778,110,148,graphml/Interoute.graphml,1,,clustered,0.4;-0.3,10,10,10,0,0,10,0,10,10,0,0,edgeCount
777,110,148,graphml/Interoute.graphml,2,,clustered,0.4;-0.3,18,20,6,12,2,6,0,6,6,0,2,edgeCount
776,110,148,graphml/Interoute.graphml,2,,clustered,0.4;-0.3,7,7,7,0,0,7,0,7,7,0,0,edgeCount
775,110,148,graphml/Interoute.graphml,2,,clustered,0.4;-0.3,8,8,8,0,0,8,0,8,8,0,0,edgeCount
774,110,148,graphml/Interoute.graphml,3,,clustered,0.4;-0.3,8,8,8,0,0,8,0,8,8,0,0,edgeCount
773,110,148,graphml/Interoute.graphml,2,,clustered,0.4;-0.3,11,8,8,3,0,8,0,8,8,0,0,edgeCount
772,110,148,graphml/Interoute.graphml,2,,clustered,0.4;-0.3,9,9,9,0,0,9,0,9,9,0,0,edgeCount
771,110,148,graphml/Interoute.graphml,2,,clustered,0.4;-0.3,9,13,6,3,0,6,0,6,6,0,0,edgeCount
770,110,148,graphml/Interoute.graphml,2,,clustered,0.4;-0.3,12,12,12,0,0,12,0,12,12,0,0,edgeCount
769,110,148,graphml/Interoute.graphml,2,,clustered,0.4;-0.3,9,9,9,0,8,19,10,19,9,10,8,edgeCount
768,110,148,graphml/Interoute.graphml,2,,clustered,0.4;-0.3,11,11,11,0,4,11,0,11,11,0,4,edgeCount
767,110,148,graphml/Interoute.graphml,3,,clustered,0.4;-0.3,9,11,8,1,0,21,13,21,21,13,0,edgeCount
766,110,148,graphml/Interoute.graphml,2,,clustered,0.4;-0.3,9,9,9,0,0,9,0,9,9,0,0,edgeCount
765,110,148,graphml/Interoute.graphml,2,,clustered,0.4;-0.3,8,8,8,0,0,8,0,8,8,0,0,edgeCount
764,110,148,graphml/Interoute.graphml,2,,clustered,0.4;-0.3,46,18,12,34,2,-1,-13,46,18,34,2,edgeCount
763,110,148,graphml/Interoute.graphml,2,,clustered,0.4;-0.3,3,3,3,0,4,3,0,3,3,0,4,edgeCount
762,110,148,graphml/Interoute.graphml,2,,clustered,0.4;-0.3,9,9,8,1,0,9,1,9,9,1,0,edgeCount
761,110,148,graphml/Interoute.graphml,2,,clustered,0.4;-0.3,14,14,13,1,0,14,1,14,14,1,0,edgeCount
760,110,148,graphml/Interoute.graphml,2,,clustered,0.4;-0.3,22,4,4,18,4,4,0,4,4,0,4,edgeCount
759,110,148,graphml/Interoute.graphml,2,,clustered,0.4;-0.3,9,7,7,2,4,7,0,7,7,0,4,edgeCount
758,110,148,graphml/Interoute.graphml,2,,clustered,0.4;-0.3,6,5,5,1,0,5,0,5,5,0,0,edgeCount
757,110,148,graphml/Interoute.graphml,2,,clustered,0.4;-0.3,2,2,2,0,0,2,0,2,2,0,0,edgeCount
756,110,148,graphml/Interoute.graphml,1,,clustered,0.4;-0.3,7,7,7,0,6,7,0,7,7,0,6,edgeCount
755,110,148,graphml/Interoute.graphml,2,,clustered,0.4;-0.3,41,24,11,30,2,11,0,11,11,0,2,edgeCount
754,110,148,graphml/Interoute.graphml,2,,clustered,0.4;-0.3,9,9,9,0,4,9,0,9,9,0,4,edgeCount
753,110,148,graphml/Interoute.graphml,2,,clustered,0.4;-0.3,12,11,11,1,0,11,0,11,11,0,0,edgeCount
752,110,148,graphml/Interoute.graphml,2,,clustered,0.4;-0.3,15,15,14,1,0,15,1,15,15,1,0,edgeCount
751,110,148,graphml/Interoute.graphml,2,,clustered,0.4;-0.3,13,13,11,2,0,13,2,13,13,2,0,edgeCount
750,110,148,graphml/Interoute.graphml,2,,clustered,0.4;-0.3,14,14,12,2,0,14,2,14,14,2,0,edgeCount
749,110,148,graphml/Interoute.graphml,2,,clustered,0.4;-0.3,8,8,8,0,0,8,0,8,8,0,0,edgeCount
748,110,148,graphml/Interoute.graphml,2,,clustered,0.4;-0.3,12,12,12,0,0,12,0,12,12,0,0,edgeCount
747,110,148,graphml/Interoute.graphml,2,,clustered,0.4;-0.3,8,8,8,0,0,8,0,8,8,0,0,edgeCount
746,110,148,graphml/Interoute.graphml,2,,clustered,0.4;-0.3,6,6,6,0,0,6,0,6,6,0,0,edgeCount
745,110,148,graphml/Interoute.graphml,2,,clustered,0.4;-0.3,12,12,12,0,0,12,0,12,12,0,0,edgeCount
744,110,148,graphml/Interoute.graphml,2,,clustered,0.4;-0.3,9,9,9,0,0,9,0,9,9,0,0,edgeCount
743,110,148,graphml/Interoute.graphml,1,,clustered,0.4;-0.3,21,17,12,9,4,-1,-13,21,17,9,4,edgeCount
742,110,148,graphml/Interoute.graphml,2,,clustered,0.4;-0.3,8,8,8,0,0,8,0,8,8,0,0,edgeCount
741,110,148,graphml/Interoute.graphml,2,,clustered,0.4;-0.3,15,15,14,1,0,15,1,15,15,1,0,edgeCount
740,110,148,graphml/Interoute.graphml,1,,clustered,0.4;-0.3,14,14,14,0,0,14,0,14,14,0,0,edgeCount
739,110,148,graphml/Interoute.graphml,3,,clustered,0.4;-0.3,14,14,12,2,0,14,2,14,14,2,0,edgeCount
738,110,148,graphml/Interoute.graphml,2,,clustered,0.4;-0.3,16,8,6,10,2,-1,-7,25,25,19,2,edgeCount
737,110,148,graphml/Interoute.graphml,3,,clustered,0.4;-0.3,36,36,10,26,0,36,26,36,36,26,0,edgeCount
736,110,148,graphml/Interoute.graphml,3,,clustered,0.4;-0.3,5,5,5,0,0,5,0,5,5,0,0,edgeCount
735,110,148,graphml/Interoute.graphml,2,,clustered,0.4;-0.3,54,20,14,40,2,16,2,16,16,2,2,edgeCount
734,110,148,graphml/Interoute.graphml,3,,clustered,0.4;-0.3,5,5,5,0,0,5,0,5,5,0,0,edgeCount
733,110,148,graphml/Interoute.graphml,2,,clustered,0.4;-0.3,11,30,7,4,2,23,16,23,36,16,2,edgeCount
732,110,148,graphml/Interoute.graphml,2,,clustered,0.4;-0.3,40,14,12,28,4,40,28,40,14,28,4,edgeCount
731,110,148,graphml/Interoute.graphml,2,,clustered,0.4;-0.3,16,12,11,5,0,12,1,12,12,1,0,edgeCount
730,110,148,graphml/Interoute.graphml,3,,clustered,0.4;-0.3,29,54,6,23,2,6,0,6,6,0,2,edgeCount
729,110,148,graphml/Interoute.graphml,2,,clustered,0.4;-0.3,3,15,3,0,2,3,0,3,15,0,2,edgeCount
728,110,148,graphml/Interoute.graphml,4,,clustered,0.4;-0.3,5,5,5,0,0,5,0,5,5,0,0,edgeCount
727,110,148,graphml/Interoute.graphml,2,,clustered,0.4;-0.3,10,10,10,0,0,10,0,10,10,0,0,edgeCount
726,110,148,graphml/Interoute.graphml,2,,clustered,0.4;-0.3,12,18,11,1,4,30,19,12,18,1,4,edgeCount
725,110,148,graphml/Interoute.graphml,2,,clustered,0.4;-0.3,58,26,13,45,2,-1,-14,59,59,46,2,edgeCount
724,110,148,graphml/Interoute.graphml,2,,clustered,0.4;-0.3,19,25,11,8,4,11,0,11,11,0,2,edgeCount
723,110,148,graphml/Interoute.graphml,1,,clustered,0.4;-0.3,6,6,6,0,0,6,0,6,6,0,0,edgeCount
722,110,148,graphml/Interoute.graphml,2,,clustered,0.4;-0.3,9,9,9,0,8,21,12,21,9,12,8,edgeCount
721,110,148,graphml/Interoute.graphml,2,,clustered,0.4;-0.3,47,20,11,36,4,11,0,11,11,0,4,edgeCount
720,110,148,graphml/Interoute.graphml,2,,clustered,0.4;-0.3,9,9,9,0,0,9,0,9,9,0,0,edgeCount
719,110,148,graphml/Interoute.graphml,3,,clustered,0.4;-0.3,5,6,5,0,0,5,0,5,5,0,0,edgeCount
718,110,148,graphml/Interoute.graphml,2,,clustered,0.4;-0.3,13,8,6,7,6,21,15,14,8,8,6,edgeCount
717,110,148,graphml/Interoute.graphml,2,,clustered,0.4;-0.3,17,37,11,6,2,37,26,13,13,2,2,edgeCount
716,110,148,graphml/Interoute.graphml,2,,clustered,0.4;-0.3,11,11,11,0,0,11,0,11,11,0,0,edgeCount
715,110,148,graphml/Interoute.graphml,2,,clustered,0.4;-0.3,7,38,7,0,2,15,8,15,15,8,2,edgeCount
714,110,148,graphml/Interoute.graphml,3,,clustered,0.4;-0.3,8,8,8,0,0,8,0,8,8,0,0,edgeCount
713,110,148,graphml/Interoute.graphml,1,,clustered,0.4;-0.3,10,10,10,0,2,10,0,10,10,0,2,edgeCount
712,110,148,graphml/Interoute.graphml,2,,clustered,0.4;-0.3,4,4,4,0,0,4,0,4,4,0,0,edgeCount
711,110,148,graphml/Interoute.graphml,3,,clustered,0.4;-0.3,14,14,6,8,0,14,8,14,14,8,0,edgeCount
710,110,148,graphml/Interoute.graphml,3,,clustered,0.4;-0.3,2,2,2,0,0,2,0,2,2,0,0,edgeCount
709,110,148,graphml/Interoute.graphml,2,,clustered,0.4;-0.3,14,37,13,1,2,40,27,14,37,1,2,edgeCount
708,110,148,graphml/Interoute.graphml,2,,clustered,0.4;-0.3,19,24,12,7,2,12,0,12,12,0,2,edgeCount
707,110,148,graphml/Interoute.graphml,2,,clustered,0.4;-0.3,10,10,8,2,0,10,2,10,10,2,0,edgeCount
706,110,148,graphml/Interoute.graphml,3,,clustered,0.4;-0.3,8,4,4,4,2,4,0,4,4,0,2,edgeCount
705,110,148,graphml/Interoute.graphml,2,,clustered,0.4;-0.3,6,6,6,0,0,6,0,6,6,0,0,edgeCount
704,110,148,graphml/Interoute.graphml,2,,clustered,0.4;-0.3,6,6,2,4,0,2,0,2,2,0,0,edgeCount
703,110,148,graphml/Interoute.graphml,2,,clustered,0.4;-0.3,7,13,6,1,4,15,9,7,15,1,4,edgeCount
702,110,148,graphml/Interoute.graphml,2,,clustered,0.4;-0.3,5,5,2,3,0,2,0,2,2,0,0,edgeCount
701,110,148,graphml/Interoute.graphml,2,,clustered,0.4;-0.3,10,4,4,6,4,4,0,10,4,6,4,edgeCount
700,110,148,graphml/Interoute.graphml,2,,clustered,0.4;-0.3,40,10,10,30,0,10,0,10,10,0,0,edgeCount
699,110,148,graphml/Interoute.graphml,1,,clustered,0.4;-0.3,3,3,3,0,4,-1,-4,3,3,0,4,edgeCount
698,110,148,graphml/Interoute.graphml,2,,clustered,0.4;-0.3,12,12,10,2,0,12,2,12,12,2,0,edgeCount
697,110,148,graphml/Interoute.graphml,2,,clustered,0.4;-0.3,33,21,11,22,4,11,0,33,21,22,4,edgeCount
696,110,148,graphml/Interoute.graphml,2,,clustered,0.4;-0.3,16,30,8,8,4,8,0,16,30,8,4,edgeCount
695,110,148,graphml/Interoute.graphml,3,,clustered,0.4;-0.3,7,7,7,0,2,7,0,7,7,0,2,edgeCount
694,110,148,graphml/Interoute.graphml,2,,clustered,0.4;-0.3,9,5,5,4,4,13,8,13,13,8,4,edgeCount
693,110,148,graphml/Interoute.graphml,2,,clustered,0.4;-0.3,12,12,11,1,0,12,1,12,12,1,0,edgeCount
692,110,148,graphml/Interoute.graphml,1,,clustered,0.4;-0.3,17,17,7,10,2,-1,-8,17,17,10,2,edgeCount
691,110,148,graphml/Interoute.graphml,1,,clustered,0.4;-0.3,9,9,9,0,0,9,0,9,9,0,0,edgeCount
690,110,148,graphml/Interoute.graphml,2,,clustered,0.4;-0.3,9,9,9,0,0,9,0,9,9,0,0,edgeCount
689,110,148,graphml/Interoute.graphml,2,,clustered,0.4;-0.3,15,9,8,7,0,9,1,9,9,1,0,edgeCount
688,110,148,graphml/Interoute.graphml,1,,clustered,0.4;-0.3,14,14,14,0,0,14,0,14,14,0,0,edgeCount
687,110,148,graphml/Interoute.graphml,2,,clustered,0.4;-0.3,7,7,7,0,0,7,0,7,7,0,0,edgeCount
686,110,148,graphml/Interoute.graphml,2,,clustered,0.4;-0.3,13,13,13,0,0,13,0,13,13,0,0,edgeCount
685,110,148,graphml/Interoute.graphml,1,,clustered,0.4;-0.3,7,14,7,0,4,7,0,7,14,0,4,edgeCount
684,110,148,graphml/Interoute.graphml,2,,clustered,0.4;-0.3,11,11,11,0,0,13,2,11,11,0,0,edgeCount
683,110,148,graphml/Interoute.graphml,2,,clustered,0.4;-0.3,9,6,6,3,0,6,0,6,6,0,0,edgeCount
682,110,148,graphml/Interoute.graphml,2,,clustered,0.4;-0.3,16,10,10,6,0,10,0,10,10,0,0,edgeCount
681,110,148,graphml/Interoute.graphml,2,,clustered,0.4;-0.3,18,14,14,4,2,36,22,36,39,22,2,edgeCount
680,110,148,graphml/Interoute.graphml,2,,clustered,0.4;-0.3,4,4,4,0,4,4,0,4,4,0,4,edgeCount
679,110,148,graphml/Interoute.graphml,1,,clustered,0.4;-0.3,5,5,5,0,4,5,0,5,5,0,4,edgeCount
678,110,148,graphml/Interoute.graphml,2,,clustered,0.4;-0.3,42,22,10,32,4,-1,-11,22,22,12,4,edgeCount
677,110,148,graphml/Interoute.graphml,2,,clustered,0.4;-0.3,11,11,11,0,0,11,0,11,11,0,0,edgeCount
676,110,148,graphml/Interoute.graphml,2,,clustered,0.4;-0.3,12,26,6,6,2,30,24,6,6,0,2,edgeCount
675,110,148,graphml/Interoute.graphml,2,,clustered,0.4;-0.3,13,10,10,3,0,10,0,10,10,0,0,edgeCount
674,110,148,graphml/Interoute.graphml,2,,clustered,0.4;-0.3,9,9,8,1,0,9,1,9,9,1,0,edgeCount
673,110,148,graphml/Interoute.graphml,2,,clustered,0.4;-0.3,10,10,9,1,0,10,1,10,10,1,0,edgeCount
672,110,148,graphml/Interoute.graphml,2,,clustered,0.4;-0.3,9,4,4,5,0,4,0,4,4,0,0,edgeCount
671,110,148,graphml/Interoute.graphml,1,,clustered,0.4;-0.3,11,11,11,0,0,11,0,11,11,0,0,edgeCount
670,110,148,graphml/Interoute.graphml,2,,clustered,0.4;-0.3,11,11,11,0,0,12,1,11,11,0,0,edgeCount
669,110,148,graphml/Interoute.graphml,2,,clustered,0.4;-0.3,10,10,10,0,0,10,0,10,10,0,0,edgeCount
668,110,148,graphml/Interoute.graphml,2,,clustered,0.4;-0.3,17,17,9,8,0,9,0,9,9,0,0,edgeCount
667,110,148,graphml/Interoute.graphml,2,,clustered,0.4;-0.3,10,9,8,2,0,9,1,9,9,1,0,edgeCount
666,110,148,graphml/Interoute.graphml,2,,clustered,0.4;-0.3,4,14,4,0,0,4,0,4,4,0,0,edgeCount
665,110,148,graphml/Interoute.graphml,2,,clustered,0.4;-0.3,10,10,10,0,0,10,0,10,10,0,0,edgeCount
664,110,148,graphml/Interoute.graphml,2,,clustered,0.4;-0.3,14,10,10,4,0,14,4,14,10,4,0,edgeCount
663,110,148,graphml/Interoute.graphml,1,,clustered,0.4;-0.3,13,13,13,0,0,13,0,13,13,0,0,edgeCount
662,110,148,graphml/Interoute.graphml,2,,clustered,0.4;-0.3,15,15,13,2,0,15,2,15,15,2,0,edgeCount
661,110,148,graphml/Interoute.graphml,2,,clustered,0.4;-0.3,46,26,13,33,2,-1,-14,53,37,40,2,edgeCount
660,110,148,graphml/Interoute.graphml,2,,clustered,0.4;-0.3,9,6,6,3,0,6,0,6,6,0,0,edgeCount
659,110,148,graphml/Interoute.graphml,2,,clustered,0.4;-0.3,7,15,7,0,2,7,0,7,7,0,2,edgeCount
658,110,148,graphml/Interoute.graphml,2,,clustered,0.4;-0.3,9,20,5,4,2,9,4,9,20,4,2,edgeCount
657,110,148,graphml/Interoute.graphml,1,,clustered,0.4;-0.3,10,10,10,0,0,10,0,10,10,0,0,edgeCount
656,110,148,graphml/Interoute.graphml,2,,clustered,0.4;-0.3,8,8,6,2,0,8,2,8,8,2,0,edgeCount
655,110,148,graphml/Interoute.graphml,2,,clustered,0.4;-0.3,22,6,6,16,2,6,0,6,6,0,2,edgeCount
654,110,148,graphml/Interoute.graphml,2,,clustered,0.4;-0.3,9,14,9,0,4,23,14,23,27,14,4,edgeCount
653,110,148,graphml/Interoute.graphml,2,,clustered,0.4;-0.3,7,7,7,0,0,7,0,7,7,0,0,edgeCount
652,110,148,graphml/Interoute.graphml,2,,clustered,0.4;-0.3,9,9,9,0,0,9,0,9,9,0,0,edgeCount
651,110,148,graphml/Interoute.graphml,2,,clustered,0.4;-0.3,5,5,5,0,0,5,0,5,5,0,0,edgeCount
650,110,148,graphml/Interoute.graphml,2,,clustered,0.4;-0.3,7,4,4,3,0,4,0,4,4,0,0,edgeCount
649,110,148,graphml/Interoute.graphml,2,,clustered,0.4;-0.3,9,9,9,0,0,9,0,9,9,0,0,edgeCount
648,110,148,graphml/Interoute.graphml,2,,clustered,0.4;-0.3,10,10,10,0,0,10,0,10,10,0,0,edgeCount
647,110,148,graphml/Interoute.graphml,3,,clustered,0.4;-0.3,7,11,7,0,4,7,0,7,11,0,4,edgeCount
646,110,148,graphml/Interoute.graphml,3,,clustered,0.4;-0.3,4,4,4,0,0,4,0,4,4,0,0,edgeCount
645,110,148,graphml/Interoute.graphml,2,,clustered,0.4;-0.3,5,5,5,0,0,5,0,5,5,0,0,edgeCount
644,110,148,graphml/Interoute.graphml,2,,clustered,0.4;-0.3,7,7,7,0,0,7,0,7,7,0,0,edgeCount
643,110,148,graphml/Interoute.graphml,2,,clustered,0.4;-0.3,11,9,7,4,0,9,2,9,9,2,0,edgeCount
642,110,148,graphml/Interoute.graphml,2,,clustered,0.4;-0.3,9,9,9,0,0,9,0,9,9,0,0,edgeCount
641,110,148,graphml/Interoute.graphml,2,,clustered,0.4;-0.3,33,11,11,22,2,-1,-12,33,11,22,2,edgeCount
640,110,148,graphml/Interoute.graphml,1,,clustered,0.4;-0.3,5,5,5,0,0,5,0,5,5,0,0,edgeCount
639,110,148,graphml/Interoute.graphml,2,,clustered,0.4;-0.3,10,9,8,2,0,9,1,9,9,1,0,edgeCount
638,110,148,graphml/Interoute.graphml,2,,clustered,0.4;-0.3,9,9,8,1,0,9,1,9,9,1,0,edgeCount
637,110,148,graphml/Interoute.graphml,2,,clustered,0.4;-0.3,36,36,13,23,0,36,23,36,36,23,0,edgeCount
636,110,148,graphml/Interoute.graphml,2,,clustered,0.4;-0.3,14,23,8,6,0,8,0,8,8,0,0,edgeCount
635,110,148,graphml/Interoute.graphml,2,,clustered,0.4;-0.3,49,21,11,38,2,-1,-12,27,27,16,2,edgeCount
634,110,148,graphml/Interoute.graphml,2,,clustered,0.4;-0.3,13,3,3,10,4,3,0,3,3,0,4,edgeCount
633,110,148,graphml/Interoute.graphml,2,,clustered,0.4;-0.3,5,5,5,0,0,5,0,5,5,0,0,edgeCount
632,110,148,graphml/Interoute.graphml,2,,clustered,0.4;-0.3,9,9,9,0,0,9,0,9,9,0,0,edgeCount
631,110,148,graphml/Interoute.graphml,2,,clustered,0.4;-0.3,13,13,13,0,0,14,1,13,13,0,0,edgeCount
630,110,148,graphml/Interoute.graphml,2,,clustered,0.4;-0.3,12,24,4,8,2,26,22,4,4,0,2,edgeCount
629,110,148,graphml/Interoute.graphml,2,,clustered,0.4;-0.3,9,23,7,2,0,7,0,7,7,0,0,edgeCount
628,110,148,graphml/Interoute.graphml,1,,clustered,0.4;-0.3,12,12,12,0,0,12,0,12,12,0,0,edgeCount
627,110,148,graphml/Interoute.graphml,2,,clustered,0.4;-0.3,11,11,9,2,0,11,2,11,11,2,0,edgeCount
626,110,148,graphml/Interoute.graphml,1,,clustered,0.4;-0.3,9,9,9,0,0,9,0,9,9,0,0,edgeCount
625,110,148,graphml/Interoute.graphml,1,,clustered,0.4;-0.3,8,8,8,0,4,8,0,8,8,0,4,edgeCount
624,110,148,graphml/Interoute.graphml,2,,clustered,0.4;-0.3,8,8,8,0,0,8,0,8,8,0,0,edgeCount
623,110,148,graphml/Interoute.graphml,2,,clustered,0.4;-0.3,5,3,3,2,0,3,0,3,3,0,0,edgeCount
622,110,148,graphml/Interoute.graphml,2,,clustered,0.4;-0.3,24,42,8,16,2,8,0,8,8,0,2,edgeCount
621,110,148,graphml/Interoute.graphml,2,,clustered,0.4;-0.3,14,16,7,7,2,24,17,24,24,17,2,edgeCount
620,110,148,graphml/Interoute.graphml,2,,clustered,0.4;-0.3,8,8,8,0,0,8,0,8,8,0,0,edgeCount
619,110,148,graphml/Interoute.graphml,2,,clustered,0.4;-0.3,3,11,3,0,0,3,0,3,3,0,0,edgeCount
618,110,148,graphml/Interoute.graphml,2,,clustered,0.4;-0.3,8,18,8,0,0,20,12,20,20,12,0,edgeCount
617,110,148,graphml/Interoute.graphml,2,,clustered,0.4;-0.3,9,9,9,0,0,9,0,9,9,0,0,edgeCount
616,110,148,graphml/Interoute.graphml,2,,clustered,0.4;-0.3,7,7,7,0,0,7,0,7,7,0,0,edgeCount
615,110,148,graphml/Interoute.graphml,2,,clustered,0.4;-0.3,8,30,8,0,2,20,12,20,8,12,2,edgeCount
614,110,148,graphml/Interoute.graphml,2,,clustered,0.4;-0.3,11,21,8,3,2,9,1,11,9,3,2,edgeCount
613,110,148,graphml/Interoute.graphml,1,,clustered,0.4;-0.3,9,9,9,0,0,9,0,9,9,0,0,edgeCount
612,110,148,graphml/Interoute.graphml,2,,clustered,0.4;-0.3,4,4,4,0,0,4,0,4,4,0,0,edgeCount
611,110,148,graphml/Interoute.graphml,3,,clustered,0.4;-0.3,2,2,2,0,4,2,0,2,2,0,4,edgeCount
610,110,148,graphml/Interoute.graphml,2,,clustered,0.4;-0.3,6,6,6,0,0,6,0,6,6,0,0,edgeCount
609,110,148,graphml/Interoute.graphml,2,,clustered,0.4;-0.3,13,9,9,4,2,9,0,9,9,0,2,edgeCount
608,110,148,graphml/Interoute.graphml,3,,clustered,0.4;-0.3,8,8,8,0,2,8,0,8,8,0,2,edgeCount
607,110,148,graphml/Interoute.graphml,2,,clustered,0.4;-0.3,11,11,11,0,0,11,0,11,11,0,0,edgeCount
606,110,148,graphml/Interoute.graphml,2,,clustered,0.4;-0.3,8,8,8,0,0,8,0,8,8,0,0,edgeCount
605,110,148,graphml/Interoute.graphml,1,,clustered,0.4;-0.3,13,43,13,0,2,13,0,13,43,0,2,edgeCount
604,110,148,graphml/Interoute.graphml,2,,clustered,0.4;-0.3,4,4,4,0,2,4,0,4,4,0,2,edgeCount
603,110,148,graphml/Interoute.graphml,1,,clustered,0.4;-0.3,4,4,4,0,2,4,0,4,4,0,2,edgeCount
602,110,148,graphml/Interoute.graphml,3,,clustered,0.4;-0.3,40,40,11,29,0,40,29,40,40,29,0,edgeCount
601,110,148,graphml/Interoute.graphml,2,,clustered,0.4;-0.3,53,53,17,36,0,51,34,51,51,34,0,edgeCount
600,110,148,graphml/Interoute.graphml,2,,clustered,0.4;-0.3,7,7,6,1,0,11,5,7,7,1,0,edgeCount
599,110,148,graphml/Interoute.graphml,2,,clustered,0.4;-0.3,4,4,4,0,0,4,0,4,4,0,0,edgeCount
598,110,148,graphml/Interoute.graphml,1,,clustered,0.4;-0.3,2,2,2,0,0,2,0,2,2,0,0,edgeCount
597,110,148,graphml/Interoute.graphml,2,,clustered,0.4;-0.3,3,3,3,0,0,3,0,3,3,0,0,edgeCount
596,110,148,graphml/Interoute.graphml,2,,clustered,0.4;-0.3,5,5,5,0,0,5,0,5,5,0,0,edgeCount
595,110,148,graphml/Interoute.graphml,2,,clustered,0.4;-0.3,10,8,8,2,0,8,0,8,8,0,0,edgeCount
594,110,148,graphml/Interoute.graphml,2,,clustered,0.4;-0.3,8,8,8,0,0,8,0,8,8,0,0,edgeCount
593,110,148,graphml/Interoute.graphml,2,,clustered,0.4;-0.3,13,13,12,1,2,13,1,13,13,1,2,edgeCount
592,110,148,graphml/Interoute.graphml,1,,clustered,0.4;-0.3,10,14,10,0,2,10,0,10,14,0,2,edgeCount
591,110,148,graphml/Interoute.graphml,2,,clustered,0.4;-0.3,12,12,12,0,0,12,0,12,12,0,0,edgeCount
590,110,148,graphml/Interoute.graphml,2,,clustered,0.4;-0.3,7,7,7,0,0,7,0,7,7,0,0,edgeCount
589,110,148,graphml/Interoute.graphml,2,,clustered,0.4;-0.3,18,18,10,8,2,10,0,10,10,0,2,edgeCount
588,110,148,graphml/Interoute.graphml,2,,clustered,0.4;-0.3,9,6,6,3,0,6,0,6,6,0,0,edgeCount
587,110,148,graphml/Interoute.graphml,2,,clustered,0.4;-0.3,7,7,7,0,0,7,0,7,7,0,0,edgeCount
586,110,148,graphml/Interoute.graphml,3,,clustered,0.4;-0.3,23,9,7,16,2,9,2,9,53,2,2,edgeCount
585,110,148,graphml/Interoute.graphml,2,,clustered,0.4;-0.3,6,11,6,0,4,12,6,14,21,8,4,edgeCount
584,110,148,graphml/Interoute.graphml,2,,clustered,0.4;-0.3,4,4,4,0,0,4,0,4,4,0,0,edgeCount
583,110,148,graphml/Interoute.graphml,2,,clustered,0.4;-0.3,11,11,9,2,0,11,2,11,11,2,0,edgeCount
582,110,148,graphml/Interoute.graphml,2,,clustered,0.4;-0.3,9,13,5,4,4,5,0,5,5,0,4,edgeCount
581,110,148,graphml/Interoute.graphml,3,,clustered,0.4;-0.3,24,28,11,13,6,46,35,24,25,13,6,edgeCount
580,110,148,graphml/Interoute.graphml,2,,clustered,0.4;-0.3,33,15,6,27,2,-1,-7,24,24,18,2,edgeCount
579,110,148,graphml/Interoute.graphml,3,,clustered,0.4;-0.3,29,9,6,23,0,37,31,37,37,31,0,edgeCount
578,110,148,graphml/Interoute.graphml,3,,clustered,0.4;-0.3,25,13,8,17,0,36,28,35,35,27,0,edgeCount
577,110,148,graphml/Interoute.graphml,2,,clustered,0.4;-0.3,11,11,10,1,0,11,1,11,11,1,0,edgeCount
576,110,148,graphml/Interoute.graphml,3,,clustered,0.4;-0.3,8,8,8,0,0,8,0,8,8,0,0,edgeCount
575,110,148,graphml/Interoute.graphml,2,,clustered,0.4;-0.3,16,17,14,2,4,44,30,42,16,28,4,edgeCount
574,110,148,graphml/Interoute.graphml,2,,clustered,0.4;-0.3,10,10,10,0,0,10,0,10,10,0,0,edgeCount
573,110,148,graphml/Interoute.graphml,2,,clustered,0.4;-0.3,8,8,8,0,0,8,0,8,8,0,0,edgeCount
572,110,148,graphml/Interoute.graphml,1,,clustered,0.4;-0.3,6,6,6,0,2,6,0,6,6,0,2,edgeCount
571,110,148,graphml/Interoute.graphml,2,,clustered,0.4;-0.3,24,34,10,14,2,24,14,24,34,14,2,edgeCount
570,110,148,graphml/Interoute.graphml,2,,clustered,0.4;-0.3,30,20,8,22,2,8,0,8,8,0,2,edgeCount
569,110,148,graphml/Interoute.graphml,2,,clustered,0.4;-0.3,21,21,5,16,4,21,16,21,21,16,4,edgeCount
568,110,148,graphml/Interoute.graphml,2,,clustered,0.4;-0.3,9,9,9,0,2,23,14,23,21,14,2,edgeCount
567,110,148,graphml/Interoute.graphml,2,,clustered,0.4;-0.3,3,3,3,0,0,3,0,3,3,0,0,edgeCount
566,110,148,graphml/Interoute.graphml,2,,clustered,0.4;-0.3,3,3,3,0,0,3,0,3,3,0,0,edgeCount
565,110,148,graphml/Interoute.graphml,2,,clustered,0.4;-0.3,39,29,11,28,2,11,0,11,11,0,2,edgeCount
564,110,148,graphml/Interoute.graphml,2,,clustered,0.4;-0.3,30,8,8,22,2,8,0,8,8,0,2,edgeCount
563,110,148,graphml/Interoute.graphml,2,,clustered,0.4;-0.3,8,8,8,0,0,8,0,8,8,0,0,edgeCount
562,110,148,graphml/Interoute.graphml,2,,clustered,0.4;-0.3,9,5,5,4,0,5,0,5,5,0,0,edgeCount
561,110,148,graphml/Interoute.graphml,2,,clustered,0.4;-0.3,5,5,5,0,0,5,0,5,5,0,0,edgeCount
560,110,148,graphml/Interoute.graphml,2,,clustered,0.4;-0.3,5,5,5,0,0,5,0,5,5,0,0,edgeCount
559,110,148,graphml/Interoute.graphml,2,,clustered,0.4;-0.3,14,11,10,4,4,30,20,30,38,20,4,edgeCount
558,110,148,graphml/Interoute.graphml,2,,clustered,0.4;-0.3,13,13,12,1,0,15,3,15,13,3,0,edgeCount
557,110,148,graphml/Interoute.graphml,2,,clustered,0.4;-0.3,26,9,8,18,0,9,1,9,9,1,0,edgeCount
556,110,148,graphml/Interoute.graphml,1,,clustered,0.4;-0.3,8,8,8,0,2,8,0,8,8,0,2,edgeCount
555,110,148,graphml/Interoute.graphml,3,,clustered,0.4;-0.3,11,24,9,2,0,29,20,29,29,20,0,edgeCount
554,110,148,graphml/Interoute.graphml,2,,clustered,0.4;-0.3,5,5,5,0,0,5,0,5,5,0,0,edgeCount
553,110,148,graphml/Interoute.graphml,2,,clustered,0.4;-0.3,15,15,13,2,0,15,2,15,15,2,0,edgeCount
552,110,148,graphml/Interoute.graphml,2,,clustered,0.4;-0.3,11,28,8,3,2,9,1,8,8,0,2,edgeCount
551,110,148,graphml/Interoute.graphml,2,,clustered,0.4;-0.3,34,8,8,26,2,8,0,8,8,0,2,edgeCount
550,110,148,graphml/Interoute.graphml,2,,clustered,0.4;-0.3,20,6,5,15,4,6,1,6,6,1,4,edgeCount
549,110,148,graphml/Interoute.graphml,2,,clustered,0.4;-0.3,17,16,14,3,0,17,3,17,16,3,0,edgeCount
548,110,148,graphml/Interoute.graphml,2,,clustered,0.4;-0.3,10,10,10,0,0,10,0,10,10,0,0,edgeCount
547,110,148,graphml/Interoute.graphml,3,,clustered,0.4;-0.3,8,8,4,4,0,8,4,8,8,4,0,edgeCount
546,110,148,graphml/Interoute.graphml,2,,clustered,0.4;-0.3,10,8,6,4,0,8,2,8,8,2,0,edgeCount
545,110,148,graphml/Interoute.graphml,2,,clustered,0.4;-0.3,23,20,3,20,4,3,0,3,3,0,4,edgeCount
544,110,148,graphml/Interoute.graphml,2,,clustered,0.4;-0.3,6,6,6,0,0,6,0,6,6,0,0,edgeCount
543,110,148,graphml/Interoute.graphml,2,,clustered,0.4;-0.3,9,9,9,0,0,10,1,9,9,0,0,edgeCount
542,110,148,graphml/Interoute.graphml,2,,clustered,0.4;-0.3,5,5,3,2,0,5,2,5,5,2,0,edgeCount
541,110,148,graphml/Interoute.graphml,2,,clustered,0.4;-0.3,13,23,11,2,2,35,24,35,45,24,2,edgeCount
540,110,148,graphml/Interoute.graphml,2,,clustered,0.4;-0.3,6,3,3,3,0,3,0,3,3,0,0,edgeCount
539,110,148,graphml/Interoute.graphml,2,,clustered,0.4;-0.3,8,6,6,2,4,6,0,6,6,0,4,edgeCount
538,110,148,graphml/Interoute.graphml,2,,clustered,0.4;-0.3,4,4,4,0,0,4,0,4,4,0,0,edgeCount
537,110,148,graphml/Interoute.graphml,2,,clustered,0.4;-0.3,8,11,5,3,2,18,13,5,5,0,2,edgeCount
536,110,148,graphml/Interoute.graphml,1,,clustered,0.4;-0.3,28,28,11,17,6,-1,-12,28,28,17,6,edgeCount
535,110,148,graphml/Interoute.graphml,2,,clustered,0.4;-0.3,3,3,3,0,0,3,0,3,3,0,0,edgeCount
534,110,148,graphml/Interoute.graphml,2,,clustered,0.4;-0.3,9,9,9,0,0,9,0,9,9,0,0,edgeCount
533,110,148,graphml/Interoute.graphml,2,,clustered,0.4;-0.3,13,13,13,0,0,13,0,13,13,0,0,edgeCount
532,110,148,graphml/Interoute.graphml,2,,clustered,0.4;-0.3,9,7,7,2,0,7,0,7,7,0,0,edgeCount
531,110,148,graphml/Interoute.graphml,2,,clustered,0.4;-0.3,17,17,15,2,0,17,2,17,17,2,0,edgeCount
530,110,148,graphml/Interoute.graphml,2,,clustered,0.4;-0.3,8,8,8,0,0,8,0,8,8,0,0,edgeCount
529,110,148,graphml/Interoute.graphml,1,,clustered,0.4;-0.3,6,6,6,0,0,6,0,6,6,0,0,edgeCount
528,110,148,graphml/Interoute.graphml,2,,clustered,0.4;-0.3,12,12,12,0,0,12,0,12,12,0,0,edgeCount
527,110,148,graphml/Interoute.graphml,2,,clustered,0.4;-0.3,9,9,9,0,0,9,0,9,9,0,0,edgeCount
526,110,148,graphml/Interoute.graphml,2,,clustered,0.4;-0.3,12,12,12,0,0,12,0,12,12,0,0,edgeCount
525,110,148,graphml/Interoute.graphml,2,,clustered,0.4;-0.3,13,27,9,4,2,9,0,9,9,0,2,edgeCount
524,110,148,graphml/Interoute.graphml,2,,clustered,0.4;-0.3,7,3,3,4,0,3,0,3,3,0,0,edgeCount
523,110,148,graphml/Interoute.graphml,2,,clustered,0.4;-0.3,6,32,6,0,2,6,0,6,6,0,2,edgeCount
522,110,148,graphml/Interoute.graphml,2,,clustered,0.4;-0.3,9,9,9,0,0,9,0,9,9,0,0,edgeCount
521,110,148,graphml/Interoute.graphml,2,,clustered,0.4;-0.3,12,12,12,0,0,12,0,12,12,0,0,edgeCount
520,110,148,graphml/Interoute.graphml,3,,clustered,0.4;-0.3,16,4,4,12,0,4,0,4,4,0,0,edgeCount
519,110,148,graphml/Interoute.graphml,2,,clustered,0.4;-0.3,13,8,8,5,0,8,0,8,8,0,0,edgeCount
518,110,148,graphml/Interoute.graphml,1,,clustered,0.4;-0.3,6,6,6,0,0,6,0,6,6,0,0,edgeCount
517,110,148,graphml/Interoute.graphml,3,,clustered,0.4;-0.3,5,3,3,2,0,3,0,3,3,0,0,edgeCount
516,110,148,graphml/Interoute.graphml,1,,clustered,0.4;-0.3,7,14,7,0,2,7,0,7,14,0,2,edgeCount
515,110,148,graphml/Interoute.graphml,3,,clustered,0.4;-0.3,24,24,8,16,0,24,16,24,24,16,0,edgeCount
514,110,148,graphml/Interoute.graphml,2,,clustered,0.4;-0.3,25,27,9,16,2,9,0,9,9,0,2,edgeCount
513,110,148,graphml/Interoute.graphml,2,,clustered,0.4;-0.3,57,16,14,43,2,15,1,57,16,43,2,edgeCount
512,110,148,graphml/Interoute.graphml,2,,clustered,0.4;-0.3,10,10,10,0,0,10,0,10,10,0,0,edgeCount
511,110,148,graphml/Interoute.graphml,2,,clustered,0.4;-0.3,16,10,10,6,0,10,0,10,10,0,0,edgeCount
510,110,148,graphml/Interoute.graphml,2,,clustered,0.4;-0.3,14,14,8,6,2,25,17,25,25,17,2,edgeCount
509,110,148,graphml/Interoute.graphml,3,,clustered,0.4;-0.3,28,28,6,22,0,28,22,28,28,22,0,edgeCount
508,110,148,graphml/Interoute.graphml,2,,clustered,0.4;-0.3,13,13,12,1,0,13,1,13,13,1,0,edgeCount
507,110,148,graphml/Interoute.graphml,2,,clustered,0.4;-0.3,9,9,9,0,0,9,0,9,9,0,0,edgeCount
506,110,148,graphml/Interoute.graphml,2,,clustered,0.4;-0.3,9,7,7,2,2,7,0,7,7,0,2,edgeCount
505,110,148,graphml/Interoute.graphml,2,,clustered,0.4;-0.3,14,21,9,5,2,30,21,30,56,21,2,edgeCount
504,110,148,graphml/Interoute.graphml,2,,clustered,0.4;-0.3,8,8,8,0,0,8,0,8,8,0,0,edgeCount
503,110,148,graphml/Interoute.graphml,2,,clustered,0.4;-0.3,43,53,9,34,2,9,0,9,9,0,2,edgeCount
502,110,148,graphml/Interoute.graphml,2,,clustered,0.4;-0.3,9,9,9,0,0,9,0,9,9,0,0,edgeCount
501,110,148,graphml/Interoute.graphml,2,,clustered,0.4;-0.3,15,15,8,7,2,15,7,15,15,7,2,edgeCount
500,110,148,graphml/Interoute.graphml,2,,clustered,0.4;-0.3,9,17,8,1,2,19,11,19,23,11,2,edgeCount
499,110,148,graphml/Interoute.graphml,2,,clustered,0.4;-0.3,28,8,8,20,4,8,0,8,8,0,4,edgeCount
498,110,148,graphml/Interoute.graphml,1,,clustered,0.4;-0.3,11,11,11,0,0,11,0,11,11,0,0,edgeCount
497,110,148,graphml/Interoute.graphml,2,,clustered,0.4;-0.3,16,7,7,9,0,7,0,7,7,0,0,edgeCount
496,110,148,graphml/Interoute.graphml,2,,clustered,0.4;-0.3,18,59,9,9,4,9,0,9,9,0,4,edgeCount
495,110,148,graphml/Interoute.graphml,3,,clustered,0.4;-0.3,3,3,3,0,0,3,0,3,3,0,0,edgeCount
494,110,148,graphml/Interoute.graphml,2,,clustered,0.4;-0.3,12,20,12,0,2,12,0,12,12,0,2,edgeCount
493,110,148,graphml/Interoute.graphml,2,,clustered,0.4;-0.3,27,9,7,20,4,9,2,9,9,2,4,edgeCount
492,110,148,graphml/Interoute.graphml,2,,clustered,0.4;-0.3,10,8,8,2,0,8,0,8,8,0,0,edgeCount
491,110,148,graphml/Interoute.graphml,2,,clustered,0.4;-0.3,7,7,7,0,0,28,21,7,7,0,0,edgeCount
490,110,148,graphml/Interoute.graphml,2,,clustered,0.4;-0.3,9,9,9,0,0,9,0,9,9,0,0,edgeCount
489,110,148,graphml/Interoute.graphml,2,,clustered,0.4;-0.3,16,15,6,10,2,6,0,6,6,0,2,edgeCount
488,110,148,graphml/Interoute.graphml,2,,clustered,0.4;-0.3,2,2,2,0,0,2,0,2,2,0,0,edgeCount
487,110,148,graphml/Interoute.graphml,2,,clustered,0.4;-0.3,18,16,11,7,2,30,19,30,64,19,2,edgeCount
486,110,148,graphml/Interoute.graphml,1,,clustered,0.4;-0.3,12,12,12,0,0,12,0,12,12,0,0,edgeCount
485,110,148,graphml/Interoute.graphml,2,,clustered,0.4;-0.3,7,15,7,0,4,7,0,7,7,0,4,edgeCount
484,110,148,graphml/Interoute.graphml,3,,clustered,0.4;-0.3,9,8,8,1,2,8,0,8,8,0,2,edgeCount
483,110,148,graphml/Interoute.graphml,2,,clustered,0.4;-0.3,14,14,12,2,2,14,2,14,14,2,2,edgeCount
482,110,148,graphml/Interoute.graphml,2,,clustered,0.4;-0.3,6,6,6,0,2,6,0,6,6,0,2,edgeCount
481,110,148,graphml/Interoute.graphml,1,,clustered,0.4;-0.3,10,10,10,0,2,10,0,10,10,0,2,edgeCount
480,110,148,graphml/Interoute.graphml,3,,clustered,0.4;-0.3,7,7,6,1,2,7,1,7,7,1,2,edgeCount
479,110,148,graphml/Interoute.graphml,1,,clustered,0.4;-0.3,9,22,9,0,8,9,0,9,22,0,8,edgeCount
478,110,148,graphml/Interoute.graphml,2,,clustered,0.4;-0.3,15,15,13,2,0,15,2,15,15,2,0,edgeCount
477,110,148,graphml/Interoute.graphml,2,,clustered,0.4;-0.3,7,7,7,0,0,7,0,7,7,0,0,edgeCount
476,110,148,graphml/Interoute.graphml,2,,clustered,0.4;-0.3,8,4,4,4,2,4,0,4,8,0,2,edgeCount
475,110,148,graphml/Interoute.graphml,1,,clustered,0.4;-0.3,12,12,12,0,0,12,0,12,12,0,0,edgeCount
474,110,148,graphml/Interoute.graphml,2,,clustered,0.4;-0.3,17,7,5,12,0,5,0,5,5,0,0,edgeCount
473,110,148,graphml/Interoute.graphml,2,,clustered,0.4;-0.3,14,14,14,0,0,14,0,14,14,0,0,edgeCount
472,110,148,graphml/Interoute.graphml,1,,clustered,0.4;-0.3,9,23,9,0,2,9,0,9,23,0,2,edgeCount
471,110,148,graphml/Interoute.graphml,2,,clustered,0.4;-0.3,39,13,10,29,2,13,3,39,13,29,2,edgeCount
470,110,148,graphml/Interoute.graphml,2,,clustered,0.4;-0.3,2,2,2,0,4,2,0,2,2,0,4,edgeCount
469,110,148,graphml/Interoute.graphml,3,,clustered,0.4;-0.3,11,9,8,3,0,9,1,9,9,1,0,edgeCount
468,110,148,graphml/Interoute.graphml,3,,clustered,0.4;-0.3,8,13,5,3,2,18,13,18,18,13,2,edgeCount
467,110,148,graphml/Interoute.graphml,3,,clustered,0.4;-0.3,4,4,4,0,0,4,0,4,4,0,0,edgeCount
466,110,148,graphml/Interoute.graphml,2,,clustered,0.4;-0.3,4,4,4,0,0,4,0,4,4,0,0,edgeCount
465,110,148,graphml/Interoute.graphml,1,,clustered,0.4;-0.3,6,8,6,0,2,6,0,6,8,0,2,edgeCount
464,110,148,graphml/Interoute.graphml,2,,clustered,0.4;-0.3,6,6,6,0,0,6,0,6,6,0,0,edgeCount
463,110,148,graphml/Interoute.graphml,2,,clustered,0.4;-0.3,35,35,12,23,2,35,23,35,35,23,2,edgeCount
462,110,148,graphml/Interoute.graphml,2,,clustered,0.4;-0.3,10,10,10,0,0,10,0,10,10,0,0,edgeCount
461,110,148,graphml/Interoute.graphml,2,,clustered,0.4;-0.3,14,10,10,4,0,10,0,10,10,0,0,edgeCount
460,110,148,graphml/Interoute.graphml,1,,clustered,0.4;-0.3,10,10,10,0,0,10,0,10,10,0,0,edgeCount
459,110,148,graphml/Interoute.graphml,2,,clustered,0.4;-0.3,9,9,9,0,0,9,0,9,9,0,0,edgeCount
458,110,148,graphml/Interoute.graphml,2,,clustered,0.4;-0.3,36,26,8,28,2,-1,-9,32,22,24,2,edgeCount
457,110,148,graphml/Interoute.graphml,2,,clustered,0.4;-0.3,7,6,6,1,0,6,0,6,6,0,0,edgeCount
456,110,148,graphml/Interoute.graphml,3,,clustered,0.4;-0.3,3,3,3,0,0,3,0,3,3,0,0,edgeCount
455,110,148,graphml/Interoute.graphml,2,,clustered,0.4;-0.3,11,38,7,4,2,27,20,27,27,20,2,edgeCount
454,110,148,graphml/Interoute.graphml,2,,clustered,0.4;-0.3,5,5,5,0,0,5,0,5,5,0,0,edgeCount
453,110,148,graphml/Interoute.graphml,2,,clustered,0.4;-0.3,20,17,12,8,0,14,2,14,14,2,0,edgeCount
452,110,148,graphml/Interoute.graphml,2,,clustered,0.4;-0.3,30,6,6,24,2,6,0,6,6,0,2,edgeCount
451,110,148,graphml/Interoute.graphml,2,,clustered,0.4;-0.3,14,14,12,2,0,14,2,14,14,2,0,edgeCount
450,110,148,graphml/Interoute.graphml,2,,clustered,0.4;-0.3,14,7,7,7,0,7,0,7,7,0,0,edgeCount
449,110,148,graphml/Interoute.graphml,2,,clustered,0.4;-0.3,36,22,8,28,4,-1,-9,23,9,15,4,edgeCount
448,110,148,graphml/Interoute.graphml,2,,clustered,0.4;-0.3,12,12,10,2,0,12,2,12,12,2,0,edgeCount
447,110,148,graphml/Interoute.graphml,2,,clustered,0.4;-0.3,7,7,7,0,0,7,0,7,7,0,0,edgeCount
446,110,148,graphml/Interoute.graphml,1,,clustered,0.4;-0.3,5,5,5,0,0,5,0,5,5,0,0,edgeCount
445,110,148,graphml/Interoute.graphml,2,,clustered,0.4;-0.3,10,5,5,5,0,5,0,5,5,0,0,edgeCount
444,110,148,graphml/Interoute.graphml,2,,clustered,0.4;-0.3,14,14,13,1,2,14,1,14,14,1,2,edgeCount
443,110,148,graphml/Interoute.graphml,2,,clustered,0.4;-0.3,11,11,11,0,0,11,0,11,11,0,0,edgeCount
442,110,148,graphml/Interoute.graphml,2,,clustered,0.4;-0.3,8,15,5,3,0,6,1,6,6,1,0,edgeCount
441,110,148,graphml/Interoute.graphml,2,,clustered,0.4;-0.3,16,12,12,4,0,12,0,12,12,0,0,edgeCount
440,110,148,graphml/Interoute.graphml,2,,clustered,0.4;-0.3,3,3,3,0,0,3,0,3,3,0,0,edgeCount
439,110,148,graphml/Interoute.graphml,2,,clustered,0.4;-0.3,11,11,11,0,0,11,0,11,11,0,0,edgeCount
438,110,148,graphml/Interoute.graphml,2,,clustered,0.4;-0.3,12,20,10,2,2,28,18,28,37,18,2,edgeCount
437,110,148,graphml/Interoute.graphml,2,,clustered,0.4;-0.3,13,11,9,4,4,31,22,31,31,22,4,edgeCount
436,110,148,graphml/Interoute.graphml,2,,clustered,0.4;-0.3,4,4,4,0,0,4,0,4,4,0,0,edgeCount
435,110,148,graphml/Interoute.graphml,2,,clustered,0.4;-0.3,9,7,7,2,2,8,1,7,7,0,2,edgeCount
434,110,148,graphml/Interoute.graphml,2,,clustered,0.4;-0.3,8,8,8,0,0,8,0,8,8,0,0,edgeCount
433,110,148,graphml/Interoute.graphml,2,,clustered,0.4;-0.3,7,7,7,0,0,7,0,7,7,0,0,edgeCount
432,110,148,graphml/Interoute.graphml,1,,clustered,0.4;-0.3,8,8,8,0,2,8,0,8,8,0,2,edgeCount
431,110,148,graphml/Interoute.graphml,2,,clustered,0.4;-0.3,5,5,5,0,0,5,0,5,5,0,0,edgeCount
430,110,148,graphml/Interoute.graphml,2,,clustered,0.4;-0.3,9,9,9,0,0,9,0,9,9,0,0,edgeCount
429,110,148,graphml/Interoute.graphml,2,,clustered,0.4;-0.3,12,9,9,3,0,9,0,9,9,0,0,edgeCount
428,110,148,graphml/Interoute.graphml,2,,clustered,0.4;-0.3,6,6,6,0,0,6,0,6,6,0,0,edgeCount
427,110,148,graphml/Interoute.graphml,2,,clustered,0.4;-0.3,7,20,4,3,2,6,2,6,6,2,2,edgeCount
426,110,148,graphml/Interoute.graphml,2,,clustered,0.4;-0.3,12,9,9,3,0,9,0,9,9,0,0,edgeCount
425,110,148,graphml/Interoute.graphml,2,,clustered,0.4;-0.3,11,26,9,2,0,10,1,10,10,1,0,edgeCount
424,110,148,graphml/Interoute.graphml,2,,clustered,0.4;-0.3,14,14,14,0,0,14,0,14,14,0,0,edgeCount
423,110,148,graphml/Interoute.graphml,2,,clustered,0.4;-0.3,2,2,2,0,0,2,0,2,2,0,0,edgeCount
422,110,148,graphml/Interoute.graphml,2,,clustered,0.4;-0.3,9,9,9,0,0,9,0,9,9,0,0,edgeCount
421,110,148,graphml/Interoute.graphml,3,,clustered,0.4;-0.3,11,11,9,2,2,29,20,29,11,20,2,edgeCount
420,110,148,graphml/Interoute.graphml,2,,clustered,0.4;-0.3,12,12,12,0,0,12,0,12,12,0,0,edgeCount
419,110,148,graphml/Interoute.graphml,2,,clustered,0.4;-0.3,10,7,7,3,0,7,0,7,7,0,0,edgeCount
418,110,148,graphml/Interoute.graphml,2,,clustered,0.4;-0.3,7,18,5,2,0,6,1,6,6,1,0,edgeCount
417,110,148,graphml/Interoute.graphml,2,,clustered,0.4;-0.3,15,22,13,2,4,19,6,19,19,6,2,edgeCount
416,110,148,graphml/Interoute.graphml,1,,clustered,0.4;-0.3,2,2,2,0,4,2,0,2,2,0,4,edgeCount
415,110,148,graphml/Interoute.graphml,1,,clustered,0.4;-0.3,12,12,12,0,0,12,0,12,12,0,0,edgeCount
414,110,148,graphml/Interoute.graphml,1,,clustered,0.4;-0.3,4,4,4,0,0,4,0,4,4,0,0,edgeCount
413,110,148,graphml/Interoute.graphml,2,,clustered,0.4;-0.3,5,8,3,2,0,5,2,5,5,2,0,edgeCount
412,110,148,graphml/Interoute.graphml,2,,clustered,0.4;-0.3,11,11,11,0,0,11,0,11,11,0,0,edgeCount
411,110,148,graphml/Interoute.graphml,1,,clustered,0.4;-0.3,11,11,11,0,0,11,0,11,11,0,0,edgeCount
410,110,148,graphml/Interoute.graphml,2,,clustered,0.4;-0.3,16,26,10,6,2,30,20,30,30,20,2,edgeCount
409,110,148,graphml/Interoute.graphml,3,,clustered,0.4;-0.3,31,11,6,25,2,6,0,6,6,0,2,edgeCount
408,110,148,graphml/Interoute.graphml,2,,clustered,0.4;-0.3,21,14,14,7,2,45,31,21,14,7,2,edgeCount
407,110,148,graphml/Interoute.graphml,2,,clustered,0.4;-0.3,13,13,13,0,0,15,2,13,13,0,0,edgeCount
406,110,148,graphml/Interoute.graphml,2,,clustered,0.4;-0.3,14,14,13,1,0,14,1,14,14,1,0,edgeCount
405,110,148,graphml/Interoute.graphml,3,,clustered,0.4;-0.3,4,4,4,0,0,4,0,4,4,0,0,edgeCount
404,110,148,graphml/Interoute.graphml,2,,clustered,0.4;-0.3,9,9,9,0,0,11,2,9,9,0,0,edgeCount
403,110,148,graphml/Interoute.graphml,2,,clustered,0.4;-0.3,13,11,11,2,0,13,2,13,11,2,0,edgeCount
402,110,148,graphml/Interoute.graphml,2,,clustered,0.4;-0.3,9,9,9,0,0,9,0,9,9,0,0,edgeCount
401,110,148,graphml/Interoute.graphml,3,,clustered,0.4;-0.3,11,36,8,3,0,10,2,10,10,2,0,edgeCount
400,110,148,graphml/Interoute.graphml,2,,clustered,0.4;-0.3,33,21,9,24,2,-1,-10,33,21,24,2,edgeCount
399,110,148,graphml/Interoute.graphml,2,,clustered,0.4;-0.3,13,13,13,0,0,13,0,13,13,0,0,edgeCount
398,110,148,graphml/Interoute.graphml,2,,clustered,0.4;-0.3,15,15,12,3,0,15,3,15,15,3,0,edgeCount
397,110,148,graphml/Interoute.graphml,2,,clustered,0.4;-0.3,5,5,5,0,0,5,0,5,5,0,0,edgeCount
396,110,148,graphml/Interoute.graphml,2,,clustered,0.4;-0.3,11,8,7,4,2,8,1,8,8,1,2,edgeCount
395,110,148,graphml/Interoute.graphml,3,,clustered,0.4;-0.3,10,36,8,2,0,22,14,22,22,14,0,edgeCount
394,110,148,graphml/Interoute.graphml,3,,clustered,0.4;-0.3,11,19,10,1,0,27,17,27,27,17,0,edgeCount
393,110,148,graphml/Interoute.graphml,2,,clustered,0.4;-0.3,11,9,9,2,0,9,0,9,9,0,0,edgeCount
392,110,148,graphml/Interoute.graphml,2,,clustered,0.4;-0.3,13,30,13,0,2,33,20,13,30,0,2,edgeCount
391,110,148,graphml/Interoute.graphml,2,,clustered,0.4;-0.3,3,3,3,0,4,3,0,3,3,0,4,edgeCount
390,110,148,graphml/Interoute.graphml,2,,clustered,0.4;-0.3,13,8,6,7,0,8,2,8,8,2,0,edgeCount
389,110,148,graphml/Interoute.graphml,1,,clustered,0.4;-0.3,15,15,15,0,2,15,0,15,15,0,2,edgeCount
388,110,148,graphml/Interoute.graphml,2,,clustered,0.4;-0.3,11,11,11,0,0,11,0,11,11,0,0,edgeCount
387,110,148,graphml/Interoute.graphml,1,,clustered,0.4;-0.3,3,3,3,0,0,3,0,3,3,0,0,edgeCount
386,110,148,graphml/Interoute.graphml,2,,clustered,0.4;-0.3,35,17,11,24,4,11,0,11,11,0,4,edgeCount
385,110,148,graphml/Interoute.graphml,2,,clustered,0.4;-0.3,15,15,14,1,0,15,1,15,15,1,0,edgeCount
384,110,148,graphml/Interoute.graphml,2,,clustered,0.4;-0.3,43,27,7,36,2,-1,-8,39,25,32,2,edgeCount
383,110,148,graphml/Interoute.graphml,2,,clustered,0.4;-0.3,17,19,17,0,2,39,22,39,39,22,2,edgeCount
382,110,148,graphml/Interoute.graphml,2,,clustered,0.4;-0.3,12,12,12,0,0,13,1,12,12,0,0,edgeCount
381,110,148,graphml/Interoute.graphml,2,,clustered,0.4;-0.3,4,8,3,1,0,3,0,3,3,0,0,edgeCount
380,110,148,graphml/Interoute.graphml,2,,clustered,0.4;-0.3,19,14,12,7,0,14,2,14,14,2,0,edgeCount
379,110,148,graphml/Interoute.graphml,2,,clustered,0.4;-0.3,5,5,5,0,0,5,0,5,5,0,0,edgeCount
378,110,148,graphml/Interoute.graphml,1,,clustered,0.4;-0.3,10,16,10,0,2,10,0,10,16,0,2,edgeCount
377,110,148,graphml/Interoute.graphml,2,,clustered,0.4;-0.3,4,4,4,0,0,4,0,4,4,0,0,edgeCount
376,110,148,graphml/Interoute.graphml,3,,clustered,0.4;-0.3,9,43,7,2,0,7,0,7,7,0,0,edgeCount
375,110,148,graphml/Interoute.graphml,3,,clustered,0.4;-0.3,39,17,9,30,0,9,0,9,9,0,0,edgeCount
374,110,148,graphml/Interoute.graphml,2,,clustered,0.4;-0.3,9,9,9,0,0,9,0,9,9,0,0,edgeCount
373,110,148,graphml/Interoute.graphml,1,,clustered,0.4;-0.3,4,4,4,0,2,4,0,4,4,0,2,edgeCount
372,110,148,graphml/Interoute.graphml,3,,clustered,0.4;-0.3,7,7,7,0,4,20,13,20,20,13,4,edgeCount
371,110,148,graphml/Interoute.graphml,3,,clustered,0.4;-0.3,27,9,7,20,0,9,2,9,9,2,0,edgeCount
370,110,148,graphml/Interoute.graphml,2,,clustered,0.4;-0.3,3,3,3,0,0,3,0,3,3,0,0,edgeCount
369,110,148,graphml/Interoute.graphml,2,,clustered,0.4;-0.3,14,16,13,1,2,14,1,14,16,1,2,edgeCount
368,110,148,graphml/Interoute.graphml,2,,clustered,0.4;-0.3,11,11,8,3,0,11,3,11,11,3,0,edgeCount
367,110,148,graphml/Interoute.graphml,2,,clustered,0.4;-0.3,11,9,9,2,0,9,0,9,9,0,0,edgeCount
366,110,148,graphml/Interoute.graphml,2,,clustered,0.4;-0.3,8,7,7,1,0,7,0,7,7,0,0,edgeCount
365,110,148,graphml/Interoute.graphml,2,,clustered,0.4;-0.3,46,32,14,32,6,14,0,14,14,0,6,edgeCount
364,110,148,graphml/Interoute.graphml,2,,clustered,0.4;-0.3,24,24,12,12,2,24,12,24,24,12,2,edgeCount
363,110,148,graphml/Interoute.graphml,2,,clustered,0.4;-0.3,12,12,12,0,0,12,0,12,12,0,0,edgeCount
362,110,148,graphml/Interoute.graphml,2,,clustered,0.4;-0.3,7,9,5,2,2,7,2,7,9,2,2,edgeCount
361,110,148,graphml/Interoute.graphml,1,,clustered,0.4;-0.3,6,6,6,0,2,6,0,6,6,0,2,edgeCount
360,110,148,graphml/Interoute.graphml,2,,clustered,0.4;-0.3,11,11,11,0,0,11,0,11,11,0,0,edgeCount
359,110,148,graphml/Interoute.graphml,2,,clustered,0.4;-0.3,7,7,7,0,0,7,0,7,7,0,0,edgeCount
358,110,148,graphml/Interoute.graphml,2,,clustered,0.4;-0.3,12,16,5,7,4,20,15,20,29,15,4,edgeCount
357,110,148,graphml/Interoute.graphml,2,,clustered,0.4;-0.3,8,8,8,0,0,8,0,8,8,0,0,edgeCount
356,110,148,graphml/Interoute.graphml,2,,clustered,0.4;-0.3,5,4,4,1,4,4,0,4,4,0,4,edgeCount
355,110,148,graphml/Interoute.graphml,2,,clustered,0.4;-0.3,5,5,5,0,0,5,0,5,5,0,0,edgeCount
354,110,148,graphml/Interoute.graphml,2,,clustered,0.4;-0.3,8,18,7,1,4,18,11,18,18,11,4,edgeCount
353,110,148,graphml/Interoute.graphml,2,,clustered,0.4;-0.3,30,10,8,22,2,10,2,10,10,2,2,edgeCount
352,110,148,graphml/Interoute.graphml,2,,clustered,0.4;-0.3,7,16,5,2,0,5,0,5,5,0,0,edgeCount
351,110,148,graphml/Interoute.graphml,2,,clustered,0.4;-0.3,40,58,10,30,2,10,0,10,10,0,2,edgeCount
350,110,148,graphml/Interoute.graphml,3,,clustered,0.4;-0.3,31,23,7,24,0,7,0,7,7,0,0,edgeCount
349,110,148,graphml/Interoute.graphml,2,,clustered,0.4;-0.3,10,10,10,0,0,11,1,10,10,0,0,edgeCount
348,110,148,graphml/Interoute.graphml,2,,clustered,0.4;-0.3,6,6,6,0,0,6,0,6,6,0,0,edgeCount
347,110,148,graphml/Interoute.graphml,2,,clustered,0.4;-0.3,6,5,4,2,0,5,1,5,5,1,0,edgeCount
346,110,148,graphml/Interoute.graphml,1,,clustered,0.4;-0.3,9,9,9,0,2,9,0,9,9,0,2,edgeCount
345,110,148,graphml/Interoute.graphml,2,,clustered,0.4;-0.3,8,8,8,0,0,8,0,8,8,0,0,edgeCount
344,110,148,graphml/Interoute.graphml,2,,clustered,0.4;-0.3,2,2,2,0,0,2,0,2,2,0,0,edgeCount
343,110,148,graphml/Interoute.graphml,2,,clustered,0.4;-0.3,14,14,13,1,0,14,1,14,14,1,0,edgeCount
342,110,148,graphml/Interoute.graphml,2,,clustered,0.4;-0.3,4,4,4,0,0,4,0,4,4,0,0,edgeCount
341,110,148,graphml/Interoute.graphml,2,,clustered,0.4;-0.3,7,6,6,1,0,6,0,6,6,0,0,edgeCount
340,110,148,graphml/Interoute.graphml,2,,clustered,0.4;-0.3,9,5,5,4,4,5,0,5,5,0,4,edgeCount
339,110,148,graphml/Interoute.graphml,2,,clustered,0.4;-0.3,11,22,9,2,4,25,16,25,25,16,4,edgeCount
338,110,148,graphml/Interoute.graphml,1,,clustered,0.4;-0.3,6,6,6,0,2,6,0,6,6,0,2,edgeCount
337,110,148,graphml/Interoute.graphml,2,,clustered,0.4;-0.3,7,7,7,0,0,7,0,7,7,0,0,edgeCount
336,110,148,graphml/Interoute.graphml,2,,clustered,0.4;-0.3,6,6,6,0,0,6,0,6,6,0,0,edgeCount
335,110,148,graphml/Interoute.graphml,2,,clustered,0.4;-0.3,5,5,5,0,0,8,3,5,5,0,0,edgeCount
334,110,148,graphml/Interoute.graphml,1,,clustered,0.4;-0.3,14,14,14,0,0,14,0,14,14,0,0,edgeCount
333,110,148,graphml/Interoute.graphml,2,,clustered,0.4;-0.3,8,8,8,0,0,8,0,8,8,0,0,edgeCount
332,110,148,graphml/Interoute.graphml,1,,clustered,0.4;-0.3,11,11,11,0,0,11,0,11,11,0,0,edgeCount
331,110,148,graphml/Interoute.graphml,2,,clustered,0.4;-0.3,12,4,4,8,6,4,0,4,4,0,6,edgeCount
330,110,148,graphml/Interoute.graphml,2,,clustered,0.4;-0.3,6,6,6,0,0,6,0,6,6,0,0,edgeCount
329,110,148,graphml/Interoute.graphml,2,,clustered,0.4;-0.3,13,13,13,0,2,13,0,13,13,0,2,edgeCount
328,110,148,graphml/Interoute.graphml,2,,clustered,0.4;-0.3,8,6,6,2,0,6,0,6,6,0,0,edgeCount
327,110,148,graphml/Interoute.graphml,2,,clustered,0.4;-0.3,5,5,5,0,0,5,0,5,5,0,0,edgeCount
326,110,148,graphml/Interoute.graphml,2,,clustered,0.4;-0.3,11,11,11,0,0,11,0,11,11,0,0,edgeCount
325,110,148,graphml/Interoute.graphml,2,,clustered,0.4;-0.3,10,10,10,0,0,10,0,10,10,0,0,edgeCount
324,110,148,graphml/Interoute.graphml,2,,clustered,0.4;-0.3,6,6,6,0,0,10,4,6,6,0,0,edgeCount
323,110,148,graphml/Interoute.graphml,1,,clustered,0.4;-0.3,7,7,7,0,4,7,0,7,7,0,4,edgeCount
322,110,148,graphml/Interoute.graphml,2,,clustered,0.4;-0.3,4,4,4,0,0,4,0,4,4,0,0,edgeCount
321,110,148,graphml/Interoute.graphml,4,,clustered,0.4;-0.3,5,5,5,0,0,5,0,5,5,0,0,edgeCount
320,110,148,graphml/Interoute.graphml,2,,clustered,0.4;-0.3,9,4,4,5,0,4,0,4,4,0,0,edgeCount
319,110,148,graphml/Interoute.graphml,2,,clustered,0.4;-0.3,12,4,4,8,4,4,0,4,4,0,4,edgeCount
318,110,148,graphml/Interoute.graphml,2,,clustered,0.4;-0.3,9,11,7,2,0,7,0,7,7,0,0,edgeCount
317,110,148,graphml/Interoute.graphml,2,,clustered,0.4;-0.3,7,13,5,2,0,6,1,6,6,1,0,edgeCount
316,110,148,graphml/Interoute.graphml,2,,clustered,0.4;-0.3,4,4,3,1,0,4,1,4,4,1,0,edgeCount
315,110,148,graphml/Interoute.graphml,2,,clustered,0.4;-0.3,8,6,5,3,0,6,1,6,6,1,0,edgeCount
314,110,148,graphml/Interoute.graphml,2,,clustered,0.4;-0.3,10,10,10,0,0,10,0,10,10,0,0,edgeCount
313,110,148,graphml/Interoute.graphml,3,,clustered,0.4;-0.3,2,17,2,0,2,7,5,4,4,2,2,edgeCount
312,110,148,graphml/Interoute.graphml,2,,clustered,0.4;-0.3,48,15,12,36,6,14,2,14,15,2,6,edgeCount
311,110,148,graphml/Interoute.graphml,1,,clustered,0.4;-0.3,19,19,9,10,4,-1,-10,19,19,10,4,edgeCount
310,110,148,graphml/Interoute.graphml,2,,clustered,0.4;-0.3,12,12,12,0,0,12,0,12,12,0,0,edgeCount
309,110,148,graphml/Interoute.graphml,3,,clustered,0.4;-0.3,8,8,8,0,2,8,0,8,8,0,2,edgeCount
308,110,148,graphml/Interoute.graphml,1,,clustered,0.4;-0.3,8,8,8,0,0,8,0,8,8,0,0,edgeCount
307,110,148,graphml/Interoute.graphml,2,,clustered,0.4;-0.3,55,27,13,42,2,-1,-14,38,38,25,2,edgeCount
306,110,148,graphml/Interoute.graphml,3,,clustered,0.4;-0.3,6,14,6,0,2,14,8,6,6,0,2,edgeCount
305,110,148,graphml/Interoute.graphml,2,,clustered,0.4;-0.3,10,10,10,0,0,10,0,10,10,0,0,edgeCount
304,110,148,graphml/Interoute.graphml,2,,clustered,0.4;-0.3,5,5,5,0,0,5,0,5,5,0,0,edgeCount
303,110,148,graphml/Interoute.graphml,1,,clustered,0.4;-0.3,8,8,8,0,0,8,0,8,8,0,0,edgeCount
302,110,148,graphml/Interoute.graphml,1,,clustered,0.4;-0.3,6,28,6,0,6,6,0,6,28,0,6,edgeCount
301,110,148,graphml/Interoute.graphml,2,,clustered,0.4;-0.3,14,14,12,2,0,15,3,14,14,2,0,edgeCount
300,110,148,graphml/Interoute.graphml,1,,clustered,0.4;-0.3,27,27,11,16,4,-1,-12,27,27,16,4,edgeCount
299,110,148,graphml/Interoute.graphml,2,,clustered,0.4;-0.3,20,40,14,6,2,14,0,20,40,6,2,edgeCount
298,110,148,graphml/Interoute.graphml,2,,clustered,0.4;-0.3,11,11,9,2,0,11,2,11,11,2,0,edgeCount
297,110,148,graphml/Interoute.graphml,2,,clustered,0.4;-0.3,5,5,5,0,4,5,0,5,5,0,4,edgeCount
296,110,148,graphml/Interoute.graphml,1,,clustered,0.4;-0.3,26,26,10,16,6,-1,-11,26,26,16,6,edgeCount
295,110,148,graphml/Interoute.graphml,2,,clustered,0.4;-0.3,12,23,6,6,2,28,22,28,28,22,2,edgeCount
294,110,148,graphml/Interoute.graphml,2,,clustered,0.4;-0.3,12,8,8,4,0,8,0,8,8,0,0,edgeCount
293,110,148,graphml/Interoute.graphml,1,,clustered,0.4;-0.3,9,9,9,0,2,9,0,9,9,0,2,edgeCount
292,110,148,graphml/Interoute.graphml,3,,clustered,0.4;-0.3,12,12,11,1,0,12,1,12,12,1,0,edgeCount
291,110,148,graphml/Interoute.graphml,2,,clustered,0.4;-0.3,5,5,4,1,0,5,1,5,5,1,0,edgeCount
290,110,148,graphml/Interoute.graphml,2,,clustered,0.4;-0.3,9,9,9,0,0,9,0,9,9,0,0,edgeCount
289,110,148,graphml/Interoute.graphml,1,,clustered,0.4;-0.3,6,7,6,0,2,6,0,6,7,0,2,edgeCount
288,110,148,graphml/Interoute.graphml,1,,clustered,0.4;-0.3,9,9,9,0,0,9,0,9,9,0,0,edgeCount
287,110,148,graphml/Interoute.graphml,3,,clustered,0.4;-0.3,15,15,13,2,0,15,2,15,15,2,0,edgeCount
286,110,148,graphml/Interoute.graphml,3,,clustered,0.4;-0.3,16,17,10,6,0,12,2,12,12,2,0,edgeCount
285,110,148,graphml/Interoute.graphml,1,,clustered,0.4;-0.3,12,15,12,0,2,12,0,12,15,0,2,edgeCount
284,110,148,graphml/Interoute.graphml,1,,clustered,0.4;-0.3,5,5,5,0,0,5,0,5,5,0,0,edgeCount
283,110,148,graphml/Interoute.graphml,3,,clustered,0.4;-0.3,12,25,10,2,0,32,22,32,32,22,0,edgeCount
282,110,148,graphml/Interoute.graphml,2,,clustered,0.4;-0.3,15,9,9,6,4,9,0,9,9,0,4,edgeCount
281,110,148,graphml/Interoute.graphml,3,,clustered,0.4;-0.3,22,6,5,17,0,6,1,6,6,1,0,edgeCount
280,110,148,graphml/Interoute.graphml,1,,clustered,0.4;-0.3,3,3,3,0,0,3,0,3,3,0,0,edgeCount
279,110,148,graphml/Interoute.graphml,3,,clustered,0.4;-0.3,18,18,7,11,0,18,11,18,18,11,0,edgeCount
278,110,148,graphml/Interoute.graphml,1,,clustered,0.4;-0.3,11,20,11,0,2,11,0,11,20,0,2,edgeCount
277,110,148,graphml/Interoute.graphml,2,,clustered,0.4;-0.3,7,20,4,3,0,4,0,4,4,0,0,edgeCount
276,110,148,graphml/Interoute.graphml,4,,clustered,0.4;-0.3,18,18,7,11,0,15,8,15,15,8,0,edgeCount
275,110,148,graphml/Interoute.graphml,2,,clustered,0.4;-0.3,7,7,7,0,2,7,0,7,19,0,2,edgeCount
274,110,148,graphml/Interoute.graphml,2,,clustered,0.4;-0.3,31,51,7,24,4,7,0,31,7,24,4,edgeCount
273,110,148,graphml/Interoute.graphml,1,,clustered,0.4;-0.3,8,8,8,0,0,8,0,8,8,0,0,edgeCount
272,110,148,graphml/Interoute.graphml,1,,clustered,0.4;-0.3,6,6,6,0,0,6,0,6,6,0,0,edgeCount
271,110,148,graphml/Interoute.graphml,2,,clustered,0.4;-0.3,10,47,7,3,2,7,0,7,7,0,2,edgeCount
270,110,148,graphml/Interoute.graphml,3,,clustered,0.4;-0.3,12,12,6,6,0,12,6,12,12,6,0,edgeCount
269,110,148,graphml/Interoute.graphml,2,,clustered,0.4;-0.3,6,6,6,0,0,6,0,6,6,0,0,edgeCount
268,110,148,graphml/Interoute.graphml,2,,clustered,0.4;-0.3,14,10,10,4,0,14,4,14,10,4,0,edgeCount
267,110,148,graphml/Interoute.graphml,2,,clustered,0.4;-0.3,8,8,8,0,0,8,0,8,8,0,0,edgeCount
266,110,148,graphml/Interoute.graphml,2,,clustered,0.4;-0.3,11,10,8,3,0,10,2,10,10,2,0,edgeCount
265,110,148,graphml/Interoute.graphml,2,,clustered,0.4;-0.3,6,6,6,0,0,6,0,6,6,0,0,edgeCount
264,110,148,graphml/Interoute.graphml,2,,clustered,0.4;-0.3,11,11,11,0,0,11,0,11,11,0,0,edgeCount
263,110,148,graphml/Interoute.graphml,2,,clustered,0.4;-0.3,15,5,5,10,2,5,0,5,5,0,2,edgeCount
262,110,148,graphml/Interoute.graphml,1,,clustered,0.4;-0.3,6,6,6,0,0,6,0,6,6,0,0,edgeCount
261,110,148,graphml/Interoute.graphml,2,,clustered,0.4;-0.3,11,9,9,2,0,9,0,9,9,0,0,edgeCount
260,110,148,graphml/Interoute.graphml,1,,clustered,0.4;-0.3,15,15,15,0,0,15,0,15,15,0,0,edgeCount
259,110,148,graphml/Interoute.graphml,2,,clustered,0.4;-0.3,7,7,7,0,0,9,2,9,7,2,0,edgeCount
258,110,148,graphml/Interoute.graphml,1,,clustered,0.4;-0.3,6,6,6,0,2,6,0,6,6,0,2,edgeCount
257,110,148,graphml/Interoute.graphml,2,,clustered,0.4;-0.3,18,15,12,6,0,12,0,12,12,0,0,edgeCount
256,110,148,graphml/Interoute.graphml,2,,clustered,0.4;-0.3,23,3,3,20,2,3,0,3,3,0,2,edgeCount
255,110,148,graphml/Interoute.graphml,2,,clustered,0.4;-0.3,8,8,8,0,0,8,0,8,8,0,0,edgeCount
254,110,148,graphml/Interoute.graphml,2,,clustered,0.4;-0.3,18,6,6,12,2,6,0,6,6,0,2,edgeCount
253,110,148,graphml/Interoute.graphml,2,,clustered,0.4;-0.3,10,24,9,1,2,26,17,25,26,16,2,edgeCount
252,110,148,graphml/Interoute.graphml,2,,clustered,0.4;-0.3,10,10,10,0,0,10,0,10,10,0,0,edgeCount
251,110,148,graphml/Interoute.graphml,2,,clustered,0.4;-0.3,11,12,11,0,4,31,20,11,12,0,4,edgeCount
250,110,148,graphml/Interoute.graphml,2,,clustered,0.4;-0.3,10,10,10,0,0,10,0,10,10,0,0,edgeCount
249,110,148,graphml/Interoute.graphml,2,,clustered,0.4;-0.3,13,16,9,4,0,9,0,9,9,0,0,edgeCount
248,110,148,graphml/Interoute.graphml,1,,clustered,0.4;-0.3,13,13,13,0,0,13,0,13,13,0,0,edgeCount
247,110,148,graphml/Interoute.graphml,2,,clustered,0.4;-0.3,11,11,10,1,0,11,1,11,11,1,0,edgeCount
246,110,148,graphml/Interoute.graphml,2,,clustered,0.4;-0.3,14,21,10,4,2,38,28,14,21,4,2,edgeCount
245,110,148,graphml/Interoute.graphml,2,,clustered,0.4;-0.3,14,14,14,0,0,14,0,14,14,0,0,edgeCount
244,110,148,graphml/Interoute.graphml,2,,clustered,0.4;-0.3,10,30,8,2,4,8,0,10,30,2,4,edgeCount
243,110,148,graphml/Interoute.graphml,2,,clustered,0.4;-0.3,17,46,13,4,2,14,1,14,14,1,2,edgeCount
242,110,148,graphml/Interoute.graphml,2,,clustered,0.4;-0.3,10,10,10,0,0,10,0,10,10,0,0,edgeCount
241,110,148,graphml/Interoute.graphml,3,,clustered,0.4;-0.3,4,4,3,1,2,3,0,3,4,0,2,edgeCount
240,110,148,graphml/Interoute.graphml,1,,clustered,0.4;-0.3,9,9,9,0,0,9,0,9,9,0,0,edgeCount
239,110,148,graphml/Interoute.graphml,2,,clustered,0.4;-0.3,11,7,7,4,4,7,0,7,7,0,4,edgeCount
238,110,148,graphml/Interoute.graphml,2,,clustered,0.4;-0.3,14,14,12,2,0,14,2,14,14,2,0,edgeCount
237,110,148,graphml/Interoute.graphml,1,,clustered,0.4;-0.3,16,16,16,0,0,16,0,16,16,0,0,edgeCount
236,110,148,graphml/Interoute.graphml,3,,clustered,0.4;-0.3,9,14,8,1,0,21,13,21,21,13,0,edgeCount
235,110,148,graphml/Interoute.graphml,2,,clustered,0.4;-0.3,8,18,8,0,2,14,6,14,14,6,2,edgeCount
234,110,148,graphml/Interoute.graphml,2,,clustered,0.4;-0.3,17,30,12,5,4,35,23,15,30,3,4,edgeCount
233,110,148,graphml/Interoute.graphml,2,,clustered,0.4;-0.3,8,20,4,4,0,4,0,4,4,0,0,edgeCount
232,110,148,graphml/Interoute.graphml,2,,clustered,0.4;-0.3,11,11,9,2,0,25,16,25,25,16,0,edgeCount
231,110,148,graphml/Interoute.graphml,2,,clustered,0.4;-0.3,13,13,9,4,2,13,4,13,13,4,2,edgeCount
230,110,148,graphml/Interoute.graphml,2,,clustered,0.4;-0.3,11,9,7,4,0,9,2,9,9,2,0,edgeCount
229,110,148,graphml/Interoute.graphml,2,,clustered,0.4;-0.3,7,38,7,0,4,17,10,17,7,10,4,edgeCount
228,110,148,graphml/Interoute.graphml,2,,clustered,0.4;-0.3,8,8,8,0,0,8,0,8,8,0,0,edgeCount
227,110,148,graphml/Interoute.graphml,2,,clustered,0.4;-0.3,15,21,11,4,2,33,22,33,33,22,2,edgeCount
226,110,148,graphml/Interoute.graphml,2,,clustered,0.4;-0.3,19,19,15,4,0,19,4,19,19,4,0,edgeCount
225,110,148,graphml/Interoute.graphml,2,,clustered,0.4;-0.3,13,13,12,1,0,13,1,13,13,1,0,edgeCount
224,110,148,graphml/Interoute.graphml,2,,clustered,0.4;-0.3,10,6,6,4,4,6,0,6,6,0,4,edgeCount
223,110,148,graphml/Interoute.graphml,3,,clustered,0.4;-0.3,22,19,7,15,2,7,0,7,7,0,2,edgeCount
222,110,148,graphml/Interoute.graphml,2,,clustered,0.4;-0.3,3,3,3,0,0,3,0,3,3,0,0,edgeCount
221,110,148,graphml/Interoute.graphml,3,,clustered,0.4;-0.3,30,8,8,22,2,8,0,8,8,0,2,edgeCount
220,110,148,graphml/Interoute.graphml,2,,clustered,0.4;-0.3,16,7,7,9,0,7,0,7,7,0,0,edgeCount
219,110,148,graphml/Interoute.graphml,2,,clustered,0.4;-0.3,9,17,8,1,0,8,0,8,8,0,0,edgeCount
218,110,148,graphml/Interoute.graphml,2,,clustered,0.4;-0.3,6,13,5,1,0,5,0,5,5,0,0,edgeCount
217,110,148,graphml/Interoute.graphml,1,,clustered,0.4;-0.3,6,6,6,0,2,6,0,6,6,0,2,edgeCount
216,110,148,graphml/Interoute.graphml,2,,clustered,0.4;-0.3,12,33,6,6,4,6,0,6,6,0,4,edgeCount
215,110,148,graphml/Interoute.graphml,2,,clustered,0.4;-0.3,12,12,9,3,0,12,3,12,12,3,0,edgeCount
214,110,148,graphml/Interoute.graphml,2,,clustered,0.4;-0.3,17,13,13,4,0,17,4,17,13,4,0,edgeCount
213,110,148,graphml/Interoute.graphml,1,,clustered,0.4;-0.3,6,6,6,0,0,6,0,6,6,0,0,edgeCount
212,110,148,graphml/Interoute.graphml,2,,clustered,0.4;-0.3,6,6,6,0,0,6,0,6,6,0,0,edgeCount
211,110,148,graphml/Interoute.graphml,2,,clustered,0.4;-0.3,14,14,14,0,0,14,0,14,14,0,0,edgeCount
210,110,148,graphml/Interoute.graphml,3,,clustered,0.4;-0.3,11,11,11,0,0,11,0,11,11,0,0,edgeCount
209,110,148,graphml/Interoute.graphml,1,,clustered,0.4;-0.3,10,10,10,0,0,10,0,10,10,0,0,edgeCount
208,110,148,graphml/Interoute.graphml,2,,clustered,0.4;-0.3,13,9,9,4,2,9,0,9,9,0,2,edgeCount
207,110,148,graphml/Interoute.graphml,2,,clustered,0.4;-0.3,6,6,6,0,0,6,0,6,6,0,0,edgeCount
206,110,148,graphml/Interoute.graphml,3,,clustered,0.4;-0.3,25,25,9,16,0,25,16,25,25,16,0,edgeCount
205,110,148,graphml/Interoute.graphml,2,,clustered,0.4;-0.3,5,5,5,0,0,5,0,5,5,0,0,edgeCount
204,110,148,graphml/Interoute.graphml,2,,clustered,0.4;-0.3,10,10,9,1,0,10,1,10,10,1,0,edgeCount
203,110,148,graphml/Interoute.graphml,2,,clustered,0.4;-0.3,13,8,8,5,0,8,0,8,8,0,0,edgeCount
202,110,148,graphml/Interoute.graphml,2,,clustered,0.4;-0.3,11,11,11,0,0,11,0,11,11,0,0,edgeCount
201,110,148,graphml/Interoute.graphml,2,,clustered,0.4;-0.3,11,11,11,0,0,11,0,11,11,0,0,edgeCount
200,110,148,graphml/Interoute.graphml,2,,clustered,0.4;-0.3,12,33,10,2,4,12,2,12,12,2,4,edgeCount
199,110,148,graphml/Interoute.graphml,2,,clustered,0.4;-0.3,8,8,8,0,0,8,0,8,8,0,0,edgeCount
198,110,148,graphml/Interoute.graphml,3,,clustered,0.4;-0.3,7,21,6,1,0,17,11,17,7,11,0,edgeCount
197,110,148,graphml/Interoute.graphml,3,,clustered,0.4;-0.3,3,3,3,0,0,3,0,3,3,0,0,edgeCount
196,110,148,graphml/Interoute.graphml,2,,clustered,0.4;-0.3,18,18,14,4,0,18,4,18,18,4,0,edgeCount
195,110,148,graphml/Interoute.graphml,2,,clustered,0.4;-0.3,3,3,3,0,4,3,0,3,3,0,4,edgeCount
194,110,148,graphml/Interoute.graphml,2,,clustered,0.4;-0.3,7,7,7,0,4,7,0,7,7,0,4,edgeCount
193,110,148,graphml/Interoute.graphml,2,,clustered,0.4;-0.3,22,22,9,13,0,30,21,30,30,21,0,edgeCount
192,110,148,graphml/Interoute.graphml,2,,clustered,0.4;-0.3,49,29,13,36,4,13,0,13,13,0,2,edgeCount
191,110,148,graphml/Interoute.graphml,2,,clustered,0.4;-0.3,5,5,5,0,0,5,0,5,5,0,0,edgeCount
190,110,148,graphml/Interoute.graphml,2,,clustered,0.4;-0.3,10,10,10,0,0,10,0,10,10,0,0,edgeCount
189,110,148,graphml/Interoute.graphml,2,,clustered,0.4;-0.3,13,13,13,0,0,13,0,13,13,0,0,edgeCount
188,110,148,graphml/Interoute.graphml,3,,clustered,0.4;-0.3,2,2,2,0,4,2,0,2,2,0,4,edgeCount
187,110,148,graphml/Interoute.graphml,2,,clustered,0.4;-0.3,13,9,9,4,2,9,0,9,9,0,2,edgeCount
186,110,148,graphml/Interoute.graphml,2,,clustered,0.4;-0.3,5,5,5,0,0,5,0,5,5,0,0,edgeCount
185,110,148,graphml/Interoute.graphml,2,,clustered,0.4;-0.3,11,7,5,6,0,7,2,7,7,2,0,edgeCount
184,110,148,graphml/Interoute.graphml,3,,clustered,0.4;-0.3,7,7,5,2,0,7,2,7,7,2,0,edgeCount
183,110,148,graphml/Interoute.graphml,2,,clustered,0.4;-0.3,7,7,7,0,0,7,0,7,7,0,0,edgeCount
182,110,148,graphml/Interoute.graphml,2,,clustered,0.4;-0.3,11,16,11,0,0,11,0,11,11,0,0,edgeCount
181,110,148,graphml/Interoute.graphml,2,,clustered,0.4;-0.3,8,6,6,2,4,6,0,6,6,0,4,edgeCount
180,110,148,graphml/Interoute.graphml,1,,clustered,0.4;-0.3,11,11,11,0,0,11,0,11,11,0,0,edgeCount
179,110,148,graphml/Interoute.graphml,2,,clustered,0.4;-0.3,9,25,9,0,4,-1,-10,31,31,22,4,edgeCount
178,110,148,graphml/Interoute.graphml,2,,clustered,0.4;-0.3,5,5,5,0,0,5,0,5,5,0,0,edgeCount
177,110,148,graphml/Interoute.graphml,2,,clustered,0.4;-0.3,7,7,7,0,0,9,2,9,7,2,0,edgeCount
176,110,148,graphml/Interoute.graphml,1,,clustered,0.4;-0.3,8,16,8,0,2,8,0,8,16,0,2,edgeCount
175,110,148,graphml/Interoute.graphml,2,,clustered,0.4;-0.3,8,8,8,0,0,8,0,8,8,0,0,edgeCount
174,110,148,graphml/Interoute.graphml,1,,clustered,0.4;-0.3,13,13,13,0,2,13,0,13,13,0,2,edgeCount
173,110,148,graphml/Interoute.graphml,2,,clustered,0.4;-0.3,6,6,6,0,0,6,0,6,6,0,0,edgeCount
172,110,148,graphml/Interoute.graphml,2,,clustered,0.4;-0.3,23,27,7,16,2,7,0,7,7,0,2,edgeCount
171,110,148,graphml/Interoute.graphml,2,,clustered,0.4;-0.3,4,4,4,0,0,4,0,4,4,0,0,edgeCount
170,110,148,graphml/Interoute.graphml,2,,clustered,0.4;-0.3,3,3,3,0,0,3,0,3,3,0,0,edgeCount
169,110,148,graphml/Interoute.graphml,2,,clustered,0.4;-0.3,34,14,6,28,2,8,2,8,8,2,2,edgeCount
168,110,148,graphml/Interoute.graphml,2,,clustered,0.4;-0.3,12,12,9,3,0,12,3,12,12,3,0,edgeCount
167,110,148,graphml/Interoute.graphml,1,,clustered,0.4;-0.3,3,3,3,0,2,3,0,3,3,0,2,edgeCount
166,110,148,graphml/Interoute.graphml,3,,clustered,0.4;-0.3,11,9,8,3,0,9,1,9,9,1,0,edgeCount
165,110,148,graphml/Interoute.graphml,2,,clustered,0.4;-0.3,11,11,11,0,0,11,0,11,11,0,0,edgeCount
164,110,148,graphml/Interoute.graphml,1,,clustered,0.4;-0.3,11,11,9,2,4,-1,-10,11,11,2,4,edgeCount
163,110,148,graphml/Interoute.graphml,2,,clustered,0.4;-0.3,11,11,11,0,0,12,1,11,11,0,0,edgeCount
162,110,148,graphml/Interoute.graphml,3,,clustered,0.4;-0.3,24,8,7,17,2,8,1,20,20,13,2,edgeCount
161,110,148,graphml/Interoute.graphml,3,,clustered,0.4;-0.3,2,2,2,0,0,2,0,2,2,0,0,edgeCount
160,110,148,graphml/Interoute.graphml,2,,clustered,0.4;-0.3,13,21,13,0,2,31,18,13,37,0,2,edgeCount
159,110,148,graphml/Interoute.graphml,2,,clustered,0.4;-0.3,12,10,8,4,2,26,18,10,10,2,2,edgeCount
158,110,148,graphml/Interoute.graphml,1,,clustered,0.4;-0.3,30,13,13,17,4,-1,-14,30,13,17,4,edgeCount
157,110,148,graphml/Interoute.graphml,2,,clustered,0.4;-0.3,10,10,10,0,4,10,0,10,10,0,4,edgeCount
156,110,148,graphml/Interoute.graphml,2,,clustered,0.4;-0.3,13,18,9,4,0,10,1,10,10,1,0,edgeCount
155,110,148,graphml/Interoute.graphml,2,,clustered,0.4;-0.3,14,2,2,12,6,2,0,2,2,0,6,edgeCount
154,110,148,graphml/Interoute.graphml,2,,clustered,0.4;-0.3,8,8,8,0,0,8,0,8,8,0,0,edgeCount
153,110,148,graphml/Interoute.graphml,1,,clustered,0.4;-0.3,14,14,12,2,4,-1,-13,14,14,2,4,edgeCount
152,110,148,graphml/Interoute.graphml,1,,clustered,0.4;-0.3,8,8,8,0,0,8,0,8,8,0,0,edgeCount
151,110,148,graphml/Interoute.graphml,2,,clustered,0.4;-0.3,7,5,5,2,0,5,0,5,5,0,0,edgeCount
150,110,148,graphml/Interoute.graphml,2,,clustered,0.4;-0.3,5,5,5,0,2,9,4,9,5,4,2,edgeCount
149,110,148,graphml/Interoute.graphml,2,,clustered,0.4;-0.3,7,21,6,1,0,13,7,13,13,7,0,edgeCount
148,110,148,graphml/Interoute.graphml,2,,clustered,0.4;-0.3,10,10,10,0,0,10,0,10,10,0,0,edgeCount
147,110,148,graphml/Interoute.graphml,2,,clustered,0.4;-0.3,-1,-1,-1,0,4,-1,0,-1,-1,0,4,edgeCount
146,110,148,graphml/Interoute.graphml,2,,clustered,0.4;-0.3,11,11,11,0,0,11,0,11,11,0,0,edgeCount
145,110,148,graphml/Interoute.graphml,2,,clustered,0.4;-0.3,9,9,9,0,0,9,0,9,9,0,0,edgeCount
144,110,148,graphml/Interoute.graphml,1,,clustered,0.4;-0.3,14,14,14,0,0,14,0,14,14,0,0,edgeCount
143,110,148,graphml/Interoute.graphml,3,,clustered,0.4;-0.3,6,6,6,0,0,6,0,6,6,0,0,edgeCount
142,110,148,graphml/Interoute.graphml,2,,clustered,0.4;-0.3,10,10,10,0,0,10,0,10,10,0,0,edgeCount
141,110,148,graphml/Interoute.graphml,2,,clustered,0.4;-0.3,5,5,5,0,0,5,0,5,5,0,0,edgeCount
140,110,148,graphml/Interoute.graphml,2,,clustered,0.4;-0.3,9,6,6,3,0,6,0,6,6,0,0,edgeCount
139,110,148,graphml/Interoute.graphml,2,,clustered,0.4;-0.3,11,11,11,0,0,11,0,11,11,0,0,edgeCount
138,110,148,graphml/Interoute.graphml,2,,clustered,0.4;-0.3,7,7,7,0,0,7,0,7,7,0,0,edgeCount
137,110,148,graphml/Interoute.graphml,1,,clustered,0.4;-0.3,12,12,12,0,0,12,0,12,12,0,0,edgeCount
136,110,148,graphml/Interoute.graphml,4,,clustered,0.4;-0.3,3,3,3,0,0,3,0,3,3,0,0,edgeCount
135,110,148,graphml/Interoute.graphml,2,,clustered,0.4;-0.3,7,6,6,1,0,6,0,6,6,0,0,edgeCount
134,110,148,graphml/Interoute.graphml,2,,clustered,0.4;-0.3,4,4,4,0,0,4,0,4,4,0,0,edgeCount
133,110,148,graphml/Interoute.graphml,2,,clustered,0.4;-0.3,16,15,6,10,2,6,0,6,6,0,2,edgeCount
132,110,148,graphml/Interoute.graphml,2,,clustered,0.4;-0.3,13,13,13,0,0,13,0,13,13,0,0,edgeCount
131,110,148,graphml/Interoute.graphml,2,,clustered,0.4;-0.3,-1,-1,14,-15,0,-1,-15,-1,-1,-15,0,edgeCount
130,110,148,graphml/Interoute.graphml,2,,clustered,0.4;-0.3,10,8,8,2,0,8,0,8,8,0,0,edgeCount
129,110,148,graphml/Interoute.graphml,3,,clustered,0.4;-0.3,15,15,12,3,0,13,1,13,13,1,0,edgeCount
128,110,148,graphml/Interoute.graphml,3,,clustered,0.4;-0.3,6,24,6,0,0,16,10,6,6,0,0,edgeCount
127,110,148,graphml/Interoute.graphml,1,,clustered,0.4;-0.3,12,12,12,0,0,12,0,12,12,0,0,edgeCount
126,110,148,graphml/Interoute.graphml,2,,clustered,0.4;-0.3,11,20,4,7,0,4,0,4,4,0,0,edgeCount
125,110,148,graphml/Interoute.graphml,2,,clustered,0.4;-0.3,9,9,9,0,0,10,1,9,9,0,0,edgeCount
124,110,148,graphml/Interoute.graphml,2,,clustered,0.4;-0.3,12,9,9,3,0,9,0,9,9,0,0,edgeCount
123,110,148,graphml/Interoute.graphml,2,,clustered,0.4;-0.3,40,29,10,30,2,10,0,10,10,0,2,edgeCount
122,110,148,graphml/Interoute.graphml,2,,clustered,0.4;-0.3,14,14,12,2,2,34,22,14,14,2,2,edgeCount
121,110,148,graphml/Interoute.graphml,1,,clustered,0.4;-0.3,4,4,4,0,0,4,0,4,4,0,0,edgeCount
120,110,148,graphml/Interoute.graphml,2,,clustered,0.4;-0.3,12,12,12,0,0,37,25,37,37,25,0,edgeCount
119,110,148,graphml/Interoute.graphml,3,,clustered,0.4;-0.3,12,11,10,2,2,11,1,11,11,1,2,edgeCount
118,110,148,graphml/Interoute.graphml,2,,clustered,0.4;-0.3,8,5,5,3,4,5,0,8,5,3,4,edgeCount
117,110,148,graphml/Interoute.graphml,2,,clustered,0.4;-0.3,8,8,8,0,0,8,0,8,8,0,0,edgeCount
116,110,148,graphml/Interoute.graphml,2,,clustered,0.4;-0.3,3,3,3,0,0,3,0,3,3,0,0,edgeCount
115,110,148,graphml/Interoute.graphml,3,,clustered,0.4;-0.3,11,11,11,0,0,11,0,11,11,0,0,edgeCount
114,110,148,graphml/Interoute.graphml,1,,clustered,0.4;-0.3,27,27,9,18,6,-1,-10,27,27,18,6,edgeCount
113,110,148,graphml/Interoute.graphml,2,,clustered,0.4;-0.3,14,14,12,2,0,14,2,14,14,2,0,edgeCount
112,110,148,graphml/Interoute.graphml,2,,clustered,0.4;-0.3,7,7,7,0,0,7,0,7,7,0,0,edgeCount
111,110,148,graphml/Interoute.graphml,2,,clustered,0.4;-0.3,47,37,12,35,2,13,1,47,37,35,2,edgeCount
110,110,148,graphml/Interoute.graphml,1,,clustered,0.4;-0.3,4,4,4,0,0,4,0,4,4,0,0,edgeCount
109,110,148,graphml/Interoute.graphml,2,,clustered,0.4;-0.3,14,14,12,2,0,14,2,14,14,2,0,edgeCount
108,110,148,graphml/Interoute.graphml,2,,clustered,0.4;-0.3,9,31,8,1,4,19,11,25,25,17,4,edgeCount
107,110,148,graphml/Interoute.graphml,1,,clustered,0.4;-0.3,14,14,14,0,0,14,0,14,14,0,0,edgeCount
106,110,148,graphml/Interoute.graphml,2,,clustered,0.4;-0.3,32,12,10,22,2,12,2,12,12,2,2,edgeCount
105,110,148,graphml/Interoute.graphml,2,,clustered,0.4;-0.3,8,8,8,0,0,8,0,8,8,0,0,edgeCount
104,110,148,graphml/Interoute.graphml,1,,clustered,0.4;-0.3,14,14,14,0,0,14,0,14,14,0,0,edgeCount
103,110,148,graphml/Interoute.graphml,3,,clustered,0.4;-0.3,6,5,4,2,2,5,1,5,5,1,2,edgeCount
102,110,148,graphml/Interoute.graphml,2,,clustered,0.4;-0.3,6,16,4,2,0,4,0,4,4,0,0,edgeCount
101,110,148,graphml/Interoute.graphml,3,,clustered,0.4;-0.3,10,12,8,2,0,12,4,12,12,4,0,edgeCount
100,110,148,graphml/Interoute.graphml,2,,clustered,0.4;-0.3,12,12,11,1,0,13,2,12,12,1,0,edgeCount
99,110,148,graphml/Interoute.graphml,3,,clustered,0.4;-0.3,4,4,3,1,2,10,7,4,4,1,2,edgeCount
98,110,148,graphml/Interoute.graphml,2,,clustered,0.4;-0.3,5,5,3,2,0,5,2,5,5,2,0,edgeCount
97,110,148,graphml/Interoute.graphml,3,,clustered,0.4;-0.3,8,6,5,3,0,6,1,6,6,1,0,edgeCount
96,110,148,graphml/Interoute.graphml,2,,clustered,0.4;-0.3,12,19,12,0,4,28,16,28,31,16,4,edgeCount
95,110,148,graphml/Interoute.graphml,1,,clustered,0.4;-0.3,8,8,8,0,0,8,0,8,8,0,0,edgeCount
94,110,148,graphml/Interoute.graphml,2,,clustered,0.4;-0.3,8,7,6,2,0,7,1,7,7,1,0,edgeCount
93,110,148,graphml/Interoute.graphml,2,,clustered,0.4;-0.3,16,14,14,2,0,14,0,14,14,0,0,edgeCount
92,110,148,graphml/Interoute.graphml,2,,clustered,0.4;-0.3,13,10,10,3,2,10,0,10,10,0,2,edgeCount
91,110,148,graphml/Interoute.graphml,2,,clustered,0.4;-0.3,15,15,13,2,0,15,2,15,15,2,0,edgeCount
90,110,148,graphml/Interoute.graphml,2,,clustered,0.4;-0.3,4,4,4,0,0,4,0,4,4,0,0,edgeCount
89,110,148,graphml/Interoute.graphml,2,,clustered,0.4;-0.3,15,15,13,2,0,15,2,15,15,2,0,edgeCount
88,110,148,graphml/Interoute.graphml,2,,clustered,0.4;-0.3,6,6,6,0,0,6,0,6,6,0,0,edgeCount
87,110,148,graphml/Interoute.graphml,2,,clustered,0.4;-0.3,10,9,9,1,2,9,0,11,9,2,2,edgeCount
86,110,148,graphml/Interoute.graphml,1,,clustered,0.4;-0.3,6,6,6,0,0,6,0,6,6,0,0,edgeCount
85,110,148,graphml/Interoute.graphml,2,,clustered,0.4;-0.3,6,6,5,1,2,6,1,6,6,1,2,edgeCount
84,110,148,graphml/Interoute.graphml,2,,clustered,0.4;-0.3,17,47,16,1,2,41,25,41,41,25,2,edgeCount
83,110,148,graphml/Interoute.graphml,2,,clustered,0.4;-0.3,4,4,4,0,0,4,0,4,4,0,0,edgeCount
82,110,148,graphml/Interoute.graphml,1,,clustered,0.4;-0.3,4,11,4,0,4,4,0,4,11,0,4,edgeCount
81,110,148,graphml/Interoute.graphml,1,,clustered,0.4;-0.3,14,14,14,0,0,14,0,14,14,0,0,edgeCount
80,110,148,graphml/Interoute.graphml,2,,clustered,0.4;-0.3,11,21,8,3,0,8,0,8,8,0,0,edgeCount
79,110,148,graphml/Interoute.graphml,3,,clustered,0.4;-0.3,11,25,7,4,2,21,14,21,21,14,2,edgeCount
78,110,148,graphml/Interoute.graphml,2,,clustered,0.4;-0.3,9,9,9,0,0,9,0,9,9,0,0,edgeCount
77,110,148,graphml/Interoute.graphml,1,,clustered,0.4;-0.3,12,12,12,0,0,12,0,12,12,0,0,edgeCount
76,110,148,graphml/Interoute.graphml,2,,clustered,0.4;-0.3,9,9,9,0,0,9,0,9,9,0,0,edgeCount
75,110,148,graphml/Interoute.graphml,2,,clustered,0.4;-0.3,5,5,5,0,0,5,0,5,5,0,0,edgeCount
74,110,148,graphml/Interoute.graphml,3,,clustered,0.4;-0.3,3,3,3,0,2,4,1,4,3,1,2,edgeCount
73,110,148,graphml/Interoute.graphml,2,,clustered,0.4;-0.3,18,18,14,4,0,18,4,18,18,4,0,edgeCount
72,110,148,graphml/Interoute.graphml,2,,clustered,0.4;-0.3,7,7,6,1,0,7,1,7,7,1,0,edgeCount
71,110,148,graphml/Interoute.graphml,2,,clustered,0.4;-0.3,10,10,9,1,0,10,1,10,10,1,0,edgeCount
70,110,148,graphml/Interoute.graphml,2,,clustered,0.4;-0.3,5,5,5,0,4,5,0,5,20,0,4,edgeCount
69,110,148,graphml/Interoute.graphml,2,,clustered,0.4;-0.3,15,15,15,0,0,15,0,15,15,0,0,edgeCount
68,110,148,graphml/Interoute.graphml,2,,clustered,0.4;-0.3,12,8,8,4,0,8,0,8,8,0,0,edgeCount
67,110,148,graphml/Interoute.graphml,2,,clustered,0.4;-0.3,7,7,5,2,4,13,8,7,13,2,4,edgeCount
66,110,148,graphml/Interoute.graphml,2,,clustered,0.4;-0.3,13,13,11,2,0,13,2,13,13,2,0,edgeCount
65,110,148,graphml/Interoute.graphml,3,,clustered,0.4;-0.3,11,11,4,7,2,11,7,11,11,7,2,edgeCount
64,110,148,graphml/Interoute.graphml,2,,clustered,0.4;-0.3,-1,-1,-1,0,0,-1,0,-1,-1,0,0,edgeCount
63,110,148,graphml/Interoute.graphml,2,,clustered,0.4;-0.3,12,12,12,0,0,12,0,12,12,0,0,edgeCount
62,110,148,graphml/Interoute.graphml,2,,clustered,0.4;-0.3,3,3,2,1,2,2,0,2,2,0,2,edgeCount
61,110,148,graphml/Interoute.graphml,1,,clustered,0.4;-0.3,25,17,8,17,4,-1,-9,25,17,17,4,edgeCount
60,110,148,graphml/Interoute.graphml,2,,clustered,0.4;-0.3,4,4,4,0,0,4,0,4,4,0,0,edgeCount
59,110,148,graphml/Interoute.graphml,2,,clustered,0.4;-0.3,25,41,9,16,2,-1,-10,25,9,16,2,edgeCount
58,110,148,graphml/Interoute.graphml,2,,clustered,0.4;-0.3,13,13,11,2,2,22,11,22,22,11,2,edgeCount
57,110,148,graphml/Interoute.graphml,3,,clustered,0.4;-0.3,10,8,8,2,2,8,0,8,8,0,2,edgeCount
56,110,148,graphml/Interoute.graphml,1,,clustered,0.4;-0.3,8,8,8,0,2,8,0,8,8,0,2,edgeCount
55,110,148,graphml/Interoute.graphml,1,,clustered,0.4;-0.3,12,12,12,0,2,12,0,12,12,0,2,edgeCount
54,110,148,graphml/Interoute.graphml,2,,clustered,0.4;-0.3,8,8,8,0,0,8,0,8,8,0,0,edgeCount
53,110,148,graphml/Interoute.graphml,2,,clustered,0.4;-0.3,6,6,4,2,0,6,2,6,6,2,0,edgeCount
52,110,148,graphml/Interoute.graphml,2,,clustered,0.4;-0.3,8,8,7,1,0,8,1,8,8,1,0,edgeCount
51,110,148,graphml/Interoute.graphml,1,,clustered,0.4;-0.3,12,12,12,0,0,12,0,12,12,0,0,edgeCount
50,110,148,graphml/Interoute.graphml,2,,clustered,0.4;-0.3,9,9,9,0,0,9,0,9,9,0,0,edgeCount
49,110,148,graphml/Interoute.graphml,2,,clustered,0.4;-0.3,5,5,5,0,0,5,0,5,5,0,0,edgeCount
48,110,148,graphml/Interoute.graphml,2,,clustered,0.4;-0.3,14,14,12,2,0,14,2,14,14,2,0,edgeCount
47,110,148,graphml/Interoute.graphml,2,,clustered,0.4;-0.3,5,5,5,0,0,5,0,5,5,0,0,edgeCount
46,110,148,graphml/Interoute.graphml,2,,clustered,0.4;-0.3,8,10,6,2,4,6,0,6,6,0,4,edgeCount
45,110,148,graphml/Interoute.graphml,3,,clustered,0.4;-0.3,2,2,2,0,0,2,0,2,2,0,0,edgeCount
44,110,148,graphml/Interoute.graphml,2,,clustered,0.4;-0.3,9,9,9,0,0,9,0,9,9,0,0,edgeCount
43,110,148,graphml/Interoute.graphml,2,,clustered,0.4;-0.3,16,12,12,4,0,12,0,12,12,0,0,edgeCount
42,110,148,graphml/Interoute.graphml,3,,clustered,0.4;-0.3,22,16,7,15,2,16,9,16,16,9,2,edgeCount
41,110,148,graphml/Interoute.graphml,2,,clustered,0.4;-0.3,37,37,7,30,2,7,0,7,7,0,2,edgeCount
40,110,148,graphml/Interoute.graphml,2,,clustered,0.4;-0.3,8,15,4,4,0,4,0,4,4,0,0,edgeCount
39,110,148,graphml/Interoute.graphml,2,,clustered,0.4;-0.3,21,42,12,9,4,12,0,12,12,0,4,edgeCount
38,110,148,graphml/Interoute.graphml,2,,clustered,0.4;-0.3,14,14,14,0,0,15,1,14,14,0,0,edgeCount
37,110,148,graphml/Interoute.graphml,2,,clustered,0.4;-0.3,57,31,12,45,0,-1,-13,-1,-1,-13,0,edgeCount
36,110,148,graphml/Interoute.graphml,2,,clustered,0.4;-0.3,15,28,9,6,2,29,20,29,29,20,2,edgeCount
35,110,148,graphml/Interoute.graphml,2,,clustered,0.4;-0.3,14,14,12,2,0,14,2,14,14,2,0,edgeCount
34,110,148,graphml/Interoute.graphml,2,,clustered,0.4;-0.3,7,7,7,0,0,7,0,7,7,0,0,edgeCount
33,110,148,graphml/Interoute.graphml,1,,clustered,0.4;-0.3,8,8,8,0,0,8,0,8,8,0,0,edgeCount
32,110,148,graphml/Interoute.graphml,2,,clustered,0.4;-0.3,15,18,13,2,0,37,24,37,37,24,0,edgeCount
31,110,148,graphml/Interoute.graphml,2,,clustered,0.4;-0.3,13,19,9,4,2,25,16,25,25,16,2,edgeCount
30,110,148,graphml/Interoute.graphml,2,,clustered,0.4;-0.3,24,24,9,15,0,22,13,22,22,13,0,edgeCount
29,110,148,graphml/Interoute.graphml,2,,clustered,0.4;-0.3,20,9,9,11,0,9,0,9,9,0,0,edgeCount
28,110,148,graphml/Interoute.graphml,2,,clustered,0.4;-0.3,9,14,9,0,2,19,10,9,19,0,2,edgeCount
27,110,148,graphml/Interoute.graphml,1,,clustered,0.4;-0.3,6,6,6,0,0,6,0,6,6,0,0,edgeCount
26,110,148,graphml/Interoute.graphml,2,,clustered,0.4;-0.3,9,9,9,0,0,9,0,9,9,0,0,edgeCount
25,110,148,graphml/Interoute.graphml,2,,clustered,0.4;-0.3,26,8,8,18,2,8,0,8,8,0,2,edgeCount
24,110,148,graphml/Interoute.graphml,2,,clustered,0.4;-0.3,13,26,9,4,2,27,18,27,27,18,2,edgeCount
23,110,148,graphml/Interoute.graphml,2,,clustered,0.4;-0.3,12,19,10,2,0,11,1,11,11,1,0,edgeCount
22,110,148,graphml/Interoute.graphml,2,,clustered,0.4;-0.3,10,9,7,3,0,9,2,9,9,2,0,edgeCount
21,110,148,graphml/Interoute.graphml,1,,clustered,0.4;-0.3,2,2,2,0,0,2,0,2,2,0,0,edgeCount
20,110,148,graphml/Interoute.graphml,2,,clustered,0.4;-0.3,9,9,7,2,0,9,2,9,9,2,0,edgeCount
19,110,148,graphml/Interoute.graphml,2,,clustered,0.4;-0.3,13,8,8,5,0,8,0,8,8,0,0,edgeCount
18,110,148,graphml/Interoute.graphml,2,,clustered,0.4;-0.3,12,11,7,5,4,22,15,22,40,15,4,edgeCount
17,110,148,graphml/Interoute.graphml,1,,clustered,0.4;-0.3,13,13,13,0,0,13,0,13,13,0,0,edgeCount
16,110,148,graphml/Interoute.graphml,2,,clustered,0.4;-0.3,10,10,7,3,0,10,3,10,10,3,0,edgeCount
15,110,148,graphml/Interoute.graphml,2,,clustered,0.4;-0.3,7,7,7,0,0,7,0,7,7,0,0,edgeCount
14,110,148,graphml/Interoute.graphml,2,,clustered,0.4;-0.3,11,12,6,5,4,19,13,19,19,13,4,edgeCount
13,110,148,graphml/Interoute.graphml,2,,clustered,0.4;-0.3,34,34,14,20,2,34,20,34,34,20,2,edgeCount
12,110,148,graphml/Interoute.graphml,2,,clustered,0.4;-0.3,11,21,10,1,0,10,0,10,10,0,0,edgeCount
11,110,148,graphml/Interoute.graphml,3,,clustered,0.4;-0.3,40,38,10,30,0,38,28,38,38,28,0,edgeCount
10,110,148,graphml/Interoute.graphml,2,,clustered,0.4;-0.3,34,34,10,24,2,12,2,34,34,24,2,edgeCount
9,110,148,graphml/Interoute.graphml,2,,clustered,0.4;-0.3,-1,-1,-1,0,0,-1,0,-1,-1,0,0,edgeCount
8,110,148,graphml/Interoute.graphml,2,,clustered,0.4;-0.3,7,7,7,0,0,9,2,9,7,2,0,edgeCount
7,110,148,graphml/Interoute.graphml,1,,clustered,0.4;-0.3,9,26,9,0,2,9,0,9,26,0,2,edgeCount
6,110,148,graphml/Interoute.graphml,2,,clustered,0.4;-0.3,7,7,7,0,0,7,0,7,7,0,0,edgeCount
5,110,148,graphml/Interoute.graphml,2,,clustered,0.4;-0.3,10,10,10,0,0,10,0,10,10,0,0,edgeCount
4,110,148,graphml/Interoute.graphml,2,,clustered,0.4;-0.3,4,4,4,0,0,4,0,4,4,0,0,edgeCount
3,110,148,graphml/Interoute.graphml,2,,clustered,0.4;-0.3,10,9,7,3,4,9,2,9,9,2,4,edgeCount
2,110,148,graphml/Interoute.graphml,2,,clustered,0.4;-0.3,8,4,4,4,0,4,0,4,4,0,0,edgeCount
1,110,148,graphml/Interoute.graphml,2,,clustered,0.4;-0.3,10,10,10,0,2,-1,-11,10,10,0,2,edgeCount
